--------------------------------
20-Jun-2014 13:08:04 
data from observer A01 
#occlusion2 expt 
reference disparity (degrees) 0.160000 

stim order disp kresp testresp correct time
1    2    -0.074    2    1   1    1.06
2    1    -0.069    1    1   1    0.59
3    2    -0.065    2    1   1    0.86
4    1    0.060    2    2   1    0.85
5    1    0.055    2    2   1    0.80
6    1    0.051    2    2   1    1.28
7    1    0.046    2    2   1    0.89
8    2    -0.042    2    1   1    0.79
9    2    0.037    1    2   1    0.74
10    2    0.032    1    2   1    0.87
11    1    -0.028    1    1   1    1.40
12    1    0.023    2    2   1    1.46
13    2    0.018    1    2   1    0.78
14    1    -0.014    1    1   1    1.35
15    2    -0.009    2    1   1    0.85
16    2    0.005    1    2   1    1.75
17    2    -0.005    1    2   0    4.41
18    1    0.014    1    1   0    5.63
19    1    0.023    2    2   1    3.42
20    1    -0.023    1    1   1    1.10
21    1    -0.018    1    1   1    1.11
22    1    -0.018    1    1   1    1.73
23    1    -0.014    1    1   1    8.07
24    1    -0.014    1    1   1    1.71
25    2    -0.009    2    1   1    1.99
26    2    -0.009    2    1   1    2.24
27    2    -0.005    1    2   0    2.34
28    2    -0.014    2    1   1    1.90
29    2    -0.014    2    1   1    0.91
30    2    -0.009    2    1   1    1.39
31    1    0.009    2    2   1    1.98
32    1    -0.005    1    1   1    2.65
33    1    -0.005    2    2   0    0.80
34    1    -0.014    1    1   1    1.30
35    1    0.014    2    2   1    1.44
36    2    0.009    1    2   1    1.49
37    2    -0.009    1    2   0    2.51
38    1    0.018    2    2   1    1.33
39    1    0.018    2    2   1    2.85
40    2    0.014    1    2   1    3.43
41    2    0.014    1    2   1    3.54
42    2    0.009    1    2   1    4.53
43    1    0.009    2    2   1    5.05
44    2    -0.005    1    2   0    3.33
45    1    0.014    2    2   1    1.29
46    2    0.014    1    2   1    1.09
47    2    -0.009    2    1   1    2.47
48    1    0.009    1    1   0    4.10
49    2    0.018    1    2   1    1.19
50    2    0.018    1    2   1    1.37
-------------------------
Final staircase threshold estimate (mean) is 0.0120
-------------------------
65    1    0.032    2    2   0    2.28
30    1    0.032    2    2   0    0.94
57    1    -0.014    1    1   0    0.69
80    2    0.032    1    2   0    0.90
83    2    0.000    1    2   0    5.18
86    2    -0.032    2    1   0    0.81
109    2    0.014    1    2   0    1.75
100    2    0.032    1    2   0    0.98
107    2    -0.014    2    1   0    1.06
128    2    0.000    2    1   1    2.65
148    2    0.000    1    2   0    0.78
53    1    0.000    2    2   0    0.97
88    2    0.000    2    1   1    1.23
91    2    -0.032    2    1   0    1.13
101    2    -0.032    2    1   0    0.83
130    2    0.032    1    2   0    1.03
141    2    -0.032    2    1   0    0.99
18    1    0.000    1    1   1    3.67
4    1    0.014    2    2   0    1.70
55    1    0.032    2    2   0    1.83
6    1    -0.032    1    1   0    0.73
9    1    0.014    2    2   0    1.45
26    1    -0.032    1    1   0    0.85
3    1    0.000    2    2   0    4.45
94    2    0.014    1    2   0    2.33
81    2    -0.032    2    1   0    2.38
66    1    -0.032    1    1   0    1.65
68    1    0.000    1    1   1    4.37
105    2    0.032    1    2   0    1.14
31    1    -0.032    1    1   0    1.08
87    2    -0.014    2    1   0    3.41
40    1    0.032    2    2   0    2.78
11    1    -0.032    1    1   0    0.85
62    1    -0.014    1    1   0    2.07
43    1    0.000    1    1   1    3.16
51    1    -0.032    1    1   0    1.49
111    2    -0.032    2    1   0    3.33
58    1    0.000    1    1   1    3.14
110    2    0.032    1    2   0    1.07
135    2    0.032    1    2   0    0.73
12    1    -0.014    1    1   0    2.81
144    2    0.014    1    2   0    2.72
112    2    -0.014    2    1   0    4.59
129    2    0.014    1    2   0    1.84
46    1    -0.032    1    1   0    1.40
14    1    0.014    1    1   1    3.65
70    1    0.032    2    2   0    2.37
19    1    0.014    2    2   0    3.47
63    1    0.000    1    1   1    2.93
140    2    0.032    1    2   0    3.52
1    1    -0.032    1    1   0    1.09
127    2    -0.014    2    1   0    1.22
136    2    -0.032    2    1   0    3.29
59    1    0.014    1    1   1    4.64
119    2    0.014    1    2   0    2.51
82    2    -0.014    2    1   0    1.47
39    1    0.014    1    1   1    4.68
54    1    0.014    2    2   0    2.89
98    2    0.000    1    2   0    2.92
74    1    0.014    2    2   0    3.17
49    1    0.014    1    1   1    4.80
50    1    0.032    2    2   0    0.94
32    1    -0.014    1    1   0    0.69
122    2    -0.014    2    1   0    1.26
77    2    -0.014    2    1   0    3.93
118    2    0.000    1    2   0    1.26
134    2    0.014    1    2   0    3.08
45    1    0.032    2    2   0    0.78
143    2    0.000    1    2   0    1.59
79    2    0.014    1    2   0    0.97
90    2    0.032    1    2   0    1.20
33    1    0.000    2    2   0    0.58
120    2    0.032    1    2   0    0.52
61    1    -0.032    1    1   0    0.78
13    1    0.000    2    2   0    2.42
138    2    0.000    1    2   0    2.54
23    1    0.000    1    1   1    2.05
69    1    0.014    2    2   0    2.60
75    2    0.032    1    2   0    1.47
41    1    -0.032    1    1   0    2.48
48    1    0.000    1    1   1    8.98
103    2    0.000    1    2   0    8.15
89    2    0.014    1    2   0    1.68
16    1    -0.032    1    1   0    1.43
146    2    -0.032    2    1   0    1.58
22    1    -0.014    1    1   0    1.79
113    2    0.000    1    2   0    1.36
108    2    0.000    1    2   0    3.12
36    1    -0.032    1    1   0    0.70
27    1    -0.014    1    1   0    1.59
145    2    0.032    1    2   0    1.19
95    2    0.032    1    2   0    1.02
117    2    -0.014    2    1   0    1.74
116    2    -0.032    2    1   0    0.88
133    2    0.000    1    2   0    2.68
131    2    -0.032    2    1   0    0.83
114    2    0.014    1    2   0    1.26
137    2    -0.014    2    1   0    0.71
17    1    -0.014    1    1   0    1.07
15    1    0.032    2    2   0    0.53
149    2    0.014    1    2   0    1.86
8    1    0.000    1    1   1    1.64
37    1    -0.014    1    1   0    1.87
47    1    -0.014    1    1   0    2.05
93    2    0.000    2    1   1    2.79
7    1    -0.014    1    1   0    1.12
76    2    -0.032    2    1   0    0.57
29    1    0.014    1    1   1    1.89
67    1    -0.014    1    1   0    1.52
92    2    -0.014    2    1   0    1.28
28    1    0.000    1    1   1    1.30
96    2    -0.032    2    1   0    1.00
102    2    -0.014    2    1   0    1.14
99    2    0.014    1    2   0    1.83
124    2    0.014    1    2   0    1.94
25    1    0.032    2    2   0    0.92
97    2    -0.014    2    1   0    1.56
139    2    0.014    1    2   0    0.98
125    2    0.032    1    2   0    1.13
72    1    -0.014    1    1   0    2.30
24    1    0.014    2    2   0    0.85
142    2    -0.014    1    2   1    2.26
106    2    -0.032    2    1   0    0.84
121    2    -0.032    2    1   0    1.47
84    2    0.014    1    2   0    1.21
52    1    -0.014    1    1   0    1.34
126    2    -0.032    2    1   0    1.05
71    1    -0.032    1    1   0    1.05
123    2    0.000    2    1   1    2.40
85    2    0.032    1    2   0    1.35
60    1    0.032    2    2   0    0.79
34    1    0.014    1    1   1    0.60
21    1    -0.032    2    2   1    1.97
38    1    0.000    1    1   1    1.13
104    2    0.014    1    2   0    1.71
64    1    0.014    2    2   0    3.53
150    2    0.032    1    2   0    2.00
5    1    0.032    2    2   0    1.00
56    1    -0.032    1    1   0    0.67
115    2    0.032    1    2   0    1.12
42    1    -0.014    1    1   0    1.00
20    1    0.032    2    2   0    0.75
35    1    0.032    2    2   0    0.58
78    2    0.000    1    2   0    0.68
132    2    -0.014    2    1   0    1.25
147    2    -0.014    2    1   0    0.85
2    1    -0.014    1    1   0    1.64
44    1    0.014    2    2   0    1.19
10    1    0.032    2    2   0    1.11
73    1    0.000    1    1   1    1.68
