--------------------------------
20-Jun-2014 10:20:31 
data from observer A01 
#occlusion2 expt 
reference disparity (degrees) 0.160000 

stim order disp kresp testresp correct time
1    2    -0.074    1    2   1    1.42
2    2    0.069    2    1   1    0.47
3    1    -0.065    2    2   1    1.51
4    1    -0.060    2    2   1    0.91
5    2    -0.055    1    2   1    0.49
6    1    0.051    1    1   1    0.75
7    1    -0.046    2    2   1    0.72
8    2    -0.042    1    2   1    0.92
9    1    -0.037    2    2   1    0.77
10    1    -0.032    2    2   1    1.03
11    2    -0.028    1    2   1    0.67
12    1    0.023    1    1   1    1.18
13    2    -0.018    1    2   1    0.59
14    1    -0.014    2    2   1    0.50
15    2    0.009    2    1   1    2.31
16    1    0.005    1    1   1    0.66
17    1    -0.005    2    2   1    1.90
18    1    0.005    1    1   1    0.59
19    2    0.005    1    2   0    2.56
20    2    -0.014    1    2   1    0.72
21    1    -0.014    2    2   1    0.69
22    1    0.009    1    1   1    1.88
23    2    0.009    2    1   1    3.32
24    2    0.005    1    2   0    1.86
25    2    0.014    2    1   1    0.73
26    2    -0.014    1    2   1    0.51
27    1    0.009    1    1   1    0.71
28    1    -0.009    2    2   1    0.54
29    2    0.005    2    1   1    2.44
30    2    0.005    1    2   0    1.79
31    2    -0.014    1    2   1    0.94
32    2    -0.014    1    2   1    0.85
33    1    0.009    1    1   1    1.16
34    1    0.009    1    1   1    2.51
35    1    0.005    1    1   1    1.90
36    1    0.005    1    1   1    0.92
37    2    0.005    2    1   1    2.80
38    2    0.005    1    2   0    3.03
39    1    -0.014    2    2   1    0.68
40    1    -0.014    2    2   1    3.65
41    2    0.009    2    1   1    4.21
42    2    -0.009    1    2   1    1.07
43    2    -0.005    1    2   1    0.87
44    1    0.005    1    1   1    0.79
45    2    0.005    1    2   0    2.43
46    1    -0.014    2    2   1    0.66
47    2    -0.014    1    2   1    0.57
48    2    0.009    1    2   0    1.79
49    1    -0.018    2    2   1    0.46
50    2    0.018    2    1   1    0.86
-------------------------
Final staircase threshold estimate (mean) is 0.0106
-------------------------
56    1    -0.028    2    2   1    3.88
74    1    0.009    1    1   1    0.69
31    1    -0.028    2    2   1    0.53
72    1    -0.009    2    2   1    1.19
64    1    0.009    1    1   1    0.91
117    2    -0.009    1    2   1    0.63
105    2    0.028    2    1   1    0.58
69    1    0.009    1    1   1    0.54
45    1    0.028    1    1   1    0.66
150    2    0.028    2    1   1    0.45
96    2    -0.028    1    2   1    0.42
122    2    -0.009    1    2   1    1.61
125    2    0.028    2    1   1    0.54
89    2    0.009    1    2   0    0.90
3    1    0.000    2    2   0    1.63
52    1    -0.009    2    2   1    1.90
44    1    0.009    1    1   1    0.46
85    2    0.028    2    1   1    0.43
116    2    -0.028    1    2   1    0.47
63    1    0.000    2    2   0    3.28
54    1    0.009    1    1   1    0.51
133    2    0.000    2    1   1    0.82
123    2    0.000    2    1   1    0.81
127    2    -0.009    1    2   1    1.37
1    1    -0.028    2    2   1    0.61
145    2    0.028    2    1   1    0.68
51    1    -0.028    2    2   1    0.60
91    2    -0.028    1    2   1    0.48
21    1    -0.028    2    2   1    0.48
106    2    -0.028    1    2   1    0.52
82    2    -0.009    1    2   1    0.54
130    2    0.028    2    1   1    0.43
7    1    -0.009    1    1   0    1.72
62    1    -0.009    2    2   1    0.45
84    2    0.009    2    1   1    0.72
22    1    -0.009    2    2   1    0.69
10    1    0.028    1    1   1    0.57
58    1    0.000    1    1   1    2.59
9    1    0.009    2    2   0    1.55
124    2    0.009    2    1   1    2.49
17    1    -0.009    2    2   1    0.71
101    2    -0.028    1    2   1    0.50
115    2    0.028    2    1   1    0.50
136    2    -0.028    1    2   1    0.43
78    2    0.000    2    1   1    0.45
68    1    0.000    1    1   1    1.21
23    1    0.000    1    1   1    2.02
109    2    0.009    2    1   1    1.08
33    1    0.000    1    1   1    0.92
111    2    -0.028    1    2   1    0.56
25    1    0.028    1    1   1    0.62
42    1    -0.009    2    2   1    1.99
27    1    -0.009    2    2   1    2.44
29    1    0.009    1    1   1    0.52
11    1    -0.028    2    2   1    0.43
15    1    0.028    1    1   1    0.40
14    1    0.009    1    1   1    0.59
149    2    0.009    2    1   1    0.46
49    1    0.009    1    1   1    0.41
57    1    -0.009    2    2   1    2.46
80    2    0.028    2    1   1    0.63
38    1    0.000    1    1   1    0.57
121    2    -0.028    1    2   1    0.47
134    2    0.009    1    2   0    0.82
60    1    0.028    1    1   1    0.55
50    1    0.028    1    1   1    0.48
41    1    -0.028    2    2   1    0.78
100    2    0.028    2    1   1    0.82
36    1    -0.028    1    1   0    0.67
146    2    -0.028    1    2   1    0.57
99    2    0.009    2    1   1    1.76
107    2    -0.009    1    2   1    0.55
77    2    -0.009    1    2   1    0.58
129    2    0.009    2    1   1    3.55
55    1    0.028    1    1   1    0.88
113    2    0.000    1    2   0    0.86
81    2    -0.028    1    2   1    0.82
28    1    0.000    2    2   0    3.70
67    1    -0.009    1    1   0    0.63
139    2    0.009    1    2   0    0.86
103    2    0.000    1    2   0    4.10
71    1    -0.028    2    2   1    0.52
61    1    -0.028    2    2   1    0.54
26    1    -0.028    2    2   1    0.51
5    1    0.028    1    1   1    0.48
97    2    -0.009    1    2   1    0.47
48    1    0.000    1    1   1    1.13
132    2    -0.009    1    2   1    3.30
128    2    0.000    1    2   0    0.52
137    2    -0.009    1    2   1    0.55
147    2    -0.009    1    2   1    0.42
79    2    0.009    1    2   0    2.18
108    2    0.000    1    2   0    0.77
75    2    0.028    2    1   1    0.53
110    2    0.028    2    1   1    0.60
143    2    0.000    1    2   0    0.54
47    1    -0.009    2    2   1    2.58
40    1    0.028    1    1   1    0.49
59    1    0.009    1    1   1    0.58
30    1    0.028    1    1   1    0.49
37    1    -0.009    2    2   1    2.60
114    2    0.009    1    2   0    0.88
135    2    0.028    2    1   1    0.58
19    1    0.009    1    1   1    0.54
43    1    0.000    1    1   1    1.58
53    1    0.000    1    1   1    0.63
140    2    0.028    2    1   1    0.59
66    1    -0.028    2    2   1    3.75
90    2    0.028    2    1   1    2.52
34    1    0.009    1    1   1    3.77
93    2    0.000    1    2   0    4.29
83    2    0.000    1    2   0    3.03
24    1    0.009    1    1   1    1.04
119    2    0.009    2    1   1    0.98
131    2    -0.028    1    2   1    0.52
2    1    -0.009    2    2   1    0.54
95    2    0.028    1    2   0    0.82
16    1    -0.028    2    2   1    0.57
94    2    0.009    2    1   1    2.67
12    1    -0.009    1    1   0    0.87
76    2    -0.028    1    2   1    0.72
148    2    0.000    2    1   1    0.72
120    2    0.028    2    1   1    0.68
32    1    -0.009    2    2   1    0.67
87    2    -0.009    1    2   1    0.79
92    2    -0.009    1    2   1    1.07
13    1    0.000    1    1   1    1.69
39    1    0.009    1    1   1    0.64
112    2    -0.009    2    1   0    0.50
126    2    -0.028    1    2   1    0.82
70    1    0.028    1    1   1    0.57
18    1    0.000    1    1   1    2.59
46    1    -0.028    2    2   1    0.45
88    2    0.000    1    2   0    2.63
118    2    0.000    2    1   1    0.54
6    1    -0.028    2    2   1    0.54
86    2    -0.028    1    2   1    0.47
98    2    0.000    2    1   1    0.53
142    2    -0.009    1    2   1    0.60
73    1    0.000    2    2   0    0.60
65    1    0.028    1    1   1    0.52
138    2    0.000    2    1   1    0.48
35    1    0.028    1    1   1    0.91
4    1    0.009    2    2   0    0.67
104    2    0.009    1    2   0    0.53
102    2    -0.009    1    2   1    2.29
20    1    0.028    1    1   1    0.60
141    2    -0.028    1    2   1    1.26
144    2    0.009    2    1   1    0.49
8    1    0.000    1    1   1    0.86
