--------------------------------
20-Jun-2014 13:18:03 
data from observer A01 
#occlusion2 expt 
reference disparity (degrees) 0.160000 

stim order disp kresp testresp correct time
1    1    0.074    2    2   1    3.07
2    1    0.069    2    2   1    2.16
3    2    0.065    1    2   1    4.04
4    1    -0.060    1    1   1    1.50
5    1    0.055    2    2   1    1.11
6    1    0.051    2    2   1    2.42
7    2    0.046    1    2   1    1.23
8    2    -0.042    2    1   1    0.84
9    1    -0.037    1    1   1    0.67
10    1    -0.032    1    1   1    1.45
11    2    -0.028    2    1   1    1.06
12    1    -0.023    1    1   1    1.30
13    1    0.018    2    2   1    3.29
14    2    0.014    1    2   1    4.27
15    2    0.009    2    1   0    4.58
16    2    0.018    1    2   1    1.68
17    2    0.018    1    2   1    3.27
18    1    -0.014    1    1   1    1.73
19    2    -0.014    2    1   1    3.02
20    2    0.009    1    2   1    2.33
21    1    0.009    1    1   0    2.84
22    2    0.018    1    2   1    1.57
23    2    -0.018    2    1   1    1.04
24    2    0.014    1    2   1    0.96
25    1    0.014    1    1   0    0.70
26    2    -0.023    2    1   1    6.47
27    2    -0.023    2    1   1    1.97
28    2    0.018    1    2   1    1.46
29    2    -0.018    2    1   1    1.48
30    1    0.014    1    1   0    2.35
31    1    -0.023    1    1   1    1.15
32    1    0.023    1    1   0    1.62
33    1    -0.032    1    1   1    0.86
34    1    0.032    2    2   1    1.27
35    1    0.028    2    2   1    1.76
36    2    -0.028    2    1   1    2.09
37    2    -0.023    1    2   0    2.35
38    1    0.032    2    2   1    1.74
39    2    -0.032    2    1   1    1.89
40    1    0.028    2    2   1    0.93
41    2    0.028    1    2   1    0.75
42    1    -0.023    1    1   1    0.86
43    2    -0.023    2    1   1    2.20
44    1    -0.018    1    1   1    0.78
45    2    0.018    1    2   1    0.86
46    1    0.014    1    1   0    1.83
47    2    -0.023    1    2   0    0.85
48    1    0.032    2    2   1    1.10
49    1    -0.032    1    1   1    0.71
50    1    -0.028    2    2   0    0.63
-------------------------
Final staircase threshold estimate (mean) is 0.0240
-------------------------
42    1    -0.023    1    1   0    5.62
104    2    0.023    1    2   0    1.07
45    1    0.060    2    2   0    1.03
54    1    0.023    2    2   0    0.97
134    2    0.023    1    2   0    0.98
51    1    -0.060    1    1   0    0.80
30    1    0.060    2    2   0    0.80
96    2    -0.060    2    1   0    0.75
28    1    0.000    1    1   1    0.48
83    2    0.000    2    1   1    0.49
36    1    -0.060    1    1   0    0.38
76    2    -0.060    2    1   0    0.45
150    2    0.060    1    2   0    0.48
78    2    0.000    2    1   1    0.54
107    2    -0.023    2    1   0    1.53
102    2    -0.023    2    1   0    0.98
1    1    -0.060    1    1   0    0.43
144    2    0.023    1    2   0    1.69
33    1    0.000    2    2   0    1.08
13    1    0.000    1    1   1    1.90
137    2    -0.023    2    1   0    0.62
70    1    0.060    2    2   0    1.09
18    1    0.000    1    1   1    2.43
52    1    -0.023    1    1   0    1.34
27    1    -0.023    2    2   1    0.71
46    1    -0.060    1    1   0    0.87
122    2    -0.023    2    1   0    1.72
69    1    0.023    2    2   0    1.49
53    1    0.000    1    1   1    1.76
138    2    0.000    2    1   1    1.41
93    2    0.000    1    2   0    1.73
50    1    0.060    2    2   0    0.80
59    1    0.023    2    2   0    1.05
34    1    0.023    2    2   0    1.14
72    1    -0.023    1    1   0    1.19
136    2    -0.060    2    1   0    0.61
95    2    0.060    1    2   0    1.25
8    1    0.000    2    2   0    1.26
29    1    0.023    2    2   0    1.55
2    1    -0.023    1    1   0    0.85
123    2    0.000    2    1   1    0.77
86    2    -0.060    2    1   0    0.74
10    1    0.060    2    2   0    0.87
7    1    -0.023    1    1   0    0.97
67    1    -0.023    1    1   0    0.90
68    1    0.000    2    2   0    1.68
114    2    0.023    1    2   0    0.70
89    2    0.023    1    2   0    1.37
71    1    -0.060    1    1   0    1.04
113    2    0.000    1    2   0    0.97
23    1    0.000    1    1   1    1.20
9    1    0.023    2    2   0    0.97
31    1    -0.060    1    1   0    0.78
85    2    0.060    1    2   0    0.99
79    2    0.023    1    2   0    0.82
109    2    0.023    1    2   0    0.88
11    1    -0.060    1    1   0    1.01
130    2    0.060    1    2   0    1.24
101    2    -0.060    2    1   0    0.62
77    2    -0.023    2    1   0    2.67
132    2    -0.023    2    1   0    1.65
12    1    -0.023    1    1   0    0.98
66    1    -0.060    1    1   0    1.65
47    1    -0.023    1    1   0    1.35
48    1    0.000    1    1   1    1.08
147    2    -0.023    2    1   0    1.41
146    2    -0.060    1    2   1    0.77
124    2    0.023    1    2   0    1.24
118    2    0.000    1    2   0    2.91
58    1    0.000    1    1   1    3.98
111    2    -0.060    2    1   0    0.86
74    1    0.023    2    2   0    3.66
63    1    0.000    1    1   1    2.21
108    2    0.000    1    2   0    3.65
90    2    0.060    1    2   0    1.28
5    1    0.060    2    2   0    3.47
145    2    0.060    1    2   0    1.37
99    2    0.023    1    2   0    1.97
60    1    0.060    2    2   0    1.32
56    1    -0.060    1    1   0    0.87
20    1    0.060    2    2   0    1.00
43    1    0.000    1    1   1    1.83
84    2    0.023    1    2   0    1.31
119    2    0.023    1    2   0    1.84
105    2    0.060    1    2   0    1.44
149    2    0.023    1    2   0    2.10
80    2    0.060    1    2   0    1.52
19    1    0.023    1    1   1    1.57
94    2    0.023    1    2   0    1.71
3    1    0.000    1    1   1    1.43
98    2    0.000    1    2   0    1.52
126    2    -0.060    2    1   0    1.91
121    2    -0.060    2    1   0    1.51
55    1    0.060    2    2   0    1.74
133    2    0.000    2    1   1    4.14
127    2    -0.023    2    1   0    1.80
57    1    -0.023    1    1   0    1.57
6    1    -0.060    1    1   0    1.75
135    2    0.060    1    2   0    1.74
92    2    -0.023    1    2   1    1.68
75    2    0.060    1    2   0    1.57
143    2    0.000    1    2   0    1.26
26    1    -0.060    1    1   0    2.31
100    2    0.060    1    2   0    2.88
112    2    -0.023    1    2   1    2.40
141    2    -0.060    2    1   0    0.93
25    1    0.060    2    2   0    0.88
116    2    -0.060    2    1   0    0.97
35    1    0.060    2    2   0    0.75
120    2    0.060    1    2   0    1.28
87    2    -0.023    2    1   0    2.01
62    1    -0.023    1    1   0    1.23
97    2    -0.023    2    1   0    2.46
4    1    0.023    2    2   0    2.42
38    1    0.000    1    1   1    2.69
131    2    -0.060    2    1   0    1.15
44    1    0.023    2    2   0    1.90
21    1    -0.060    1    1   0    0.67
140    2    0.060    1    2   0    1.45
91    2    -0.060    2    1   0    0.72
39    1    0.023    1    1   1    0.85
24    1    0.023    2    2   0    1.42
15    1    0.060    1    1   1    0.80
117    2    -0.023    2    1   0    0.67
17    1    -0.023    1    1   0    0.51
81    2    -0.060    2    1   0    0.93
37    1    -0.023    1    1   0    0.74
22    1    -0.023    1    1   0    0.85
41    1    -0.060    1    1   0    0.58
49    1    0.023    2    2   0    1.57
64    1    0.023    2    2   0    1.04
40    1    0.060    2    2   0    1.50
82    2    -0.023    2    1   0    2.95
65    1    0.060    2    2   0    0.96
14    1    0.023    2    2   0    1.63
61    1    -0.060    1    1   0    0.84
115    2    0.060    1    2   0    1.24
110    2    0.060    1    2   0    0.88
128    2    0.000    2    1   1    3.84
148    2    0.000    1    2   0    1.33
16    1    -0.060    1    1   0    0.78
103    2    0.000    2    1   1    2.02
125    2    0.060    1    2   0    0.90
32    1    -0.023    1    1   0    2.24
139    2    0.023    1    2   0    1.45
88    2    0.000    2    1   1    0.57
142    2    -0.023    2    1   0    0.95
73    1    0.000    1    1   1    0.41
106    2    -0.060    2    1   0    0.57
129    2    0.023    1    2   0    0.50
