--------------------------------
20-Jun-2014 10:04:19 
data from observer A01 
#occlusion2 expt 
reference disparity (degrees) 0.160000 

stim order disp kresp testresp correct time
1    2    -0.074    1    2   1    1.24
2    1    0.069    1    1   1    0.55
3    1    0.065    1    1   1    0.55
4    1    -0.060    2    2   1    0.61
5    1    -0.055    2    2   1    0.49
6    2    0.051    2    1   1    0.50
7    2    0.046    2    1   1    0.45
8    2    0.042    2    1   1    0.49
9    2    0.037    2    1   1    0.54
10    1    0.032    1    1   1    0.50
11    2    -0.028    1    2   1    0.47
12    1    0.023    1    1   1    0.55
13    2    -0.018    1    2   1    0.69
14    2    -0.014    1    2   1    0.63
15    1    -0.009    2    2   1    0.51
16    2    -0.005    1    2   1    0.74
17    2    0.005    2    1   1    0.69
18    1    0.005    1    1   1    0.62
19    1    -0.005    2    2   1    0.47
20    1    0.005    1    1   1    0.52
21    1    -0.005    2    2   1    0.47
22    2    0.005    2    1   1    0.61
23    2    0.005    2    1   1    0.47
24    2    -0.005    1    2   1    0.97
25    2    -0.005    1    2   1    0.70
26    2    -0.005    2    1   0    1.50
27    2    -0.014    1    2   1    0.51
28    2    -0.014    1    2   1    0.49
29    2    -0.009    1    2   1    0.58
30    2    -0.009    1    2   1    0.62
31    2    -0.005    2    1   0    1.95
32    1    -0.014    2    2   1    0.58
33    2    0.014    2    1   1    0.49
34    1    0.009    1    1   1    0.61
35    1    -0.009    2    2   1    0.57
36    2    0.005    2    1   1    0.72
37    2    0.005    2    1   1    2.11
38    2    0.005    2    1   1    0.94
39    2    0.005    2    1   1    0.58
40    1    -0.005    2    2   1    0.60
41    2    0.005    2    1   1    0.61
42    2    -0.005    1    2   1    0.75
43    2    -0.005    2    1   0    1.24
44    1    0.014    1    1   1    0.60
45    1    -0.014    2    2   1    0.61
46    1    -0.009    2    2   1    0.70
47    1    -0.009    2    2   1    1.41
48    1    0.005    1    1   1    1.02
49    2    0.005    2    1   1    0.82
50    1    -0.005    2    2   1    0.64
-------------------------
Final staircase threshold estimate (mean) is 0.0074
-------------------------
120    2    0.018    2    1   1    2.41
60    1    0.018    1    1   1    0.52
116    2    -0.018    1    2   1    0.57
19    1    0.009    1    1   1    0.63
85    2    0.018    2    1   1    0.56
107    2    -0.009    1    2   1    0.52
135    2    0.018    2    1   1    0.49
44    1    0.009    1    1   1    0.73
50    1    0.018    1    1   1    0.66
100    2    0.018    2    1   1    0.52
139    2    0.009    2    1   1    0.77
62    1    -0.009    2    2   1    0.94
90    2    0.018    2    1   1    0.65
102    2    -0.009    1    2   1    0.53
115    2    0.018    2    1   1    0.56
6    1    -0.018    2    2   1    0.54
34    1    0.009    1    1   1    0.64
133    2    0.000    1    2   0    0.75
36    1    -0.018    2    2   1    0.61
121    2    -0.018    1    2   1    0.59
99    2    0.009    2    1   1    1.44
144    2    0.009    2    1   1    0.72
82    2    -0.009    1    2   1    0.56
67    1    -0.009    2    2   1    0.80
118    2    0.000    2    1   1    0.80
2    1    -0.009    2    2   1    0.85
23    1    0.000    1    1   1    1.99
83    2    0.000    1    2   0    2.03
33    1    0.000    2    2   0    0.91
95    2    0.018    2    1   1    0.60
4    1    0.009    1    1   1    0.59
13    1    0.000    1    1   1    1.24
52    1    -0.009    2    2   1    1.85
92    2    -0.009    1    2   1    0.60
48    1    0.000    1    1   1    0.76
61    1    -0.018    2    2   1    0.74
123    2    0.000    1    2   0    1.09
145    2    0.018    2    1   1    0.53
43    1    0.000    1    1   1    0.56
56    1    -0.018    2    2   1    0.51
127    2    -0.009    1    2   1    0.49
65    1    0.018    1    1   1    0.55
73    1    0.000    2    2   0    1.02
75    2    0.018    2    1   1    0.56
93    2    0.000    1    2   0    0.68
148    2    0.000    2    1   1    1.73
141    2    -0.018    1    2   1    0.49
150    2    0.018    2    1   1    0.53
38    1    0.000    1    1   1    1.19
11    1    -0.018    2    2   1    0.77
53    1    0.000    1    1   1    0.63
97    2    -0.009    1    2   1    0.64
16    1    -0.018    2    2   1    0.51
142    2    -0.009    1    2   1    0.45
106    2    -0.018    1    2   1    0.53
109    2    0.009    2    1   1    1.09
125    2    0.018    2    1   1    0.53
68    1    0.000    1    1   1    2.70
57    1    -0.009    2    2   1    1.39
39    1    0.009    1    1   1    0.74
14    1    0.009    1    1   1    0.76
104    2    0.009    2    1   1    0.59
7    1    -0.009    2    2   1    0.94
22    1    -0.009    2    2   1    0.98
81    2    -0.018    1    2   1    0.56
122    2    -0.009    1    2   1    0.61
134    2    0.009    2    1   1    1.44
51    1    -0.018    2    2   1    0.63
117    2    -0.009    1    2   1    0.70
149    2    0.009    2    1   1    0.82
37    1    -0.009    2    2   1    2.01
146    2    -0.018    1    2   1    0.56
105    2    0.018    2    1   1    1.05
89    2    0.009    2    1   1    1.52
98    2    0.000    1    2   0    2.32
20    1    0.018    1    1   1    0.62
113    2    0.000    1    2   0    1.68
126    2    -0.018    1    2   1    0.63
35    1    0.018    1    1   1    0.61
129    2    0.009    2    1   1    0.58
91    2    -0.018    1    2   1    0.60
9    1    0.009    1    1   1    3.34
49    1    0.009    1    1   1    0.72
86    2    -0.018    1    2   1    0.75
24    1    0.009    1    1   1    0.64
128    2    0.000    1    2   0    0.64
12    1    -0.009    2    2   1    1.85
147    2    -0.009    1    2   1    3.58
47    1    -0.009    2    2   1    0.67
136    2    -0.018    1    2   1    0.46
110    2    0.018    2    1   1    0.56
74    1    0.009    2    2   0    2.36
29    1    0.009    1    1   1    1.03
131    2    -0.018    1    2   1    0.63
140    2    0.018    2    1   1    0.59
21    1    -0.018    2    2   1    0.52
112    2    -0.009    1    2   1    0.55
138    2    0.000    2    1   1    1.61
46    1    -0.018    2    2   1    0.88
66    1    -0.018    2    2   1    0.53
71    1    -0.018    2    2   1    0.57
70    1    0.018    1    1   1    0.47
18    1    0.000    2    2   0    1.13
63    1    0.000    2    2   0    0.56
5    1    0.018    1    1   1    1.04
108    2    0.000    2    1   1    2.35
143    2    0.000    2    1   1    3.69
137    2    -0.009    1    2   1    0.72
58    1    0.000    1    1   1    0.69
79    2    0.009    1    2   0    0.78
32    1    -0.009    2    2   1    0.65
111    2    -0.018    1    2   1    0.75
1    1    -0.018    2    2   1    1.53
96    2    -0.018    1    2   1    0.61
77    2    -0.009    1    2   1    0.72
59    1    0.009    1    1   1    1.81
80    2    0.018    2    1   1    0.54
3    1    0.000    1    1   1    1.16
119    2    0.009    2    1   1    0.68
114    2    0.009    2    1   1    1.42
8    1    0.000    1    1   1    2.21
84    2    0.009    2    1   1    1.22
87    2    -0.009    1    2   1    1.34
78    2    0.000    2    1   1    0.96
45    1    0.018    1    1   1    0.60
69    1    0.009    1    1   1    1.00
28    1    0.000    2    2   0    2.26
132    2    -0.009    1    2   1    1.54
55    1    0.018    1    1   1    1.33
72    1    -0.009    2    2   1    4.49
101    2    -0.018    1    2   1    0.91
31    1    -0.018    2    2   1    0.93
30    1    0.018    1    1   1    1.31
41    1    -0.018    2    2   1    0.79
64    1    0.009    1    1   1    1.19
103    2    0.000    1    2   0    3.99
17    1    -0.009    2    2   1    0.61
54    1    0.009    1    1   1    1.05
76    2    -0.018    1    2   1    0.60
10    1    0.018    1    1   1    0.74
42    1    -0.009    1    1   0    5.47
88    2    0.000    1    2   0    1.05
25    1    0.018    1    1   1    0.64
124    2    0.009    2    1   1    0.98
26    1    -0.018    1    1   0    2.09
94    2    0.009    1    2   0    2.40
130    2    0.018    2    1   1    0.96
27    1    -0.009    1    1   0    1.23
40    1    0.018    1    1   1    0.60
15    1    0.018    1    1   1    0.56
