--------------------------------
20-Jun-2014 13:27:25 
data from observer A01 
#occlusion2 expt 
reference disparity (degrees) 0.160000 

stim order disp kresp testresp correct time
1    2    0.074    1    2   1    0.70
2    1    -0.069    1    1   1    0.47
3    2    0.065    1    2   1    0.61
4    1    0.060    2    2   1    0.49
5    2    -0.055    2    1   1    0.47
6    2    -0.051    2    1   1    0.71
7    2    -0.046    2    1   1    0.72
8    2    -0.042    2    1   1    0.62
9    2    0.037    1    2   1    0.50
10    1    0.032    2    2   1    0.53
11    1    -0.028    1    1   1    0.47
12    1    -0.023    1    1   1    0.57
13    1    -0.018    1    1   1    0.68
14    2    0.014    1    2   1    1.40
15    2    -0.009    2    1   1    0.75
16    2    0.005    1    2   1    0.54
17    2    -0.005    1    2   0    0.56
18    2    0.014    2    1   0    0.57
19    1    -0.023    1    1   1    0.64
20    2    -0.023    2    1   1    1.33
21    1    -0.018    1    1   1    0.52
22    2    -0.018    2    1   1    0.58
23    2    0.014    1    2   1    0.65
24    1    -0.014    1    1   1    1.22
25    2    -0.009    2    1   1    0.86
26    2    -0.009    1    2   0    3.08
27    2    0.018    1    2   1    0.69
28    2    0.018    1    2   1    0.81
29    2    0.014    1    2   1    1.29
30    2    -0.014    2    1   1    0.93
31    1    -0.009    1    1   1    0.69
32    1    0.009    1    1   0    5.29
33    2    0.018    1    2   1    1.01
34    1    -0.018    1    1   1    0.66
35    1    0.014    1    1   0    3.59
36    1    -0.023    1    1   1    0.64
37    1    -0.023    1    1   1    0.61
38    1    -0.018    1    1   1    1.39
39    1    -0.018    1    1   1    0.89
40    2    0.014    1    2   1    0.96
41    1    0.014    2    2   1    5.17
42    1    -0.009    1    1   1    0.87
43    2    -0.009    1    2   0    4.38
44    1    -0.018    1    1   1    0.98
45    1    0.018    2    2   1    0.98
46    1    0.014    2    2   1    1.51
47    1    -0.014    1    1   1    0.70
48    2    0.009    1    2   1    1.59
49    1    0.009    1    1   0    3.87
50    2    0.018    1    2   1    1.43
-------------------------
Final staircase threshold estimate (mean) is 0.0134
-------------------------
33    1    0.000    1    1   1    3.68
136    2    -0.032    2    1   0    0.65
55    1    0.032    2    2   0    0.70
146    2    -0.032    2    1   0    0.55
47    1    -0.014    1    1   0    0.52
65    1    0.032    2    2   0    0.52
76    2    -0.032    2    1   0    0.62
85    2    0.032    1    2   0    0.47
61    1    -0.032    1    1   0    0.54
128    2    0.000    2    1   1    1.25
63    1    0.000    2    2   0    2.48
74    1    0.014    2    2   0    0.97
87    2    -0.014    1    2   1    0.62
70    1    0.032    2    2   0    0.61
90    2    0.032    1    2   0    0.52
112    2    -0.014    2    1   0    1.94
147    2    -0.014    2    1   0    1.91
84    2    0.014    1    2   0    0.50
148    2    0.000    2    1   1    2.36
121    2    -0.032    2    1   0    0.86
28    1    0.000    1    1   1    0.59
140    2    0.032    1    2   0    0.60
80    2    0.032    1    2   0    0.77
135    2    0.032    1    2   0    0.59
29    1    0.014    2    2   0    1.60
23    1    0.000    1    1   1    1.19
39    1    0.014    2    2   0    1.39
103    2    0.000    1    2   0    1.19
150    2    0.032    1    2   0    0.74
108    2    0.000    1    2   0    1.66
22    1    -0.014    1    1   0    0.96
102    2    -0.014    2    1   0    2.62
137    2    -0.014    2    1   0    4.17
120    2    0.032    1    2   0    0.58
3    1    0.000    2    2   0    0.91
83    2    0.000    1    2   0    2.31
5    1    0.032    2    2   0    0.63
106    2    -0.032    2    1   0    1.33
122    2    -0.014    1    2   1    0.58
43    1    0.000    1    1   1    0.87
13    1    0.000    1    1   1    1.51
44    1    0.014    2    2   0    2.15
142    2    -0.014    2    1   0    1.81
113    2    0.000    1    2   0    1.60
109    2    0.014    1    2   0    0.96
143    2    0.000    1    2   0    0.91
133    2    0.000    1    2   0    3.89
17    1    -0.014    1    1   0    0.66
139    2    0.014    1    2   0    0.77
38    1    0.000    1    1   1    3.13
130    2    0.032    1    2   0    0.85
15    1    0.032    2    2   0    0.81
67    1    -0.014    1    1   0    1.57
117    2    -0.014    2    1   0    0.69
7    1    -0.014    1    1   0    0.82
107    2    -0.014    2    1   0    1.37
49    1    0.014    2    2   0    1.31
24    1    0.014    2    2   0    0.78
92    2    -0.014    2    1   0    0.76
36    1    -0.032    1    1   0    0.61
129    2    0.014    2    1   1    0.53
14    1    0.014    2    2   0    0.92
32    1    -0.014    1    1   0    2.02
40    1    0.032    2    2   0    0.64
118    2    0.000    2    1   1    1.23
144    2    0.014    1    2   0    1.54
71    1    -0.032    1    1   0    0.60
35    1    0.032    2    2   0    0.69
31    1    -0.032    1    1   0    0.62
54    1    0.014    2    2   0    1.10
105    2    0.032    1    2   0    0.85
145    2    0.032    1    2   0    1.62
138    2    0.000    1    2   0    1.23
60    1    0.032    2    2   0    0.90
6    1    -0.032    1    1   0    0.56
124    2    0.014    1    2   0    0.73
62    1    -0.014    1    1   0    0.93
89    2    0.014    1    2   0    1.24
42    1    -0.014    1    1   0    4.58
45    1    0.032    2    2   0    0.89
100    2    0.032    1    2   0    0.62
27    1    -0.014    1    1   0    0.84
114    2    0.014    1    2   0    1.61
131    2    -0.032    2    1   0    0.65
58    1    0.000    1    1   1    1.83
141    2    -0.032    2    1   0    0.70
132    2    -0.014    2    1   0    1.71
127    2    -0.014    1    2   1    1.78
16    1    -0.032    1    1   0    0.69
111    2    -0.032    2    1   0    0.86
57    1    -0.014    1    1   0    5.88
18    1    0.000    2    2   0    0.96
8    1    0.000    1    1   1    2.92
86    2    -0.032    2    1   0    0.90
51    1    -0.032    1    1   0    1.54
52    1    -0.014    1    1   0    1.68
73    1    0.000    1    1   1    1.56
125    2    0.032    1    2   0    1.00
96    2    -0.032    2    1   0    0.77
93    2    0.000    1    2   0    2.78
126    2    -0.032    2    1   0    0.85
21    1    -0.032    1    1   0    0.85
110    2    0.032    1    2   0    1.08
81    2    -0.032    2    1   0    0.69
2    1    -0.014    1    1   0    0.81
78    2    0.000    1    2   0    1.23
4    1    0.014    2    2   0    0.81
59    1    0.014    1    1   1    0.65
50    1    0.032    2    2   0    1.11
11    1    -0.032    1    1   0    0.79
91    2    -0.032    2    1   0    1.10
48    1    0.000    1    1   1    0.81
99    2    0.014    1    2   0    1.34
64    1    0.014    2    2   0    0.98
34    1    0.014    2    2   0    3.29
69    1    0.014    1    1   1    3.15
149    2    0.014    1    2   0    1.19
25    1    0.032    2    2   0    1.01
88    2    0.000    1    2   0    1.84
10    1    0.032    2    2   0    1.30
119    2    0.014    1    2   0    0.86
19    1    0.014    1    1   1    2.59
26    1    -0.032    1    1   0    0.84
46    1    -0.032    1    1   0    0.74
94    2    0.014    1    2   0    0.90
116    2    -0.032    2    1   0    0.95
56    1    -0.032    1    1   0    0.67
97    2    -0.014    1    2   1    4.61
134    2    0.014    1    2   0    3.15
12    1    -0.014    1    1   0    2.10
82    2    -0.014    2    1   0    1.54
30    1    0.032    1    1   1    0.73
79    2    0.014    1    2   0    0.76
72    1    -0.014    1    1   0    1.76
115    2    0.032    1    2   0    0.73
20    1    0.032    2    2   0    1.51
41    1    -0.032    1    1   0    0.60
95    2    0.032    1    2   0    0.57
75    2    0.032    1    2   0    0.56
1    1    -0.032    1    1   0    1.07
101    2    -0.032    2    1   0    0.73
66    1    -0.032    1    1   0    0.54
53    1    0.000    1    1   1    1.70
98    2    0.000    1    2   0    1.84
37    1    -0.014    1    1   0    1.36
123    2    0.000    1    2   0    1.31
104    2    0.014    1    2   0    0.72
9    1    0.014    2    2   0    0.69
77    2    -0.014    1    2   1    1.10
68    1    0.000    1    1   1    1.02
