--------------------------------
20-Jun-2014 10:28:49 
data from observer A01 
#occlusion2 expt 
reference disparity (degrees) 0.160000 

stim order disp kresp testresp correct time
1    2    0.074    2    1   1    1.44
2    2    0.069    2    1   1    0.54
3    1    -0.065    2    2   1    0.42
4    1    -0.060    2    2   1    0.41
5    2    0.055    2    1   1    0.47
6    2    0.051    2    1   1    0.56
7    1    -0.046    2    2   1    0.60
8    1    -0.042    2    2   1    0.74
9    2    0.037    2    1   1    0.63
10    2    -0.032    1    2   1    0.48
11    1    -0.028    2    2   1    0.55
12    2    -0.023    1    2   1    0.44
13    1    0.018    1    1   1    0.51
14    1    -0.014    2    2   1    0.51
15    2    -0.009    1    2   1    0.59
16    2    -0.005    1    2   1    0.71
17    2    -0.005    1    2   1    0.55
18    2    -0.005    1    2   1    0.54
19    1    0.005    1    1   1    0.57
20    1    0.005    1    1   1    0.63
21    2    0.005    2    1   1    2.26
22    2    -0.005    1    2   1    0.40
23    1    0.005    1    1   1    0.64
24    2    0.005    2    1   1    0.73
25    2    0.005    1    2   0    0.50
26    1    -0.014    2    2   1    0.78
27    1    0.014    1    1   1    0.45
28    2    -0.009    1    2   1    0.56
29    2    -0.009    1    2   1    0.58
30    1    0.005    1    1   1    0.63
31    2    0.005    2    1   1    0.67
32    2    -0.005    1    2   1    0.51
33    1    -0.005    2    2   1    0.65
34    2    0.005    1    2   0    1.08
35    1    0.014    1    1   1    0.76
36    1    0.014    1    1   1    0.81
37    2    -0.009    1    2   1    1.25
38    1    -0.009    2    2   1    0.58
39    2    0.005    1    2   0    2.53
40    2    -0.014    1    2   1    0.51
41    2    0.014    2    1   1    0.51
42    1    -0.009    2    2   1    3.50
43    1    0.009    1    1   1    0.52
44    2    0.005    2    1   1    1.46
45    1    0.005    1    1   1    2.04
46    1    0.005    1    1   1    0.54
47    1    0.005    1    1   1    0.56
48    2    -0.005    1    2   1    1.04
49    1    0.005    1    1   1    0.52
50    2    -0.005    1    2   1    0.70
-------------------------
Final staircase threshold estimate (mean) is 0.0065
-------------------------
118    2    0.000    2    1   1    6.66
81    2    -0.014    1    2   1    0.56
35    1    0.018    1    1   1    0.49
62    1    -0.005    2    2   1    0.65
65    1    0.018    1    1   1    0.94
5    1    0.018    1    1   1    0.77
68    1    0.000    2    2   0    1.31
141    2    -0.014    1    2   1    0.53
18    1    0.000    2    2   0    0.75
122    2    -0.005    1    2   1    0.61
119    2    0.005    2    1   1    0.59
24    1    0.005    1    1   1    0.72
108    2    0.000    2    1   1    2.20
117    2    -0.005    1    2   1    0.60
28    1    0.000    2    2   0    2.57
6    1    -0.014    2    2   1    0.61
7    1    -0.005    1    1   0    1.57
96    2    -0.014    1    2   1    0.58
136    2    -0.014    1    2   1    0.67
25    1    0.018    1    1   1    1.06
72    1    -0.005    2    2   1    1.21
98    2    0.000    1    2   0    0.55
9    1    0.005    2    2   0    0.71
41    1    -0.014    2    2   1    0.85
50    1    0.018    1    1   1    0.86
89    2    0.005    2    1   1    1.69
121    2    -0.014    1    2   1    0.61
148    2    0.000    2    1   1    0.90
77    2    -0.005    1    2   1    0.59
128    2    0.000    2    1   1    1.94
124    2    0.005    1    2   0    2.70
87    2    -0.005    1    2   1    1.92
31    1    -0.014    2    2   1    0.91
48    1    0.000    1    1   1    1.54
150    2    0.018    2    1   1    0.75
58    1    0.000    1    1   1    1.31
70    1    0.018    1    1   1    0.80
14    1    0.005    2    2   0    0.99
43    1    0.000    1    1   1    1.91
110    2    0.018    2    1   1    0.73
30    1    0.018    1    1   1    1.05
123    2    0.000    1    2   0    7.77
125    2    0.018    2    1   1    2.58
137    2    -0.005    1    2   1    0.77
93    2    0.000    2    1   1    3.88
142    2    -0.005    1    2   1    0.87
146    2    -0.014    1    2   1    1.26
38    1    0.000    1    1   1    1.83
84    2    0.005    2    1   1    2.94
82    2    -0.005    1    2   1    1.34
129    2    0.005    2    1   1    3.30
106    2    -0.014    1    2   1    0.76
99    2    0.005    2    1   1    0.82
91    2    -0.014    1    2   1    0.59
75    2    0.018    2    1   1    0.58
139    2    0.005    1    2   0    1.09
64    1    0.005    1    1   1    0.60
33    1    0.000    2    2   0    2.11
1    1    -0.014    2    2   1    0.62
120    2    0.018    2    1   1    0.93
45    1    0.018    1    1   1    0.49
131    2    -0.014    1    2   1    0.62
105    2    0.018    2    1   1    0.51
113    2    0.000    1    2   0    1.79
74    1    0.005    1    1   1    0.52
133    2    0.000    2    1   1    1.89
10    1    0.018    1    1   1    0.48
39    1    0.005    1    1   1    4.47
135    2    0.018    2    1   1    0.59
16    1    -0.014    2    2   1    2.45
78    2    0.000    1    2   0    1.32
49    1    0.005    1    1   1    1.28
100    2    0.018    2    1   1    0.48
15    1    0.018    1    1   1    0.47
101    2    -0.014    1    2   1    1.24
126    2    -0.014    1    2   1    0.55
56    1    -0.014    2    2   1    0.53
109    2    0.005    1    2   0    3.25
2    1    -0.005    2    2   1    1.24
143    2    0.000    1    2   0    1.64
52    1    -0.005    2    2   1    1.07
63    1    0.000    1    1   1    2.06
116    2    -0.014    1    2   1    0.52
73    1    0.000    2    2   0    0.68
13    1    0.000    1    1   1    0.84
112    2    -0.005    1    2   1    5.89
80    2    0.018    2    1   1    0.51
34    1    0.005    1    1   1    1.93
46    1    -0.014    2    2   1    0.66
22    1    -0.005    1    1   0    1.81
44    1    0.005    1    1   1    0.97
97    2    -0.005    1    2   1    1.65
47    1    -0.005    2    2   1    3.02
11    1    -0.014    2    2   1    0.80
69    1    0.005    1    1   1    2.83
23    1    0.000    2    2   0    5.25
138    2    0.000    2    1   1    6.92
115    2    0.018    2    1   1    0.63
3    1    0.000    1    1   1    1.45
145    2    0.018    2    1   1    0.57
103    2    0.000    1    2   0    1.00
36    1    -0.014    2    2   1    0.60
86    2    -0.014    1    2   1    0.71
85    2    0.018    2    1   1    0.59
67    1    -0.005    1    1   0    1.10
29    1    0.005    1    1   1    0.64
144    2    0.005    1    2   0    1.16
92    2    -0.005    1    2   1    0.72
102    2    -0.005    1    2   1    2.67
40    1    0.018    1    1   1    0.76
55    1    0.018    1    1   1    0.72
8    1    0.000    1    1   1    4.06
26    1    -0.014    2    2   1    1.86
90    2    0.018    2    1   1    0.73
32    1    -0.005    1    1   0    4.07
53    1    0.000    2    2   0    2.03
27    1    -0.005    1    1   0    1.56
95    2    0.018    2    1   1    1.76
57    1    -0.005    1    1   0    2.48
83    2    0.000    1    2   0    2.57
114    2    0.005    2    1   1    3.67
76    2    -0.014    1    2   1    1.13
149    2    0.005    2    1   1    2.52
94    2    0.005    1    2   0    2.55
17    1    -0.005    2    2   1    0.98
42    1    -0.005    2    2   1    5.61
147    2    -0.005    1    2   1    1.17
20    1    0.018    2    2   0    2.13
51    1    -0.014    2    2   1    1.05
104    2    0.005    1    2   0    0.94
61    1    -0.014    2    2   1    1.81
88    2    0.000    1    2   0    1.64
140    2    0.018    2    1   1    1.75
66    1    -0.014    2    2   1    1.38
21    1    -0.014    2    2   1    2.76
59    1    0.005    1    1   1    0.83
107    2    -0.005    1    2   1    1.26
111    2    -0.014    1    2   1    3.97
79    2    0.005    2    1   1    0.96
4    1    0.005    1    1   1    1.57
71    1    -0.014    2    2   1    0.71
127    2    -0.005    1    2   1    1.83
54    1    0.005    1    1   1    0.89
19    1    0.005    1    1   1    2.23
132    2    -0.005    1    2   1    1.00
134    2    0.005    2    1   1    1.20
60    1    0.018    1    1   1    0.65
12    1    -0.005    2    2   1    2.85
130    2    0.018    2    1   1    0.57
37    1    -0.005    1    1   0    0.62
