--------------------------------
20-Jun-2014 10:13:16 
data from observer A01 
#occlusion2 expt 
reference disparity (degrees) 0.160000 

stim order disp kresp testresp correct time
1    2    -0.074    1    2   1    1.36
2    1    -0.069    2    2   1    0.48
3    2    -0.065    1    2   1    0.42
4    2    -0.060    1    2   1    0.47
5    2    -0.055    1    2   1    0.65
6    1    -0.051    2    2   1    0.49
7    1    0.046    1    1   1    0.67
8    2    0.042    2    1   1    0.52
9    2    -0.037    1    2   1    0.59
10    1    -0.032    2    2   1    0.64
11    1    0.028    1    1   1    0.52
12    2    0.023    2    1   1    0.42
13    2    0.018    2    1   1    0.69
14    1    -0.014    2    2   1    0.54
15    2    -0.009    1    2   1    0.45
16    2    0.005    2    1   1    0.53
17    1    -0.005    1    1   0    2.32
18    1    0.014    1    1   1    1.14
19    1    0.014    1    1   1    0.80
20    1    0.009    1    1   1    0.94
21    1    0.009    1    1   1    0.77
22    2    0.005    2    1   1    0.98
23    1    -0.005    2    2   1    0.59
24    1    -0.005    1    1   0    0.55
25    1    0.014    1    1   1    0.52
26    2    0.014    2    1   1    0.49
27    1    -0.009    2    2   1    0.77
28    2    -0.009    1    2   1    0.52
29    2    -0.005    1    2   1    1.83
30    1    -0.005    2    2   1    0.59
31    1    -0.005    2    2   1    1.22
32    2    -0.005    1    2   1    1.02
33    1    -0.005    2    2   1    0.67
34    2    0.005    1    2   0    1.34
35    2    -0.014    1    2   1    0.67
36    2    -0.014    1    2   1    1.16
37    1    0.009    1    1   1    1.95
38    2    -0.009    1    2   1    2.62
39    1    -0.005    2    2   1    0.72
40    1    -0.005    2    2   1    1.20
41    2    -0.005    1    2   1    0.66
42    1    -0.005    2    2   1    0.55
43    2    0.005    2    1   1    0.62
44    2    0.005    2    1   1    0.71
45    1    -0.005    1    1   0    6.92
46    2    -0.014    2    1   0    0.97
47    1    0.023    1    1   1    0.56
48    1    0.023    1    1   1    0.61
49    2    0.018    2    1   1    0.51
50    1    0.018    1    1   1    0.50
-------------------------
Final staircase threshold estimate (mean) is 0.0120
-------------------------
139    2    0.014    2    1   1    4.16
33    1    0.000    1    1   1    0.93
47    1    -0.014    2    2   1    0.55
41    1    -0.028    2    2   1    0.53
75    2    0.028    2    1   1    0.48
77    2    -0.014    1    2   1    0.50
99    2    0.014    2    1   1    0.53
74    1    0.014    1    1   1    0.48
23    1    0.000    2    2   0    0.78
127    2    -0.014    1    2   1    0.46
48    1    0.000    2    2   0    0.43
5    1    0.028    1    1   1    0.43
31    1    -0.028    2    2   1    0.42
123    2    0.000    1    2   0    0.85
22    1    -0.014    2    2   1    0.51
28    1    0.000    1    1   1    0.43
30    1    0.028    1    1   1    0.50
44    1    0.014    1    1   1    0.58
67    1    -0.014    2    2   1    0.42
148    2    0.000    1    2   0    0.54
124    2    0.014    2    1   1    0.40
137    2    -0.014    1    2   1    0.78
16    1    -0.028    2    2   1    0.38
18    1    0.000    2    2   0    1.16
138    2    0.000    2    1   1    0.56
142    2    -0.014    1    2   1    0.51
121    2    -0.028    1    2   1    0.98
100    2    0.028    2    1   1    0.41
113    2    0.000    2    1   1    0.57
34    1    0.014    1    1   1    0.56
25    1    0.028    1    1   1    0.46
50    1    0.028    1    1   1    0.47
104    2    0.014    2    1   1    0.40
92    2    -0.014    1    2   1    0.38
98    2    0.000    2    1   1    0.94
103    2    0.000    1    2   0    1.53
110    2    0.028    2    1   1    0.55
79    2    0.014    2    1   1    0.89
17    1    -0.014    2    2   1    0.61
126    2    -0.028    1    2   1    0.51
71    1    -0.028    2    2   1    0.41
73    1    0.000    1    1   1    0.92
118    2    0.000    1    2   0    2.91
27    1    -0.014    2    2   1    0.52
120    2    0.028    2    1   1    0.47
52    1    -0.014    2    2   1    0.41
45    1    0.028    1    1   1    0.42
35    1    0.028    2    2   0    0.40
68    1    0.000    1    1   1    4.03
140    2    0.028    2    1   1    0.42
51    1    -0.028    2    2   1    0.44
53    1    0.000    1    1   1    1.24
135    2    0.028    2    1   1    0.39
36    1    -0.028    2    2   1    0.41
72    1    -0.014    2    2   1    0.83
145    2    0.028    2    1   1    0.65
111    2    -0.028    1    2   1    0.84
42    1    -0.014    2    2   1    0.42
83    2    0.000    2    1   1    0.47
87    2    -0.014    1    2   1    1.81
141    2    -0.028    1    2   1    2.29
57    1    -0.014    2    2   1    0.47
49    1    0.014    1    1   1    1.31
69    1    0.014    1    1   1    1.73
20    1    0.028    1    1   1    0.55
6    1    -0.028    2    2   1    0.44
106    2    -0.028    1    2   1    0.62
109    2    0.014    2    1   1    0.43
122    2    -0.014    1    2   1    0.87
7    1    -0.014    2    2   1    0.54
62    1    -0.014    2    2   1    0.44
115    2    0.028    2    1   1    0.57
112    2    -0.014    1    2   1    0.48
21    1    -0.028    2    2   1    0.37
132    2    -0.014    1    2   1    0.46
70    1    0.028    1    1   1    0.88
96    2    -0.028    1    2   1    0.71
108    2    0.000    1    2   0    5.87
85    2    0.028    2    1   1    0.43
39    1    0.014    1    1   1    0.65
91    2    -0.028    1    2   1    0.74
81    2    -0.028    1    2   1    0.51
125    2    0.028    2    1   1    0.43
55    1    0.028    1    1   1    0.45
65    1    0.028    1    1   1    0.69
43    1    0.000    1    1   1    4.48
90    2    0.028    2    1   1    0.54
60    1    0.028    1    1   1    0.44
38    1    0.000    2    2   0    6.08
1    1    -0.028    2    2   1    0.48
63    1    0.000    2    2   0    7.22
40    1    0.028    1    1   1    0.54
54    1    0.014    1    1   1    0.72
46    1    -0.028    2    2   1    0.55
93    2    0.000    1    2   0    2.41
80    2    0.028    2    1   1    0.53
11    1    -0.028    2    2   1    0.53
12    1    -0.014    2    2   1    0.70
3    1    0.000    1    1   1    4.66
9    1    0.014    2    2   0    2.27
119    2    0.014    2    1   1    0.56
59    1    0.014    1    1   1    0.60
8    1    0.000    1    1   1    3.60
147    2    -0.014    1    2   1    2.94
29    1    0.014    1    1   1    2.15
105    2    0.028    2    1   1    0.51
32    1    -0.014    2    2   1    0.55
82    2    -0.014    1    2   1    0.95
143    2    0.000    2    1   1    1.75
37    1    -0.014    2    2   1    0.58
149    2    0.014    2    1   1    0.56
94    2    0.014    2    1   1    2.49
129    2    0.014    2    1   1    1.89
15    1    0.028    1    1   1    0.65
58    1    0.000    2    2   0    0.75
97    2    -0.014    1    2   1    0.53
84    2    0.014    2    1   1    0.63
86    2    -0.028    1    2   1    0.51
14    1    0.014    1    1   1    0.60
64    1    0.014    1    1   1    0.52
76    2    -0.028    1    2   1    0.52
146    2    -0.028    1    2   1    1.00
4    1    0.014    1    1   1    1.96
56    1    -0.028    2    2   1    0.64
102    2    -0.014    1    2   1    0.57
2    1    -0.014    2    2   1    1.05
116    2    -0.028    1    2   1    0.48
117    2    -0.014    1    2   1    0.65
19    1    0.014    1    1   1    0.81
61    1    -0.028    2    2   1    0.67
134    2    0.014    2    1   1    0.81
101    2    -0.028    1    2   1    0.54
95    2    0.028    2    1   1    0.50
13    1    0.000    1    1   1    0.49
150    2    0.028    2    1   1    0.50
10    1    0.028    1    1   1    0.55
89    2    0.014    2    1   1    0.57
78    2    0.000    1    2   0    0.67
88    2    0.000    2    1   1    1.05
26    1    -0.028    2    2   1    0.55
107    2    -0.014    1    2   1    0.46
131    2    -0.028    1    2   1    0.89
136    2    -0.028    1    2   1    0.47
144    2    0.014    2    1   1    0.48
24    1    0.014    1    1   1    1.79
114    2    0.014    2    1   1    0.71
130    2    0.028    2    1   1    0.57
66    1    -0.028    2    2   1    0.58
133    2    0.000    1    2   0    0.56
128    2    0.000    2    1   1    0.60
