--------------------------------
20-Jun-2014 12:58:04 
data from observer A01 
#occlusion2 expt 
reference disparity (degrees) 0.160000 

stim order disp kresp testresp correct time
1    1    0.074    2    2   1    21.26
2    1    -0.069    1    1   1    0.65
3    1    0.065    2    2   1    0.83
4    2    -0.060    2    1   1    1.43
5    1    0.055    2    2   1    0.78
6    2    0.051    1    2   1    0.99
7    1    -0.046    1    1   1    0.58
8    1    0.042    2    2   1    1.07
9    1    0.037    2    2   1    1.83
10    1    -0.032    1    1   1    0.76
11    2    0.028    1    2   1    0.65
12    2    0.023    1    2   1    0.59
13    2    0.018    1    2   1    0.60
14    2    0.014    2    1   0    0.57
15    2    0.023    1    2   1    0.49
16    2    0.023    1    2   1    0.54
17    1    0.018    2    2   1    0.54
18    1    -0.018    1    1   1    1.05
19    1    -0.014    1    1   1    2.24
20    2    0.014    2    1   0    0.88
21    1    -0.023    1    1   1    0.52
22    1    -0.023    2    2   0    0.49
23    1    0.032    2    2   1    0.55
24    2    -0.032    2    1   1    1.27
25    1    0.028    1    1   0    0.62
26    1    0.037    2    2   1    0.50
27    1    -0.037    1    1   1    0.46
28    2    0.032    1    2   1    1.10
29    2    0.032    1    2   1    1.39
30    1    -0.028    1    1   1    0.54
31    2    0.028    1    2   1    0.61
32    1    0.023    2    2   1    1.01
33    1    0.023    1    1   0    0.52
34    1    -0.032    1    1   1    0.59
35    1    -0.032    1    1   1    0.53
36    2    -0.028    2    1   1    0.63
37    1    -0.028    1    1   1    0.55
38    2    0.023    1    2   1    0.62
39    1    0.023    2    2   1    1.06
40    2    0.018    1    2   1    0.64
41    2    0.018    1    2   1    2.85
42    1    0.014    2    2   1    1.20
43    2    -0.014    2    1   1    1.66
44    1    -0.009    2    2   0    3.88
45    2    0.018    1    2   1    0.73
46    1    -0.018    1    1   1    0.74
47    2    0.014    1    2   1    0.71
48    2    -0.014    2    1   1    0.47
49    1    0.009    2    2   1    0.96
50    2    0.009    1    2   1    0.95
-------------------------
Final staircase threshold estimate (mean) is 0.0139
-------------------------
15    1    0.032    2    2   0    4.72
35    1    0.032    2    2   0    0.59
19    1    0.014    2    2   0    3.05
105    2    0.032    1    2   0    0.80
72    1    -0.014    1    1   0    3.70
81    2    -0.032    2    1   0    1.00
38    1    0.000    2    2   0    2.41
106    2    -0.032    2    1   0    1.03
121    2    -0.032    2    1   0    0.63
77    2    -0.014    2    1   0    0.91
107    2    -0.014    2    1   0    2.59
108    2    0.000    2    1   1    2.98
1    1    -0.032    1    1   0    0.55
57    1    -0.014    1    1   0    1.09
109    2    0.014    1    2   0    1.18
138    2    0.000    2    1   1    0.66
11    1    -0.032    1    1   0    0.56
119    2    0.014    1    2   0    0.80
111    2    -0.032    2    1   0    0.57
133    2    0.000    1    2   0    2.11
78    2    0.000    2    1   1    0.63
95    2    0.032    1    2   0    1.11
71    1    -0.032    1    1   0    0.58
65    1    0.032    2    2   0    0.76
137    2    -0.014    2    1   0    3.06
82    2    -0.014    2    1   0    3.84
13    1    0.000    1    1   1    3.12
63    1    0.000    2    2   0    6.59
132    2    -0.014    2    1   0    4.32
28    1    0.000    1    1   1    2.67
4    1    0.014    2    2   0    3.39
83    2    0.000    2    1   1    3.04
30    1    0.032    2    2   0    1.46
47    1    -0.014    1    1   0    2.57
3    1    0.000    1    1   1    2.92
73    1    0.000    2    2   0    3.59
96    2    -0.032    2    1   0    0.78
46    1    -0.032    1    1   0    0.66
76    2    -0.032    2    1   0    0.81
115    2    0.032    1    2   0    0.66
120    2    0.032    1    2   0    0.60
127    2    -0.014    2    1   0    0.76
7    1    -0.014    1    1   0    2.31
42    1    -0.014    1    1   0    3.57
88    2    0.000    2    1   1    0.60
140    2    0.032    1    2   0    0.94
6    1    -0.032    1    1   0    1.33
89    2    0.014    1    2   0    2.01
74    1    0.014    1    1   1    9.80
62    1    -0.014    1    1   0    1.11
27    1    -0.014    1    1   0    1.17
94    2    0.014    1    2   0    0.92
10    1    0.032    2    2   0    1.60
2    1    -0.014    1    1   0    2.48
5    1    0.032    2    2   0    2.97
64    1    0.014    1    1   1    2.99
144    2    0.014    1    2   0    1.72
9    1    0.014    1    1   1    1.82
102    2    -0.014    1    2   1    1.90
129    2    0.014    1    2   0    0.79
131    2    -0.032    2    1   0    3.67
79    2    0.014    1    2   0    0.58
32    1    -0.014    1    1   0    0.59
60    1    0.032    2    2   0    1.56
136    2    -0.032    2    1   0    1.83
69    1    0.014    2    2   0    1.51
90    2    0.032    1    2   0    1.08
51    1    -0.032    1    1   0    1.18
25    1    0.032    2    2   0    1.57
37    1    -0.014    1    1   0    2.06
40    1    0.032    2    2   0    1.92
53    1    0.000    1    1   1    1.59
56    1    -0.032    1    1   0    0.85
39    1    0.014    2    2   0    2.15
31    1    -0.032    1    1   0    0.70
125    2    0.032    1    2   0    1.27
112    2    -0.014    2    1   0    1.74
101    2    -0.032    2    1   0    1.68
68    1    0.000    2    2   0    0.65
142    2    -0.014    2    1   0    3.32
17    1    -0.014    1    1   0    0.84
122    2    -0.014    2    1   0    3.95
145    2    0.032    1    2   0    0.84
114    2    0.014    1    2   0    1.85
44    1    0.014    2    2   0    5.03
24    1    0.014    1    1   1    4.34
8    1    0.000    1    1   1    2.98
99    2    0.014    1    2   0    1.58
55    1    0.032    2    2   0    1.48
26    1    -0.032    1    1   0    0.64
23    1    0.000    1    1   1    4.12
149    2    0.014    1    2   0    1.10
124    2    0.014    1    2   0    0.71
103    2    0.000    2    1   1    2.07
36    1    -0.032    1    1   0    1.00
126    2    -0.032    2    1   0    0.97
93    2    0.000    1    2   0    0.97
130    2    0.032    1    2   0    0.75
104    2    0.014    1    2   0    1.01
22    1    -0.014    2    2   1    1.48
59    1    0.014    2    2   0    1.28
14    1    0.014    2    2   0    1.88
128    2    0.000    1    2   0    0.62
118    2    0.000    1    2   0    1.73
98    2    0.000    1    2   0    1.43
70    1    0.032    2    2   0    0.64
20    1    0.032    2    2   0    1.46
61    1    -0.032    1    1   0    1.28
52    1    -0.014    1    1   0    1.49
49    1    0.014    2    2   0    1.58
134    2    0.014    1    2   0    1.97
97    2    -0.014    1    2   1    0.67
147    2    -0.014    2    1   0    5.50
50    1    0.032    2    2   0    1.92
141    2    -0.032    2    1   0    1.72
21    1    -0.032    1    1   0    1.32
150    2    0.032    1    2   0    1.39
143    2    0.000    2    1   1    3.69
34    1    0.014    2    2   0    2.84
146    2    -0.032    2    1   0    1.74
67    1    -0.014    1    1   0    2.07
45    1    0.032    2    2   0    0.77
80    2    0.032    1    2   0    0.94
135    2    0.032    1    2   0    0.89
100    2    0.032    1    2   0    1.03
58    1    0.000    1    1   1    2.33
148    2    0.000    1    2   0    2.23
91    2    -0.032    2    1   0    1.06
33    1    0.000    1    1   1    2.38
29    1    0.014    2    2   0    0.59
12    1    -0.014    1    1   0    1.05
41    1    -0.032    1    1   0    1.47
48    1    0.000    2    2   0    3.30
16    1    -0.032    1    1   0    1.02
139    2    0.014    1    2   0    1.58
18    1    0.000    1    1   1    6.34
123    2    0.000    2    1   1    2.30
84    2    0.014    1    2   0    1.17
86    2    -0.032    2    1   0    0.82
113    2    0.000    1    2   0    1.73
92    2    -0.014    2    1   0    2.29
87    2    -0.014    1    2   1    6.33
110    2    0.032    1    2   0    0.80
117    2    -0.014    1    2   1    1.28
43    1    0.000    2    2   0    1.41
66    1    -0.032    1    1   0    0.97
54    1    0.014    1    1   1    2.22
75    2    0.032    1    2   0    1.04
85    2    0.032    1    2   0    1.02
116    2    -0.032    2    1   0    0.68
