--------------------------------
23-Jun-2014 11:10:15 
data from observer A02 
#occlusion2 expt 
reference disparity (degrees) 0.160000 

stim order disp kresp testresp correct time
1    1    -0.074    2    2   1    1.20
2    2    0.069    2    1   1    0.82
3    2    0.065    2    1   1    0.68
4    1    0.060    1    1   1    0.87
5    1    -0.055    2    2   1    0.99
6    2    0.051    2    1   1    0.69
7    2    0.046    2    1   1    0.70
8    2    0.042    2    1   1    0.76
9    1    -0.037    2    2   1    0.85
10    2    -0.032    1    2   1    1.32
11    1    -0.028    2    2   1    0.67
12    1    -0.023    2    2   1    0.76
13    1    0.018    2    2   0    1.28
14    2    0.028    2    1   1    0.76
15    1    0.028    2    2   0    0.80
16    2    -0.037    2    1   0    0.73
17    1    -0.046    2    2   1    0.63
18    2    0.046    2    1   1    1.12
19    2    -0.042    2    1   0    0.70
20    2    -0.051    2    1   0    0.78
21    2    0.060    2    1   1    0.61
22    2    0.060    2    1   1    0.55
23    1    -0.055    2    2   1    0.64
24    1    -0.055    2    2   1    0.58
25    2    0.051    2    1   1    0.72
26    2    -0.051    1    2   1    0.97
27    2    0.046    2    1   1    0.53
28    1    -0.046    2    2   1    0.56
29    2    0.042    2    1   1    0.70
30    1    -0.042    2    2   1    0.57
31    2    -0.037    2    1   0    2.54
32    2    0.046    2    1   1    0.61
33    2    0.046    2    1   1    0.58
34    2    -0.042    2    1   0    0.52
35    2    0.051    2    1   1    0.59
36    2    0.051    2    1   1    0.92
37    2    0.046    2    1   1    0.65
38    1    -0.046    2    2   1    0.53
39    1    -0.042    2    2   1    0.54
40    1    0.042    2    2   0    0.65
41    2    0.051    2    1   1    0.60
42    1    0.051    2    2   0    0.57
43    2    0.060    2    1   1    0.52
44    1    0.060    2    2   0    0.53
45    1    -0.069    2    2   1    0.57
46    2    0.069    2    1   1    0.54
47    2    -0.065    2    1   0    1.03
48    2    -0.074    2    1   0    0.49
49    2    -0.083    2    1   0    0.44
50    1    0.092    1    1   1    0.59
-------------------------
Final staircase threshold estimate (mean) is 0.0674
-------------------------
108    2    0.000    2    1   1    6.57
128    2    0.000    2    1   1    0.89
144    2    0.069    2    1   1    0.54
142    2    -0.069    2    1   0    0.90
51    1    -0.148    2    2   1    0.57
72    1    -0.069    2    2   1    0.49
39    1    0.069    2    2   0    0.75
133    2    0.000    2    1   1    0.52
109    2    0.069    2    1   1    0.47
92    2    -0.069    2    1   0    0.74
115    2    0.148    2    1   1    0.48
104    2    0.069    2    1   1    0.47
81    2    -0.148    2    1   0    0.54
140    2    0.148    2    1   1    0.48
2    1    -0.069    2    2   1    0.48
37    1    -0.069    2    2   1    0.50
61    1    -0.148    2    2   1    0.48
76    2    -0.148    2    1   0    0.45
101    2    -0.148    2    1   0    0.49
41    1    -0.148    2    2   1    0.49
105    2    0.148    2    1   1    0.55
110    2    0.148    2    1   1    0.47
6    1    -0.148    2    2   1    0.54
83    2    0.000    2    1   1    1.36
11    1    -0.148    2    2   1    0.52
14    1    0.069    2    2   0    0.49
28    1    0.000    2    2   0    0.57
63    1    0.000    2    2   0    0.64
131    2    -0.148    1    2   1    1.12
70    1    0.148    1    1   1    0.62
126    2    -0.148    1    2   1    1.00
89    2    0.069    2    1   1    0.68
149    2    0.069    2    1   1    0.58
44    1    0.069    1    1   1    1.94
22    1    -0.069    2    2   1    2.23
48    1    0.000    1    1   1    9.36
49    1    0.069    1    1   1    0.83
150    2    0.148    1    2   0    2.04
57    1    -0.069    2    2   1    1.56
20    1    0.148    1    1   1    0.97
118    2    0.000    1    2   0    0.72
125    2    0.148    2    1   1    0.94
117    2    -0.069    1    2   1    0.67
66    1    -0.148    2    2   1    0.63
80    2    0.148    2    1   1    0.78
97    2    -0.069    1    2   1    0.56
23    1    0.000    1    1   1    0.56
8    1    0.000    1    1   1    0.68
65    1    0.148    1    1   1    0.61
121    2    -0.148    1    2   1    0.59
84    2    0.069    2    1   1    0.88
139    2    0.069    2    1   1    1.05
47    1    -0.069    2    2   1    1.14
96    2    -0.148    1    2   1    0.88
42    1    -0.069    2    2   1    1.93
56    1    -0.148    2    2   1    1.07
33    1    0.000    1    1   1    7.60
90    2    0.148    2    1   1    0.60
100    2    0.148    2    1   1    0.60
94    2    0.069    2    1   1    0.72
7    1    -0.069    2    2   1    0.49
127    2    -0.069    1    2   1    0.94
135    2    0.148    2    1   1    0.56
141    2    -0.148    1    2   1    0.70
60    1    0.148    1    1   1    0.84
112    2    -0.069    1    2   1    0.88
19    1    0.069    1    1   1    0.63
120    2    0.148    2    1   1    2.32
9    1    0.069    1    1   1    1.98
114    2    0.069    2    1   1    0.92
107    2    -0.069    1    2   1    1.17
78    2    0.000    1    2   0    6.56
148    2    0.000    1    2   0    2.18
68    1    0.000    1    1   1    0.62
87    2    -0.069    1    2   1    0.60
29    1    0.069    1    1   1    0.53
132    2    -0.069    1    2   1    0.53
40    1    0.148    1    1   1    0.51
3    1    0.000    1    1   1    0.78
64    1    0.069    1    1   1    0.52
136    2    -0.148    1    2   1    0.60
113    2    0.000    1    2   0    2.59
62    1    -0.069    1    1   0    0.84
15    1    0.148    1    1   1    0.56
137    2    -0.069    1    2   1    0.53
21    1    -0.148    2    2   1    1.29
10    1    0.148    1    1   1    0.61
119    2    0.069    2    1   1    0.72
36    1    -0.148    2    2   1    0.56
130    2    0.148    2    1   1    0.95
79    2    0.069    2    1   1    0.56
53    1    0.000    1    1   1    9.65
124    2    0.069    2    1   1    1.62
85    2    0.148    2    1   1    0.58
30    1    0.148    1    1   1    0.99
103    2    0.000    1    2   0    2.99
13    1    0.000    1    1   1    4.83
122    2    -0.069    1    2   1    0.61
32    1    -0.069    2    2   1    0.54
71    1    -0.148    2    2   1    0.63
74    1    0.069    1    1   1    0.73
138    2    0.000    1    2   0    2.38
52    1    -0.069    2    2   1    0.71
18    1    0.000    1    1   1    0.91
91    2    -0.148    1    2   1    0.48
46    1    -0.148    2    2   1    0.62
99    2    0.069    2    1   1    0.74
67    1    -0.069    2    2   1    0.51
102    2    -0.069    1    2   1    0.67
143    2    0.000    1    2   0    4.07
5    1    0.148    1    1   1    0.78
34    1    0.069    1    1   1    0.54
146    2    -0.148    1    2   1    0.73
54    1    0.069    1    1   1    0.47
93    2    0.000    1    2   0    0.69
50    1    0.148    1    1   1    0.48
17    1    -0.069    2    2   1    0.47
69    1    0.069    1    1   1    0.53
26    1    -0.148    2    2   1    0.48
4    1    0.069    1    1   1    0.53
73    1    0.000    1    1   1    10.84
59    1    0.069    1    1   1    0.62
95    2    0.148    2    1   1    0.69
1    1    -0.148    2    2   1    0.56
43    1    0.000    1    1   1    0.54
35    1    0.148    1    1   1    0.56
82    2    -0.069    1    2   1    0.55
134    2    0.069    2    1   1    0.70
129    2    0.069    2    1   1    0.51
58    1    0.000    1    1   1    1.77
45    1    0.148    1    1   1    0.50
25    1    0.148    1    1   1    0.63
111    2    -0.148    1    2   1    1.66
116    2    -0.148    1    2   1    0.69
12    1    -0.069    2    2   1    1.65
77    2    -0.069    1    2   1    1.14
24    1    0.069    1    1   1    0.55
31    1    -0.148    2    2   1    0.60
38    1    0.000    1    1   1    2.88
27    1    -0.069    2    2   1    0.52
16    1    -0.148    2    2   1    0.49
147    2    -0.069    1    2   1    0.56
123    2    0.000    1    2   0    6.53
75    2    0.148    2    1   1    0.58
145    2    0.148    2    1   1    0.58
55    1    0.148    1    1   1    1.28
106    2    -0.148    1    2   1    0.51
98    2    0.000    2    1   1    1.90
88    2    0.000    1    2   0    1.78
86    2    -0.148    1    2   1    0.63
