--------------------------------
23-Jun-2014 13:11:13 
data from observer A02 
#occlusion2 expt 
reference disparity (degrees) 0.160000 

stim order disp kresp testresp correct time
1    1    -0.074    1    1   1    1.87
2    2    0.069    1    2   1    19.12
3    1    -0.065    1    1   1    1.07
4    1    0.060    2    2   1    64.27
5    2    0.055    1    2   1    2.23
6    2    0.051    1    2   1    0.69
7    1    -0.046    1    1   1    0.98
8    2    0.042    1    2   1    1.15
9    1    -0.037    1    1   1    2.40
10    1    0.032    2    2   1    1.39
11    1    0.028    2    2   1    0.88
12    2    0.023    2    1   0    6.28
13    2    -0.032    2    1   1    1.35
14    2    -0.032    2    1   1    1.03
15    2    0.028    2    1   0    1.96
16    2    0.037    1    2   1    0.89
17    2    0.037    1    2   1    0.67
18    1    0.032    2    2   1    0.75
19    1    0.032    2    2   1    0.66
20    2    -0.028    2    1   1    0.60
21    2    -0.028    2    1   1    0.56
22    1    0.023    2    2   1    0.76
23    2    0.023    1    2   1    7.08
24    1    -0.018    2    2   0    3.03
25    2    -0.028    2    1   1    0.64
26    1    -0.028    1    1   1    0.63
27    2    -0.023    2    1   1    0.73
28    1    -0.023    2    2   0    3.44
29    2    -0.032    2    1   1    0.70
30    2    0.032    1    2   1    0.78
31    2    0.028    1    2   1    1.92
32    1    -0.028    2    2   0    5.64
33    2    0.037    2    1   0    1.54
34    2    -0.046    2    1   1    0.77
35    1    0.046    2    2   1    0.56
36    2    0.042    1    2   1    0.77
37    2    0.042    1    2   1    0.53
38    2    -0.037    2    1   1    0.60
39    2    0.037    1    2   1    0.51
40    2    0.032    1    2   1    4.94
41    2    0.032    1    2   1    0.91
42    1    -0.028    1    1   1    1.13
43    2    -0.028    2    1   1    1.00
44    2    0.023    1    2   1    7.78
45    2    -0.023    2    1   1    0.78
46    2    0.018    1    2   1    8.15
47    2    -0.018    2    1   1    0.56
48    1    -0.014    2    2   0    1.30
49    1    0.023    2    2   1    0.54
50    1    0.023    2    2   1    0.88
-------------------------
Final staircase threshold estimate (mean) is 0.0231
-------------------------
102    2    -0.023    2    1   0    1.81
70    1    0.055    2    2   0    0.49
75    2    0.055    1    2   0    1.22
50    1    0.055    2    2   0    0.63
81    2    -0.055    2    1   0    0.87
116    2    -0.055    2    1   0    0.46
62    1    -0.023    2    2   1    1.13
83    2    0.000    1    2   0    0.77
47    1    -0.023    2    2   1    0.78
24    1    0.023    2    2   0    0.54
135    2    0.055    1    2   0    0.93
14    1    0.023    2    2   0    3.40
65    1    0.055    2    2   0    0.49
96    2    -0.055    2    1   0    0.40
103    2    0.000    2    1   1    0.44
124    2    0.023    2    1   1    0.53
61    1    -0.055    1    1   0    0.75
67    1    -0.023    1    1   0    0.53
11    1    -0.055    1    1   0    0.46
97    2    -0.023    2    1   0    0.90
15    1    0.055    2    2   0    0.54
37    1    -0.023    2    2   1    3.64
39    1    0.023    2    2   0    0.78
142    2    -0.023    2    1   0    0.72
32    1    -0.023    2    2   1    0.94
125    2    0.055    1    2   0    1.03
109    2    0.023    1    2   0    0.55
76    2    -0.055    2    1   0    0.46
53    1    0.000    2    2   0    1.36
146    2    -0.055    2    1   0    0.44
118    2    0.000    2    1   1    0.70
128    2    0.000    2    1   1    0.50
52    1    -0.023    1    1   0    1.07
134    2    0.023    1    2   0    4.01
79    2    0.023    1    2   0    0.90
129    2    0.023    1    2   0    0.74
22    1    -0.023    1    1   0    2.10
19    1    0.023    2    2   0    0.84
145    2    0.055    1    2   0    0.66
90    2    0.055    1    2   0    0.63
126    2    -0.055    2    1   0    0.69
28    1    0.000    1    1   1    2.48
16    1    -0.055    1    1   0    0.59
93    2    0.000    2    1   1    1.63
1    1    -0.055    1    1   0    0.53
5    1    0.055    2    2   0    0.47
84    2    0.023    1    2   0    0.55
2    1    -0.023    2    2   1    4.72
119    2    0.023    1    2   0    3.51
74    1    0.023    2    2   0    0.51
26    1    -0.055    1    1   0    0.69
58    1    0.000    1    1   1    4.46
54    1    0.023    2    2   0    0.48
44    1    0.023    2    2   0    0.49
88    2    0.000    2    1   1    4.25
51    1    -0.055    1    1   0    0.60
31    1    -0.055    1    1   0    0.87
30    1    0.055    2    2   0    0.52
140    2    0.055    1    2   0    0.63
40    1    0.055    2    2   0    0.49
122    2    -0.023    2    1   0    0.46
48    1    0.000    2    2   0    0.66
98    2    0.000    2    1   1    4.04
7    1    -0.023    1    1   0    0.51
17    1    -0.023    1    1   0    0.49
42    1    -0.023    1    1   0    0.46
73    1    0.000    2    2   0    3.06
137    2    -0.023    2    1   0    0.79
127    2    -0.023    2    1   0    0.63
59    1    0.023    2    2   0    2.22
117    2    -0.023    2    1   0    1.97
56    1    -0.055    1    1   0    0.53
86    2    -0.055    2    1   0    0.81
123    2    0.000    1    2   0    1.93
110    2    0.055    1    2   0    0.54
144    2    0.023    1    2   0    1.05
36    1    -0.055    1    1   0    0.58
112    2    -0.023    2    1   0    0.65
18    1    0.000    1    1   1    8.51
87    2    -0.023    2    1   0    1.63
136    2    -0.055    2    1   0    0.62
120    2    0.055    1    2   0    0.74
114    2    0.023    1    2   0    1.01
141    2    -0.055    2    1   0    0.52
8    1    0.000    1    1   1    0.99
77    2    -0.023    2    1   0    0.55
131    2    -0.055    2    1   0    0.60
46    1    -0.055    1    1   0    0.72
78    2    0.000    2    1   1    0.79
38    1    0.000    2    2   0    0.69
23    1    0.000    1    1   1    1.14
10    1    0.055    2    2   0    0.56
113    2    0.000    2    1   1    0.50
133    2    0.000    2    1   1    2.20
69    1    0.023    2    2   0    0.92
6    1    -0.055    1    1   0    0.51
91    2    -0.055    2    1   0    0.65
85    2    0.055    1    2   0    0.53
66    1    -0.055    1    1   0    0.76
80    2    0.055    1    2   0    0.58
150    2    0.055    1    2   0    0.66
100    2    0.055    1    2   0    0.55
27    1    -0.023    1    1   0    0.48
25    1    0.055    2    2   0    0.53
101    2    -0.055    2    1   0    0.55
29    1    0.023    1    1   1    0.49
99    2    0.023    1    2   0    0.56
148    2    0.000    2    1   1    0.72
138    2    0.000    1    2   0    0.60
68    1    0.000    1    1   1    1.27
45    1    0.055    2    2   0    0.54
63    1    0.000    2    2   0    0.91
149    2    0.023    2    1   1    0.84
33    1    0.000    2    2   0    1.19
13    1    0.000    1    1   1    3.56
115    2    0.055    1    2   0    0.68
121    2    -0.055    2    1   0    0.94
106    2    -0.055    2    1   0    0.94
4    1    0.023    2    2   0    0.46
139    2    0.023    2    1   1    0.90
104    2    0.023    1    2   0    1.74
89    2    0.023    1    2   0    1.36
95    2    0.055    2    1   1    2.72
111    2    -0.055    2    1   0    0.50
21    1    -0.055    2    2   1    1.25
71    1    -0.055    1    1   0    0.81
57    1    -0.023    1    1   0    1.29
94    2    0.023    1    2   0    4.51
34    1    0.023    2    2   0    0.49
20    1    0.055    2    2   0    0.53
12    1    -0.023    1    1   0    0.58
105    2    0.055    1    2   0    0.89
41    1    -0.055    1    1   0    0.47
130    2    0.055    1    2   0    0.51
108    2    0.000    2    1   1    1.21
92    2    -0.023    2    1   0    1.68
55    1    0.055    2    2   0    1.93
49    1    0.023    2    2   0    3.13
43    1    0.000    2    2   0    0.76
35    1    0.055    2    2   0    0.57
64    1    0.023    2    2   0    0.54
132    2    -0.023    2    1   0    0.98
82    2    -0.023    2    1   0    3.52
143    2    0.000    2    1   1    0.64
107    2    -0.023    2    1   0    2.03
60    1    0.055    2    2   0    1.22
147    2    -0.023    2    1   0    0.99
3    1    0.000    1    1   1    2.31
9    1    0.023    2    2   0    0.78
72    1    -0.023    1    1   0    1.36
