--------------------------------
23-Jun-2014 13:37:08 
data from observer A02 
#occlusion2 expt 
reference disparity (degrees) 0.160000 

stim order disp kresp testresp correct time
1    1    -0.074    1    1   1    3.42
2    2    0.069    1    2   1    1.91
3    1    -0.065    1    1   1    0.83
4    2    0.060    1    2   1    1.02
5    1    0.055    2    2   1    1.27
6    2    -0.051    2    1   1    0.67
7    1    -0.046    1    1   1    1.03
8    1    0.042    2    2   1    0.53
9    1    -0.037    1    1   1    2.56
10    1    -0.032    2    2   0    0.89
11    2    0.042    1    2   1    0.75
12    1    -0.042    1    1   1    0.73
13    1    -0.037    1    1   1    1.00
14    2    -0.037    1    2   0    1.69
15    1    -0.046    2    2   0    1.25
16    2    -0.055    2    1   1    4.44
17    2    -0.055    2    1   1    0.96
18    2    0.051    1    2   1    3.51
19    1    -0.051    1    1   1    0.56
20    1    -0.046    1    1   1    0.58
21    2    0.046    1    2   1    0.57
22    1    0.042    1    1   0    0.62
23    2    -0.051    2    1   1    3.70
24    2    0.051    1    2   1    0.58
25    2    0.046    1    2   1    0.60
26    1    -0.046    1    1   1    0.60
27    1    0.042    2    2   1    1.09
28    2    0.042    2    1   0    2.18
29    1    0.051    2    2   1    0.73
30    2    -0.051    2    1   1    0.56
31    2    -0.046    2    1   1    0.50
32    1    0.046    2    2   1    1.04
33    1    -0.042    2    2   0    0.91
34    2    0.051    1    2   1    1.72
35    2    0.051    1    2   1    1.72
36    1    0.046    2    2   1    1.72
37    2    -0.046    2    1   1    0.84
38    1    0.042    2    2   1    3.76
39    2    0.042    1    2   1    3.72
40    2    0.037    1    2   1    0.72
41    1    0.037    1    1   0    1.20
42    2    -0.046    2    1   1    3.09
43    1    -0.046    1    1   1    0.84
44    1    -0.042    1    1   1    0.56
45    2    -0.042    2    1   1    3.37
46    2    0.037    1    2   1    0.84
47    2    0.037    1    2   1    1.16
48    1    0.032    2    2   1    1.08
49    1    0.032    2    2   1    2.44
50    2    -0.028    2    1   1    2.88
-------------------------
Final staircase threshold estimate (mean) is 0.0379
-------------------------
72    1    -0.037    1    1   0    3.92
41    1    -0.092    2    2   1    4.64
108    2    0.000    2    1   1    7.39
100    2    0.092    1    2   0    1.04
62    1    -0.037    1    1   0    0.65
128    2    0.000    2    1   1    5.69
68    1    0.000    1    1   1    1.44
8    1    0.000    1    1   1    1.00
88    2    0.000    2    1   1    0.70
27    1    -0.037    1    1   0    0.74
32    1    -0.037    1    1   0    0.73
38    1    0.000    2    2   0    0.56
87    2    -0.037    1    2   1    0.87
132    2    -0.037    1    2   1    0.63
104    2    0.037    1    2   0    0.78
47    1    -0.037    1    1   0    1.44
127    2    -0.037    2    1   0    0.71
124    2    0.037    2    1   1    0.53
80    2    0.092    1    2   0    0.61
73    1    0.000    1    1   1    0.53
138    2    0.000    1    2   0    0.65
117    2    -0.037    2    1   0    0.49
79    2    0.037    2    1   1    0.90
51    1    -0.092    1    1   0    0.59
25    1    0.092    2    2   0    0.54
134    2    0.037    1    2   0    1.15
111    2    -0.092    2    1   0    0.56
26    1    -0.092    1    1   0    1.27
107    2    -0.037    2    1   0    0.59
1    1    -0.092    2    2   1    1.14
52    1    -0.037    2    2   1    0.63
37    1    -0.037    1    1   0    1.58
102    2    -0.037    2    1   0    1.69
12    1    -0.037    2    2   1    1.56
18    1    0.000    2    2   0    0.58
84    2    0.037    2    1   1    1.99
66    1    -0.092    1    1   0    0.87
90    2    0.092    1    2   0    2.13
141    2    -0.092    2    1   0    1.86
5    1    0.092    2    2   0    0.70
86    2    -0.092    2    1   0    0.61
129    2    0.037    2    1   1    1.11
67    1    -0.037    1    1   0    1.45
101    2    -0.092    2    1   0    0.56
146    2    -0.092    2    1   0    0.50
75    2    0.092    2    1   1    0.52
105    2    0.092    1    2   0    0.60
36    1    -0.092    1    1   0    0.57
135    2    0.092    1    2   0    0.57
85    2    0.092    1    2   0    1.04
122    2    -0.037    2    1   0    0.90
7    1    -0.037    1    1   0    0.62
42    1    -0.037    1    1   0    2.48
136    2    -0.092    2    1   0    2.42
96    2    -0.092    2    1   0    0.66
50    1    0.092    2    2   0    0.58
112    2    -0.037    1    2   1    0.77
115    2    0.092    1    2   0    1.73
43    1    0.000    1    1   1    1.65
130    2    0.092    1    2   0    0.70
144    2    0.037    1    2   0    0.70
74    1    0.037    2    2   0    0.86
23    1    0.000    2    2   0    0.93
54    1    0.037    2    2   0    0.92
21    1    -0.092    1    1   0    0.52
120    2    0.092    1    2   0    0.62
6    1    -0.092    1    1   0    0.51
125    2    0.092    1    2   0    0.57
69    1    0.037    1    1   1    0.62
33    1    0.000    1    1   1    0.59
143    2    0.000    2    1   1    0.57
19    1    0.037    2    2   0    0.50
89    2    0.037    1    2   0    0.50
140    2    0.092    1    2   0    0.71
11    1    -0.092    1    1   0    0.53
40    1    0.092    2    2   0    0.66
148    2    0.000    1    2   0    0.54
17    1    -0.037    1    1   0    0.65
114    2    0.037    1    2   0    0.58
81    2    -0.092    2    1   0    0.53
93    2    0.000    1    2   0    0.57
46    1    -0.092    1    1   0    0.88
9    1    0.037    2    2   0    0.64
82    2    -0.037    2    1   0    0.51
48    1    0.000    1    1   1    1.05
16    1    -0.092    1    1   0    0.50
56    1    -0.092    1    1   0    0.65
116    2    -0.092    2    1   0    0.77
110    2    0.092    1    2   0    0.45
70    1    0.092    2    2   0    2.98
4    1    0.037    2    2   0    0.79
60    1    0.092    2    2   0    1.95
103    2    0.000    2    1   1    0.94
61    1    -0.092    1    1   0    0.52
59    1    0.037    2    2   0    1.59
126    2    -0.092    2    1   0    0.79
2    1    -0.037    2    2   1    0.77
150    2    0.092    2    1   1    0.94
22    1    -0.037    1    1   0    1.21
39    1    0.037    2    2   0    0.67
65    1    0.092    2    2   0    0.69
83    2    0.000    2    1   1    1.31
28    1    0.000    2    2   0    4.20
94    2    0.037    2    1   1    1.34
92    2    -0.037    2    1   0    1.63
123    2    0.000    2    1   1    0.56
49    1    0.037    2    2   0    0.79
71    1    -0.092    1    1   0    2.99
113    2    0.000    1    2   0    1.45
31    1    -0.092    1    1   0    2.82
24    1    0.037    2    2   0    3.66
121    2    -0.092    2    1   0    0.55
131    2    -0.092    2    1   0    0.54
149    2    0.037    1    2   0    3.93
15    1    0.092    2    2   0    0.64
44    1    0.037    2    2   0    0.81
30    1    0.092    2    2   0    0.72
14    1    0.037    2    2   0    1.03
145    2    0.092    1    2   0    0.95
118    2    0.000    2    1   1    0.92
57    1    -0.037    1    1   0    1.07
119    2    0.037    1    2   0    0.76
55    1    0.092    2    2   0    2.10
45    1    0.092    2    2   0    1.90
99    2    0.037    1    2   0    1.10
35    1    0.092    2    2   0    0.83
34    1    0.037    2    2   0    0.65
29    1    0.037    2    2   0    2.98
106    2    -0.092    2    1   0    5.40
10    1    0.092    2    2   0    11.38
139    2    0.037    1    2   0    7.61
13    1    0.000    1    1   1    3.97
98    2    0.000    2    1   1    6.05
64    1    0.037    2    2   0    1.26
142    2    -0.037    2    1   0    2.73
133    2    0.000    2    1   1    0.77
97    2    -0.037    1    2   1    1.11
3    1    0.000    2    2   0    0.93
77    2    -0.037    2    1   0    1.69
63    1    0.000    2    2   0    2.10
76    2    -0.092    2    1   0    1.13
58    1    0.000    1    1   1    0.97
78    2    0.000    2    1   1    0.83
147    2    -0.037    2    1   0    0.74
137    2    -0.037    2    1   0    0.58
95    2    0.092    2    1   1    1.97
20    1    0.092    2    2   0    0.57
91    2    -0.092    2    1   0    0.93
53    1    0.000    2    2   0    0.88
109    2    0.037    1    2   0    1.45
