--------------------------------
23-Jun-2014 13:20:59 
data from observer A02 
#occlusion2 expt 
reference disparity (degrees) 0.160000 

stim order disp kresp testresp correct time
1    2    -0.074    2    1   1    1.94
2    2    0.069    1    2   1    0.57
3    2    -0.065    2    1   1    0.62
4    2    0.060    1    2   1    0.63
5    1    -0.055    1    1   1    0.58
6    1    0.051    2    2   1    0.48
7    1    -0.046    1    1   1    0.47
8    2    0.042    1    2   1    0.72
9    2    -0.037    2    1   1    0.64
10    1    0.032    2    2   1    0.68
11    1    0.028    2    2   1    0.61
12    2    -0.023    1    2   0    0.55
13    1    0.032    2    2   1    0.48
14    2    -0.032    2    1   1    0.70
15    1    -0.028    1    1   1    0.53
16    2    -0.028    2    1   1    0.55
17    1    -0.023    1    1   1    0.45
18    2    -0.023    2    1   1    1.14
19    2    0.018    1    2   1    0.57
20    1    0.018    2    2   1    0.52
21    1    0.014    2    2   1    0.54
22    2    -0.014    2    1   1    2.51
23    2    0.009    1    2   1    0.55
24    2    0.009    1    2   1    0.56
25    1    0.005    1    1   0    0.52
26    1    0.014    1    1   0    3.01
27    2    0.023    1    2   1    1.04
28    1    -0.023    1    1   1    0.53
29    1    0.018    2    2   1    2.00
30    2    0.018    1    2   1    0.60
31    1    0.014    2    2   1    2.59
32    2    0.014    1    2   1    3.50
33    1    -0.009    1    1   1    0.56
34    1    -0.009    1    1   1    0.72
35    2    -0.005    1    2   0    0.61
36    2    -0.014    2    1   1    2.36
37    2    -0.014    2    1   1    1.03
38    1    0.009    2    2   1    0.60
39    2    0.009    1    2   1    0.60
40    2    0.005    1    2   1    1.24
41    2    0.005    1    2   1    0.54
42    2    0.005    1    2   1    1.04
43    2    0.005    1    2   1    1.52
44    1    -0.005    1    1   1    0.69
45    1    0.005    1    1   0    0.98
46    1    0.014    1    1   0    0.66
47    1    -0.023    1    1   1    0.50
48    2    -0.023    1    2   0    2.19
49    2    0.032    1    2   1    0.59
50    2    0.032    1    2   1    0.43
-------------------------
Final staircase threshold estimate (mean) is 0.0148
-------------------------
135    2    0.037    1    2   0    2.60
138    2    0.000    1    2   0    2.61
73    1    0.000    1    1   1    2.36
27    1    -0.014    1    1   0    0.63
105    2    0.037    1    2   0    0.89
29    1    0.014    1    1   1    0.65
1    1    -0.037    1    1   0    0.67
13    1    0.000    1    1   1    1.08
69    1    0.014    2    2   0    1.74
150    2    0.037    1    2   0    0.68
87    2    -0.014    1    2   1    0.51
3    1    0.000    1    1   1    1.47
94    2    0.014    1    2   0    0.58
108    2    0.000    1    2   0    0.74
148    2    0.000    1    2   0    0.57
2    1    -0.014    1    1   0    0.83
81    2    -0.037    1    2   1    0.51
113    2    0.000    1    2   0    0.60
6    1    -0.037    1    1   0    0.60
144    2    0.014    1    2   0    0.58
89    2    0.014    1    2   0    0.53
28    1    0.000    1    1   1    0.59
116    2    -0.037    1    2   1    0.57
123    2    0.000    1    2   0    0.51
111    2    -0.037    1    2   1    0.69
72    1    -0.014    1    1   0    0.42
133    2    0.000    1    2   0    0.56
127    2    -0.014    1    2   1    0.46
12    1    -0.014    1    1   0    0.61
88    2    0.000    1    2   0    0.58
95    2    0.037    1    2   0    1.03
98    2    0.000    1    2   0    1.29
49    1    0.014    2    2   0    0.88
5    1    0.037    2    2   0    0.64
11    1    -0.037    1    1   0    1.05
41    1    -0.037    1    1   0    0.61
20    1    0.037    2    2   0    0.65
99    2    0.014    1    2   0    0.93
46    1    -0.037    1    1   0    4.03
96    2    -0.037    2    1   0    0.64
55    1    0.037    2    2   0    0.74
40    1    0.037    2    2   0    0.98
39    1    0.014    2    2   0    0.96
115    2    0.037    1    2   0    0.67
54    1    0.014    2    2   0    1.18
145    2    0.037    2    1   1    0.67
130    2    0.037    1    2   0    0.55
61    1    -0.037    1    1   0    0.43
143    2    0.000    1    2   0    0.51
50    1    0.037    2    2   0    0.53
35    1    0.037    2    2   0    0.66
83    2    0.000    1    2   0    0.59
65    1    0.037    2    2   0    0.72
51    1    -0.037    1    1   0    0.53
62    1    -0.014    2    2   1    3.09
33    1    0.000    2    2   0    0.83
67    1    -0.014    1    1   0    1.33
31    1    -0.037    1    1   0    0.53
16    1    -0.037    2    2   1    0.75
124    2    0.014    2    1   1    0.67
34    1    0.014    2    2   0    0.52
52    1    -0.014    1    1   0    0.50
15    1    0.037    2    2   0    0.50
63    1    0.000    2    2   0    0.94
136    2    -0.037    2    1   0    0.43
91    2    -0.037    2    1   0    0.53
112    2    -0.014    2    1   0    0.58
128    2    0.000    2    1   1    0.46
7    1    -0.014    2    2   1    1.05
122    2    -0.014    2    1   0    0.57
53    1    0.000    1    1   1    1.08
131    2    -0.037    2    1   0    0.62
68    1    0.000    1    1   1    1.20
109    2    0.014    1    2   0    0.76
125    2    0.037    2    1   1    2.60
75    2    0.037    1    2   0    0.65
137    2    -0.014    2    1   0    0.70
106    2    -0.037    1    2   1    0.85
23    1    0.000    2    2   0    0.87
59    1    0.014    1    1   1    0.66
58    1    0.000    2    2   0    1.05
4    1    0.014    1    1   1    0.83
9    1    0.014    2    2   0    1.02
48    1    0.000    2    2   0    4.71
38    1    0.000    1    1   1    0.65
77    2    -0.014    1    2   1    12.51
66    1    -0.037    2    2   1    1.27
26    1    -0.037    1    1   0    0.54
84    2    0.014    1    2   0    2.83
134    2    0.014    1    2   0    0.86
146    2    -0.037    2    1   0    0.51
101    2    -0.037    2    1   0    0.56
85    2    0.037    1    2   0    3.04
76    2    -0.037    2    1   0    1.09
14    1    0.014    2    2   0    0.98
80    2    0.037    2    1   1    0.74
93    2    0.000    1    2   0    3.20
71    1    -0.037    1    1   0    0.57
92    2    -0.014    2    1   0    0.61
21    1    -0.037    1    1   0    0.86
100    2    0.037    1    2   0    2.18
86    2    -0.037    2    1   0    0.70
120    2    0.037    1    2   0    0.66
121    2    -0.037    2    1   0    1.08
10    1    0.037    2    2   0    1.15
56    1    -0.037    1    1   0    0.83
102    2    -0.014    2    1   0    0.56
42    1    -0.014    1    1   0    0.72
118    2    0.000    2    1   1    0.89
82    2    -0.014    2    1   0    3.60
132    2    -0.014    2    1   0    0.73
104    2    0.014    1    2   0    0.81
78    2    0.000    2    1   1    2.79
60    1    0.037    2    2   0    0.95
149    2    0.014    1    2   0    0.64
114    2    0.014    1    2   0    0.67
22    1    -0.014    1    1   0    1.68
19    1    0.014    2    2   0    0.71
74    1    0.014    1    1   1    3.15
43    1    0.000    2    2   0    2.91
141    2    -0.037    2    1   0    0.74
142    2    -0.014    2    1   0    0.69
32    1    -0.014    1    1   0    0.68
47    1    -0.014    1    1   0    0.69
70    1    0.037    2    2   0    1.32
45    1    0.037    2    2   0    0.69
129    2    0.014    1    2   0    2.11
24    1    0.014    2    2   0    0.83
44    1    0.014    1    1   1    1.19
119    2    0.014    1    2   0    0.68
126    2    -0.037    2    1   0    0.58
140    2    0.037    1    2   0    0.61
103    2    0.000    1    2   0    2.61
17    1    -0.014    1    1   0    0.81
37    1    -0.014    1    1   0    0.78
79    2    0.014    1    2   0    0.65
36    1    -0.037    1    1   0    0.73
139    2    0.014    1    2   0    3.23
97    2    -0.014    2    1   0    3.40
107    2    -0.014    2    1   0    0.82
25    1    0.037    2    2   0    0.51
90    2    0.037    1    2   0    0.58
64    1    0.014    2    2   0    0.50
8    1    0.000    1    1   1    0.75
110    2    0.037    1    2   0    0.62
147    2    -0.014    1    2   1    0.58
57    1    -0.014    1    1   0    0.66
30    1    0.037    2    2   0    1.95
18    1    0.000    1    1   1    0.68
117    2    -0.014    2    1   0    4.15
