--------------------------------
23-Jun-2014 13:28:17 
data from observer A02 
#occlusion2 expt 
reference disparity (degrees) 0.160000 

stim order disp kresp testresp correct time
1    2    0.074    1    2   1    1.77
2    2    -0.069    2    1   1    0.77
3    1    -0.065    1    1   1    0.50
4    1    0.060    2    2   1    0.79
5    2    -0.055    2    1   1    0.79
6    1    0.051    2    2   1    0.88
7    2    0.046    1    2   1    0.88
8    1    -0.042    1    1   1    0.85
9    1    0.037    2    2   1    0.48
10    2    0.032    1    2   1    0.51
11    1    -0.028    1    1   1    0.55
12    2    -0.023    2    1   1    0.90
13    1    -0.018    1    1   1    0.51
14    1    -0.014    1    1   1    0.49
15    1    0.009    2    2   1    0.65
16    2    0.005    1    2   1    3.00
17    1    -0.005    1    1   1    0.53
18    2    0.005    1    2   1    1.09
19    1    -0.005    2    2   0    1.34
20    1    0.014    2    2   1    0.71
21    2    0.014    1    2   1    1.23
22    1    -0.009    2    2   0    2.79
23    1    -0.018    1    1   1    2.07
24    2    -0.018    2    1   1    0.91
25    2    0.014    1    2   1    1.09
26    2    -0.014    2    1   1    0.85
27    2    -0.009    2    1   1    6.25
28    1    -0.009    1    1   1    2.86
29    1    0.005    2    2   1    0.65
30    2    -0.005    1    2   0    0.55
31    2    0.014    1    2   1    2.90
32    2    0.014    2    1   0    5.08
33    1    0.023    2    2   1    4.47
34    1    -0.023    1    1   1    31.23
35    2    -0.018    1    2   0    0.98
36    2    0.028    1    2   1    0.82
37    2    0.028    1    2   1    0.65
38    1    0.023    2    2   1    1.05
39    2    -0.023    1    2   0    1.24
40    1    0.032    2    2   1    0.98
41    2    -0.032    2    1   1    0.77
42    2    -0.028    2    1   1    0.83
43    2    -0.028    1    2   0    0.62
44    2    0.037    1    2   1    0.56
45    1    -0.037    1    1   1    0.49
46    1    0.032    2    2   1    0.96
47    1    0.032    2    2   1    0.84
48    2    -0.028    2    1   1    1.42
49    1    -0.028    1    1   1    0.65
50    2    0.023    1    2   1    0.80
-------------------------
Final staircase threshold estimate (mean) is 0.0305
-------------------------
42    1    -0.032    1    1   0    11.96
32    1    -0.032    1    1   0    1.01
49    1    0.032    2    2   0    1.19
52    1    -0.032    1    1   0    0.64
72    1    -0.032    1    1   0    1.27
29    1    0.032    2    2   0    11.51
96    2    -0.074    2    1   0    2.88
39    1    0.032    2    2   0    8.61
116    2    -0.074    2    1   0    0.74
10    1    0.074    2    2   0    0.53
94    2    0.032    1    2   0    1.00
51    1    -0.074    1    1   0    0.60
20    1    0.074    2    2   0    0.72
7    1    -0.032    1    1   0    0.55
66    1    -0.074    2    2   1    1.68
69    1    0.032    2    2   0    0.74
84    2    0.032    1    2   0    1.03
120    2    0.074    1    2   0    0.56
139    2    0.032    1    2   0    0.54
4    1    0.032    2    2   0    0.84
92    2    -0.032    2    1   0    0.64
6    1    -0.074    1    1   0    0.55
145    2    0.074    1    2   0    0.54
148    2    0.000    1    2   0    1.99
85    2    0.074    1    2   0    0.68
129    2    0.032    1    2   0    0.63
14    1    0.032    2    2   0    3.31
3    1    0.000    1    1   1    0.62
132    2    -0.032    2    1   0    0.74
142    2    -0.032    2    1   0    0.53
88    2    0.000    2    1   1    0.55
56    1    -0.074    1    1   0    0.77
124    2    0.032    1    2   0    0.53
73    1    0.000    1    1   1    0.66
138    2    0.000    2    1   1    0.69
141    2    -0.074    2    1   0    0.54
25    1    0.074    2    2   0    0.44
125    2    0.074    1    2   0    0.60
136    2    -0.074    2    1   0    0.53
90    2    0.074    1    2   0    0.70
101    2    -0.074    2    1   0    0.89
8    1    0.000    1    1   1    0.73
89    2    0.032    1    2   0    1.15
27    1    -0.032    1    1   0    0.60
38    1    0.000    1    1   1    0.61
18    1    0.000    2    2   0    0.60
135    2    0.074    1    2   0    0.54
47    1    -0.032    1    1   0    0.98
140    2    0.074    1    2   0    1.03
9    1    0.032    2    2   0    1.03
74    1    0.032    2    2   0    0.55
45    1    0.074    2    2   0    0.60
77    2    -0.032    2    1   0    0.51
123    2    0.000    2    1   1    3.15
131    2    -0.074    2    1   0    0.87
50    1    0.074    2    2   0    1.05
80    2    0.074    1    2   0    0.71
22    1    -0.032    1    1   0    3.25
114    2    0.032    1    2   0    0.72
99    2    0.032    1    2   0    0.96
48    1    0.000    1    1   1    2.02
91    2    -0.074    2    1   0    1.51
106    2    -0.074    2    1   0    0.59
37    1    -0.032    1    1   0    0.76
19    1    0.032    2    2   0    2.38
46    1    -0.074    1    1   0    0.74
137    2    -0.032    2    1   0    1.07
108    2    0.000    2    1   1    2.07
62    1    -0.032    1    1   0    5.75
59    1    0.032    2    2   0    1.27
130    2    0.074    2    1   1    1.08
112    2    -0.032    2    1   0    0.56
12    1    -0.032    1    1   0    0.72
53    1    0.000    2    2   0    0.69
119    2    0.032    1    2   0    1.04
110    2    0.074    2    1   1    0.74
68    1    0.000    2    2   0    0.61
147    2    -0.032    2    1   0    0.79
126    2    -0.074    2    1   0    0.74
103    2    0.000    1    2   0    1.86
26    1    -0.074    2    2   1    6.37
100    2    0.074    1    2   0    0.63
54    1    0.032    1    1   1    0.70
104    2    0.032    1    2   0    0.73
86    2    -0.074    2    1   0    1.97
109    2    0.032    1    2   0    4.45
75    2    0.074    1    2   0    0.57
81    2    -0.074    2    1   0    0.60
143    2    0.000    2    1   1    6.54
5    1    0.074    2    2   0    0.57
150    2    0.074    1    2   0    0.73
44    1    0.032    2    2   0    0.62
16    1    -0.074    1    1   0    0.63
64    1    0.032    2    2   0    0.60
23    1    0.000    1    1   1    0.85
43    1    0.000    2    2   0    1.23
11    1    -0.074    1    1   0    0.67
127    2    -0.032    2    1   0    0.66
35    1    0.074    2    2   0    0.52
149    2    0.032    2    1   1    0.49
78    2    0.000    2    1   1    0.61
58    1    0.000    2    2   0    0.54
111    2    -0.074    2    1   0    0.69
122    2    -0.032    2    1   0    0.42
57    1    -0.032    1    1   0    1.29
118    2    0.000    1    2   0    0.64
24    1    0.032    2    2   0    0.54
55    1    0.074    2    2   0    0.55
17    1    -0.032    2    2   1    0.43
93    2    0.000    2    1   1    0.44
133    2    0.000    2    1   1    0.47
102    2    -0.032    2    1   0    0.54
63    1    0.000    2    2   0    0.35
87    2    -0.032    2    1   0    0.40
31    1    -0.074    2    2   1    0.52
61    1    -0.074    1    1   0    7.41
97    2    -0.032    2    1   0    1.10
113    2    0.000    1    2   0    4.87
134    2    0.032    1    2   0    1.70
28    1    0.000    1    1   1    1.13
121    2    -0.074    2    1   0    1.41
71    1    -0.074    2    2   1    1.45
105    2    0.074    2    1   1    1.11
98    2    0.000    2    1   1    0.79
128    2    0.000    2    1   1    0.59
34    1    0.032    2    2   0    0.71
67    1    -0.032    2    2   1    0.90
41    1    -0.074    2    2   1    0.56
83    2    0.000    2    1   1    0.54
1    1    -0.074    2    2   1    0.48
107    2    -0.032    2    1   0    0.54
21    1    -0.074    1    1   0    1.05
36    1    -0.074    1    1   0    1.22
33    1    0.000    2    2   0    0.66
95    2    0.074    1    2   0    0.66
2    1    -0.032    1    1   0    0.57
60    1    0.074    2    2   0    0.77
82    2    -0.032    2    1   0    1.42
146    2    -0.074    2    1   0    0.46
115    2    0.074    1    2   0    0.60
15    1    0.074    2    2   0    0.50
76    2    -0.074    2    1   0    0.53
144    2    0.032    1    2   0    1.19
70    1    0.074    2    2   0    0.84
79    2    0.032    1    2   0    0.92
65    1    0.074    2    2   0    0.70
13    1    0.000    1    1   1    0.61
30    1    0.074    2    2   0    0.70
40    1    0.074    2    2   0    0.61
117    2    -0.032    2    1   0    1.69
