--------------------------------
23-Jun-2014 11:01:05 
data from observer A02 
#occlusion2 expt 
reference disparity (degrees) 0.160000 

stim order disp kresp testresp correct time
1    2    0.074    2    1   1    39.69
2    2    -0.069    1    2   1    0.59
3    2    0.065    2    1   1    0.50
4    2    0.060    2    1   1    0.62
5    2    0.055    2    1   1    0.94
6    2    -0.051    1    2   1    0.89
7    2    -0.046    1    2   1    0.54
8    2    0.042    2    1   1    0.46
9    1    0.037    1    1   1    1.05
10    2    -0.032    1    2   1    0.64
11    2    -0.028    1    2   1    0.60
12    1    -0.023    2    2   1    1.06
13    2    0.018    2    1   1    0.94
14    1    0.014    1    1   1    0.74
15    2    -0.009    1    2   1    1.60
16    1    0.005    2    2   0    0.75
17    1    0.014    1    1   1    0.84
18    2    0.014    2    1   1    0.50
19    2    -0.009    1    2   1    1.02
20    1    -0.009    2    2   1    0.69
21    1    -0.005    2    2   1    0.50
22    1    -0.005    2    2   1    0.60
23    1    -0.005    2    2   1    1.11
24    1    -0.005    2    2   1    1.18
25    1    -0.005    2    2   1    0.83
26    1    -0.005    2    2   1    1.55
27    2    0.005    2    1   1    0.61
28    2    -0.005    2    1   0    0.98
29    1    -0.014    2    2   1    0.75
30    1    0.014    1    1   1    1.20
31    1    0.009    1    1   1    0.60
32    2    0.009    2    1   1    0.60
33    2    0.005    2    1   1    0.84
34    2    -0.005    1    2   1    1.71
35    1    -0.005    2    2   1    0.56
36    1    0.005    2    2   0    1.40
37    1    -0.014    2    2   1    0.63
38    1    0.014    1    1   1    0.86
39    2    -0.009    1    2   1    1.28
40    2    -0.009    1    2   1    0.62
41    2    0.005    1    2   0    0.79
42    1    -0.014    2    2   1    0.55
43    1    0.014    2    2   0    0.99
44    2    0.023    2    1   1    0.56
45    2    0.023    2    1   1    0.54
46    2    0.018    2    1   1    0.52
47    1    0.018    1    1   1    0.74
48    2    0.014    2    1   1    0.80
49    1    0.014    1    1   1    0.54
50    1    -0.009    2    2   1    0.85
-------------------------
Final staircase threshold estimate (mean) is 0.0152
-------------------------
1    1    -0.037    2    2   1    1.79
150    2    0.037    2    1   1    0.70
81    2    -0.037    1    2   1    0.99
117    2    -0.014    1    2   1    0.80
141    2    -0.037    1    2   1    0.73
82    2    -0.014    1    2   1    0.60
36    1    -0.037    2    2   1    0.62
62    1    -0.014    2    2   1    0.59
7    1    -0.014    2    2   1    1.19
111    2    -0.037    1    2   1    0.50
94    2    0.014    2    1   1    0.57
58    1    0.000    2    2   0    0.95
33    1    0.000    1    1   1    0.55
22    1    -0.014    2    2   1    0.59
47    1    -0.014    2    2   1    1.09
46    1    -0.037    2    2   1    0.62
140    2    0.037    2    1   1    0.50
73    1    0.000    2    2   0    0.81
77    2    -0.014    1    2   1    1.81
76    2    -0.037    1    2   1    0.89
21    1    -0.037    2    2   1    0.58
121    2    -0.037    1    2   1    1.15
101    2    -0.037    1    2   1    0.54
66    1    -0.037    2    2   1    0.52
114    2    0.014    2    1   1    0.51
103    2    0.000    2    1   1    3.17
71    1    -0.037    2    2   1    0.52
10    1    0.037    1    1   1    0.66
28    1    0.000    1    1   1    0.63
131    2    -0.037    1    2   1    0.56
4    1    0.014    1    1   1    0.67
17    1    -0.014    2    2   1    0.53
23    1    0.000    2    2   0    0.54
57    1    -0.014    2    2   1    4.54
98    2    0.000    1    2   0    2.32
48    1    0.000    1    1   1    2.17
15    1    0.037    1    1   1    0.54
64    1    0.014    1    1   1    0.84
53    1    0.000    1    1   1    0.97
142    2    -0.014    1    2   1    0.60
97    2    -0.014    1    2   1    1.08
52    1    -0.014    2    2   1    1.05
43    1    0.000    1    1   1    3.13
72    1    -0.014    2    2   1    0.55
34    1    0.014    1    1   1    1.60
91    2    -0.037    1    2   1    0.51
110    2    0.037    2    1   1    0.94
87    2    -0.014    1    2   1    0.87
85    2    0.037    2    1   1    0.51
68    1    0.000    1    1   1    0.86
132    2    -0.014    1    2   1    0.51
128    2    0.000    1    2   0    0.85
31    1    -0.037    2    2   1    0.59
96    2    -0.037    1    2   1    0.52
106    2    -0.037    1    2   1    0.51
147    2    -0.014    1    2   1    0.45
115    2    0.037    2    1   1    0.47
67    1    -0.014    2    2   1    0.56
5    1    0.037    1    1   1    0.46
84    2    0.014    2    1   1    0.44
44    1    0.014    1    1   1    0.60
78    2    0.000    2    1   1    0.63
130    2    0.037    2    1   1    0.51
8    1    0.000    1    1   1    3.34
122    2    -0.014    1    2   1    0.69
108    2    0.000    1    2   0    2.33
14    1    0.014    1    1   1    0.60
35    1    0.037    1    1   1    0.85
123    2    0.000    1    2   0    1.23
49    1    0.014    1    1   1    0.50
39    1    0.014    1    1   1    0.65
144    2    0.014    2    1   1    0.82
88    2    0.000    1    2   0    0.68
138    2    0.000    1    2   0    1.05
146    2    -0.037    1    2   1    0.63
148    2    0.000    1    2   0    0.62
80    2    0.037    2    1   1    0.52
38    1    0.000    1    1   1    0.61
134    2    0.014    2    1   1    1.56
120    2    0.037    2    1   1    0.53
6    1    -0.037    2    2   1    0.57
75    2    0.037    2    1   1    0.51
2    1    -0.014    2    2   1    0.69
29    1    0.014    1    1   1    0.61
143    2    0.000    2    1   1    1.57
63    1    0.000    1    1   1    0.53
60    1    0.037    1    1   1    0.56
95    2    0.037    2    1   1    0.46
112    2    -0.014    1    2   1    0.53
20    1    0.037    1    1   1    0.45
19    1    0.014    1    1   1    1.88
56    1    -0.037    2    2   1    0.67
9    1    0.014    1    1   1    0.56
92    2    -0.014    1    2   1    0.62
74    1    0.014    1    1   1    0.80
70    1    0.037    1    1   1    0.58
127    2    -0.014    1    2   1    1.78
26    1    -0.037    2    2   1    0.69
133    2    0.000    1    2   0    0.82
51    1    -0.037    2    2   1    0.58
89    2    0.014    2    1   1    0.53
149    2    0.014    2    1   1    0.68
27    1    -0.014    2    2   1    0.61
37    1    -0.014    2    2   1    0.53
107    2    -0.014    1    2   1    0.54
16    1    -0.037    2    2   1    0.51
116    2    -0.037    1    2   1    0.53
45    1    0.037    1    1   1    0.66
135    2    0.037    2    1   1    0.47
99    2    0.014    2    1   1    0.91
119    2    0.014    2    1   1    0.50
102    2    -0.014    1    2   1    0.72
42    1    -0.014    2    2   1    0.62
86    2    -0.037    1    2   1    0.60
3    1    0.000    1    1   1    3.80
105    2    0.037    2    1   1    0.55
83    2    0.000    2    1   1    0.58
109    2    0.014    2    1   1    0.64
30    1    0.037    1    1   1    0.58
69    1    0.014    1    1   1    0.75
65    1    0.037    1    1   1    0.53
40    1    0.037    1    1   1    0.59
11    1    -0.037    2    2   1    1.10
59    1    0.014    1    1   1    0.52
13    1    0.000    1    1   1    0.61
54    1    0.014    1    1   1    0.71
125    2    0.037    2    1   1    0.55
24    1    0.014    1    1   1    0.67
41    1    -0.037    2    2   1    4.34
90    2    0.037    2    1   1    0.55
145    2    0.037    2    1   1    0.65
79    2    0.014    2    1   1    2.43
113    2    0.000    2    1   1    0.61
25    1    0.037    2    2   0    1.79
55    1    0.037    1    1   1    0.59
129    2    0.014    2    1   1    0.78
118    2    0.000    1    2   0    6.84
61    1    -0.037    2    2   1    1.94
18    1    0.000    1    1   1    7.27
126    2    -0.037    1    2   1    0.62
137    2    -0.014    1    2   1    0.62
139    2    0.014    2    1   1    0.77
12    1    -0.014    1    1   0    0.66
50    1    0.037    1    1   1    0.67
93    2    0.000    2    1   1    1.19
32    1    -0.014    1    1   0    0.81
104    2    0.014    1    2   0    0.76
124    2    0.014    2    1   1    1.63
100    2    0.037    2    1   1    0.61
136    2    -0.037    2    1   0    0.41
