--------------------------------
23-Jun-2014 11:26:19 
data from observer A02 
#occlusion2 expt 
reference disparity (degrees) 0.160000 

stim order disp kresp testresp correct time
1    2    0.074    2    1   1    1.29
2    2    0.069    2    1   1    0.59
3    2    -0.065    2    1   0    0.54
4    2    0.074    2    1   1    0.79
5    2    0.074    2    1   1    0.56
6    2    0.069    2    1   1    0.76
7    2    -0.069    2    1   0    0.67
8    2    0.079    2    1   1    0.46
9    1    -0.079    2    2   1    0.50
10    2    0.074    2    1   1    0.49
11    1    0.074    1    1   1    1.10
12    2    0.069    2    1   1    0.55
13    1    -0.069    2    2   1    0.56
14    1    -0.065    2    2   1    0.44
15    1    0.065    2    2   0    0.46
16    1    0.074    1    1   1    2.47
17    1    -0.074    1    1   0    1.07
18    1    0.083    1    1   1    0.69
19    2    -0.083    1    2   1    0.61
20    2    0.079    2    1   1    0.52
21    1    0.079    1    1   1    0.58
22    1    -0.074    2    2   1    0.66
23    1    -0.074    2    2   1    2.22
24    1    0.069    1    1   1    3.50
25    1    -0.069    2    2   1    0.79
26    1    0.065    1    1   1    0.62
27    1    0.065    1    1   1    0.59
28    2    -0.060    1    2   1    0.51
29    1    0.060    1    1   1    0.56
30    1    0.055    1    1   1    0.49
31    2    -0.055    1    2   1    0.43
32    1    -0.051    2    2   1    3.11
33    2    -0.051    1    2   1    0.57
34    1    0.046    1    1   1    0.54
35    2    -0.046    1    2   1    0.38
36    2    -0.042    1    2   1    0.40
37    2    0.042    1    2   0    0.34
38    2    0.051    2    1   1    0.50
39    1    0.051    1    1   1    2.46
40    1    -0.046    2    2   1    3.86
41    1    0.046    1    1   1    0.57
42    1    0.042    1    1   1    0.48
43    2    0.042    2    1   1    0.52
44    1    -0.037    1    1   0    0.75
45    1    -0.046    1    1   0    0.70
46    1    -0.055    2    2   1    2.13
47    1    -0.055    2    2   1    0.51
48    2    0.051    2    1   1    0.67
49    1    0.051    1    1   1    0.64
50    1    -0.046    2    2   1    0.53
-------------------------
Final staircase threshold estimate (mean) is 0.0471
-------------------------
14    1    0.046    1    1   1    6.57
33    1    0.000    1    1   1    1.58
75    2    0.115    2    1   1    0.75
62    1    -0.046    2    2   1    1.08
10    1    0.115    1    1   1    0.68
146    2    -0.115    1    2   1    0.55
48    1    0.000    1    1   1    0.60
41    1    -0.115    2    2   1    0.54
136    2    -0.115    1    2   1    0.63
24    1    0.046    1    1   1    0.58
79    2    0.046    2    1   1    1.96
144    2    0.046    2    1   1    0.56
131    2    -0.115    1    2   1    0.86
99    2    0.046    2    1   1    0.74
125    2    0.115    2    1   1    0.48
63    1    0.000    1    1   1    1.11
114    2    0.046    2    1   1    0.49
67    1    -0.046    2    2   1    0.53
27    1    -0.046    2    2   1    0.82
70    1    0.115    2    2   0    0.44
77    2    -0.046    1    2   1    0.51
17    1    -0.046    2    2   1    0.77
139    2    0.046    2    1   1    0.49
120    2    0.115    1    2   0    0.88
56    1    -0.115    2    2   1    0.69
22    1    -0.046    2    2   1    0.61
31    1    -0.115    2    2   1    0.71
143    2    0.000    1    2   0    4.96
106    2    -0.115    1    2   1    0.51
94    2    0.046    2    1   1    5.79
6    1    -0.115    2    2   1    0.47
116    2    -0.115    1    2   1    0.70
142    2    -0.046    1    2   1    0.59
52    1    -0.046    2    2   1    3.13
124    2    0.046    2    1   1    0.62
132    2    -0.046    1    2   1    0.55
37    1    -0.046    2    2   1    0.83
34    1    0.046    1    1   1    0.55
5    1    0.115    1    1   1    0.53
53    1    0.000    1    1   1    0.69
150    2    0.115    2    1   1    0.66
123    2    0.000    1    2   0    4.22
8    1    0.000    1    1   1    0.91
49    1    0.046    1    1   1    0.58
35    1    0.115    1    1   1    0.60
111    2    -0.115    1    2   1    0.64
147    2    -0.046    1    2   1    0.72
29    1    0.046    1    1   1    0.50
45    1    0.115    1    1   1    0.51
82    2    -0.046    1    2   1    0.61
9    1    0.046    1    1   1    0.44
110    2    0.115    1    2   0    0.77
87    2    -0.046    1    2   1    0.48
86    2    -0.115    1    2   1    0.50
76    2    -0.115    1    2   1    0.52
122    2    -0.046    1    2   1    0.51
101    2    -0.115    1    2   1    0.45
119    2    0.046    1    2   0    0.78
88    2    0.000    1    2   0    7.98
38    1    0.000    1    1   1    0.82
16    1    -0.115    2    2   1    9.78
4    1    0.046    1    1   1    0.86
104    2    0.046    2    1   1    1.09
68    1    0.000    1    1   1    4.00
25    1    0.115    1    1   1    0.97
130    2    0.115    2    1   1    0.99
42    1    -0.046    2    2   1    0.56
61    1    -0.115    2    2   1    0.54
58    1    0.000    2    2   0    5.45
127    2    -0.046    1    2   1    1.40
134    2    0.046    2    1   1    0.53
40    1    0.115    1    1   1    0.62
19    1    0.046    1    1   1    0.48
23    1    0.000    1    1   1    0.53
32    1    -0.046    2    2   1    0.93
137    2    -0.046    1    2   1    0.67
65    1    0.115    1    1   1    0.49
59    1    0.046    1    1   1    0.66
43    1    0.000    1    1   1    1.01
81    2    -0.115    1    2   1    0.58
51    1    -0.115    2    2   1    0.83
129    2    0.046    2    1   1    0.60
36    1    -0.115    2    2   1    0.49
83    2    0.000    1    2   0    0.59
20    1    0.115    1    1   1    0.55
107    2    -0.046    1    2   1    0.49
138    2    0.000    1    2   0    0.75
18    1    0.000    2    2   0    1.71
140    2    0.115    2    1   1    0.61
133    2    0.000    2    1   1    1.15
7    1    -0.046    2    2   1    2.83
69    1    0.046    1    1   1    0.64
126    2    -0.115    1    2   1    0.59
47    1    -0.046    2    2   1    3.45
11    1    -0.115    2    2   1    0.46
50    1    0.115    1    1   1    0.97
64    1    0.046    1    1   1    0.57
30    1    0.115    1    1   1    0.66
113    2    0.000    1    2   0    4.59
55    1    0.115    1    1   1    0.88
108    2    0.000    1    2   0    2.98
115    2    0.115    2    1   1    1.17
78    2    0.000    1    2   0    1.08
74    1    0.046    1    1   1    0.63
72    1    -0.046    2    2   1    0.60
15    1    0.115    1    1   1    0.51
2    1    -0.046    2    2   1    4.35
102    2    -0.046    1    2   1    0.48
100    2    0.115    2    1   1    0.57
145    2    0.115    2    1   1    0.53
89    2    0.046    2    1   1    0.73
28    1    0.000    1    1   1    1.32
80    2    0.115    2    1   1    0.56
84    2    0.046    2    1   1    0.59
60    1    0.115    1    1   1    1.91
109    2    0.046    2    1   1    0.94
57    1    -0.046    2    2   1    0.62
26    1    -0.115    2    2   1    0.50
39    1    0.046    1    1   1    0.62
128    2    0.000    1    2   0    1.49
91    2    -0.115    1    2   1    0.73
149    2    0.046    2    1   1    0.59
121    2    -0.115    1    2   1    0.60
105    2    0.115    2    1   1    0.49
97    2    -0.046    1    2   1    0.50
117    2    -0.046    1    2   1    0.57
54    1    0.046    1    1   1    0.57
85    2    0.115    2    1   1    0.48
46    1    -0.115    2    2   1    0.48
44    1    0.046    1    1   1    0.41
13    1    0.000    2    2   0    0.60
95    2    0.115    2    1   1    0.57
141    2    -0.115    1    2   1    0.42
90    2    0.115    2    1   1    0.45
118    2    0.000    1    2   0    3.71
93    2    0.000    1    2   0    6.18
3    1    0.000    1    1   1    0.79
98    2    0.000    1    2   0    0.56
92    2    -0.046    1    2   1    0.51
103    2    0.000    1    2   0    0.52
21    1    -0.115    2    2   1    0.59
135    2    0.115    2    1   1    0.49
71    1    -0.115    1    1   0    0.76
73    1    0.000    1    1   1    0.53
112    2    -0.046    1    2   1    0.64
66    1    -0.115    2    2   1    4.32
1    1    -0.115    2    2   1    0.47
96    2    -0.115    1    2   1    0.50
12    1    -0.046    2    2   1    0.49
148    2    0.000    1    2   0    0.55
