--------------------------------
23-Jun-2014 11:17:58 
data from observer A02 
#occlusion2 expt 
reference disparity (degrees) 0.160000 

stim order disp kresp testresp correct time
1    2    -0.074    1    2   1    2.92
2    2    0.069    2    1   1    0.77
3    2    0.065    2    1   1    0.95
4    1    -0.060    2    2   1    0.51
5    2    0.055    2    1   1    0.55
6    2    0.051    2    1   1    0.56
7    2    -0.046    1    2   1    0.52
8    2    -0.042    1    2   1    0.61
9    2    -0.037    1    2   1    0.52
10    2    -0.032    1    2   1    0.61
11    2    0.028    2    1   1    0.98
12    1    0.023    1    1   1    0.77
13    1    0.018    1    1   1    1.97
14    2    -0.014    1    2   1    0.59
15    1    -0.009    2    2   1    1.07
16    2    -0.005    1    2   1    0.54
17    1    -0.005    1    1   0    3.86
18    1    0.014    1    1   1    1.80
19    2    0.014    2    1   1    0.61
20    2    -0.009    2    1   0    0.77
21    2    0.018    2    1   1    0.78
22    1    0.018    1    1   1    0.68
23    2    -0.014    1    2   1    0.56
24    1    0.014    1    1   1    0.63
25    2    -0.009    2    1   0    0.90
26    1    -0.018    2    2   1    0.79
27    1    0.018    2    2   0    0.64
28    2    0.028    2    1   1    0.52
29    1    -0.028    2    2   1    0.46
30    2    0.023    2    1   1    0.45
31    1    -0.023    2    2   1    0.51
32    2    -0.018    1    2   1    3.07
33    1    -0.018    2    2   1    0.55
34    1    -0.014    2    2   1    0.72
35    2    -0.014    2    1   0    3.50
36    1    0.023    1    1   1    0.97
37    1    0.023    1    1   1    0.97
38    2    -0.018    2    1   0    2.11
39    2    -0.028    1    2   1    0.70
40    1    -0.028    2    2   1    0.97
41    1    -0.023    2    2   1    0.87
42    2    0.023    2    1   1    0.55
43    1    0.018    1    1   1    0.70
44    1    0.018    1    1   1    0.62
45    1    -0.014    2    2   1    0.63
46    2    -0.014    1    2   1    0.63
47    1    -0.009    2    2   1    0.64
48    1    -0.009    2    2   1    0.65
49    2    0.005    1    2   0    3.54
50    2    -0.014    1    2   1    0.67
-------------------------
Final staircase threshold estimate (mean) is 0.0148
-------------------------
49    1    0.014    1    1   1    73.21
142    2    -0.014    1    2   1    0.76
94    2    0.014    2    1   1    0.63
100    2    0.037    2    1   1    0.59
24    1    0.014    1    1   1    1.61
18    1    0.000    2    2   0    1.81
67    1    -0.014    2    2   1    0.60
62    1    -0.014    2    2   1    0.51
64    1    0.014    1    1   1    3.41
32    1    -0.014    2    2   1    0.67
146    2    -0.037    1    2   1    3.16
68    1    0.000    2    2   0    0.98
126    2    -0.037    1    2   1    0.79
127    2    -0.014    1    2   1    0.66
138    2    0.000    2    1   1    0.63
111    2    -0.037    1    2   1    0.69
33    1    0.000    2    2   0    3.78
148    2    0.000    2    1   1    0.63
93    2    0.000    2    1   1    0.57
37    1    -0.014    2    2   1    0.56
80    2    0.037    2    1   1    0.54
43    1    0.000    2    2   0    1.04
3    1    0.000    1    1   1    3.52
50    1    0.037    1    1   1    0.69
74    1    0.014    2    2   0    0.65
135    2    0.037    2    1   1    0.66
73    1    0.000    2    2   0    0.67
95    2    0.037    2    1   1    0.56
122    2    -0.014    1    2   1    1.17
128    2    0.000    2    1   1    0.56
92    2    -0.014    2    1   0    0.78
45    1    0.037    1    1   1    0.58
16    1    -0.037    2    2   1    0.49
112    2    -0.014    1    2   1    0.59
104    2    0.014    2    1   1    0.52
145    2    0.037    2    1   1    0.44
87    2    -0.014    1    2   1    0.62
1    1    -0.037    2    2   1    0.48
147    2    -0.014    1    2   1    0.50
51    1    -0.037    2    2   1    0.46
55    1    0.037    1    1   1    0.47
42    1    -0.014    2    2   1    0.47
124    2    0.014    2    1   1    0.40
9    1    0.014    1    1   1    0.52
99    2    0.014    2    1   1    0.47
139    2    0.014    2    1   1    4.46
54    1    0.014    1    1   1    0.59
123    2    0.000    2    1   1    0.92
76    2    -0.037    1    2   1    0.85
10    1    0.037    1    1   1    0.53
19    1    0.014    2    2   0    0.55
28    1    0.000    1    1   1    0.58
21    1    -0.037    2    2   1    0.47
75    2    0.037    2    1   1    0.48
72    1    -0.014    1    1   0    0.48
38    1    0.000    2    2   0    0.54
71    1    -0.037    2    2   1    0.56
40    1    0.037    1    1   1    0.53
8    1    0.000    1    1   1    0.77
5    1    0.037    1    1   1    0.49
98    2    0.000    2    1   1    0.98
114    2    0.014    2    1   1    3.40
150    2    0.037    2    1   1    0.46
48    1    0.000    1    1   1    0.54
65    1    0.037    1    1   1    0.52
56    1    -0.037    2    2   1    0.57
13    1    0.000    1    1   1    6.80
103    2    0.000    1    2   0    4.56
23    1    0.000    2    2   0    3.82
14    1    0.014    1    1   1    1.15
12    1    -0.014    2    2   1    0.61
79    2    0.014    2    1   1    0.78
115    2    0.037    2    1   1    0.59
108    2    0.000    2    1   1    1.37
66    1    -0.037    2    2   1    0.68
149    2    0.014    2    1   1    0.54
78    2    0.000    2    1   1    0.57
29    1    0.014    1    1   1    1.09
121    2    -0.037    1    2   1    0.83
90    2    0.037    2    1   1    0.48
59    1    0.014    1    1   1    0.68
97    2    -0.014    1    2   1    0.48
137    2    -0.014    1    2   1    0.47
70    1    0.037    1    1   1    0.44
96    2    -0.037    1    2   1    0.44
125    2    0.037    2    1   1    0.49
119    2    0.014    2    1   1    0.47
63    1    0.000    1    1   1    0.56
25    1    0.037    1    1   1    0.87
53    1    0.000    1    1   1    3.32
26    1    -0.037    2    2   1    1.03
22    1    -0.014    2    2   1    0.55
88    2    0.000    1    2   0    1.01
60    1    0.037    1    1   1    0.60
102    2    -0.014    1    2   1    0.53
4    1    0.014    1    1   1    0.55
143    2    0.000    1    2   0    0.56
27    1    -0.014    2    2   1    0.53
34    1    0.014    1    1   1    0.52
2    1    -0.014    2    2   1    0.67
7    1    -0.014    2    2   1    3.46
84    2    0.014    2    1   1    0.48
44    1    0.014    1    1   1    0.69
82    2    -0.014    1    2   1    0.63
39    1    0.014    1    1   1    0.90
30    1    0.037    1    1   1    0.49
131    2    -0.037    1    2   1    0.41
61    1    -0.037    2    2   1    0.50
89    2    0.014    2    1   1    0.49
47    1    -0.014    2    2   1    0.54
35    1    0.037    1    1   1    0.53
118    2    0.000    1    2   0    6.43
6    1    -0.037    2    2   1    0.57
20    1    0.037    1    1   1    0.49
77    2    -0.014    1    2   1    6.14
144    2    0.014    2    1   1    0.62
105    2    0.037    2    1   1    0.67
130    2    0.037    2    1   1    0.48
101    2    -0.037    1    2   1    0.48
113    2    0.000    1    2   0    0.45
106    2    -0.037    1    2   1    0.70
141    2    -0.037    1    2   1    0.55
83    2    0.000    1    2   0    6.13
110    2    0.037    2    1   1    0.54
91    2    -0.037    1    2   1    0.53
107    2    -0.014    1    2   1    0.48
41    1    -0.037    2    2   1    0.50
46    1    -0.037    2    2   1    0.46
52    1    -0.014    2    2   1    0.58
17    1    -0.014    2    2   1    0.71
81    2    -0.037    1    2   1    0.62
31    1    -0.037    2    2   1    0.49
140    2    0.037    2    1   1    0.64
57    1    -0.014    2    2   1    0.52
120    2    0.037    2    1   1    0.51
11    1    -0.037    2    2   1    0.46
69    1    0.014    1    1   1    0.72
58    1    0.000    2    2   0    0.66
15    1    0.037    1    1   1    1.10
129    2    0.014    2    1   1    0.65
116    2    -0.037    1    2   1    3.28
136    2    -0.037    1    2   1    0.76
117    2    -0.014    1    2   1    0.52
132    2    -0.014    1    2   1    0.70
109    2    0.014    2    1   1    0.68
86    2    -0.037    1    2   1    0.46
85    2    0.037    2    1   1    0.66
134    2    0.014    2    1   1    0.64
36    1    -0.037    2    2   1    0.60
133    2    0.000    1    2   0    3.50
