--------------------------------
27-Jun-2014 10:00:50 
data from observer A03 
#occlusion2 expt 
reference disparity (degrees) 0.160000 

stim order disp kresp testresp correct time
1    2    -0.074    2    1   1    5.92
2    1    0.069    2    2   1    0.56
3    2    -0.065    2    1   1    0.66
4    1    -0.060    1    1   1    0.61
5    1    0.055    2    2   1    0.69
6    1    -0.051    1    1   1    0.45
7    1    -0.046    1    1   1    0.61
8    1    0.042    2    2   1    0.72
9    2    0.037    1    2   1    0.70
10    1    0.032    2    2   1    0.56
11    1    0.028    2    2   1    3.04
12    1    -0.023    1    1   1    0.59
13    2    -0.018    2    1   1    0.74
14    1    0.014    2    2   1    0.75
15    2    -0.009    2    1   1    0.57
16    1    -0.005    2    2   0    0.75
17    2    0.014    1    2   1    0.92
18    2    0.014    1    2   1    0.79
19    1    -0.009    2    2   0    2.35
20    2    -0.018    2    1   1    0.72
21    2    -0.018    2    1   1    0.63
22    2    0.014    2    1   0    0.51
23    1    0.023    2    2   1    0.62
24    2    -0.023    2    1   1    0.60
25    2    0.018    1    2   1    1.01
26    1    0.018    2    2   1    0.47
27    2    0.014    1    2   1    0.54
28    2    -0.014    2    1   1    0.55
29    2    0.009    2    1   0    1.41
30    1    0.018    2    2   1    0.58
31    1    0.018    2    2   1    0.76
32    2    -0.014    2    1   1    0.51
33    1    0.014    2    2   1    0.65
34    1    -0.009    1    1   1    0.58
35    2    -0.009    2    1   1    1.29
36    1    0.005    2    2   1    2.07
37    1    0.005    2    2   1    0.70
38    1    -0.005    2    2   0    2.16
39    1    0.014    2    2   1    1.16
40    1    0.014    2    2   1    0.72
41    2    0.009    1    2   1    2.95
42    1    -0.009    2    2   0    2.60
43    2    0.018    2    1   0    0.57
44    2    0.028    1    2   1    0.93
45    1    0.028    2    2   1    0.70
46    2    -0.023    2    1   1    0.67
47    2    0.023    1    2   1    0.91
48    2    -0.018    2    1   1    0.61
49    1    -0.018    1    1   1    0.68
50    2    0.014    1    2   1    2.77
-------------------------
Final staircase threshold estimate (mean) is 0.0189
-------------------------
111    2    -0.046    2    1   0    1.84
73    1    0.000    2    2   0    1.91
102    2    -0.018    2    1   0    0.73
2    1    -0.018    1    1   0    0.60
23    1    0.000    2    2   0    1.36
137    2    -0.018    2    1   0    0.77
128    2    0.000    2    1   1    0.84
82    2    -0.018    2    1   0    0.51
35    1    0.046    2    2   0    0.54
135    2    0.046    1    2   0    0.57
143    2    0.000    2    1   1    1.07
112    2    -0.018    2    1   0    0.55
125    2    0.046    1    2   0    0.47
22    1    -0.018    1    1   0    0.92
18    1    0.000    2    2   0    3.67
33    1    0.000    2    2   0    1.07
16    1    -0.046    1    1   0    1.83
123    2    0.000    2    1   1    1.00
117    2    -0.018    2    1   0    0.70
50    1    0.046    2    2   0    0.64
42    1    -0.018    1    1   0    0.92
90    2    0.046    1    2   0    0.58
92    2    -0.018    2    1   0    0.54
121    2    -0.046    2    1   0    0.60
12    1    -0.018    1    1   0    0.76
27    1    -0.018    1    1   0    0.97
17    1    -0.018    1    1   0    0.91
104    2    0.018    1    2   0    0.80
20    1    0.046    2    2   0    0.50
138    2    0.000    1    2   0    1.80
29    1    0.018    2    2   0    0.65
6    1    -0.046    1    1   0    0.70
77    2    -0.018    2    1   0    0.52
115    2    0.046    1    2   0    0.44
11    1    -0.046    1    1   0    0.59
85    2    0.046    1    2   0    0.68
119    2    0.018    1    2   0    0.83
118    2    0.000    2    1   1    2.42
7    1    -0.018    1    1   0    0.55
76    2    -0.046    2    1   0    0.52
88    2    0.000    2    1   1    3.26
146    2    -0.046    2    1   0    0.53
136    2    -0.046    2    1   0    0.58
26    1    -0.046    1    1   0    0.65
57    1    -0.018    1    1   0    0.69
69    1    0.018    2    2   0    0.47
61    1    -0.046    1    1   0    0.45
120    2    0.046    1    2   0    0.50
28    1    0.000    2    2   0    0.73
129    2    0.018    1    2   0    0.46
48    1    0.000    2    2   0    0.87
122    2    -0.018    2    1   0    0.77
83    2    0.000    2    1   1    0.95
99    2    0.018    1    2   0    0.59
74    1    0.018    2    2   0    0.47
63    1    0.000    1    1   1    1.67
108    2    0.000    2    1   1    0.62
94    2    0.018    1    2   0    0.54
3    1    0.000    2    2   0    0.49
43    1    0.000    1    1   1    1.57
34    1    0.018    2    2   0    0.70
54    1    0.018    2    2   0    0.86
127    2    -0.018    2    1   0    0.72
116    2    -0.046    2    1   0    0.47
65    1    0.046    2    2   0    0.83
37    1    -0.018    1    1   0    0.55
100    2    0.046    2    1   1    0.75
84    2    0.018    1    2   0    0.73
9    1    0.018    2    2   0    0.61
40    1    0.046    2    2   0    0.88
97    2    -0.018    2    1   0    1.32
19    1    0.018    2    2   0    0.59
66    1    -0.046    1    1   0    0.77
36    1    -0.046    1    1   0    0.86
96    2    -0.046    2    1   0    0.46
30    1    0.046    2    2   0    0.71
147    2    -0.018    2    1   0    0.74
132    2    -0.018    2    1   0    0.89
60    1    0.046    2    2   0    0.53
58    1    0.000    2    2   0    0.68
24    1    0.018    2    2   0    0.66
142    2    -0.018    2    1   0    0.68
106    2    -0.046    2    1   0    0.59
93    2    0.000    2    1   1    3.20
80    2    0.046    1    2   0    0.50
47    1    -0.018    1    1   0    0.87
62    1    -0.018    1    1   0    0.80
109    2    0.018    1    2   0    0.82
10    1    0.046    2    2   0    0.54
79    2    0.018    1    2   0    0.54
32    1    -0.018    1    1   0    1.20
52    1    -0.018    1    1   0    0.73
114    2    0.018    2    1   1    0.53
81    2    -0.046    2    1   0    0.63
75    2    0.046    1    2   0    0.71
105    2    0.046    1    2   0    0.93
8    1    0.000    2    2   0    0.53
107    2    -0.018    2    1   0    0.82
133    2    0.000    2    1   1    1.58
67    1    -0.018    1    1   0    0.62
4    1    0.018    2    2   0    0.47
78    2    0.000    2    1   1    1.18
46    1    -0.046    1    1   0    0.56
86    2    -0.046    2    1   0    0.50
149    2    0.018    1    2   0    1.28
139    2    0.018    1    2   0    0.88
140    2    0.046    1    2   0    0.67
5    1    0.046    2    2   0    0.42
51    1    -0.046    1    1   0    0.46
89    2    0.018    1    2   0    1.36
130    2    0.046    1    2   0    0.65
71    1    -0.046    1    1   0    0.75
55    1    0.046    2    2   0    0.50
64    1    0.018    2    2   0    0.73
14    1    0.018    2    2   0    0.80
1    1    -0.046    1    1   0    0.50
25    1    0.046    2    2   0    0.58
131    2    -0.046    2    1   0    0.64
145    2    0.046    1    2   0    0.69
95    2    0.046    1    2   0    0.54
110    2    0.046    1    2   0    0.56
39    1    0.018    2    2   0    0.66
13    1    0.000    2    2   0    3.15
53    1    0.000    2    2   0    3.60
56    1    -0.046    1    1   0    0.62
91    2    -0.046    2    1   0    0.58
70    1    0.046    2    2   0    0.80
150    2    0.046    1    2   0    0.77
87    2    -0.018    2    1   0    0.45
98    2    0.000    2    1   1    0.76
141    2    -0.046    2    1   0    0.61
124    2    0.018    1    2   0    0.59
134    2    0.018    1    2   0    0.67
41    1    -0.046    1    1   0    0.73
21    1    -0.046    1    1   0    0.73
31    1    -0.046    1    1   0    0.66
45    1    0.046    2    2   0    0.65
144    2    0.018    1    2   0    0.69
44    1    0.018    2    2   0    0.52
126    2    -0.046    2    1   0    0.53
15    1    0.046    2    2   0    0.73
49    1    0.018    2    2   0    0.75
72    1    -0.018    1    1   0    0.88
101    2    -0.046    2    1   0    0.49
68    1    0.000    2    2   0    2.95
103    2    0.000    1    2   0    0.45
113    2    0.000    2    1   1    3.21
59    1    0.018    2    2   0    0.70
148    2    0.000    2    1   1    4.77
38    1    0.000    2    2   0    3.67
