--------------------------------
25-Jun-2014 14:31:41 
data from observer A03 
#occlusion2 expt 
reference disparity (degrees) 0.160000 

stim order disp kresp testresp correct time
1    2    0.074    2    1   1    0.78
2    2    0.069    2    1   1    0.57
3    1    -0.065    2    2   1    0.62
4    2    -0.060    1    2   1    0.73
5    2    0.055    2    1   1    0.44
6    1    0.051    1    1   1    0.61
7    2    -0.046    1    2   1    0.52
8    1    0.042    1    1   1    0.63
9    2    -0.037    1    2   1    1.02
10    1    -0.032    2    2   1    0.41
11    2    0.028    2    1   1    0.50
12    1    -0.023    2    2   1    0.48
13    1    0.018    1    1   1    0.61
14    1    0.014    2    2   0    0.41
15    2    -0.023    1    2   1    0.62
16    2    0.023    2    1   1    0.45
17    1    -0.018    2    2   1    0.46
18    2    0.018    2    1   1    0.50
19    1    0.014    1    1   1    0.82
20    2    0.014    2    1   1    0.52
21    2    0.009    2    1   1    0.44
22    2    0.009    2    1   1    0.59
23    1    -0.005    2    2   1    0.53
24    1    0.005    1    1   1    1.25
25    2    -0.005    2    1   0    0.47
26    2    0.014    2    1   1    0.86
27    1    -0.014    2    2   1    0.56
28    1    0.009    1    1   1    1.28
29    1    -0.009    2    2   1    0.52
30    2    -0.005    1    2   1    1.19
31    1    -0.005    2    2   1    0.49
32    2    0.005    2    1   1    0.49
33    1    -0.005    2    2   1    0.71
34    1    -0.005    2    2   1    2.57
35    2    -0.005    2    1   0    0.62
36    1    0.014    1    1   1    0.66
37    1    -0.014    2    2   1    1.42
38    2    0.009    2    1   1    2.16
39    2    -0.009    1    2   1    0.80
40    1    0.005    1    1   1    1.79
41    1    0.005    2    2   0    3.34
42    2    -0.014    1    2   1    0.83
43    2    -0.014    1    2   1    0.57
44    2    0.009    2    1   1    0.52
45    2    0.009    2    1   1    1.10
46    1    0.005    1    1   1    1.09
47    2    0.005    2    1   1    0.57
48    2    0.005    2    1   1    0.84
49    2    0.005    2    1   1    0.54
50    1    -0.005    2    2   1    0.63
-------------------------
Final staircase threshold estimate (mean) is 0.0074
-------------------------
15    1    0.018    1    1   1    2.08
126    2    -0.018    1    2   1    0.70
106    2    -0.018    1    2   1    0.55
67    1    -0.009    2    2   1    0.51
86    2    -0.018    1    2   1    0.70
125    2    0.018    2    1   1    0.76
1    1    -0.018    2    2   1    0.58
79    2    0.009    2    1   1    1.22
97    2    -0.009    1    2   1    0.54
99    2    0.009    2    1   1    0.43
29    1    0.009    1    1   1    0.65
142    2    -0.009    1    2   1    0.66
109    2    0.009    2    1   1    0.55
135    2    0.018    2    1   1    0.50
61    1    -0.018    2    2   1    0.51
55    1    0.018    1    1   1    0.47
122    2    -0.009    1    2   1    0.64
69    1    0.009    1    1   1    0.74
47    1    -0.009    2    2   1    0.71
53    1    0.000    1    1   1    1.75
36    1    -0.018    2    2   1    0.61
124    2    0.009    2    1   1    0.45
26    1    -0.018    2    2   1    1.20
85    2    0.018    2    1   1    0.67
103    2    0.000    2    1   1    3.20
147    2    -0.009    1    2   1    0.62
123    2    0.000    2    1   1    0.82
65    1    0.018    2    2   0    1.31
115    2    0.018    2    1   1    0.69
14    1    0.009    1    1   1    4.49
82    2    -0.009    1    2   1    3.59
37    1    -0.009    2    2   1    2.22
33    1    0.000    1    1   1    3.32
17    1    -0.009    2    2   1    0.60
150    2    0.018    2    1   1    0.69
18    1    0.000    1    1   1    0.80
7    1    -0.009    2    2   1    0.77
93    2    0.000    1    2   0    3.46
133    2    0.000    1    2   0    0.66
32    1    -0.009    2    2   1    1.26
145    2    0.018    2    1   1    0.57
43    1    0.000    1    1   1    3.37
49    1    0.009    2    2   0    0.55
40    1    0.018    1    1   1    0.61
112    2    -0.009    1    2   1    0.57
148    2    0.000    2    1   1    1.26
96    2    -0.018    1    2   1    0.56
131    2    -0.018    1    2   1    0.53
20    1    0.018    1    1   1    0.61
68    1    0.000    2    2   0    1.42
81    2    -0.018    1    2   1    0.62
139    2    0.009    2    1   1    0.66
84    2    0.009    2    1   1    3.88
45    1    0.018    1    1   1    0.60
5    1    0.018    1    1   1    1.10
24    1    0.009    2    2   0    0.73
10    1    0.018    1    1   1    0.54
149    2    0.009    2    1   1    0.71
44    1    0.009    1    1   1    0.61
73    1    0.000    1    1   1    0.68
66    1    -0.018    2    2   1    0.47
110    2    0.018    2    1   1    0.55
101    2    -0.018    1    2   1    0.47
70    1    0.018    1    1   1    0.56
141    2    -0.018    1    2   1    0.48
107    2    -0.009    1    2   1    0.51
35    1    0.018    1    1   1    0.38
132    2    -0.009    1    2   1    0.62
50    1    0.018    1    1   1    0.63
58    1    0.000    2    2   0    0.88
3    1    0.000    1    1   1    4.11
30    1    0.018    1    1   1    0.59
104    2    0.009    2    1   1    0.65
74    1    0.009    1    1   1    0.54
77    2    -0.009    1    2   1    0.53
116    2    -0.018    1    2   1    0.53
118    2    0.000    2    1   1    0.56
39    1    0.009    1    1   1    0.98
12    1    -0.009    2    2   1    0.54
71    1    -0.018    2    2   1    0.64
140    2    0.018    2    1   1    0.51
127    2    -0.009    1    2   1    0.83
128    2    0.000    1    2   0    1.05
41    1    -0.018    2    2   1    0.63
11    1    -0.018    2    2   1    0.65
27    1    -0.009    2    2   1    1.66
105    2    0.018    2    1   1    1.41
19    1    0.009    1    1   1    0.59
102    2    -0.009    1    2   1    1.10
38    1    0.000    2    2   0    3.46
111    2    -0.018    1    2   1    0.56
52    1    -0.009    2    2   1    0.43
59    1    0.009    1    1   1    0.69
91    2    -0.018    1    2   1    0.62
88    2    0.000    2    1   1    1.69
144    2    0.009    1    2   0    1.75
114    2    0.009    2    1   1    1.30
54    1    0.009    1    1   1    0.67
28    1    0.000    1    1   1    1.69
42    1    -0.009    2    2   1    0.91
100    2    0.018    2    1   1    0.63
134    2    0.009    2    1   1    0.78
130    2    0.018    2    1   1    0.62
138    2    0.000    1    2   0    1.36
136    2    -0.018    1    2   1    0.67
62    1    -0.009    2    2   1    0.56
119    2    0.009    2    1   1    0.60
98    2    0.000    1    2   0    0.63
46    1    -0.018    2    2   1    0.45
64    1    0.009    1    1   1    0.54
51    1    -0.018    2    2   1    0.49
72    1    -0.009    2    2   1    0.93
25    1    0.018    1    1   1    0.45
80    2    0.018    2    1   1    0.44
137    2    -0.009    1    2   1    0.44
83    2    0.000    2    1   1    0.49
21    1    -0.018    2    2   1    0.78
63    1    0.000    2    2   0    0.76
143    2    0.000    1    2   0    1.16
34    1    0.009    1    1   1    1.36
121    2    -0.018    1    2   1    0.65
89    2    0.009    2    1   1    0.50
117    2    -0.009    1    2   1    0.44
16    1    -0.018    2    2   1    0.54
22    1    -0.009    2    2   1    0.84
6    1    -0.018    2    2   1    0.63
94    2    0.009    2    1   1    1.27
108    2    0.000    2    1   1    2.49
57    1    -0.009    2    2   1    0.87
31    1    -0.018    2    2   1    0.60
13    1    0.000    2    2   0    0.73
9    1    0.009    1    1   1    0.97
120    2    0.018    2    1   1    0.75
76    2    -0.018    1    2   1    0.63
78    2    0.000    2    1   1    3.07
48    1    0.000    2    2   0    0.61
8    1    0.000    2    2   0    2.14
4    1    0.009    1    1   1    0.58
92    2    -0.009    1    2   1    3.54
129    2    0.009    2    1   1    1.10
95    2    0.018    2    1   1    0.72
75    2    0.018    2    1   1    0.76
90    2    0.018    2    1   1    1.26
23    1    0.000    1    1   1    4.18
56    1    -0.018    2    2   1    0.56
113    2    0.000    1    2   0    3.49
87    2    -0.009    1    2   1    0.81
146    2    -0.018    1    2   1    2.12
2    1    -0.009    2    2   1    1.74
60    1    0.018    1    1   1    0.70
