--------------------------------
25-Jun-2014 14:17:32 
data from observer A03 
#occlusion2 expt 
reference disparity (degrees) 0.160000 

stim order disp kresp testresp correct time
1    2    -0.074    1    2   1    0.62
2    2    -0.069    1    2   1    1.93
3    2    0.065    2    1   1    0.62
4    1    -0.060    2    2   1    0.59
5    1    0.055    1    1   1    0.54
6    2    -0.051    1    2   1    0.54
7    2    -0.046    1    2   1    0.64
8    2    0.042    2    1   1    0.57
9    2    -0.037    1    2   1    0.54
10    1    0.032    1    1   1    0.45
11    2    0.028    2    1   1    0.47
12    2    -0.023    1    2   1    0.55
13    1    0.018    2    2   0    0.81
14    1    -0.028    2    2   1    0.50
15    1    0.028    1    1   1    0.61
16    1    0.023    1    1   1    0.53
17    2    0.023    2    1   1    0.83
18    2    -0.018    1    2   1    0.71
19    1    0.018    2    2   0    2.44
20    2    -0.028    1    2   1    0.60
21    1    0.028    1    1   1    0.54
22    1    -0.023    2    2   1    0.57
23    2    0.023    2    1   1    0.62
24    2    -0.018    1    2   1    0.52
25    2    0.018    2    1   1    0.59
26    1    -0.014    2    2   1    0.56
27    2    -0.014    1    2   1    0.66
28    2    0.009    2    1   1    0.64
29    2    0.009    2    1   1    1.03
30    1    -0.005    2    2   1    0.67
31    1    0.005    2    2   0    2.61
32    1    0.014    1    1   1    0.52
33    2    -0.014    1    2   1    1.20
34    1    0.009    1    1   1    0.84
35    1    -0.009    2    2   1    0.52
36    1    -0.005    2    2   1    0.62
37    2    -0.005    2    1   0    0.67
38    2    0.014    2    1   1    0.58
39    2    0.014    2    1   1    0.87
40    1    0.009    1    1   1    0.62
41    2    0.009    2    1   1    1.08
42    2    -0.005    1    2   1    0.51
43    2    0.005    2    1   1    0.59
44    2    -0.005    1    2   1    1.32
45    1    -0.005    2    2   1    0.53
46    1    0.005    1    1   1    0.65
47    2    -0.005    2    1   0    1.02
48    2    0.014    2    1   1    0.55
49    1    0.014    1    1   1    0.52
50    1    -0.009    2    2   1    0.91
-------------------------
Final staircase threshold estimate (mean) is 0.0074
-------------------------
31    1    -0.018    2    2   1    2.54
23    1    0.000    2    2   0    0.94
150    2    0.018    2    1   1    1.64
127    2    -0.009    1    2   1    0.61
116    2    -0.018    1    2   1    0.60
118    2    0.000    2    1   1    0.93
102    2    -0.009    1    2   1    0.60
125    2    0.018    2    1   1    0.48
7    1    -0.009    2    2   1    0.58
126    2    -0.018    1    2   1    0.75
40    1    0.018    1    1   1    0.54
50    1    0.018    1    1   1    1.30
14    1    0.009    2    2   0    0.73
35    1    0.018    1    1   1    0.47
134    2    0.009    2    1   1    0.55
133    2    0.000    2    1   1    0.63
92    2    -0.009    1    2   1    0.50
58    1    0.000    2    2   0    0.66
49    1    0.009    1    1   1    0.48
137    2    -0.009    1    2   1    0.59
29    1    0.009    2    2   0    0.51
140    2    0.018    2    1   1    0.69
130    2    0.018    2    1   1    0.60
148    2    0.000    2    1   1    0.67
107    2    -0.009    2    1   0    0.53
88    2    0.000    2    1   1    0.58
87    2    -0.009    2    1   0    0.61
109    2    0.009    2    1   1    0.72
135    2    0.018    2    1   1    0.52
90    2    0.018    2    1   1    0.58
149    2    0.009    2    1   1    0.53
64    1    0.009    1    1   1    0.63
19    1    0.009    1    1   1    1.33
33    1    0.000    2    2   0    0.59
89    2    0.009    2    1   1    0.51
17    1    -0.009    2    2   1    0.45
59    1    0.009    2    2   0    0.92
44    1    0.009    1    1   1    0.80
8    1    0.000    2    2   0    0.63
68    1    0.000    2    2   0    0.84
138    2    0.000    2    1   1    0.61
139    2    0.009    2    1   1    0.57
122    2    -0.009    2    1   0    0.69
85    2    0.018    2    1   1    0.57
67    1    -0.009    2    2   1    0.57
80    2    0.018    2    1   1    0.58
100    2    0.018    2    1   1    0.47
74    1    0.009    2    2   0    0.67
32    1    -0.009    2    2   1    0.46
63    1    0.000    2    2   0    0.65
106    2    -0.018    1    2   1    0.65
69    1    0.009    2    2   0    0.68
103    2    0.000    2    1   1    0.55
146    2    -0.018    1    2   1    0.66
110    2    0.018    2    1   1    0.47
13    1    0.000    1    1   1    0.65
120    2    0.018    2    1   1    0.45
54    1    0.009    1    1   1    1.40
105    2    0.018    2    1   1    0.52
21    1    -0.018    2    2   1    0.57
18    1    0.000    2    2   0    1.08
77    2    -0.009    1    2   1    0.56
48    1    0.000    2    2   0    0.48
78    2    0.000    2    1   1    0.62
2    1    -0.009    2    2   1    0.73
12    1    -0.009    2    2   1    0.53
9    1    0.009    1    1   1    0.53
1    1    -0.018    2    2   1    0.50
79    2    0.009    2    1   1    0.88
96    2    -0.018    1    2   1    0.57
112    2    -0.009    1    2   1    0.79
16    1    -0.018    2    2   1    0.45
145    2    0.018    2    1   1    0.70
56    1    -0.018    2    2   1    0.55
117    2    -0.009    1    2   1    0.56
42    1    -0.009    2    2   1    0.52
99    2    0.009    2    1   1    1.08
26    1    -0.018    2    2   1    0.49
45    1    0.018    1    1   1    0.71
3    1    0.000    1    1   1    0.80
72    1    -0.009    2    2   1    0.51
73    1    0.000    2    2   0    0.76
36    1    -0.018    2    2   1    0.53
123    2    0.000    1    2   0    1.01
114    2    0.009    2    1   1    0.49
91    2    -0.018    1    2   1    0.69
129    2    0.009    2    1   1    0.55
113    2    0.000    1    2   0    0.59
132    2    -0.009    1    2   1    0.75
25    1    0.018    1    1   1    0.61
51    1    -0.018    2    2   1    0.55
37    1    -0.009    2    2   1    0.48
27    1    -0.009    1    1   0    1.79
144    2    0.009    1    2   0    0.79
38    1    0.000    1    1   1    1.32
97    2    -0.009    1    2   1    0.87
147    2    -0.009    1    2   1    2.04
81    2    -0.018    1    2   1    0.51
128    2    0.000    2    1   1    0.45
86    2    -0.018    2    1   0    0.66
53    1    0.000    2    2   0    1.20
43    1    0.000    1    1   1    2.99
142    2    -0.009    1    2   1    0.80
115    2    0.018    2    1   1    0.47
75    2    0.018    2    1   1    0.64
5    1    0.018    1    1   1    0.55
46    1    -0.018    2    2   1    0.48
94    2    0.009    2    1   1    0.69
28    1    0.000    1    1   1    0.57
143    2    0.000    2    1   1    0.75
15    1    0.018    1    1   1    0.47
84    2    0.009    2    1   1    0.61
20    1    0.018    1    1   1    0.56
60    1    0.018    1    1   1    0.68
62    1    -0.009    2    2   1    0.52
66    1    -0.018    2    2   1    0.55
136    2    -0.018    1    2   1    0.45
11    1    -0.018    2    2   1    0.53
52    1    -0.009    2    2   1    0.49
131    2    -0.018    1    2   1    0.46
76    2    -0.018    1    2   1    0.54
4    1    0.009    1    1   1    0.69
41    1    -0.018    2    2   1    0.56
71    1    -0.018    2    2   1    0.44
93    2    0.000    1    2   0    1.15
119    2    0.009    2    1   1    0.56
24    1    0.009    1    1   1    0.63
70    1    0.018    1    1   1    0.63
121    2    -0.018    1    2   1    0.57
65    1    0.018    1    1   1    0.53
141    2    -0.018    1    2   1    0.64
39    1    0.009    2    2   0    1.04
6    1    -0.018    2    2   1    0.66
30    1    0.018    1    1   1    0.55
98    2    0.000    2    1   1    0.95
111    2    -0.018    1    2   1    0.45
82    2    -0.009    2    1   0    0.88
83    2    0.000    2    1   1    0.73
61    1    -0.018    2    2   1    0.52
108    2    0.000    2    1   1    0.59
95    2    0.018    2    1   1    0.50
34    1    0.009    1    1   1    0.46
124    2    0.009    2    1   1    0.78
22    1    -0.009    2    2   1    0.62
55    1    0.018    1    1   1    0.76
57    1    -0.009    2    2   1    0.46
47    1    -0.009    2    2   1    0.62
10    1    0.018    1    1   1    0.53
104    2    0.009    2    1   1    0.62
101    2    -0.018    1    2   1    0.70
