--------------------------------
27-Jun-2014 10:08:00 
data from observer A03 
#occlusion2 expt 
reference disparity (degrees) 0.160000 

stim order disp kresp testresp correct time
1    2    0.074    1    2   1    1.20
2    2    0.069    1    2   1    0.68
3    2    -0.065    2    1   1    0.65
4    1    0.060    2    2   1    1.37
5    1    -0.055    1    1   1    0.59
6    1    -0.051    1    1   1    0.63
7    2    0.046    1    2   1    0.67
8    1    -0.042    1    1   1    0.94
9    2    0.037    1    2   1    0.64
10    1    0.032    2    2   1    0.82
11    2    0.028    1    2   1    0.61
12    1    -0.023    1    1   1    0.56
13    1    -0.018    1    1   1    0.92
14    1    -0.014    1    1   1    0.73
15    2    -0.009    2    1   1    0.57
16    1    0.005    2    2   1    1.11
17    2    -0.005    2    1   1    1.61
18    2    0.005    1    2   1    1.77
19    1    0.005    2    2   1    0.66
20    1    -0.005    1    1   1    0.53
21    1    0.005    2    2   1    1.93
22    1    -0.005    2    2   0    0.98
23    1    -0.014    1    1   1    0.70
24    1    -0.014    1    1   1    1.46
25    1    0.009    2    2   1    0.88
26    1    -0.009    2    2   0    2.39
27    2    0.018    1    2   1    0.59
28    1    -0.018    1    1   1    1.00
29    2    0.014    1    2   1    1.44
30    2    0.014    1    2   1    1.05
31    2    -0.009    2    1   1    0.90
32    1    0.009    2    2   1    0.56
33    2    0.005    2    1   0    0.81
34    2    -0.014    2    1   1    0.66
35    2    0.014    1    2   1    0.87
36    2    0.009    1    2   1    0.65
37    1    -0.009    2    2   0    0.75
38    1    -0.018    1    1   1    0.78
39    2    0.018    1    2   1    1.03
40    1    -0.014    1    1   1    1.05
41    1    -0.014    1    1   1    1.12
42    1    0.009    2    2   1    0.81
43    1    0.009    2    2   1    2.33
44    1    0.005    2    2   1    1.05
45    2    -0.005    2    1   1    0.90
46    2    0.005    2    1   0    1.76
47    2    -0.014    2    1   1    0.87
48    2    -0.014    2    1   1    0.56
49    1    -0.009    1    1   1    0.91
50    2    -0.009    2    1   1    1.19
-------------------------
Final staircase threshold estimate (mean) is 0.0092
-------------------------
6    1    -0.023    1    1   0    1.95
150    2    0.023    1    2   0    0.68
117    2    -0.009    2    1   0    0.56
43    1    0.000    2    2   0    1.83
80    2    0.023    1    2   0    0.53
28    1    0.000    2    2   0    0.53
10    1    0.023    2    2   0    0.61
60    1    0.023    2    2   0    0.91
121    2    -0.023    2    1   0    0.64
130    2    0.023    1    2   0    0.79
108    2    0.000    2    1   1    0.53
78    2    0.000    2    1   1    1.24
32    1    -0.009    1    1   0    0.69
51    1    -0.023    1    1   0    0.82
2    1    -0.009    1    1   0    0.65
40    1    0.023    2    2   0    0.86
58    1    0.000    2    2   0    3.02
12    1    -0.009    1    1   0    1.87
111    2    -0.023    2    1   0    0.62
16    1    -0.023    1    1   0    0.72
76    2    -0.023    2    1   0    0.50
5    1    0.023    2    2   0    0.83
68    1    0.000    1    1   1    1.05
116    2    -0.023    2    1   0    0.52
19    1    0.009    2    2   0    1.52
123    2    0.000    1    2   0    0.48
57    1    -0.009    1    1   0    1.41
99    2    0.009    1    2   0    0.84
131    2    -0.023    2    1   0    0.70
39    1    0.009    2    2   0    1.49
113    2    0.000    1    2   0    1.72
22    1    -0.009    1    1   0    1.09
83    2    0.000    1    2   0    1.94
104    2    0.009    2    1   1    0.60
103    2    0.000    2    1   1    0.94
72    1    -0.009    1    1   0    1.26
126    2    -0.023    2    1   0    0.58
95    2    0.023    1    2   0    0.97
92    2    -0.009    2    1   0    0.78
4    1    0.009    2    2   0    1.15
7    1    -0.009    1    1   0    0.71
29    1    0.009    2    2   0    1.17
141    2    -0.023    2    1   0    0.88
1    1    -0.023    1    1   0    0.59
73    1    0.000    2    2   0    0.63
70    1    0.023    2    2   0    0.54
69    1    0.009    2    2   0    0.70
53    1    0.000    2    2   0    0.56
31    1    -0.023    1    1   0    0.43
90    2    0.023    1    2   0    0.81
34    1    0.009    2    2   0    0.60
55    1    0.023    2    2   0    0.89
102    2    -0.009    2    1   0    0.64
64    1    0.009    2    2   0    0.82
143    2    0.000    2    1   1    3.60
50    1    0.023    2    2   0    0.84
66    1    -0.023    1    1   0    0.64
98    2    0.000    2    1   1    5.75
18    1    0.000    2    2   0    0.64
74    1    0.009    2    2   0    0.80
27    1    -0.009    1    1   0    0.78
89    2    0.009    1    2   0    1.28
120    2    0.023    1    2   0    0.81
136    2    -0.023    2    1   0    0.51
96    2    -0.023    2    1   0    0.65
106    2    -0.023    2    1   0    0.61
63    1    0.000    2    2   0    0.71
67    1    -0.009    1    1   0    0.85
79    2    0.009    1    2   0    2.02
94    2    0.009    1    2   0    1.60
91    2    -0.023    2    1   0    0.53
25    1    0.023    2    2   0    0.64
135    2    0.023    1    2   0    0.65
17    1    -0.009    1    1   0    0.91
33    1    0.000    2    2   0    0.50
45    1    0.023    2    2   0    0.95
23    1    0.000    1    1   1    3.82
105    2    0.023    1    2   0    0.69
140    2    0.023    1    2   0    0.57
36    1    -0.023    1    1   0    1.25
125    2    0.023    1    2   0    0.63
115    2    0.023    1    2   0    0.78
46    1    -0.023    1    1   0    0.54
8    1    0.000    2    2   0    1.08
85    2    0.023    1    2   0    0.56
87    2    -0.009    2    1   0    0.91
144    2    0.009    1    2   0    1.85
20    1    0.023    2    2   0    0.47
101    2    -0.023    2    1   0    0.79
122    2    -0.009    2    1   0    0.61
3    1    0.000    2    2   0    0.79
21    1    -0.023    1    1   0    0.97
47    1    -0.009    2    2   1    0.83
114    2    0.009    1    2   0    0.47
137    2    -0.009    2    1   0    0.51
42    1    -0.009    1    1   0    0.46
139    2    0.009    2    1   1    0.56
110    2    0.023    1    2   0    0.50
84    2    0.009    2    1   1    0.46
61    1    -0.023    1    1   0    0.55
26    1    -0.023    1    1   0    0.60
133    2    0.000    2    1   1    0.89
82    2    -0.009    2    1   0    0.61
97    2    -0.009    2    1   0    0.91
142    2    -0.009    2    1   0    0.66
75    2    0.023    1    2   0    0.67
124    2    0.009    1    2   0    1.53
62    1    -0.009    1    1   0    1.06
52    1    -0.009    1    1   0    1.10
132    2    -0.009    2    1   0    0.54
35    1    0.023    2    2   0    0.60
107    2    -0.009    2    1   0    1.09
81    2    -0.023    2    1   0    0.78
128    2    0.000    2    1   1    2.38
48    1    0.000    1    1   1    0.93
119    2    0.009    2    1   1    0.45
118    2    0.000    1    2   0    0.62
134    2    0.009    1    2   0    0.77
14    1    0.009    2    2   0    0.61
30    1    0.023    2    2   0    0.77
37    1    -0.009    1    1   0    0.85
149    2    0.009    1    2   0    4.36
38    1    0.000    2    2   0    0.84
41    1    -0.023    1    1   0    0.71
56    1    -0.023    1    1   0    0.96
13    1    0.000    2    2   0    0.92
54    1    0.009    2    2   0    1.03
146    2    -0.023    2    1   0    0.62
109    2    0.009    1    2   0    0.81
86    2    -0.023    2    1   0    0.45
49    1    0.009    2    2   0    0.63
138    2    0.000    2    1   1    2.45
100    2    0.023    1    2   0    1.04
112    2    -0.009    2    1   0    0.72
9    1    0.009    2    2   0    0.72
77    2    -0.009    2    1   0    0.98
59    1    0.009    2    2   0    0.64
129    2    0.009    1    2   0    1.92
145    2    0.023    1    2   0    1.10
71    1    -0.023    1    1   0    0.90
44    1    0.009    2    2   0    1.58
147    2    -0.009    2    1   0    1.53
88    2    0.000    1    2   0    0.74
11    1    -0.023    1    1   0    0.56
127    2    -0.009    2    1   0    0.60
15    1    0.023    2    2   0    0.87
93    2    0.000    1    2   0    1.78
148    2    0.000    2    1   1    0.55
65    1    0.023    2    2   0    0.62
24    1    0.009    2    2   0    1.32
