--------------------------------
27-Jun-2014 10:14:39 
data from observer A03 
#occlusion2 expt 
reference disparity (degrees) 0.160000 

stim order disp kresp testresp correct time
1    1    0.074    2    2   1    1.23
2    2    0.069    1    2   1    0.69
3    2    0.065    1    2   1    0.78
4    1    0.060    2    2   1    0.68
5    1    0.055    2    2   1    0.53
6    1    -0.051    1    1   1    0.85
7    1    -0.046    1    1   1    1.01
8    2    0.042    1    2   1    0.73
9    1    0.037    2    2   1    0.59
10    2    -0.032    2    1   1    0.59
11    2    -0.028    2    1   1    0.45
12    1    -0.023    1    1   1    0.74
13    1    -0.018    1    1   1    0.72
14    1    -0.014    1    1   1    0.71
15    2    -0.009    2    1   1    0.78
16    1    -0.005    1    1   1    3.16
17    1    0.005    1    1   0    0.79
18    1    0.014    2    2   1    0.76
19    1    -0.014    1    1   1    0.64
20    1    -0.009    1    1   1    1.83
21    2    0.009    1    2   1    2.24
22    2    -0.005    2    1   1    0.78
23    2    0.005    2    1   0    0.47
24    2    -0.014    1    2   0    0.69
25    1    -0.023    1    1   1    0.83
26    1    -0.023    1    1   1    0.69
27    2    0.018    1    2   1    1.12
28    1    0.018    2    2   1    0.59
29    1    -0.014    1    1   1    1.66
30    2    0.014    1    2   1    0.59
31    2    0.009    2    1   0    2.19
32    2    0.018    1    2   1    0.56
33    1    0.018    2    2   1    0.63
34    2    -0.014    2    1   1    0.60
35    1    -0.014    1    1   1    0.84
36    1    -0.009    2    2   0    0.58
37    2    0.018    1    2   1    0.58
38    1    0.018    2    2   1    0.41
39    1    -0.014    1    1   1    0.76
40    1    0.014    2    2   1    0.79
41    2    -0.009    2    1   1    0.57
42    2    0.009    1    2   1    0.96
43    1    -0.005    2    2   0    0.46
44    2    -0.014    2    1   1    0.60
45    2    0.014    1    2   1    0.86
46    2    -0.009    1    2   0    0.97
47    2    0.018    1    2   1    1.06
48    2    -0.018    2    1   1    0.42
49    1    0.014    2    2   1    0.74
50    2    -0.014    2    1   1    0.54
-------------------------
Final staircase threshold estimate (mean) is 0.0125
-------------------------
129    2    0.014    1    2   0    1.89
93    2    0.000    2    1   1    2.67
1    1    -0.032    1    1   0    0.82
2    1    -0.014    1    1   0    0.74
8    1    0.000    2    2   0    1.26
116    2    -0.032    2    1   0    0.69
143    2    0.000    2    1   1    3.21
30    1    0.032    2    2   0    0.69
20    1    0.032    2    2   0    0.53
149    2    0.014    1    2   0    0.75
146    2    -0.032    2    1   0    0.46
120    2    0.032    1    2   0    0.71
137    2    -0.014    2    1   0    0.45
36    1    -0.032    1    1   0    0.63
32    1    -0.014    1    1   0    2.18
99    2    0.014    1    2   0    0.59
107    2    -0.014    2    1   0    1.17
88    2    0.000    1    2   0    1.45
72    1    -0.014    1    1   0    0.70
14    1    0.014    2    2   0    0.98
110    2    0.032    1    2   0    0.65
51    1    -0.032    1    1   0    0.76
79    2    0.014    1    2   0    0.82
85    2    0.032    1    2   0    0.73
73    1    0.000    2    2   0    1.03
128    2    0.000    2    1   1    0.71
35    1    0.032    2    2   0    0.69
91    2    -0.032    2    1   0    0.67
76    2    -0.032    2    1   0    0.59
45    1    0.032    2    2   0    0.62
150    2    0.032    1    2   0    0.63
124    2    0.014    1    2   0    0.61
114    2    0.014    1    2   0    0.97
17    1    -0.014    2    2   1    0.53
56    1    -0.032    1    1   0    0.97
74    1    0.014    2    2   0    0.76
131    2    -0.032    2    1   0    0.49
33    1    0.000    2    2   0    1.20
126    2    -0.032    2    1   0    0.71
127    2    -0.014    2    1   0    0.53
26    1    -0.032    1    1   0    0.54
38    1    0.000    2    2   0    0.90
94    2    0.014    1    2   0    0.69
19    1    0.014    2    2   0    0.47
96    2    -0.032    2    1   0    0.49
111    2    -0.032    2    1   0    0.53
13    1    0.000    2    2   0    2.39
49    1    0.014    2    2   0    0.55
125    2    0.032    1    2   0    0.52
54    1    0.014    1    1   1    0.56
18    1    0.000    2    2   0    1.15
98    2    0.000    2    1   1    1.85
50    1    0.032    2    2   0    0.57
60    1    0.032    2    2   0    0.51
5    1    0.032    2    2   0    0.67
108    2    0.000    1    2   0    2.76
39    1    0.014    2    2   0    0.82
25    1    0.032    2    2   0    0.53
61    1    -0.032    1    1   0    0.58
148    2    0.000    2    1   1    0.70
15    1    0.032    2    2   0    0.47
119    2    0.014    1    2   0    0.78
118    2    0.000    2    1   1    0.86
43    1    0.000    2    2   0    1.04
121    2    -0.032    2    1   0    0.54
141    2    -0.032    2    1   0    0.48
117    2    -0.014    2    1   0    0.62
130    2    0.032    1    2   0    0.70
11    1    -0.032    1    1   0    0.61
63    1    0.000    2    2   0    0.45
31    1    -0.032    1    1   0    0.69
53    1    0.000    2    2   0    1.17
89    2    0.014    1    2   0    0.73
6    1    -0.032    1    1   0    0.62
21    1    -0.032    1    1   0    0.60
86    2    -0.032    2    1   0    0.50
106    2    -0.032    2    1   0    0.52
133    2    0.000    2    1   1    2.04
95    2    0.032    1    2   0    0.59
90    2    0.032    1    2   0    0.55
37    1    -0.014    1    1   0    0.59
67    1    -0.014    1    1   0    0.86
87    2    -0.014    2    1   0    0.56
84    2    0.014    1    2   0    0.44
64    1    0.014    2    2   0    0.68
83    2    0.000    1    2   0    2.83
69    1    0.014    2    2   0    0.56
12    1    -0.014    1    1   0    0.66
136    2    -0.032    2    1   0    0.41
139    2    0.014    1    2   0    0.59
48    1    0.000    2    2   0    0.41
97    2    -0.014    2    1   0    0.62
142    2    -0.014    2    1   0    0.69
122    2    -0.014    2    1   0    0.75
46    1    -0.032    1    1   0    0.60
92    2    -0.014    2    1   0    0.58
68    1    0.000    2    2   0    1.29
101    2    -0.032    2    1   0    0.50
145    2    0.032    1    2   0    0.88
44    1    0.014    2    2   0    0.63
102    2    -0.014    2    1   0    0.83
47    1    -0.014    1    1   0    0.57
103    2    0.000    2    1   1    0.46
42    1    -0.014    1    1   0    0.43
4    1    0.014    2    2   0    0.68
27    1    -0.014    1    1   0    0.62
65    1    0.032    2    2   0    0.59
147    2    -0.014    2    1   0    0.52
10    1    0.032    2    2   0    0.61
78    2    0.000    1    2   0    0.64
24    1    0.014    2    2   0    0.60
9    1    0.014    2    2   0    0.56
104    2    0.014    1    2   0    0.42
75    2    0.032    1    2   0    0.60
7    1    -0.014    1    1   0    0.72
55    1    0.032    2    2   0    0.51
40    1    0.032    2    2   0    0.57
52    1    -0.014    1    1   0    0.69
113    2    0.000    2    1   1    0.95
58    1    0.000    1    1   1    0.79
109    2    0.014    1    2   0    0.62
22    1    -0.014    2    2   1    0.70
41    1    -0.032    1    1   0    0.48
105    2    0.032    1    2   0    0.49
57    1    -0.014    1    1   0    0.51
59    1    0.014    2    2   0    0.62
80    2    0.032    1    2   0    0.52
62    1    -0.014    1    1   0    0.69
71    1    -0.032    1    1   0    0.63
132    2    -0.014    2    1   0    0.59
28    1    0.000    1    1   1    0.68
140    2    0.032    1    2   0    0.55
34    1    0.014    2    2   0    0.48
23    1    0.000    1    1   1    0.50
81    2    -0.032    2    1   0    0.48
100    2    0.032    1    2   0    0.57
134    2    0.014    1    2   0    0.79
16    1    -0.032    1    1   0    0.65
29    1    0.014    2    2   0    0.46
144    2    0.014    1    2   0    0.60
138    2    0.000    2    1   1    0.42
70    1    0.032    2    2   0    0.59
66    1    -0.032    1    1   0    0.49
82    2    -0.014    2    1   0    0.62
112    2    -0.014    2    1   0    0.62
135    2    0.032    1    2   0    0.68
77    2    -0.014    2    1   0    0.39
123    2    0.000    2    1   1    2.61
3    1    0.000    1    1   1    1.53
115    2    0.032    1    2   0    0.56
