--------------------------------
25-Jun-2014 14:24:04 
data from observer A03 
#occlusion2 expt 
reference disparity (degrees) 0.160000 

stim order disp kresp testresp correct time
1    1    0.074    1    1   1    1.34
2    2    -0.069    1    2   1    0.64
3    2    -0.065    1    2   1    0.62
4    2    0.060    2    1   1    0.75
5    1    -0.055    2    2   1    1.08
6    2    -0.051    1    2   1    0.64
7    2    0.046    2    1   1    0.79
8    1    0.042    1    1   1    0.49
9    2    0.037    2    1   1    0.53
10    1    -0.032    2    2   1    0.53
11    2    0.028    2    1   1    0.50
12    1    -0.023    2    2   1    0.68
13    2    0.018    2    1   1    0.47
14    2    0.014    2    1   1    0.55
15    1    -0.009    2    2   1    1.05
16    1    -0.005    2    2   1    0.54
17    1    -0.005    2    2   1    0.57
18    1    0.005    2    2   0    0.95
19    2    -0.014    2    1   0    0.73
20    2    -0.023    1    2   1    0.65
21    1    0.023    2    2   0    0.48
22    2    0.032    1    2   0    0.75
23    2    -0.042    2    1   0    0.51
24    2    0.051    2    1   1    0.98
25    2    -0.051    1    2   1    0.63
26    2    -0.046    1    2   1    0.67
27    2    0.046    2    1   1    0.53
28    1    0.042    1    1   1    0.59
29    1    -0.042    2    2   1    0.40
30    2    -0.037    1    2   1    0.51
31    1    0.037    1    1   1    1.01
32    2    -0.032    1    2   1    0.71
33    2    0.032    2    1   1    0.73
34    1    -0.028    1    1   0    0.49
35    1    0.037    1    1   1    0.74
36    2    -0.037    2    1   0    0.58
37    2    -0.046    1    2   1    1.14
38    1    0.046    2    2   0    1.27
39    1    -0.055    2    2   1    1.17
40    2    -0.055    1    2   1    1.07
41    2    -0.051    2    1   0    0.60
42    1    -0.060    2    2   1    0.63
43    1    -0.060    2    2   1    0.97
44    2    0.055    2    1   1    0.62
45    2    -0.055    1    2   1    0.76
46    2    -0.051    1    2   1    1.01
47    2    0.051    2    1   1    0.53
48    1    -0.046    2    2   1    0.84
49    2    -0.046    1    2   1    0.74
50    1    -0.042    2    2   1    0.73
-------------------------
Final staircase threshold estimate (mean) is 0.0517
-------------------------
83    2    0.000    2    1   1    2.15
43    1    0.000    2    2   0    1.33
91    2    -0.129    2    1   0    2.06
24    1    0.051    1    1   1    0.59
49    1    0.051    1    1   1    1.83
129    2    0.051    2    1   1    0.69
35    1    0.129    1    1   1    0.68
47    1    -0.051    2    2   1    0.57
104    2    0.051    2    1   1    0.62
34    1    0.051    1    1   1    0.94
138    2    0.000    2    1   1    1.35
57    1    -0.051    2    2   1    0.84
75    2    0.129    2    1   1    0.51
16    1    -0.129    2    2   1    0.48
17    1    -0.051    2    2   1    0.51
130    2    0.129    2    1   1    0.94
122    2    -0.051    1    2   1    1.01
76    2    -0.129    1    2   1    1.25
73    1    0.000    2    2   0    1.55
92    2    -0.051    1    2   1    0.82
38    1    0.000    2    2   0    0.86
109    2    0.051    2    1   1    0.94
94    2    0.051    2    1   1    0.64
102    2    -0.051    2    1   0    1.13
54    1    0.051    1    1   1    1.06
106    2    -0.129    2    1   0    1.07
64    1    0.051    2    2   0    2.16
33    1    0.000    2    2   0    2.45
29    1    0.051    1    1   1    0.74
90    2    0.129    2    1   1    0.56
137    2    -0.051    1    2   1    1.93
12    1    -0.051    2    2   1    0.52
11    1    -0.129    1    1   0    0.86
60    1    0.129    2    2   0    0.55
107    2    -0.051    2    1   0    0.68
88    2    0.000    2    1   1    0.96
93    2    0.000    1    2   0    1.15
146    2    -0.129    2    1   0    2.92
59    1    0.051    1    1   1    1.20
87    2    -0.051    1    2   1    0.70
67    1    -0.051    2    2   1    0.66
18    1    0.000    2    2   0    1.01
120    2    0.129    2    1   1    0.60
150    2    0.129    2    1   1    0.57
9    1    0.051    1    1   1    0.86
27    1    -0.051    2    2   1    0.46
108    2    0.000    2    1   1    0.69
77    2    -0.051    1    2   1    1.56
58    1    0.000    2    2   0    2.27
56    1    -0.129    2    2   1    1.82
126    2    -0.129    1    2   1    1.94
139    2    0.051    2    1   1    1.35
72    1    -0.051    2    2   1    1.25
112    2    -0.051    1    2   1    2.17
23    1    0.000    2    2   0    4.69
144    2    0.051    2    1   1    3.25
116    2    -0.129    1    2   1    1.92
20    1    0.129    1    1   1    1.83
133    2    0.000    2    1   1    5.82
63    1    0.000    2    2   0    2.95
132    2    -0.051    1    2   1    1.08
44    1    0.051    1    1   1    0.92
13    1    0.000    2    2   0    5.58
5    1    0.129    1    1   1    0.93
86    2    -0.129    1    2   1    1.59
89    2    0.051    2    1   1    1.28
31    1    -0.129    2    2   1    0.98
52    1    -0.051    2    2   1    1.09
45    1    0.129    1    1   1    2.39
143    2    0.000    2    1   1    1.61
28    1    0.000    1    1   1    1.71
140    2    0.129    2    1   1    0.64
123    2    0.000    2    1   1    2.04
8    1    0.000    2    2   0    1.23
110    2    0.129    2    1   1    1.22
62    1    -0.051    2    2   1    0.58
32    1    -0.051    2    2   1    0.64
50    1    0.129    1    1   1    2.37
141    2    -0.129    1    2   1    0.65
25    1    0.129    1    1   1    0.58
82    2    -0.051    1    2   1    1.12
79    2    0.051    2    1   1    1.32
46    1    -0.129    2    2   1    0.49
113    2    0.000    1    2   0    2.28
80    2    0.129    2    1   1    0.52
95    2    0.129    2    1   1    0.52
114    2    0.051    2    1   1    0.58
85    2    0.129    2    1   1    0.55
124    2    0.051    2    1   1    0.56
15    1    0.129    1    1   1    0.67
68    1    0.000    2    2   0    3.07
53    1    0.000    2    2   0    2.94
14    1    0.051    1    1   1    1.39
61    1    -0.129    2    2   1    0.63
55    1    0.129    1    1   1    1.01
105    2    0.129    2    1   1    0.50
41    1    -0.129    2    2   1    0.55
48    1    0.000    1    1   1    0.71
147    2    -0.051    1    2   1    0.87
1    1    -0.129    2    2   1    0.51
149    2    0.051    2    1   1    0.52
40    1    0.129    1    1   1    2.75
125    2    0.129    2    1   1    0.48
99    2    0.051    2    1   1    0.62
6    1    -0.129    2    2   1    0.79
51    1    -0.129    2    2   1    0.78
4    1    0.051    1    1   1    0.63
115    2    0.129    2    1   1    0.42
127    2    -0.051    1    2   1    0.65
19    1    0.051    1    1   1    0.65
26    1    -0.129    2    2   1    0.56
135    2    0.129    2    1   1    0.61
119    2    0.051    2    1   1    0.82
37    1    -0.051    2    2   1    0.58
69    1    0.051    1    1   1    0.80
101    2    -0.129    1    2   1    0.82
10    1    0.129    1    1   1    0.62
3    1    0.000    2    2   0    0.62
74    1    0.051    1    1   1    0.54
121    2    -0.129    2    1   0    0.58
98    2    0.000    2    1   1    2.58
84    2    0.051    2    1   1    0.56
97    2    -0.051    1    2   1    0.47
36    1    -0.129    2    2   1    0.49
96    2    -0.129    1    2   1    0.51
21    1    -0.129    2    2   1    0.90
2    1    -0.051    2    2   1    0.59
78    2    0.000    1    2   0    4.25
65    1    0.129    1    1   1    0.59
117    2    -0.051    2    1   0    1.15
100    2    0.129    2    1   1    1.19
66    1    -0.129    2    2   1    0.54
131    2    -0.129    1    2   1    0.70
128    2    0.000    2    1   1    3.32
39    1    0.051    1    1   1    1.44
71    1    -0.129    2    2   1    0.57
118    2    0.000    2    1   1    2.65
81    2    -0.129    1    2   1    1.12
22    1    -0.051    2    2   1    0.52
30    1    0.129    1    1   1    0.48
111    2    -0.129    1    2   1    0.95
70    1    0.129    1    1   1    0.79
7    1    -0.051    2    2   1    0.53
134    2    0.051    2    1   1    0.67
148    2    0.000    2    1   1    2.13
142    2    -0.051    1    2   1    0.56
136    2    -0.129    1    2   1    0.78
42    1    -0.051    2    2   1    0.59
103    2    0.000    1    2   0    4.17
145    2    0.129    2    1   1    0.61
