--------------------------------
25-Jun-2014 14:38:31 
data from observer A03 
#occlusion2 expt 
reference disparity (degrees) 0.160000 

stim order disp kresp testresp correct time
1    2    -0.074    1    2   1    1.30
2    2    0.069    2    1   1    0.72
3    2    -0.065    1    2   1    0.51
4    1    0.060    1    1   1    2.27
5    1    0.055    1    1   1    0.82
6    2    -0.051    1    2   1    1.56
7    1    -0.046    2    2   1    0.45
8    1    -0.042    2    2   1    0.87
9    2    0.037    2    1   1    0.63
10    1    -0.032    2    2   1    0.57
11    1    -0.028    2    2   1    0.84
12    2    0.023    2    1   1    0.99
13    2    0.018    2    1   1    1.15
14    1    -0.014    2    2   1    3.04
15    1    0.009    1    1   1    0.64
16    2    -0.005    2    1   0    1.25
17    1    0.014    1    1   1    0.79
18    2    0.014    2    1   1    0.76
19    1    0.009    1    1   1    0.66
20    1    -0.009    2    2   1    0.45
21    1    0.005    1    1   1    2.05
22    2    -0.005    2    1   0    0.61
23    2    -0.014    1    2   1    0.86
24    1    0.014    1    1   1    1.12
25    2    -0.009    2    1   0    0.78
26    2    -0.018    1    2   1    0.53
27    2    -0.018    2    1   0    0.46
28    2    0.028    2    1   1    0.56
29    1    -0.028    2    2   1    0.60
30    2    0.023    2    1   1    0.93
31    2    -0.023    1    2   1    0.67
32    1    -0.018    2    2   1    0.52
33    2    0.018    2    1   1    0.97
34    1    -0.014    2    2   1    0.71
35    2    -0.014    1    2   1    0.90
36    2    -0.009    2    1   0    0.50
37    1    -0.018    2    2   1    0.49
38    2    -0.018    1    2   1    0.64
39    2    -0.014    1    2   1    1.09
40    1    0.014    1    1   1    1.42
41    1    0.009    1    1   1    0.56
42    2    0.009    2    1   1    0.59
43    1    -0.005    2    2   1    0.54
44    2    -0.005    1    2   1    0.97
45    2    -0.005    2    1   0    0.75
46    1    0.014    1    1   1    0.38
47    1    0.014    2    2   0    0.63
48    1    -0.023    2    2   1    0.55
49    1    0.023    2    2   0    0.49
50    1    -0.032    2    2   1    0.74
-------------------------
Final staircase threshold estimate (mean) is 0.0139
-------------------------
15    1    0.037    1    1   1    2.13
73    1    0.000    2    2   0    0.85
81    2    -0.037    1    2   1    0.54
42    1    -0.014    2    2   1    0.61
130    2    0.037    2    1   1    0.75
57    1    -0.014    2    2   1    0.70
63    1    0.000    2    2   0    0.55
36    1    -0.037    2    2   1    0.56
90    2    0.037    2    1   1    0.46
76    2    -0.037    1    2   1    0.58
16    1    -0.037    2    2   1    0.70
125    2    0.037    2    1   1    0.50
67    1    -0.014    2    2   1    1.04
58    1    0.000    1    1   1    0.88
43    1    0.000    1    1   1    1.28
89    2    0.014    2    1   1    0.51
8    1    0.000    1    1   1    0.78
45    1    0.037    1    1   1    0.79
136    2    -0.037    1    2   1    0.87
60    1    0.037    1    1   1    0.69
128    2    0.000    2    1   1    0.99
84    2    0.014    2    1   1    0.96
14    1    0.014    1    1   1    0.51
77    2    -0.014    2    1   0    0.58
133    2    0.000    1    2   0    1.79
127    2    -0.014    1    2   1    0.69
105    2    0.037    2    1   1    0.49
53    1    0.000    1    1   1    0.54
61    1    -0.037    2    2   1    0.56
66    1    -0.037    2    2   1    0.56
70    1    0.037    1    1   1    0.50
38    1    0.000    1    1   1    0.73
13    1    0.000    1    1   1    1.09
114    2    0.014    2    1   1    0.50
126    2    -0.037    1    2   1    0.69
24    1    0.014    1    1   1    0.61
100    2    0.037    2    1   1    0.42
94    2    0.014    2    1   1    0.55
145    2    0.037    1    2   0    0.47
48    1    0.000    2    2   0    0.64
103    2    0.000    2    1   1    2.93
141    2    -0.037    1    2   1    0.61
116    2    -0.037    1    2   1    0.67
55    1    0.037    1    1   1    0.79
32    1    -0.014    2    2   1    0.62
34    1    0.014    1    1   1    0.59
122    2    -0.014    1    2   1    2.03
91    2    -0.037    1    2   1    0.65
82    2    -0.014    1    2   1    0.48
17    1    -0.014    2    2   1    0.60
59    1    0.014    1    1   1    0.48
86    2    -0.037    1    2   1    0.62
143    2    0.000    2    1   1    0.64
46    1    -0.037    2    2   1    0.70
19    1    0.014    1    1   1    0.75
40    1    0.037    1    1   1    0.75
4    1    0.014    1    1   1    0.86
62    1    -0.014    2    2   1    1.57
113    2    0.000    1    2   0    0.83
120    2    0.037    2    1   1    0.52
123    2    0.000    2    1   1    7.59
68    1    0.000    2    2   0    2.70
54    1    0.014    1    1   1    0.61
115    2    0.037    2    1   1    0.53
10    1    0.037    1    1   1    0.50
31    1    -0.037    2    2   1    0.54
97    2    -0.014    1    2   1    0.85
117    2    -0.014    1    2   1    0.51
87    2    -0.014    1    2   1    0.57
102    2    -0.014    1    2   1    1.67
75    2    0.037    2    1   1    0.61
139    2    0.014    2    1   1    0.61
69    1    0.014    1    1   1    0.62
83    2    0.000    2    1   1    0.55
110    2    0.037    2    1   1    0.63
134    2    0.014    2    1   1    0.64
132    2    -0.014    1    2   1    0.86
147    2    -0.014    2    1   0    0.57
106    2    -0.037    1    2   1    0.50
124    2    0.014    2    1   1    0.71
92    2    -0.014    1    2   1    0.55
51    1    -0.037    2    2   1    0.51
47    1    -0.014    2    2   1    0.63
119    2    0.014    2    1   1    0.55
9    1    0.014    1    1   1    0.61
23    1    0.000    1    1   1    0.63
49    1    0.014    1    1   1    0.76
12    1    -0.014    2    2   1    0.66
93    2    0.000    2    1   1    2.79
148    2    0.000    1    2   0    0.62
85    2    0.037    2    1   1    0.52
111    2    -0.037    1    2   1    0.49
88    2    0.000    1    2   0    2.17
99    2    0.014    2    1   1    1.00
28    1    0.000    1    1   1    0.73
72    1    -0.014    2    2   1    1.37
56    1    -0.037    2    2   1    0.59
5    1    0.037    1    1   1    0.48
135    2    0.037    2    1   1    0.53
3    1    0.000    2    2   0    2.42
39    1    0.014    1    1   1    0.50
109    2    0.014    2    1   1    0.50
80    2    0.037    2    1   1    0.63
11    1    -0.037    2    2   1    2.48
20    1    0.037    1    1   1    0.70
35    1    0.037    1    1   1    0.57
118    2    0.000    2    1   1    0.50
33    1    0.000    1    1   1    0.81
65    1    0.037    1    1   1    0.56
22    1    -0.014    2    2   1    0.64
108    2    0.000    1    2   0    0.53
138    2    0.000    1    2   0    0.99
29    1    0.014    1    1   1    2.12
6    1    -0.037    2    2   1    0.61
64    1    0.014    1    1   1    1.27
41    1    -0.037    2    2   1    0.62
25    1    0.037    1    1   1    0.63
150    2    0.037    2    1   1    0.99
18    1    0.000    1    1   1    0.66
50    1    0.037    1    1   1    0.67
101    2    -0.037    1    2   1    0.64
142    2    -0.014    1    2   1    0.57
96    2    -0.037    1    2   1    1.56
131    2    -0.037    1    2   1    0.60
27    1    -0.014    2    2   1    1.34
140    2    0.037    2    1   1    0.63
79    2    0.014    2    1   1    2.67
71    1    -0.037    1    1   0    0.75
121    2    -0.037    1    2   1    2.05
26    1    -0.037    2    2   1    1.85
129    2    0.014    2    1   1    1.93
7    1    -0.014    2    2   1    1.69
74    1    0.014    1    1   1    3.06
1    1    -0.037    2    2   1    0.89
2    1    -0.014    2    2   1    1.38
112    2    -0.014    1    2   1    0.90
95    2    0.037    2    1   1    0.66
30    1    0.037    1    1   1    0.60
44    1    0.014    2    2   0    1.93
52    1    -0.014    2    2   1    0.83
144    2    0.014    2    1   1    5.50
104    2    0.014    2    1   1    2.29
146    2    -0.037    1    2   1    0.64
107    2    -0.014    1    2   1    1.31
137    2    -0.014    2    1   0    3.93
98    2    0.000    1    2   0    1.81
21    1    -0.037    2    2   1    0.69
149    2    0.014    2    1   1    0.67
37    1    -0.014    2    2   1    2.18
78    2    0.000    1    2   0    1.51
