--------------------------------
27-Jun-2014 10:20:38 
data from observer A03 
#occlusion2 expt 
reference disparity (degrees) 0.160000 

stim order disp kresp testresp correct time
1    2    -0.074    2    1   1    2.75
2    2    0.069    1    2   1    1.39
3    2    0.065    1    2   1    0.71
4    2    -0.060    2    1   1    2.93
5    2    0.055    1    2   1    1.06
6    2    -0.051    2    1   1    0.55
7    1    0.046    2    2   1    0.57
8    1    -0.042    1    1   1    0.49
9    2    -0.037    2    1   1    0.57
10    2    -0.032    2    1   1    1.28
11    2    -0.028    2    1   1    2.90
12    2    -0.023    2    1   1    2.12
13    1    0.018    1    1   0    0.75
14    2    0.028    1    2   1    1.04
15    1    -0.028    1    1   1    1.16
16    2    -0.023    2    1   1    2.53
17    2    -0.023    2    1   1    1.91
18    2    -0.018    2    1   1    0.71
19    2    -0.018    2    1   1    1.07
20    1    0.014    2    2   1    2.08
21    1    -0.014    1    1   1    0.70
22    2    -0.009    2    1   1    1.23
23    2    0.009    1    2   1    0.75
24    1    0.005    1    1   0    1.09
25    1    -0.014    2    2   0    1.16
26    2    0.023    1    2   1    0.49
27    1    0.023    2    2   1    0.96
28    1    0.018    2    2   1    1.43
29    1    0.018    2    2   1    0.95
30    2    -0.014    2    1   1    0.62
31    2    -0.014    2    1   1    0.68
32    2    0.009    1    2   1    1.19
33    1    -0.009    2    2   0    0.66
34    1    0.018    2    2   1    0.69
35    2    -0.018    2    1   1    0.74
36    1    0.014    2    2   1    0.70
37    2    -0.014    2    1   1    1.02
38    1    -0.009    1    1   1    1.67
39    1    -0.009    2    2   0    0.69
40    2    0.018    2    1   0    3.26
41    1    0.028    2    2   1    0.66
42    2    0.028    1    2   1    0.71
43    1    -0.023    1    1   1    1.03
44    2    0.023    1    2   1    0.84
45    1    0.018    2    2   1    1.28
46    2    -0.018    2    1   1    0.69
47    1    0.014    1    1   0    2.02
48    2    0.023    2    1   0    1.16
49    1    0.032    2    2   1    0.66
50    1    -0.032    1    1   1    2.54
-------------------------
Final staircase threshold estimate (mean) is 0.0240
-------------------------
14    1    0.023    2    2   0    2.69
109    2    0.023    1    2   0    0.60
16    1    -0.060    1    1   0    0.59
79    2    0.023    1    2   0    0.64
47    1    -0.023    1    1   0    0.79
143    2    0.000    1    2   0    0.89
3    1    0.000    1    1   1    0.65
32    1    -0.023    1    1   0    0.59
44    1    0.023    2    2   0    0.76
121    2    -0.060    2    1   0    0.50
93    2    0.000    1    2   0    0.98
98    2    0.000    1    2   0    3.63
72    1    -0.023    1    1   0    0.86
5    1    0.060    2    2   0    0.55
40    1    0.060    2    2   0    0.48
36    1    -0.060    1    1   0    0.56
128    2    0.000    2    1   1    2.25
17    1    -0.023    1    1   0    0.64
18    1    0.000    1    1   1    2.03
54    1    0.023    2    2   0    0.56
35    1    0.060    2    2   0    0.71
52    1    -0.023    1    1   0    0.59
115    2    0.060    1    2   0    0.77
1    1    -0.060    2    2   1    1.12
124    2    0.023    1    2   0    0.82
130    2    0.060    1    2   0    0.58
99    2    0.023    1    2   0    0.57
117    2    -0.023    2    1   0    0.50
142    2    -0.023    2    1   0    0.63
2    1    -0.023    1    1   0    0.53
87    2    -0.023    2    1   0    0.93
7    1    -0.023    1    1   0    0.72
31    1    -0.060    1    1   0    0.63
127    2    -0.023    2    1   0    0.55
97    2    -0.023    2    1   0    0.82
107    2    -0.023    1    2   1    0.58
67    1    -0.023    1    1   0    0.68
129    2    0.023    1    2   0    0.72
51    1    -0.060    1    1   0    0.53
64    1    0.023    2    2   0    0.79
20    1    0.060    2    2   0    0.99
45    1    0.060    2    2   0    0.61
134    2    0.023    1    2   0    0.49
56    1    -0.060    1    1   0    0.68
22    1    -0.023    1    1   0    0.66
71    1    -0.060    1    1   0    0.75
76    2    -0.060    2    1   0    0.43
27    1    -0.023    1    1   0    0.60
123    2    0.000    2    1   1    2.47
86    2    -0.060    2    1   0    0.48
110    2    0.060    1    2   0    0.71
10    1    0.060    2    2   0    0.60
84    2    0.023    1    2   0    0.42
73    1    0.000    2    2   0    0.98
101    2    -0.060    2    1   0    0.51
92    2    -0.023    2    1   0    0.61
131    2    -0.060    2    1   0    0.63
82    2    -0.023    2    1   0    0.68
113    2    0.000    2    1   1    2.43
149    2    0.023    1    2   0    0.66
144    2    0.023    1    2   0    0.57
21    1    -0.060    1    1   0    0.50
120    2    0.060    1    2   0    0.61
95    2    0.060    1    2   0    0.59
19    1    0.023    2    2   0    0.50
106    2    -0.060    2    1   0    0.68
146    2    -0.060    2    1   0    0.54
140    2    0.060    1    2   0    0.55
102    2    -0.023    2    1   0    0.95
23    1    0.000    1    1   1    0.44
24    1    0.023    2    2   0    0.85
48    1    0.000    1    1   1    0.67
118    2    0.000    1    2   0    0.93
135    2    0.060    1    2   0    0.63
43    1    0.000    1    1   1    0.81
75    2    0.060    1    2   0    0.68
69    1    0.023    2    2   0    0.47
89    2    0.023    1    2   0    0.70
126    2    -0.060    2    1   0    0.39
60    1    0.060    2    2   0    0.46
9    1    0.023    2    2   0    0.44
133    2    0.000    1    2   0    1.64
49    1    0.023    2    2   0    0.47
65    1    0.060    2    2   0    0.54
137    2    -0.023    2    1   0    0.46
122    2    -0.023    2    1   0    0.78
70    1    0.060    2    2   0    0.69
96    2    -0.060    2    1   0    0.49
112    2    -0.023    2    1   0    0.37
37    1    -0.023    2    2   1    0.50
148    2    0.000    2    1   1    1.83
57    1    -0.023    1    1   0    1.19
138    2    0.000    1    2   0    3.05
33    1    0.000    2    2   0    0.78
6    1    -0.060    1    1   0    0.48
111    2    -0.060    2    1   0    0.52
25    1    0.060    2    2   0    0.76
15    1    0.060    2    2   0    0.68
53    1    0.000    2    2   0    0.64
108    2    0.000    2    1   1    1.15
103    2    0.000    1    2   0    0.93
8    1    0.000    2    2   0    0.61
90    2    0.060    1    2   0    0.72
83    2    0.000    1    2   0    1.59
136    2    -0.060    2    1   0    0.58
125    2    0.060    1    2   0    0.53
34    1    0.023    2    2   0    0.41
4    1    0.023    2    2   0    0.57
41    1    -0.060    1    1   0    0.55
46    1    -0.060    1    1   0    0.81
116    2    -0.060    2    1   0    0.57
29    1    0.023    2    2   0    0.72
88    2    0.000    1    2   0    1.94
68    1    0.000    2    2   0    0.51
141    2    -0.060    2    1   0    0.59
61    1    -0.060    1    1   0    0.78
77    2    -0.023    2    1   0    0.41
105    2    0.060    1    2   0    0.61
78    2    0.000    2    1   1    0.33
66    1    -0.060    1    1   0    0.61
26    1    -0.060    1    1   0    0.68
94    2    0.023    1    2   0    0.90
81    2    -0.060    2    1   0    0.44
38    1    0.000    2    2   0    2.41
39    1    0.023    2    2   0    0.83
58    1    0.000    2    2   0    2.00
145    2    0.060    1    2   0    0.62
104    2    0.023    2    1   1    0.65
12    1    -0.023    1    1   0    0.52
30    1    0.060    2    2   0    0.46
100    2    0.060    1    2   0    0.42
59    1    0.023    2    2   0    0.58
11    1    -0.060    1    1   0    0.41
119    2    0.023    2    1   1    0.29
28    1    0.000    1    1   1    0.51
139    2    0.023    1    2   0    1.31
80    2    0.060    1    2   0    0.64
63    1    0.000    1    1   1    1.07
42    1    -0.023    2    2   1    0.42
62    1    -0.023    1    1   0    0.43
74    1    0.023    2    2   0    0.85
150    2    0.060    1    2   0    0.82
85    2    0.060    1    2   0    0.84
13    1    0.000    1    1   1    0.95
132    2    -0.023    2    1   0    0.40
50    1    0.060    2    2   0    0.57
91    2    -0.060    2    1   0    0.65
147    2    -0.023    2    1   0    0.99
55    1    0.060    2    2   0    0.75
114    2    0.023    1    2   0    1.11
