--------------------------------
09-Jul-2014 13:18:51 
data from observer A04 
#occlusion2 expt 
reference disparity (degrees) 0.160000 

stim order disp kresp testresp correct time
1    1    -0.074    1    1   1    0.95
2    2    0.069    1    2   1    0.89
3    2    -0.065    2    1   1    1.32
4    2    0.060    1    2   1    0.88
5    2    -0.055    2    1   1    0.82
6    2    -0.051    2    1   1    0.81
7    2    0.046    1    2   1    1.05
8    1    -0.042    1    1   1    0.99
9    2    -0.037    2    1   1    1.28
10    2    -0.032    2    1   1    1.31
11    1    0.028    2    2   1    0.89
12    2    -0.023    2    1   1    0.93
13    1    -0.018    1    1   1    1.07
14    1    -0.014    1    1   1    0.67
15    1    -0.009    1    1   1    0.72
16    2    0.005    1    2   1    0.97
17    1    0.005    2    2   1    2.73
18    1    -0.005    1    1   1    0.60
19    2    0.005    1    2   1    1.01
20    1    -0.005    1    1   1    0.77
21    1    0.005    1    1   0    1.36
22    2    0.014    1    2   1    0.64
23    2    -0.014    1    2   0    2.38
24    1    -0.023    1    1   1    1.09
25    1    0.023    1    1   0    0.51
26    2    -0.032    2    1   1    0.95
27    1    0.032    2    2   1    2.46
28    2    0.028    1    2   1    0.90
29    1    -0.028    1    1   1    3.69
30    1    0.023    2    2   1    1.31
31    2    0.023    1    2   1    0.97
32    1    -0.018    1    1   1    1.27
33    2    -0.018    2    1   1    0.65
34    1    -0.014    1    1   1    0.68
35    1    -0.014    1    1   1    0.68
36    1    0.009    1    1   0    1.44
37    2    0.018    1    2   1    0.67
38    1    -0.018    1    1   1    0.55
39    2    0.014    1    2   1    0.98
40    1    -0.014    1    1   1    0.67
41    1    0.009    1    1   0    2.52
42    2    0.018    1    2   1    0.66
43    1    -0.018    1    1   1    0.58
44    1    -0.014    1    1   1    0.62
45    2    -0.014    2    1   1    2.89
46    2    0.009    1    2   1    0.43
47    2    -0.009    1    2   0    0.55
48    2    -0.018    1    2   0    0.56
49    1    -0.028    1    1   1    0.77
50    1    0.028    1    1   0    0.65
-------------------------
Final staircase threshold estimate (mean) is 0.0166
-------------------------
147    2    -0.018    2    1   0    12.94
38    1    0.000    1    1   1    2.89
137    2    -0.018    2    1   0    2.33
87    2    -0.018    2    1   0    0.84
99    2    0.018    1    2   0    0.79
134    2    0.018    1    2   0    0.97
144    2    0.018    1    2   0    0.76
63    1    0.000    1    1   1    0.76
82    2    -0.018    2    1   0    0.68
115    2    0.042    1    2   0    0.57
28    1    0.000    1    1   1    1.42
26    1    -0.042    1    1   0    0.60
105    2    0.042    1    2   0    0.99
125    2    0.042    1    2   0    0.99
4    1    0.018    2    2   0    1.07
66    1    -0.042    1    1   0    0.57
83    2    0.000    1    2   0    0.60
56    1    -0.042    1    1   0    1.08
112    2    -0.018    2    1   0    1.37
1    1    -0.042    1    1   0    0.63
91    2    -0.042    2    1   0    0.57
109    2    0.018    1    2   0    0.89
46    1    -0.042    1    1   0    1.38
19    1    0.018    2    2   0    1.43
111    2    -0.042    2    1   0    0.73
60    1    0.042    2    2   0    1.39
76    2    -0.042    2    1   0    1.40
25    1    0.042    2    2   0    1.15
97    2    -0.018    2    1   0    0.68
100    2    0.042    1    2   0    0.83
39    1    0.018    1    1   1    0.78
29    1    0.018    2    2   0    1.19
61    1    -0.042    1    1   0    1.00
119    2    0.018    1    2   0    0.95
108    2    0.000    1    2   0    0.99
96    2    -0.042    2    1   0    0.78
64    1    0.018    2    2   0    0.84
21    1    -0.042    1    1   0    0.66
130    2    0.042    1    2   0    0.60
94    2    0.018    1    2   0    0.68
23    1    0.000    1    1   1    0.84
70    1    0.042    2    2   0    0.83
58    1    0.000    2    2   0    3.33
22    1    -0.018    1    1   0    0.92
113    2    0.000    1    2   0    0.61
132    2    -0.018    1    2   1    1.58
143    2    0.000    1    2   0    1.66
55    1    0.042    2    2   0    0.66
123    2    0.000    1    2   0    1.50
48    1    0.000    2    2   0    2.11
42    1    -0.018    1    1   0    0.43
114    2    0.018    1    2   0    1.00
150    2    0.042    2    1   1    0.03
17    1    -0.018    1    1   0    0.44
5    1    0.042    1    1   1    0.27
75    2    0.042    1    2   0    0.39
40    1    0.042    1    1   1    0.21
77    2    -0.018    2    1   0    2.19
52    1    -0.018    1    1   0    0.66
127    2    -0.018    2    1   0    1.39
85    2    0.042    1    2   0    0.59
142    2    -0.018    1    2   1    0.49
124    2    0.018    1    2   0    0.86
3    1    0.000    1    1   1    0.92
90    2    0.042    1    2   0    0.97
74    1    0.018    2    2   0    2.95
78    2    0.000    1    2   0    1.78
69    1    0.018    2    2   0    1.44
47    1    -0.018    1    1   0    0.69
11    1    -0.042    1    1   0    0.54
95    2    0.042    1    2   0    0.61
57    1    -0.018    1    1   0    0.52
62    1    -0.018    1    1   0    0.48
12    1    -0.018    1    1   0    0.53
37    1    -0.018    1    1   0    0.68
86    2    -0.042    1    2   1    0.91
117    2    -0.018    2    1   0    0.76
41    1    -0.042    1    1   0    0.60
7    1    -0.018    1    1   0    0.66
102    2    -0.018    1    2   1    0.52
84    2    0.018    1    2   0    1.15
88    2    0.000    1    2   0    0.59
103    2    0.000    1    2   0    0.57
44    1    0.018    1    1   1    0.79
10    1    0.042    2    2   0    2.80
131    2    -0.042    2    1   0    0.82
15    1    0.042    1    1   1    0.77
33    1    0.000    1    1   1    0.96
13    1    0.000    1    1   1    0.71
30    1    0.042    2    2   0    1.16
67    1    -0.018    1    1   0    0.91
81    2    -0.042    1    2   1    0.70
89    2    0.018    1    2   0    0.69
2    1    -0.018    2    2   1    2.21
65    1    0.042    1    1   1    0.99
73    1    0.000    1    1   1    0.58
110    2    0.042    1    2   0    0.49
18    1    0.000    1    1   1    0.45
43    1    0.000    1    1   1    0.55
149    2    0.018    1    2   0    0.47
121    2    -0.042    2    1   0    1.45
128    2    0.000    2    1   1    1.22
35    1    0.042    2    2   0    1.05
148    2    0.000    1    2   0    1.10
116    2    -0.042    2    1   0    0.77
27    1    -0.018    1    1   0    0.79
140    2    0.042    1    2   0    0.79
31    1    -0.042    1    1   0    0.49
80    2    0.042    1    2   0    0.52
16    1    -0.042    1    1   0    0.44
129    2    0.018    1    2   0    0.45
8    1    0.000    2    2   0    1.29
122    2    -0.018    2    1   0    1.10
53    1    0.000    1    1   1    0.93
92    2    -0.018    1    2   1    0.74
71    1    -0.042    1    1   0    0.60
14    1    0.018    1    1   1    0.48
45    1    0.042    1    1   1    0.74
136    2    -0.042    2    1   0    0.58
36    1    -0.042    1    1   0    0.91
93    2    0.000    1    2   0    0.76
133    2    0.000    1    2   0    0.60
98    2    0.000    1    2   0    0.53
59    1    0.018    2    2   0    0.87
79    2    0.018    1    2   0    0.41
34    1    0.018    1    1   1    0.53
139    2    0.018    1    2   0    0.46
146    2    -0.042    1    2   1    0.36
20    1    0.042    2    2   0    0.82
106    2    -0.042    2    1   0    1.79
126    2    -0.042    2    1   0    2.21
141    2    -0.042    2    1   0    0.64
138    2    0.000    1    2   0    2.35
68    1    0.000    1    1   1    1.07
32    1    -0.018    1    1   0    0.50
107    2    -0.018    2    1   0    0.92
51    1    -0.042    1    1   0    0.68
6    1    -0.042    1    1   0    0.86
54    1    0.018    1    1   1    1.12
120    2    0.042    1    2   0    0.75
50    1    0.042    2    2   0    1.29
104    2    0.018    1    2   0    0.66
72    1    -0.018    1    1   0    0.57
24    1    0.018    1    1   1    0.59
101    2    -0.042    2    1   0    0.59
49    1    0.018    1    1   1    0.52
9    1    0.018    2    2   0    0.48
118    2    0.000    1    2   0    0.47
135    2    0.042    1    2   0    0.63
145    2    0.042    1    2   0    1.33
