--------------------------------
09-Jul-2014 10:14:35 
data from observer A04 
#occlusion2 expt 
reference disparity (degrees) 0.160000 

stim order disp kresp testresp correct time
1    2    0.074    2    1   1    2.76
2    2    0.069    2    1   1    1.20
3    1    -0.065    2    2   1    0.83
4    1    -0.060    2    2   1    0.68
5    1    -0.055    2    2   1    0.73
6    1    0.051    1    1   1    1.35
7    1    -0.046    2    2   1    1.03
8    1    0.042    1    1   1    2.50
9    2    0.037    2    1   1    0.81
10    1    -0.032    2    2   1    1.24
11    1    -0.028    2    2   1    0.66
12    2    0.023    2    1   1    0.95
13    2    0.018    2    1   1    1.88
14    1    0.014    1    1   1    4.69
15    2    0.009    2    1   1    0.84
16    1    0.005    1    1   1    2.39
17    2    0.005    2    1   1    1.15
18    2    0.005    2    1   1    1.22
19    2    0.005    2    1   1    1.66
20    1    -0.005    2    2   1    0.79
21    1    0.005    1    1   1    1.36
22    1    0.005    1    1   1    2.39
23    1    -0.005    2    2   1    1.15
24    2    0.005    2    1   1    0.75
25    2    -0.005    1    2   1    2.94
26    2    0.005    2    1   1    0.62
27    1    -0.005    2    2   1    1.11
28    2    -0.005    2    1   0    2.24
29    1    0.014    1    1   1    1.65
30    2    0.014    2    1   1    0.72
31    2    -0.009    1    2   1    1.28
32    1    -0.009    2    2   1    1.36
33    1    -0.005    2    2   1    0.71
34    1    -0.005    2    2   1    1.38
35    2    -0.005    2    1   0    1.90
36    1    -0.014    2    2   1    0.76
37    1    -0.014    2    2   1    0.76
38    2    0.009    2    1   1    1.83
39    1    0.009    1    1   1    2.78
40    2    -0.005    2    1   0    1.87
41    2    -0.014    2    1   0    0.97
42    2    -0.023    2    1   0    0.61
43    1    0.032    1    1   1    1.47
44    2    0.032    2    1   1    1.09
45    1    0.028    1    1   1    0.75
46    1    -0.028    2    2   1    0.68
47    2    -0.023    1    2   1    0.65
48    2    -0.023    1    2   1    0.80
49    1    -0.018    2    2   1    0.67
50    2    0.018    2    1   1    1.04
-------------------------
Final staircase threshold estimate (mean) is 0.0240
-------------------------
17    1    -0.023    2    2   1    6.93
55    1    0.060    1    1   1    0.87
23    1    0.000    2    2   0    2.80
135    2    0.060    2    1   1    0.67
136    2    -0.060    1    2   1    0.70
27    1    -0.023    2    2   1    0.72
37    1    -0.023    2    2   1    0.90
90    2    0.060    2    1   1    0.58
116    2    -0.060    1    2   1    0.78
61    1    -0.060    2    2   1    0.80
148    2    0.000    2    1   1    1.41
112    2    -0.023    1    2   1    1.95
87    2    -0.023    1    2   1    1.31
76    2    -0.060    1    2   1    0.69
53    1    0.000    2    2   0    1.58
10    1    0.060    1    1   1    1.01
101    2    -0.060    1    2   1    0.98
100    2    0.060    2    1   1    0.97
36    1    -0.060    2    2   1    1.55
7    1    -0.023    2    2   1    0.71
51    1    -0.060    2    2   1    0.80
127    2    -0.023    1    2   1    1.00
131    2    -0.060    1    2   1    0.85
11    1    -0.060    2    2   1    0.80
48    1    0.000    2    2   0    5.25
130    2    0.060    2    1   1    0.80
75    2    0.060    2    1   1    1.43
42    1    -0.023    2    2   1    0.98
120    2    0.060    2    1   1    0.98
43    1    0.000    2    2   0    4.82
12    1    -0.023    2    2   1    1.17
125    2    0.060    2    1   1    0.76
64    1    0.023    1    1   1    1.18
82    2    -0.023    1    2   1    2.67
58    1    0.000    1    1   1    1.51
71    1    -0.060    2    2   1    0.82
77    2    -0.023    1    2   1    0.95
111    2    -0.060    1    2   1    0.68
16    1    -0.060    2    2   1    0.61
102    2    -0.023    1    2   1    0.82
47    1    -0.023    2    2   1    0.69
69    1    0.023    1    1   1    1.89
19    1    0.023    1    1   1    0.62
39    1    0.023    1    1   1    0.69
118    2    0.000    1    2   0    0.94
107    2    -0.023    1    2   1    0.87
106    2    -0.060    1    2   1    0.84
97    2    -0.023    1    2   1    0.56
126    2    -0.060    1    2   1    0.58
88    2    0.000    1    2   0    1.00
145    2    0.060    2    1   1    0.82
44    1    0.023    1    1   1    0.82
9    1    0.023    1    1   1    1.23
141    2    -0.060    1    2   1    0.79
34    1    0.023    1    1   1    0.82
50    1    0.060    1    1   1    0.83
139    2    0.023    2    1   1    1.35
46    1    -0.060    2    2   1    0.95
22    1    -0.023    2    2   1    0.75
122    2    -0.023    1    2   1    1.04
49    1    0.023    1    1   1    1.66
85    2    0.060    2    1   1    0.64
150    2    0.060    2    1   1    0.61
14    1    0.023    1    1   1    1.85
52    1    -0.023    2    2   1    0.79
121    2    -0.060    1    2   1    0.92
59    1    0.023    1    1   1    0.95
28    1    0.000    1    1   1    1.65
138    2    0.000    1    2   0    1.91
98    2    0.000    1    2   0    3.41
132    2    -0.023    1    2   1    0.64
62    1    -0.023    2    2   1    0.71
1    1    -0.060    2    2   1    0.66
8    1    0.000    1    1   1    3.77
68    1    0.000    2    2   0    2.85
89    2    0.023    2    1   1    0.73
103    2    0.000    1    2   0    2.95
93    2    0.000    1    2   0    0.97
18    1    0.000    1    1   1    0.77
142    2    -0.023    1    2   1    1.25
134    2    0.023    2    1   1    0.71
92    2    -0.023    1    2   1    0.80
60    1    0.060    2    2   0    0.68
129    2    0.023    2    1   1    1.45
56    1    -0.060    2    2   1    0.65
83    2    0.000    1    2   0    1.91
4    1    0.023    1    1   1    0.72
35    1    0.060    1    1   1    0.50
29    1    0.023    1    1   1    1.22
117    2    -0.023    1    2   1    0.72
114    2    0.023    2    1   1    0.74
149    2    0.023    2    1   1    0.84
40    1    0.060    1    1   1    0.79
74    1    0.023    1    1   1    0.53
54    1    0.023    1    1   1    0.77
73    1    0.000    1    1   1    1.22
110    2    0.060    2    1   1    0.69
63    1    0.000    1    1   1    0.88
6    1    -0.060    2    2   1    0.73
32    1    -0.023    2    2   1    0.63
146    2    -0.060    1    2   1    0.66
24    1    0.023    1    1   1    0.63
128    2    0.000    1    2   0    1.22
13    1    0.000    1    1   1    0.94
124    2    0.023    2    1   1    0.81
30    1    0.060    1    1   1    0.79
15    1    0.060    1    1   1    0.94
80    2    0.060    2    1   1    0.70
105    2    0.060    2    1   1    0.68
143    2    0.000    1    2   0    1.13
31    1    -0.060    2    2   1    0.68
81    2    -0.060    1    2   1    0.70
91    2    -0.060    1    2   1    0.80
33    1    0.000    1    1   1    1.55
70    1    0.060    1    1   1    0.73
5    1    0.060    1    1   1    0.67
99    2    0.023    2    1   1    1.18
2    1    -0.023    2    2   1    0.68
3    1    0.000    1    1   1    0.74
96    2    -0.060    1    2   1    0.67
140    2    0.060    2    1   1    1.13
57    1    -0.023    2    2   1    0.65
137    2    -0.023    1    2   1    0.69
84    2    0.023    2    1   1    0.61
123    2    0.000    1    2   0    0.75
119    2    0.023    2    1   1    0.94
94    2    0.023    2    1   1    0.61
65    1    0.060    1    1   1    0.62
25    1    0.060    1    1   1    0.45
113    2    0.000    1    2   0    1.18
67    1    -0.023    2    2   1    0.64
108    2    0.000    2    1   1    0.89
78    2    0.000    1    2   0    0.68
95    2    0.060    2    1   1    0.69
144    2    0.023    2    1   1    0.64
21    1    -0.060    2    2   1    0.88
133    2    0.000    2    1   1    1.55
79    2    0.023    2    1   1    0.83
109    2    0.023    2    1   1    0.48
45    1    0.060    2    2   0    0.26
20    1    0.060    1    1   1    0.86
115    2    0.060    2    1   1    0.63
72    1    -0.023    2    2   1    0.95
41    1    -0.060    2    2   1    0.47
66    1    -0.060    2    2   1    0.52
26    1    -0.060    2    2   1    0.51
104    2    0.023    2    1   1    0.44
147    2    -0.023    1    2   1    0.88
38    1    0.000    2    2   0    0.94
86    2    -0.060    1    2   1    0.96
--------------------------------
09-Jul-2014 10:43:47 
data from observer A04 
#occlusion2 expt 
reference disparity (degrees) 0.160000 

stim order disp kresp testresp correct time
1    1    -0.074    2    2   1    1.52
2    1    0.069    1    1   1    1.24
3    1    0.065    1    1   1    0.58
4    2    0.060    2    1   1    0.49
5    2    -0.055    1    2   1    1.20
6    1    -0.051    2    2   1    0.52
7    2    0.046    2    1   1    0.92
8    2    0.042    1    2   0    0.25
9    2    0.051    2    1   1    0.53
10    2    0.051    2    1   1    0.93
11    1    -0.046    2    2   1    1.31
12    2    -0.046    1    2   1    1.57
13    1    0.042    1    1   1    0.50
14    2    0.042    2    1   1    0.73
15    1    -0.037    2    2   1    0.69
16    2    -0.037    1    2   1    0.65
17    1    -0.032    2    2   1    0.62
18    1    -0.032    2    2   1    0.77
19    2    -0.028    1    2   1    0.68
20    1    -0.028    2    2   1    0.54
21    2    0.023    2    1   1    0.50
22    1    -0.023    2    2   1    0.60
23    2    -0.018    1    2   1    0.60
24    2    -0.018    1    2   1    0.56
25    2    -0.014    1    2   1    0.58
26    1    0.014    1    1   1    0.71
27    2    0.009    2    1   1    1.16
28    1    0.009    1    1   1    1.71
29    2    -0.005    2    1   0    0.92
30    2    -0.014    1    2   1    0.50
31    2    0.014    2    1   1    0.56
32    1    -0.009    2    2   1    0.72
33    1    -0.009    2    2   1    0.53
34    2    -0.005    2    1   0    0.99
35    2    -0.014    1    2   1    1.38
36    2    0.014    2    1   1    1.03
37    2    -0.009    1    2   1    0.84
38    2    -0.009    1    2   1    0.59
39    1    -0.005    1    1   0    0.70
40    1    0.014    1    1   1    1.61
41    2    0.014    1    2   0    0.99
42    2    0.023    2    1   1    0.80
43    1    0.023    1    1   1    0.82
44    1    0.018    1    1   1    0.60
45    1    0.018    1    1   1    0.59
46    1    -0.014    1    1   0    0.35
47    1    -0.023    2    2   1    0.97
48    1    0.023    1    1   1    0.93
49    2    0.018    2    1   1    1.15
50    2    0.018    2    1   1    0.52
-------------------------
Final staircase threshold estimate (mean) is 0.0194
-------------------------
11    1    -0.051    2    2   1    12.17
95    2    0.051    2    1   1    0.52
89    2    0.018    2    1   1    0.72
40    1    0.051    1    1   1    0.58
84    2    0.018    2    1   1    0.95
32    1    -0.018    2    2   1    0.62
61    1    -0.051    2    2   1    0.46
67    1    -0.018    2    2   1    0.51
146    2    -0.051    1    2   1    0.84
65    1    0.051    1    1   1    0.56
2    1    -0.018    2    2   1    0.58
12    1    -0.018    2    2   1    0.64
30    1    0.051    1    1   1    0.69
143    2    0.000    2    1   1    2.90
120    2    0.051    2    1   1    0.54
110    2    0.051    2    1   1    0.44
53    1    0.000    2    2   0    1.22
107    2    -0.018    1    2   1    0.88
111    2    -0.051    1    2   1    0.59
82    2    -0.018    1    2   1    1.37
74    1    0.018    1    1   1    2.80
79    2    0.018    2    1   1    0.66
4    1    0.018    1    1   1    0.70
133    2    0.000    1    2   0    1.05
57    1    -0.018    2    2   1    0.72
135    2    0.051    2    1   1    0.49
128    2    0.000    2    1   1    0.69
21    1    -0.051    2    2   1    0.52
85    2    0.051    2    1   1    0.45
36    1    -0.051    2    2   1    0.46
149    2    0.018    2    1   1    0.37
148    2    0.000    2    1   1    0.45
50    1    0.051    1    1   1    0.82
118    2    0.000    2    1   1    0.74
115    2    0.051    2    1   1    0.55
49    1    0.018    1    1   1    0.66
124    2    0.018    2    1   1    0.85
112    2    -0.018    1    2   1    0.59
19    1    0.018    1    1   1    0.65
93    2    0.000    2    1   1    1.41
46    1    -0.051    2    2   1    0.60
97    2    -0.018    1    2   1    0.68
101    2    -0.051    1    2   1    0.56
98    2    0.000    1    2   0    0.81
39    1    0.018    1    1   1    0.57
88    2    0.000    1    2   0    1.46
25    1    0.051    1    1   1    1.48
122    2    -0.018    1    2   1    0.57
150    2    0.051    2    1   1    0.60
24    1    0.018    1    1   1    0.60
52    1    -0.018    1    1   0    0.70
18    1    0.000    2    2   0    0.93
140    2    0.051    2    1   1    1.45
3    1    0.000    2    2   0    0.68
147    2    -0.018    1    2   1    1.45
127    2    -0.018    1    2   1    0.77
126    2    -0.051    1    2   1    0.77
136    2    -0.051    1    2   1    0.46
144    2    0.018    2    1   1    0.65
103    2    0.000    1    2   0    1.24
113    2    0.000    1    2   0    0.55
83    2    0.000    2    1   1    1.05
138    2    0.000    1    2   0    0.66
91    2    -0.051    1    2   1    0.71
75    2    0.051    2    1   1    0.48
59    1    0.018    1    1   1    0.70
77    2    -0.018    1    2   1    0.76
64    1    0.018    1    1   1    0.84
43    1    0.000    2    2   0    0.81
96    2    -0.051    1    2   1    0.60
132    2    -0.018    1    2   1    0.69
13    1    0.000    1    1   1    1.32
66    1    -0.051    2    2   1    0.62
114    2    0.018    2    1   1    0.65
10    1    0.051    1    1   1    0.71
31    1    -0.051    1    1   0    0.52
62    1    -0.018    2    2   1    0.79
104    2    0.018    2    1   1    0.57
48    1    0.000    1    1   1    1.14
142    2    -0.018    1    2   1    0.82
60    1    0.051    1    1   1    0.77
29    1    0.018    1    1   1    0.86
69    1    0.018    1    1   1    0.56
35    1    0.051    1    1   1    0.49
134    2    0.018    2    1   1    0.66
119    2    0.018    2    1   1    0.83
106    2    -0.051    1    2   1    0.70
1    1    -0.051    2    2   1    0.51
72    1    -0.018    2    2   1    1.29
102    2    -0.018    1    2   1    0.92
63    1    0.000    2    2   0    1.00
71    1    -0.051    2    2   1    0.65
55    1    0.051    1    1   1    0.62
34    1    0.018    1    1   1    0.93
86    2    -0.051    1    2   1    0.69
123    2    0.000    1    2   0    0.46
121    2    -0.051    1    2   1    0.57
7    1    -0.018    2    2   1    0.71
125    2    0.051    2    1   1    0.71
70    1    0.051    1    1   1    0.66
94    2    0.018    2    1   1    0.59
80    2    0.051    2    1   1    0.50
26    1    -0.051    2    2   1    0.47
141    2    -0.051    1    2   1    0.56
44    1    0.018    1    1   1    0.52
37    1    -0.018    2    2   1    0.74
27    1    -0.018    2    2   1    0.53
6    1    -0.051    2    2   1    0.50
38    1    0.000    1    1   1    0.68
129    2    0.018    2    1   1    0.70
109    2    0.018    2    1   1    0.56
100    2    0.051    2    1   1    0.62
33    1    0.000    1    1   1    0.80
78    2    0.000    2    1   1    0.57
42    1    -0.018    2    2   1    0.79
20    1    0.051    1    1   1    0.53
45    1    0.051    1    1   1    0.81
117    2    -0.018    1    2   1    0.85
28    1    0.000    1    1   1    1.63
5    1    0.051    1    1   1    0.88
130    2    0.051    2    1   1    0.53
9    1    0.018    1    1   1    1.10
116    2    -0.051    1    2   1    0.64
58    1    0.000    1    1   1    0.73
108    2    0.000    1    2   0    1.25
76    2    -0.051    1    2   1    0.70
15    1    0.051    1    1   1    0.62
41    1    -0.051    2    2   1    0.68
68    1    0.000    1    1   1    1.15
137    2    -0.018    1    2   1    0.86
87    2    -0.018    1    2   1    1.38
51    1    -0.051    2    2   1    0.71
90    2    0.051    2    1   1    0.63
92    2    -0.018    1    2   1    0.87
47    1    -0.018    2    2   1    0.67
8    1    0.000    1    1   1    1.60
81    2    -0.051    1    2   1    0.85
145    2    0.051    2    1   1    0.75
139    2    0.018    2    1   1    1.05
131    2    -0.051    1    2   1    1.58
23    1    0.000    2    2   0    1.23
16    1    -0.051    2    2   1    0.79
54    1    0.018    1    1   1    0.78
14    1    0.018    1    1   1    1.18
99    2    0.018    2    1   1    0.69
73    1    0.000    1    1   1    2.41
22    1    -0.018    2    2   1    0.89
105    2    0.051    2    1   1    0.82
17    1    -0.018    2    2   1    0.92
56    1    -0.051    2    2   1    0.58
