--------------------------------
09-Jul-2014 10:31:03 
data from observer A04 
#occlusion2 expt 
reference disparity (degrees) 0.160000 

stim order disp kresp testresp correct time
1    1    -0.074    2    2   1    1.09
2    2    0.069    2    1   1    1.92
3    1    0.065    1    1   1    1.18
4    1    0.060    1    1   1    0.61
5    1    0.055    1    1   1    0.58
6    1    -0.051    2    2   1    0.60
7    2    -0.046    1    2   1    0.61
8    2    0.042    2    1   1    0.58
9    2    0.037    2    1   1    0.79
10    1    -0.032    2    2   1    0.47
11    2    -0.028    1    2   1    1.18
12    2    0.023    2    1   1    0.67
13    2    0.018    2    1   1    0.59
14    1    -0.014    2    2   1    0.70
15    2    0.009    2    1   1    0.67
16    2    0.005    2    1   1    1.27
17    2    -0.005    2    1   0    1.10
18    2    -0.014    1    2   1    0.63
19    2    -0.014    1    2   1    0.65
20    2    -0.009    1    2   1    0.92
21    2    0.009    2    1   1    0.64
22    1    0.005    1    1   1    1.31
23    1    0.005    2    2   0    0.97
24    2    -0.014    1    2   1    1.10
25    1    -0.014    2    2   1    1.35
26    2    -0.009    1    2   1    1.47
27    1    -0.009    2    2   1    1.18
28    1    0.005    1    1   1    1.30
29    2    0.005    2    1   1    0.72
30    2    -0.005    2    1   0    2.23
31    2    0.014    2    1   1    1.37
32    1    0.014    1    1   1    1.02
33    2    -0.009    1    2   1    1.51
34    1    0.009    1    1   1    1.32
35    2    -0.005    1    2   1    1.35
36    1    -0.005    1    1   0    0.73
37    1    0.014    1    1   1    0.81
38    2    0.014    2    1   1    0.94
39    1    -0.009    2    2   1    1.28
40    2    0.009    2    1   1    0.77
41    1    -0.005    2    2   1    0.73
42    2    -0.005    2    1   0    1.14
43    1    -0.014    2    2   1    0.77
44    1    -0.014    2    2   1    0.66
45    2    -0.009    1    2   1    1.17
46    1    0.009    1    1   1    0.77
47    1    0.005    1    1   1    1.24
48    2    -0.005    1    2   1    1.00
49    2    -0.005    1    2   1    0.56
50    1    -0.005    1    1   0    0.87
-------------------------
Final staircase threshold estimate (mean) is 0.0074
-------------------------
99    2    0.009    2    1   1    7.97
144    2    0.009    2    1   1    0.66
150    2    0.018    2    1   1    0.54
74    1    0.009    1    1   1    0.64
68    1    0.000    1    1   1    1.83
117    2    -0.009    1    2   1    1.27
112    2    -0.009    1    2   1    1.67
32    1    -0.009    2    2   1    1.02
114    2    0.009    2    1   1    0.88
26    1    -0.018    2    2   1    0.55
5    1    0.018    1    1   1    0.66
82    2    -0.009    1    2   1    1.17
50    1    0.018    1    1   1    0.92
1    1    -0.018    2    2   1    1.04
118    2    0.000    2    1   1    0.64
46    1    -0.018    2    2   1    1.22
14    1    0.009    1    1   1    0.97
21    1    -0.018    2    2   1    0.85
83    2    0.000    1    2   0    1.75
43    1    0.000    2    2   0    0.97
36    1    -0.018    2    2   1    0.93
143    2    0.000    2    1   1    1.15
87    2    -0.009    1    2   1    1.22
130    2    0.018    2    1   1    0.65
93    2    0.000    1    2   0    1.20
53    1    0.000    2    2   0    0.81
31    1    -0.018    2    2   1    0.51
100    2    0.018    2    1   1    0.62
124    2    0.009    2    1   1    0.52
123    2    0.000    1    2   0    0.73
145    2    0.018    2    1   1    0.58
3    1    0.000    1    1   1    1.36
24    1    0.009    1    1   1    0.67
142    2    -0.009    1    2   1    0.71
95    2    0.018    2    1   1    0.48
66    1    -0.018    2    2   1    0.96
4    1    0.009    1    1   1    0.67
137    2    -0.009    1    2   1    1.18
51    1    -0.018    2    2   1    0.63
101    2    -0.018    1    2   1    0.64
105    2    0.018    2    1   1    0.72
92    2    -0.009    1    2   1    1.04
35    1    0.018    1    1   1    0.75
59    1    0.009    1    1   1    0.61
149    2    0.009    2    1   1    0.67
104    2    0.009    2    1   1    0.52
126    2    -0.018    1    2   1    0.59
60    1    0.018    1    1   1    0.70
15    1    0.018    1    1   1    0.95
69    1    0.009    1    1   1    1.06
78    2    0.000    1    2   0    0.77
71    1    -0.018    2    2   1    0.76
125    2    0.018    2    1   1    0.84
13    1    0.000    1    1   1    0.71
122    2    -0.009    1    2   1    0.53
88    2    0.000    1    2   0    1.36
121    2    -0.018    1    2   1    0.52
8    1    0.000    1    1   1    0.94
2    1    -0.009    1    1   0    0.59
37    1    -0.009    2    2   1    0.59
90    2    0.018    2    1   1    0.60
58    1    0.000    1    1   1    1.86
55    1    0.018    1    1   1    0.72
148    2    0.000    1    2   0    1.09
12    1    -0.009    2    2   1    1.15
98    2    0.000    1    2   0    0.89
115    2    0.018    1    2   0    0.37
106    2    -0.018    1    2   1    0.66
30    1    0.018    1    1   1    2.43
63    1    0.000    1    1   1    0.72
73    1    0.000    1    1   1    1.06
64    1    0.009    1    1   1    0.70
62    1    -0.009    1    1   0    0.56
17    1    -0.009    2    2   1    0.64
22    1    -0.009    2    2   1    0.88
129    2    0.009    2    1   1    0.79
116    2    -0.018    1    2   1    0.77
45    1    0.018    1    1   1    1.25
128    2    0.000    2    1   1    0.83
79    2    0.009    2    1   1    0.86
48    1    0.000    1    1   1    0.99
140    2    0.018    2    1   1    0.72
29    1    0.009    1    1   1    0.73
109    2    0.009    2    1   1    1.05
147    2    -0.009    1    2   1    1.49
19    1    0.009    1    1   1    0.86
120    2    0.018    2    1   1    1.23
146    2    -0.018    1    2   1    0.46
16    1    -0.018    2    2   1    0.30
113    2    0.000    1    2   0    0.81
27    1    -0.009    2    2   1    0.69
23    1    0.000    2    2   0    0.63
75    2    0.018    2    1   1    0.62
103    2    0.000    1    2   0    2.36
76    2    -0.018    1    2   1    0.70
25    1    0.018    1    1   1    0.61
72    1    -0.009    2    2   1    1.53
11    1    -0.018    2    2   1    1.06
138    2    0.000    2    1   1    0.91
110    2    0.018    2    1   1    0.64
54    1    0.009    1    1   1    0.70
18    1    0.000    1    1   1    1.33
44    1    0.009    1    1   1    1.19
77    2    -0.009    1    2   1    0.79
84    2    0.009    2    1   1    0.72
52    1    -0.009    2    2   1    0.86
57    1    -0.009    2    2   1    1.26
134    2    0.009    1    2   0    1.54
40    1    0.018    1    1   1    0.57
94    2    0.009    1    2   0    0.78
132    2    -0.009    1    2   1    0.54
89    2    0.009    1    2   0    0.43
80    2    0.018    2    1   1    1.05
111    2    -0.018    1    2   1    0.57
139    2    0.009    2    1   1    0.60
97    2    -0.009    1    2   1    0.54
10    1    0.018    1    1   1    0.87
33    1    0.000    1    1   1    0.70
85    2    0.018    2    1   1    0.99
56    1    -0.018    2    2   1    0.96
70    1    0.018    1    1   1    0.51
49    1    0.009    1    1   1    0.51
127    2    -0.009    1    2   1    0.51
7    1    -0.009    1    1   0    0.42
34    1    0.009    1    1   1    0.58
20    1    0.018    1    1   1    0.55
38    1    0.000    1    1   1    0.48
9    1    0.009    1    1   1    0.73
133    2    0.000    1    2   0    0.50
39    1    0.009    1    1   1    0.57
28    1    0.000    1    1   1    0.54
141    2    -0.018    1    2   1    0.45
91    2    -0.018    1    2   1    0.55
96    2    -0.018    1    2   1    0.51
102    2    -0.009    1    2   1    0.63
67    1    -0.009    2    2   1    2.31
131    2    -0.018    1    2   1    0.58
81    2    -0.018    1    2   1    0.42
47    1    -0.009    1    1   0    0.43
6    1    -0.018    2    2   1    0.65
107    2    -0.009    1    2   1    0.67
61    1    -0.018    2    2   1    1.32
119    2    0.009    2    1   1    0.77
108    2    0.000    1    2   0    1.31
42    1    -0.009    2    2   1    0.88
65    1    0.018    1    1   1    0.53
41    1    -0.018    2    2   1    0.86
136    2    -0.018    1    2   1    0.50
135    2    0.018    2    1   1    0.51
86    2    -0.018    1    2   1    0.52
