--------------------------------
09-Jul-2014 10:38:01 
data from observer A04 
#occlusion2 expt 
reference disparity (degrees) 0.160000 

stim order disp kresp testresp correct time
1    1    0.074    1    1   1    0.98
2    2    -0.069    1    2   1    0.72
3    1    -0.065    1    1   0    0.55
4    2    0.074    2    1   1    0.79
5    1    0.074    1    1   1    0.61
6    1    0.069    1    1   1    0.45
7    1    0.069    2    2   0    0.11
8    2    0.079    1    2   0    0.00
9    2    0.088    2    1   1    0.05
10    1    0.088    1    1   1    0.00
11    1    0.083    1    1   1    0.72
12    1    -0.083    2    2   1    0.53
13    2    -0.079    1    2   1    0.59
14    2    -0.079    1    2   1    0.55
15    2    0.074    2    1   1    0.72
16    1    -0.074    2    2   1    0.66
17    1    0.069    1    1   1    0.95
18    1    -0.069    2    2   1    0.96
19    2    -0.065    1    2   1    1.07
20    2    -0.065    1    2   1    0.61
21    2    0.060    2    1   1    1.00
22    1    0.060    1    1   1    1.10
23    2    -0.055    1    2   1    0.74
24    2    0.055    2    1   1    0.87
25    2    -0.051    1    2   1    0.56
26    1    -0.051    2    2   1    0.60
27    2    0.046    2    1   1    0.70
28    1    0.046    1    1   1    0.57
29    2    0.042    2    1   1    0.59
30    2    -0.042    1    2   1    1.50
31    2    0.037    2    1   1    0.00
32    1    0.037    1    1   1    1.16
33    1    -0.032    2    2   1    0.49
34    2    0.032    2    1   1    0.72
35    2    0.028    2    1   1    0.49
36    1    -0.028    2    2   1    0.42
37    2    0.023    2    1   1    0.33
38    1    0.023    1    1   1    0.49
39    2    0.018    2    1   1    0.59
40    2    0.018    2    1   1    0.49
41    1    0.014    1    1   1    0.74
42    1    -0.014    2    2   1    0.42
43    2    -0.009    1    2   1    0.74
44    1    0.009    1    1   1    1.02
45    2    0.005    1    2   0    2.14
46    2    -0.014    1    2   1    0.89
47    1    0.014    1    1   1    0.88
48    2    0.009    2    1   1    0.77
49    2    0.009    2    1   1    0.67
50    1    -0.005    2    2   1    0.61
-------------------------
Final staircase threshold estimate (mean) is 0.0102
-------------------------
110    2    0.023    2    1   1    2.63
129    2    0.009    2    1   1    0.70
106    2    -0.023    2    1   0    0.41
67    1    -0.009    1    1   0    0.79
91    2    -0.023    1    2   1    0.71
72    1    -0.009    1    1   0    0.58
34    1    0.009    1    1   1    0.94
144    2    0.009    1    2   0    1.03
137    2    -0.009    2    1   0    0.00
68    1    0.000    2    2   0    0.00
120    2    0.023    2    1   1    1.56
19    1    0.009    2    2   0    1.51
55    1    0.023    1    1   1    1.68
123    2    0.000    1    2   0    1.33
7    1    -0.009    1    1   0    0.72
113    2    0.000    1    2   0    0.73
75    2    0.023    2    1   1    0.71
53    1    0.000    1    1   1    0.65
92    2    -0.009    1    2   1    0.73
94    2    0.009    2    1   1    0.56
93    2    0.000    1    2   0    0.56
4    1    0.009    1    1   1    0.89
88    2    0.000    1    2   0    1.27
69    1    0.009    1    1   1    1.03
118    2    0.000    1    2   0    0.63
127    2    -0.009    2    1   0    0.67
3    1    0.000    1    1   1    0.00
2    1    -0.009    1    1   0    0.05
70    1    0.023    1    1   1    0.65
78    2    0.000    1    2   0    1.17
9    1    0.009    1    1   1    0.81
35    1    0.023    1    1   1    0.12
102    2    -0.009    1    2   1    0.73
90    2    0.023    2    1   1    0.75
66    1    -0.023    2    2   1    1.19
148    2    0.000    1    2   0    0.67
13    1    0.000    1    1   1    1.01
133    2    0.000    1    2   0    0.92
130    2    0.023    2    1   1    1.11
76    2    -0.023    1    2   1    0.63
101    2    -0.023    1    2   1    0.64
149    2    0.009    1    2   0    0.62
104    2    0.009    1    2   0    0.47
145    2    0.023    1    2   0    0.65
131    2    -0.023    1    2   1    0.70
96    2    -0.023    1    2   1    1.27
26    1    -0.023    2    2   1    0.83
77    2    -0.009    1    2   1    1.12
125    2    0.023    2    1   1    0.80
81    2    -0.023    1    2   1    0.71
24    1    0.009    1    1   1    0.73
141    2    -0.023    1    2   1    0.57
105    2    0.023    2    1   1    0.76
1    1    -0.023    2    2   1    0.73
79    2    0.009    2    1   1    1.03
49    1    0.009    1    1   1    0.84
134    2    0.009    1    2   0    0.85
48    1    0.000    2    2   0    0.73
112    2    -0.009    1    2   1    0.66
100    2    0.023    2    1   1    0.72
42    1    -0.009    2    2   1    0.97
121    2    -0.023    1    2   1    0.62
138    2    0.000    1    2   0    1.31
43    1    0.000    2    2   0    1.06
136    2    -0.023    1    2   1    0.73
115    2    0.023    2    1   1    0.60
17    1    -0.009    2    2   1    0.48
119    2    0.009    2    1   1    1.08
128    2    0.000    2    1   1    0.85
44    1    0.009    1    1   1    0.62
30    1    0.023    1    1   1    0.55
22    1    -0.009    1    1   0    0.35
38    1    0.000    1    1   1    4.07
54    1    0.009    1    1   1    0.77
31    1    -0.023    1    1   0    0.55
63    1    0.000    2    2   0    0.99
6    1    -0.023    2    2   1    0.44
46    1    -0.023    2    2   1    0.55
62    1    -0.009    2    2   1    0.80
73    1    0.000    1    1   1    0.69
139    2    0.009    2    1   1    0.46
147    2    -0.009    1    2   1    1.01
132    2    -0.009    1    2   1    0.58
11    1    -0.023    1    1   0    2.48
116    2    -0.023    1    2   1    1.41
15    1    0.023    1    1   1    0.62
114    2    0.009    1    2   0    0.72
51    1    -0.023    1    1   0    0.91
103    2    0.000    1    2   0    0.94
12    1    -0.009    2    2   1    1.55
83    2    0.000    1    2   0    1.22
84    2    0.009    1    2   0    0.82
143    2    0.000    1    2   0    0.55
16    1    -0.023    1    1   0    0.56
107    2    -0.009    2    1   0    0.71
146    2    -0.023    2    1   0    0.01
20    1    0.023    2    2   0    0.84
126    2    -0.023    1    2   1    0.42
32    1    -0.009    1    1   0    0.44
25    1    0.023    1    1   1    0.86
71    1    -0.023    1    1   0    0.09
111    2    -0.023    1    2   1    0.00
98    2    0.000    1    2   0    0.75
23    1    0.000    1    1   1    0.33
59    1    0.009    1    1   1    0.46
56    1    -0.023    2    2   1    0.69
124    2    0.009    2    1   1    1.12
41    1    -0.023    2    2   1    0.70
74    1    0.009    1    1   1    0.77
45    1    0.023    1    1   1    1.37
60    1    0.023    1    1   1    0.69
8    1    0.000    1    1   1    0.34
57    1    -0.009    1    1   0    0.53
5    1    0.023    1    1   1    0.55
18    1    0.000    1    1   1    0.37
122    2    -0.009    1    2   1    1.18
85    2    0.023    2    1   1    1.10
135    2    0.023    2    1   1    1.69
52    1    -0.009    1    1   0    0.73
86    2    -0.023    1    2   1    0.00
82    2    -0.009    2    1   0    1.84
150    2    0.023    1    2   0    0.55
14    1    0.009    2    2   0    0.53
89    2    0.009    1    2   0    0.37
28    1    0.000    1    1   1    0.76
27    1    -0.009    1    1   0    0.46
80    2    0.023    1    2   0    0.39
10    1    0.023    1    1   1    0.64
64    1    0.009    1    1   1    0.73
39    1    0.009    1    1   1    0.72
142    2    -0.009    1    2   1    0.48
65    1    0.023    1    1   1    0.56
140    2    0.023    2    1   1    0.87
33    1    0.000    1    1   1    0.99
109    2    0.009    1    2   0    0.90
61    1    -0.023    2    2   1    1.03
21    1    -0.023    2    2   1    0.83
99    2    0.009    1    2   0    1.47
117    2    -0.009    1    2   1    0.99
50    1    0.023    1    1   1    0.48
87    2    -0.009    1    2   1    0.42
58    1    0.000    1    1   1    0.00
40    1    0.023    1    1   1    0.57
95    2    0.023    1    2   0    0.34
97    2    -0.009    1    2   1    0.38
36    1    -0.023    1    1   0    0.43
37    1    -0.009    1    1   0    0.68
47    1    -0.009    1    1   0    0.52
29    1    0.009    1    1   1    0.59
108    2    0.000    1    2   0    0.62
