--------------------------------
09-Jul-2014 13:33:38 
data from observer A04 
#occlusion2 expt 
reference disparity (degrees) 0.160000 

stim order disp kresp testresp correct time
1    2    0.074    1    2   1    6.16
2    2    0.069    1    2   1    0.56
3    1    0.065    1    1   0    1.32
4    1    -0.074    1    1   1    1.77
5    2    -0.074    2    1   1    1.19
6    1    0.069    2    2   1    1.90
7    2    -0.069    1    2   0    1.76
8    2    0.079    1    2   1    0.58
9    1    -0.079    2    2   0    0.15
10    2    -0.088    1    2   0    0.07
11    1    -0.097    1    1   1    2.70
12    1    -0.097    1    1   1    0.71
13    1    -0.092    1    1   1    0.66
14    2    -0.092    2    1   1    1.04
15    2    -0.088    2    1   1    0.79
16    1    0.088    2    2   1    0.83
17    1    -0.083    1    1   1    0.66
18    2    -0.083    2    1   1    0.73
19    2    0.079    1    2   1    0.65
20    1    -0.079    1    1   1    0.63
21    2    -0.074    2    1   1    1.13
22    1    -0.074    1    1   1    0.67
23    1    -0.069    1    1   1    0.65
24    2    -0.069    2    1   1    0.71
25    1    0.065    1    1   0    0.72
26    2    0.074    1    2   1    0.73
27    2    0.074    1    2   1    1.04
28    2    -0.069    2    1   1    0.75
29    2    -0.069    1    2   0    0.56
30    1    0.079    1    1   0    0.79
31    1    -0.088    1    1   1    0.59
32    1    0.088    1    1   0    0.68
33    2    -0.097    2    1   1    0.57
34    2    0.097    1    2   1    1.03
35    2    0.092    1    2   1    0.92
36    1    0.092    2    2   1    2.48
37    2    -0.088    2    1   1    0.56
38    1    0.088    2    2   1    0.45
39    2    0.083    2    1   0    0.43
40    2    0.092    1    2   1    0.86
41    1    0.092    2    2   1    0.57
42    1    -0.088    1    1   1    1.65
43    1    -0.088    1    1   1    0.79
44    2    -0.083    2    1   1    1.11
45    2    -0.083    2    1   1    0.72
46    2    -0.079    2    1   1    0.71
47    1    0.079    2    2   1    0.71
48    2    -0.074    2    1   1    0.49
49    2    0.074    1    2   1    0.78
50    2    -0.069    2    1   1    0.59
-------------------------
Final staircase threshold estimate (mean) is 0.0808
-------------------------
126    2    -0.148    2    1   0    6.27
91    2    -0.148    2    1   0    0.65
73    1    0.000    1    1   1    1.40
137    2    -0.079    2    1   0    0.86
10    1    0.148    2    2   0    1.02
140    2    0.148    1    2   0    0.83
56    1    -0.148    1    1   0    0.73
135    2    0.148    1    2   0    0.75
5    1    0.148    2    2   0    0.71
125    2    0.148    1    2   0    0.80
69    1    0.079    2    2   0    0.55
40    1    0.148    2    2   0    1.07
139    2    0.079    1    2   0    0.70
65    1    0.148    2    2   0    0.53
112    2    -0.079    2    1   0    0.80
149    2    0.079    1    2   0    0.80
15    1    0.148    2    2   0    0.52
103    2    0.000    1    2   0    1.02
48    1    0.000    2    2   0    0.71
79    2    0.079    1    2   0    0.69
120    2    0.148    1    2   0    0.55
63    1    0.000    2    2   0    0.58
18    1    0.000    1    1   1    0.77
1    1    -0.148    1    1   0    2.07
132    2    -0.079    2    1   0    0.79
129    2    0.079    1    2   0    0.68
49    1    0.079    2    2   0    0.55
74    1    0.079    1    1   1    0.53
136    2    -0.148    2    1   0    0.52
134    2    0.079    1    2   0    0.54
121    2    -0.148    2    1   0    0.45
146    2    -0.148    2    1   0    0.56
124    2    0.079    1    2   0    0.93
131    2    -0.148    2    1   0    0.45
36    1    -0.148    1    1   0    0.62
55    1    0.148    2    2   0    0.50
138    2    0.000    2    1   1    1.47
118    2    0.000    2    1   1    0.85
75    2    0.148    1    2   0    0.61
76    2    -0.148    2    1   0    0.49
88    2    0.000    2    1   1    0.85
57    1    -0.079    1    1   0    0.63
72    1    -0.079    1    1   0    0.87
85    2    0.148    1    2   0    0.58
93    2    0.000    1    2   0    0.52
71    1    -0.148    1    1   0    0.83
8    1    0.000    2    2   0    1.13
105    2    0.148    1    2   0    0.79
45    1    0.148    2    2   0    0.65
38    1    0.000    1    1   1    0.94
119    2    0.079    1    2   0    2.04
7    1    -0.079    1    1   0    0.67
78    2    0.000    1    2   0    1.31
23    1    0.000    2    2   0    0.62
41    1    -0.148    1    1   0    0.00
67    1    -0.079    1    1   0    0.70
54    1    0.079    2    2   0    1.08
141    2    -0.148    2    1   0    0.70
86    2    -0.148    2    1   0    0.46
122    2    -0.079    2    1   0    0.35
6    1    -0.148    1    1   0    0.86
107    2    -0.079    2    1   0    0.54
28    1    0.000    1    1   1    3.26
115    2    0.148    1    2   0    1.07
83    2    0.000    1    2   0    3.19
117    2    -0.079    2    1   0    0.79
92    2    -0.079    2    1   0    0.70
87    2    -0.079    2    1   0    1.50
3    1    0.000    1    1   1    0.83
66    1    -0.148    1    1   0    0.82
58    1    0.000    2    2   0    1.41
12    1    -0.079    1    1   0    0.51
37    1    -0.079    1    1   0    0.57
96    2    -0.148    2    1   0    0.60
47    1    -0.079    1    1   0    0.51
143    2    0.000    2    1   1    0.50
44    1    0.079    2    2   0    1.06
17    1    -0.079    1    1   0    0.53
46    1    -0.148    1    1   0    0.61
29    1    0.079    2    2   0    0.60
145    2    0.148    1    2   0    0.96
20    1    0.148    2    2   0    0.43
106    2    -0.148    1    2   1    0.42
4    1    0.079    2    2   0    0.45
150    2    0.148    1    2   0    0.56
19    1    0.079    2    2   0    0.50
2    1    -0.079    1    1   0    0.50
33    1    0.000    2    2   0    0.41
53    1    0.000    1    1   1    1.34
114    2    0.079    1    2   0    1.10
142    2    -0.079    2    1   0    0.51
102    2    -0.079    2    1   0    0.60
42    1    -0.079    1    1   0    0.56
59    1    0.079    2    2   0    0.37
60    1    0.148    1    1   1    0.49
34    1    0.079    2    2   0    0.43
116    2    -0.148    2    1   0    0.41
62    1    -0.079    2    2   1    0.37
99    2    0.079    1    2   0    0.55
123    2    0.000    1    2   0    1.66
50    1    0.148    2    2   0    0.62
82    2    -0.079    2    1   0    0.75
43    1    0.000    2    2   0    0.05
64    1    0.079    2    2   0    2.39
25    1    0.148    2    2   0    0.86
51    1    -0.148    1    1   0    0.86
24    1    0.079    2    2   0    1.47
22    1    -0.079    1    1   0    0.51
13    1    0.000    1    1   1    3.00
81    2    -0.148    2    1   0    0.56
113    2    0.000    2    1   1    1.03
89    2    0.079    1    2   0    1.02
133    2    0.000    2    1   1    0.58
128    2    0.000    2    1   1    0.86
16    1    -0.148    2    2   1    0.00
97    2    -0.079    1    2   1    0.00
84    2    0.079    2    1   1    0.68
98    2    0.000    2    1   1    0.80
130    2    0.148    1    2   0    0.72
90    2    0.148    2    1   1    0.29
148    2    0.000    1    2   0    0.00
68    1    0.000    2    2   0    0.19
108    2    0.000    1    2   0    1.96
70    1    0.148    2    2   0    1.23
95    2    0.148    1    2   0    0.61
127    2    -0.079    2    1   0    0.68
147    2    -0.079    2    1   0    1.13
61    1    -0.148    1    1   0    0.58
101    2    -0.148    2    1   0    0.56
80    2    0.148    1    2   0    1.52
109    2    0.079    2    1   1    1.76
110    2    0.148    1    2   0    0.41
30    1    0.148    2    2   0    0.94
39    1    0.079    2    2   0    0.81
52    1    -0.079    1    1   0    0.63
32    1    -0.079    1    1   0    0.69
111    2    -0.148    2    1   0    0.47
21    1    -0.148    1    1   0    0.54
27    1    -0.079    1    1   0    0.82
104    2    0.079    1    2   0    0.68
26    1    -0.148    1    1   0    0.49
77    2    -0.079    2    1   0    0.81
11    1    -0.148    1    1   0    0.52
31    1    -0.148    1    1   0    0.75
35    1    0.148    2    2   0    1.94
94    2    0.079    1    2   0    0.55
9    1    0.079    2    2   0    0.51
14    1    0.079    2    2   0    0.64
100    2    0.148    1    2   0    0.75
144    2    0.079    1    2   0    0.97
