--------------------------------
09-Jul-2014 13:10:28 
data from observer A04 
#occlusion2 expt 
reference disparity (degrees) 0.160000 

stim order disp kresp testresp correct time
1    1    0.074    2    2   1    2.98
2    2    -0.069    2    1   1    0.87
3    2    -0.065    2    1   1    0.66
4    1    0.060    2    2   1    1.02
5    1    -0.055    1    1   1    0.65
6    2    -0.051    2    1   1    0.78
7    2    0.046    1    2   1    1.25
8    2    -0.042    2    1   1    0.67
9    1    -0.037    1    1   1    1.71
10    2    -0.032    2    1   1    1.46
11    2    -0.028    2    1   1    0.88
12    2    0.023    2    1   0    0.91
13    2    -0.032    2    1   1    0.76
14    1    0.032    2    2   1    0.71
15    1    -0.028    1    1   1    0.93
16    2    0.028    1    2   1    1.42
17    1    0.023    2    2   1    1.08
18    2    -0.023    2    1   1    1.72
19    2    -0.018    2    1   1    1.75
20    1    -0.018    1    1   1    1.85
21    2    0.014    1    2   1    2.24
22    2    -0.014    2    1   1    0.78
23    1    0.009    2    2   1    0.85
24    2    0.009    1    2   1    1.96
25    2    0.005    1    2   1    4.65
26    1    -0.005    1    1   1    1.56
27    1    0.005    2    2   1    4.26
28    2    0.005    2    1   0    1.17
29    2    0.014    1    2   1    1.43
30    1    0.014    2    2   1    1.29
31    2    0.009    1    2   1    3.58
32    2    -0.009    1    2   0    4.72
33    1    0.018    2    2   1    0.75
34    1    0.018    2    2   1    0.73
35    1    0.014    2    2   1    1.94
36    2    0.014    1    2   1    1.22
37    1    0.009    2    2   1    0.93
38    1    0.009    1    1   0    1.49
39    2    0.018    1    2   1    0.90
40    1    0.018    2    2   1    0.78
41    2    -0.014    2    1   1    0.88
42    2    0.014    1    2   1    1.31
43    2    -0.009    2    1   1    0.63
44    1    -0.009    1    1   1    1.24
45    2    -0.005    1    2   0    2.75
46    1    -0.014    1    1   1    0.90
47    1    0.014    1    1   0    2.78
48    1    -0.023    1    1   1    0.88
49    2    -0.023    1    2   0    3.28
50    2    -0.032    2    1   1    0.79
-------------------------
Final staircase threshold estimate (mean) is 0.0157
-------------------------
24    1    0.014    2    2   0    5.34
66    1    -0.042    1    1   0    1.17
96    2    -0.042    2    1   0    0.67
78    2    0.000    1    2   0    2.42
125    2    0.042    1    2   0    0.87
87    2    -0.014    2    1   0    1.07
10    1    0.042    2    2   0    0.71
127    2    -0.014    2    1   0    1.03
38    1    0.000    1    1   1    2.12
80    2    0.042    1    2   0    0.75
99    2    0.014    1    2   0    0.98
111    2    -0.042    2    1   0    0.62
82    2    -0.014    2    1   0    1.73
101    2    -0.042    2    1   0    0.70
43    1    0.000    2    2   0    0.90
47    1    -0.014    1    1   0    0.82
29    1    0.014    1    1   1    1.02
93    2    0.000    1    2   0    2.13
100    2    0.042    1    2   0    1.18
18    1    0.000    2    2   0    2.25
57    1    -0.014    1    1   0    0.90
19    1    0.014    1    1   1    0.37
104    2    0.014    2    1   1    2.33
79    2    0.014    1    2   0    0.63
75    2    0.042    1    2   0    1.42
73    1    0.000    1    1   1    3.49
62    1    -0.014    1    1   0    1.11
35    1    0.042    2    2   0    0.71
126    2    -0.042    2    1   0    0.65
71    1    -0.042    1    1   0    0.79
48    1    0.000    1    1   1    1.47
64    1    0.014    1    1   1    5.33
110    2    0.042    1    2   0    0.79
46    1    -0.042    1    1   0    0.55
65    1    0.042    2    2   0    1.14
88    2    0.000    1    2   0    0.54
17    1    -0.014    1    1   0    0.59
147    2    -0.014    1    2   1    0.68
103    2    0.000    1    2   0    0.50
109    2    0.014    1    2   0    0.54
139    2    0.014    1    2   0    0.46
118    2    0.000    1    2   0    0.44
144    2    0.014    1    2   0    0.72
68    1    0.000    1    1   1    1.34
138    2    0.000    1    2   0    0.69
137    2    -0.014    1    2   1    0.97
67    1    -0.014    1    1   0    1.32
7    1    -0.014    1    1   0    0.61
23    1    0.000    1    1   1    0.72
53    1    0.000    1    1   1    0.69
16    1    -0.042    1    1   0    0.54
8    1    0.000    1    1   1    0.72
26    1    -0.042    1    1   0    1.13
86    2    -0.042    2    1   0    1.21
13    1    0.000    1    1   1    1.11
148    2    0.000    1    2   0    0.82
9    1    0.014    2    2   0    2.37
72    1    -0.014    1    1   0    0.75
41    1    -0.042    1    1   0    0.80
70    1    0.042    2    2   0    1.51
3    1    0.000    1    1   1    3.54
14    1    0.014    1    1   1    1.95
133    2    0.000    2    1   1    4.61
42    1    -0.014    1    1   0    1.03
149    2    0.014    1    2   0    0.78
33    1    0.000    2    2   0    1.06
84    2    0.014    1    2   0    1.58
131    2    -0.042    2    1   0    0.71
15    1    0.042    2    2   0    0.77
52    1    -0.014    1    1   0    1.14
129    2    0.014    1    2   0    0.65
98    2    0.000    1    2   0    0.64
114    2    0.014    2    1   1    0.69
21    1    -0.042    1    1   0    0.74
132    2    -0.014    2    1   0    1.32
150    2    0.042    1    2   0    1.30
113    2    0.000    1    2   0    1.87
1    1    -0.042    1    1   0    0.78
32    1    -0.014    1    1   0    0.77
105    2    0.042    1    2   0    0.11
90    2    0.042    2    1   1    0.06
36    1    -0.042    2    2   1    0.15
55    1    0.042    2    2   0    0.81
12    1    -0.014    1    1   0    1.01
44    1    0.014    2    2   0    1.23
31    1    -0.042    1    1   0    0.72
121    2    -0.042    1    2   1    0.92
69    1    0.014    2    2   0    0.85
30    1    0.042    2    2   0    0.71
102    2    -0.014    2    1   0    1.06
25    1    0.042    2    2   0    0.76
107    2    -0.014    1    2   1    0.65
37    1    -0.014    1    1   0    0.26
146    2    -0.042    2    1   0    0.48
51    1    -0.042    1    1   0    1.05
136    2    -0.042    2    1   0    0.78
11    1    -0.042    1    1   0    0.91
124    2    0.014    2    1   1    0.62
54    1    0.014    1    1   1    0.49
39    1    0.014    2    2   0    0.56
27    1    -0.014    1    1   0    0.17
112    2    -0.014    1    2   1    0.57
56    1    -0.042    1    1   0    0.88
83    2    0.000    1    2   0    0.57
49    1    0.014    1    1   1    1.27
58    1    0.000    1    1   1    0.83
119    2    0.014    1    2   0    1.43
97    2    -0.014    1    2   1    0.91
76    2    -0.042    1    2   1    1.61
59    1    0.014    2    2   0    0.84
5    1    0.042    2    2   0    0.68
108    2    0.000    2    1   1    1.09
140    2    0.042    1    2   0    0.61
89    2    0.014    1    2   0    0.94
50    1    0.042    2    2   0    0.92
4    1    0.014    2    2   0    0.61
95    2    0.042    1    2   0    2.05
92    2    -0.014    1    2   1    0.69
22    1    -0.014    1    1   0    0.88
2    1    -0.014    2    2   1    0.55
77    2    -0.014    2    1   0    0.78
120    2    0.042    2    1   1    0.69
117    2    -0.014    2    1   0    0.76
141    2    -0.042    2    1   0    0.39
130    2    0.042    1    2   0    1.11
145    2    0.042    1    2   0    1.54
85    2    0.042    1    2   0    0.75
143    2    0.000    1    2   0    0.69
81    2    -0.042    2    1   0    0.87
122    2    -0.014    2    1   0    1.18
142    2    -0.014    2    1   0    0.83
61    1    -0.042    1    1   0    0.80
74    1    0.014    1    1   1    0.68
40    1    0.042    2    2   0    0.73
28    1    0.000    1    1   1    1.22
115    2    0.042    1    2   0    0.62
91    2    -0.042    2    1   0    0.74
45    1    0.042    2    2   0    0.70
135    2    0.042    1    2   0    0.60
134    2    0.014    1    2   0    0.77
123    2    0.000    2    1   1    0.55
60    1    0.042    2    2   0    0.73
106    2    -0.042    2    1   0    0.64
128    2    0.000    1    2   0    0.88
20    1    0.042    2    2   0    0.68
63    1    0.000    1    1   1    0.90
6    1    -0.042    1    1   0    1.68
116    2    -0.042    2    1   0    0.68
34    1    0.014    2    2   0    0.70
94    2    0.014    1    2   0    0.77
