--------------------------------
09-Jul-2014 10:22:54 
data from observer A04 
#occlusion2 expt 
reference disparity (degrees) 0.160000 

stim order disp kresp testresp correct time
1    1    0.074    1    1   1    13.22
2    1    0.069    1    1   1    0.67
3    2    0.065    2    1   1    1.06
4    1    0.060    1    1   1    0.70
5    2    -0.055    1    2   1    1.00
6    2    -0.051    1    2   1    1.14
7    1    0.046    1    1   1    0.63
8    2    0.042    2    1   1    0.87
9    1    -0.037    2    2   1    0.62
10    1    -0.032    2    2   1    0.66
11    1    0.028    1    1   1    0.97
12    1    0.023    1    1   1    0.64
13    2    0.018    2    1   1    0.93
14    1    -0.014    2    2   1    0.86
15    1    0.009    1    1   1    1.20
16    1    -0.005    2    2   1    0.70
17    1    0.005    1    1   1    2.12
18    2    0.005    2    1   1    0.95
19    2    0.005    2    1   1    0.79
20    1    0.005    1    1   1    1.26
21    2    -0.005    1    2   1    1.25
22    2    -0.005    1    2   1    2.67
23    2    0.005    1    2   0    0.69
24    2    0.014    2    1   1    1.00
25    1    -0.014    2    2   1    1.76
26    2    -0.009    1    2   1    0.89
27    1    0.009    1    1   1    0.69
28    1    0.005    1    1   1    0.68
29    1    0.005    1    1   1    0.69
30    1    -0.005    1    1   0    0.77
31    2    0.014    1    2   0    1.26
32    1    -0.023    2    2   1    1.77
33    1    -0.023    2    2   1    1.91
34    1    -0.018    2    2   1    1.43
35    1    0.018    1    1   1    0.98
36    1    -0.014    2    2   1    1.11
37    2    -0.014    1    2   1    0.88
38    2    0.009    1    2   0    1.65
39    2    -0.018    1    2   1    0.65
40    2    0.018    2    1   1    2.39
41    1    0.014    1    1   1    1.25
42    2    0.014    2    1   1    2.93
43    2    -0.009    1    2   1    1.20
44    1    -0.009    2    2   1    1.35
45    1    -0.005    1    1   0    1.49
46    1    0.014    1    1   1    0.99
47    1    0.014    1    1   1    1.28
48    1    -0.009    1    1   0    3.51
49    2    0.018    2    1   1    2.57
50    2    0.018    2    1   1    1.79
-------------------------
Final staircase threshold estimate (mean) is 0.0125
-------------------------
22    1    -0.014    2    2   1    5.23
38    1    0.000    2    2   0    3.42
27    1    -0.014    2    2   1    0.72
31    1    -0.032    2    2   1    0.72
104    2    0.014    2    1   1    1.06
13    1    0.000    2    2   0    0.83
125    2    0.032    2    1   1    0.66
92    2    -0.014    1    2   1    0.73
145    2    0.032    2    1   1    0.80
134    2    0.014    2    1   1    0.82
52    1    -0.014    2    2   1    0.63
55    1    0.032    1    1   1    1.39
90    2    0.032    2    1   1    0.72
114    2    0.014    2    1   1    1.39
129    2    0.014    2    1   1    1.31
94    2    0.014    2    1   1    0.55
28    1    0.000    2    2   0    1.10
20    1    0.032    1    1   1    0.65
59    1    0.014    1    1   1    0.69
12    1    -0.014    2    2   1    0.81
136    2    -0.032    1    2   1    0.58
64    1    0.014    1    1   1    0.55
25    1    0.032    1    1   1    0.62
67    1    -0.014    2    2   1    1.09
21    1    -0.032    2    2   1    0.64
81    2    -0.032    1    2   1    0.70
116    2    -0.032    1    2   1    0.53
3    1    0.000    1    1   1    0.85
123    2    0.000    1    2   0    0.85
2    1    -0.014    2    2   1    0.85
10    1    0.032    1    1   1    0.54
16    1    -0.032    2    2   1    0.65
142    2    -0.014    1    2   1    0.65
34    1    0.014    1    1   1    0.56
44    1    0.014    1    1   1    0.48
97    2    -0.014    1    2   1    0.58
75    2    0.032    2    1   1    0.64
101    2    -0.032    1    2   1    0.66
53    1    0.000    1    1   1    1.22
102    2    -0.014    1    2   1    1.43
110    2    0.032    2    1   1    1.38
73    1    0.000    1    1   1    0.94
48    1    0.000    1    1   1    0.55
119    2    0.014    2    1   1    2.47
133    2    0.000    1    2   0    3.75
150    2    0.032    2    1   1    0.70
76    2    -0.032    1    2   1    0.70
61    1    -0.032    2    2   1    1.11
118    2    0.000    1    2   0    1.46
50    1    0.032    1    1   1    1.39
137    2    -0.014    1    2   1    0.73
100    2    0.032    2    1   1    1.08
42    1    -0.014    2    2   1    1.42
149    2    0.014    2    1   1    0.96
39    1    0.014    1    1   1    0.79
95    2    0.032    2    1   1    0.62
109    2    0.014    2    1   1    0.63
86    2    -0.032    1    2   1    0.63
143    2    0.000    1    2   0    1.62
17    1    -0.014    2    2   1    2.64
23    1    0.000    1    1   1    0.97
147    2    -0.014    1    2   1    1.16
1    1    -0.032    2    2   1    0.69
60    1    0.032    1    1   1    0.53
113    2    0.000    1    2   0    1.45
72    1    -0.014    2    2   1    0.60
62    1    -0.014    1    1   0    0.48
24    1    0.014    1    1   1    1.18
32    1    -0.014    2    2   1    3.83
131    2    -0.032    1    2   1    0.75
8    1    0.000    1    1   1    1.19
121    2    -0.032    1    2   1    0.61
140    2    0.032    2    1   1    0.95
82    2    -0.014    1    2   1    0.78
93    2    0.000    1    2   0    0.69
6    1    -0.032    2    2   1    0.74
56    1    -0.032    2    2   1    0.90
117    2    -0.014    1    2   1    0.64
9    1    0.014    1    1   1    0.62
19    1    0.014    1    1   1    0.72
115    2    0.032    2    1   1    0.69
68    1    0.000    1    1   1    0.81
74    1    0.014    1    1   1    0.53
45    1    0.032    1    1   1    0.69
63    1    0.000    1    1   1    2.23
11    1    -0.032    2    2   1    1.02
89    2    0.014    2    1   1    1.12
15    1    0.032    1    1   1    0.92
132    2    -0.014    1    2   1    1.34
106    2    -0.032    1    2   1    0.58
138    2    0.000    1    2   0    0.71
83    2    0.000    1    2   0    0.60
37    1    -0.014    1    1   0    0.83
18    1    0.000    1    1   1    0.82
43    1    0.000    1    1   1    0.69
66    1    -0.032    1    1   0    0.40
85    2    0.032    1    2   0    0.45
26    1    -0.032    1    1   0    0.46
124    2    0.014    2    1   1    0.55
127    2    -0.014    1    2   1    1.10
41    1    -0.032    2    2   1    0.73
49    1    0.014    1    1   1    0.63
14    1    0.014    1    1   1    0.75
105    2    0.032    2    1   1    1.19
71    1    -0.032    2    2   1    0.88
144    2    0.014    2    1   1    2.60
99    2    0.014    2    1   1    1.15
5    1    0.032    1    1   1    1.33
120    2    0.032    2    1   1    0.82
58    1    0.000    1    1   1    0.69
87    2    -0.014    1    2   1    0.61
107    2    -0.014    1    2   1    0.64
146    2    -0.032    1    2   1    0.74
103    2    0.000    1    2   0    0.78
70    1    0.032    1    1   1    0.67
122    2    -0.014    1    2   1    0.71
79    2    0.014    2    1   1    1.37
57    1    -0.014    2    2   1    0.79
126    2    -0.032    1    2   1    0.71
112    2    -0.014    1    2   1    0.81
148    2    0.000    1    2   0    0.71
54    1    0.014    1    1   1    1.65
96    2    -0.032    1    2   1    1.27
36    1    -0.032    2    2   1    0.68
88    2    0.000    1    2   0    1.76
7    1    -0.014    2    2   1    1.22
4    1    0.014    1    1   1    1.04
35    1    0.032    1    1   1    0.90
47    1    -0.014    2    2   1    1.20
135    2    0.032    2    1   1    1.18
33    1    0.000    2    2   0    1.10
111    2    -0.032    1    2   1    0.73
98    2    0.000    1    2   0    0.46
78    2    0.000    1    2   0    0.62
40    1    0.032    1    1   1    0.64
65    1    0.032    1    1   1    0.32
130    2    0.032    1    2   0    0.44
77    2    -0.014    2    1   0    0.00
84    2    0.014    1    2   0    0.00
91    2    -0.032    1    2   1    1.27
80    2    0.032    2    1   1    0.72
69    1    0.014    1    1   1    0.62
128    2    0.000    1    2   0    2.80
29    1    0.014    1    1   1    0.65
30    1    0.032    1    1   1    0.75
108    2    0.000    1    2   0    1.42
46    1    -0.032    1    1   0    1.11
51    1    -0.032    2    2   1    0.85
141    2    -0.032    1    2   1    0.77
139    2    0.014    2    1   1    1.63
