--------------------------------
09-Jul-2014 13:26:41 
data from observer A04 
#occlusion2 expt 
reference disparity (degrees) 0.160000 

stim order disp kresp testresp correct time
1    2    0.074    1    2   1    4.37
2    1    -0.069    1    1   1    1.26
3    1    0.065    1    1   0    0.39
4    2    0.074    1    2   1    2.38
5    2    0.074    1    2   1    2.28
6    1    -0.069    1    1   1    0.79
7    1    0.069    2    2   1    0.80
8    2    0.065    1    2   1    0.56
9    2    -0.065    2    1   1    0.54
10    2    -0.060    2    1   1    1.45
11    1    0.060    2    2   1    0.57
12    2    0.055    1    2   1    0.58
13    2    0.055    1    2   1    0.58
14    2    0.051    1    2   1    0.58
15    2    -0.051    2    1   1    0.50
16    2    -0.046    2    1   1    0.58
17    2    0.046    1    2   1    0.56
18    2    0.042    1    2   1    0.46
19    1    0.042    2    2   1    0.53
20    2    0.037    1    2   1    0.50
21    2    0.037    1    2   1    0.62
22    2    -0.032    2    1   1    0.48
23    2    -0.032    2    1   1    0.45
24    1    -0.028    1    1   1    0.46
25    2    0.028    1    2   1    0.43
26    1    -0.023    1    1   1    0.73
27    2    0.023    1    2   1    0.84
28    1    0.018    2    2   1    0.68
29    2    -0.018    2    1   1    0.57
30    1    -0.014    1    1   1    0.53
31    1    0.014    1    1   0    1.40
32    1    -0.023    1    1   1    0.61
33    1    -0.023    1    1   1    0.49
34    2    0.018    1    2   1    0.48
35    1    -0.018    1    1   1    1.06
36    1    -0.014    1    1   1    1.19
37    2    -0.014    2    1   1    1.42
38    1    -0.009    1    1   1    0.93
39    2    -0.009    2    1   1    0.67
40    2    -0.005    1    2   0    1.04
41    2    0.014    1    2   1    1.47
42    1    -0.014    1    1   1    0.86
43    1    -0.009    1    1   1    1.16
44    2    0.009    1    2   1    1.83
45    1    0.005    2    2   1    0.71
46    2    -0.005    1    2   0    0.41
47    2    0.014    1    2   1    0.89
48    2    0.014    1    2   1    0.68
49    1    -0.009    1    1   1    0.63
50    1    0.009    1    1   0    0.65
-------------------------
Final staircase threshold estimate (mean) is 0.0102
-------------------------
80    2    0.028    1    2   0    8.74
65    1    0.028    2    2   0    1.04
60    1    0.028    2    2   0    0.64
8    1    0.000    2    2   0    1.38
64    1    0.009    1    1   1    0.58
39    1    0.009    2    2   0    0.59
58    1    0.000    2    2   0    0.65
16    1    -0.023    1    1   0    0.58
42    1    -0.009    1    1   0    0.62
89    2    0.009    1    2   0    0.71
81    2    -0.023    2    1   0    0.99
123    2    0.000    1    2   0    1.31
33    1    0.000    1    1   1    1.00
142    2    -0.009    2    1   0    0.66
147    2    -0.009    1    2   1    0.79
25    1    0.028    2    2   0    0.79
71    1    -0.023    1    1   0    0.82
9    1    0.009    2    2   0    0.96
48    1    0.000    2    2   0    0.98
7    1    -0.009    2    2   1    0.62
111    2    -0.023    2    1   0    0.97
24    1    0.009    1    1   1    0.72
22    1    -0.009    1    1   0    1.51
67    1    -0.009    1    1   0    0.68
140    2    0.028    1    2   0    0.52
49    1    0.009    1    1   1    0.46
10    1    0.028    2    2   0    0.56
141    2    -0.023    2    1   0    0.50
88    2    0.000    1    2   0    0.72
116    2    -0.023    2    1   0    1.03
44    1    0.009    2    2   0    4.24
19    1    0.009    1    1   1    1.03
34    1    0.009    1    1   1    3.56
29    1    0.009    2    2   0    1.16
74    1    0.009    2    2   0    0.81
127    2    -0.009    1    2   1    0.65
133    2    0.000    2    1   1    0.75
46    1    -0.023    1    1   0    0.65
30    1    0.028    2    2   0    1.61
26    1    -0.023    1    1   0    0.74
120    2    0.028    1    2   0    0.95
3    1    0.000    1    1   1    0.60
27    1    -0.009    1    1   0    1.03
53    1    0.000    1    1   1    3.87
75    2    0.028    2    1   1    0.72
43    1    0.000    1    1   1    0.70
69    1    0.009    1    1   1    0.00
86    2    -0.023    1    2   1    0.80
110    2    0.028    1    2   0    0.93
52    1    -0.009    2    2   1    0.51
28    1    0.000    1    1   1    0.98
122    2    -0.009    1    2   1    1.80
59    1    0.009    2    2   0    1.80
77    2    -0.009    1    2   1    1.09
45    1    0.028    2    2   0    0.99
107    2    -0.009    1    2   1    0.82
11    1    -0.023    1    1   0    1.64
73    1    0.000    1    1   1    0.81
102    2    -0.009    1    2   1    0.05
82    2    -0.009    1    2   1    0.96
70    1    0.028    2    2   0    1.12
4    1    0.009    1    1   1    0.61
138    2    0.000    1    2   0    0.49
76    2    -0.023    2    1   0    1.32
136    2    -0.023    2    1   0    0.89
115    2    0.028    1    2   0    0.83
121    2    -0.023    2    1   0    1.03
148    2    0.000    1    2   0    1.24
98    2    0.000    2    1   1    0.65
12    1    -0.009    1    1   0    0.99
95    2    0.028    1    2   0    1.09
134    2    0.009    1    2   0    0.75
126    2    -0.023    2    1   0    1.28
132    2    -0.009    1    2   1    0.85
38    1    0.000    1    1   1    0.77
63    1    0.000    1    1   1    0.91
113    2    0.000    1    2   0    0.41
124    2    0.009    1    2   0    0.76
6    1    -0.023    1    1   0    0.63
35    1    0.028    2    2   0    0.83
131    2    -0.023    2    1   0    0.62
119    2    0.009    1    2   0    0.80
51    1    -0.023    1    1   0    0.74
85    2    0.028    1    2   0    0.62
17    1    -0.009    1    1   0    1.12
54    1    0.009    2    2   0    1.05
40    1    0.028    2    2   0    1.16
5    1    0.028    2    2   0    0.78
79    2    0.009    1    2   0    0.60
117    2    -0.009    1    2   1    2.92
137    2    -0.009    1    2   1    1.14
78    2    0.000    1    2   0    1.33
61    1    -0.023    2    2   1    0.47
143    2    0.000    1    2   0    0.58
14    1    0.009    2    2   0    0.42
31    1    -0.023    2    2   1    0.45
90    2    0.028    1    2   0    0.85
56    1    -0.023    1    1   0    0.25
55    1    0.028    2    2   0    0.77
23    1    0.000    2    2   0    0.75
146    2    -0.023    2    1   0    0.87
139    2    0.009    2    1   1    0.91
103    2    0.000    1    2   0    1.34
91    2    -0.023    2    1   0    0.73
93    2    0.000    2    1   1    1.29
130    2    0.028    1    2   0    3.31
83    2    0.000    2    1   1    1.77
62    1    -0.009    1    1   0    2.54
72    1    -0.009    2    2   1    1.35
37    1    -0.009    1    1   0    0.54
145    2    0.028    1    2   0    1.06
129    2    0.009    1    2   0    3.26
105    2    0.028    1    2   0    1.23
2    1    -0.009    1    1   0    2.33
84    2    0.009    1    2   0    0.87
112    2    -0.009    1    2   1    0.73
68    1    0.000    1    1   1    5.39
36    1    -0.023    1    1   0    0.75
1    1    -0.023    1    1   0    0.54
108    2    0.000    1    2   0    0.81
150    2    0.028    1    2   0    0.62
99    2    0.009    1    2   0    0.75
149    2    0.009    1    2   0    0.72
41    1    -0.023    1    1   0    0.58
144    2    0.009    1    2   0    0.50
125    2    0.028    1    2   0    0.48
87    2    -0.009    1    2   1    0.46
50    1    0.028    2    2   0    0.88
128    2    0.000    1    2   0    0.76
100    2    0.028    1    2   0    0.62
92    2    -0.009    2    1   0    0.70
21    1    -0.023    1    1   0    0.56
118    2    0.000    1    2   0    2.20
106    2    -0.023    1    2   1    1.52
101    2    -0.023    2    1   0    1.68
104    2    0.009    1    2   0    0.85
32    1    -0.009    1    1   0    0.87
94    2    0.009    1    2   0    5.32
20    1    0.028    1    1   1    1.33
57    1    -0.009    1    1   0    0.63
96    2    -0.023    1    2   1    0.65
18    1    0.000    1    1   1    0.27
114    2    0.009    1    2   0    0.69
47    1    -0.009    1    1   0    0.42
97    2    -0.009    1    2   1    0.74
15    1    0.028    2    2   0    0.93
109    2    0.009    1    2   0    1.03
66    1    -0.023    1    1   0    0.65
13    1    0.000    1    1   1    0.56
135    2    0.028    1    2   0    0.50
