--------------------------------
12-Jul-2014 12:10:18 
data from observer A05 
#occlusion2 expt 
reference disparity (degrees) 0.160000 

stim order disp kresp testresp correct time
1    1    0.074    2    2   0    0.80
2    1    -0.083    1    1   0    0.38
3    2    -0.092    1    2   1    0.79
4    1    0.088    2    2   0    0.41
5    2    0.097    2    1   1    0.29
6    1    -0.097    1    1   0    0.55
7    2    -0.106    1    2   1    0.90
8    2    0.106    2    1   1    0.54
9    2    0.102    2    1   1    0.76
10    1    0.102    1    1   1    0.85
11    2    0.097    2    1   1    0.73
12    2    -0.097    2    1   0    0.98
13    1    0.106    1    1   1    0.62
14    1    0.106    1    1   1    0.55
15    1    0.102    1    1   1    0.36
16    2    -0.102    1    2   1    0.53
17    2    0.097    2    1   1    0.28
18    2    -0.097    1    2   1    0.34
19    2    0.092    1    2   0    4.12
20    1    -0.102    2    2   1    0.37
21    2    0.102    2    1   1    0.50
22    2    0.097    2    1   1    0.85
23    1    -0.097    2    2   1    1.86
24    2    -0.092    1    2   1    0.81
25    1    0.092    1    1   1    0.87
26    2    -0.088    1    2   1    0.66
27    1    0.088    1    1   1    0.63
28    2    0.083    1    2   0    1.07
29    2    0.092    2    1   1    1.16
30    1    -0.092    2    2   1    0.81
31    1    0.088    1    1   1    0.00
32    2    0.088    2    1   1    0.36
33    2    -0.083    1    2   1    0.70
34    2    0.083    2    1   1    0.66
35    1    0.079    1    1   1    1.15
36    2    -0.079    2    1   0    0.77
37    1    0.088    1    1   1    0.80
38    2    -0.088    1    2   1    0.62
39    2    -0.083    2    1   0    0.38
40    2    0.092    1    2   0    0.31
41    1    -0.102    1    1   0    0.44
42    2    0.111    2    1   1    0.08
43    1    -0.111    2    2   1    0.45
44    2    0.106    1    2   0    0.00
45    2    -0.115    1    2   1    1.12
46    1    -0.115    2    2   1    0.93
47    1    0.111    1    1   1    0.40
48    1    0.111    2    2   0    0.30
49    2    0.120    1    2   0    0.33
50    1    0.129    1    1   1    1.85
-------------------------
Final staircase threshold estimate (mean) is 0.1131
-------------------------
57    1    -0.111    2    2   1    25.84
59    1    0.111    1    1   1    0.73
122    2    -0.111    1    2   1    0.75
90    2    0.148    1    2   0    1.36
2    1    -0.111    2    2   1    0.35
4    1    0.111    1    1   1    0.38
46    1    -0.148    2    2   1    0.42
75    2    0.148    2    1   1    0.31
39    1    0.111    1    1   1    0.30
87    2    -0.111    1    2   1    0.32
136    2    -0.148    2    1   0    0.37
42    1    -0.111    1    1   0    0.74
141    2    -0.148    2    1   0    0.44
115    2    0.148    2    1   1    0.85
48    1    0.000    2    2   0    1.13
26    1    -0.148    2    2   1    0.84
83    2    0.000    2    1   1    0.76
33    1    0.000    1    1   1    2.20
79    2    0.111    2    1   1    0.56
60    1    0.148    1    1   1    0.70
61    1    -0.148    2    2   1    0.62
97    2    -0.111    1    2   1    0.25
78    2    0.000    2    1   1    0.17
95    2    0.148    2    1   1    0.55
44    1    0.111    2    2   0    0.12
18    1    0.000    1    1   1    0.33
142    2    -0.111    1    2   1    0.32
45    1    0.148    2    2   0    0.37
35    1    0.148    1    1   1    0.67
130    2    0.148    2    1   1    0.75
50    1    0.148    1    1   1    0.78
74    1    0.111    2    2   0    0.97
140    2    0.148    1    2   0    1.07
150    2    0.148    2    1   1    1.37
110    2    0.148    2    1   1    0.86
94    2    0.111    2    1   1    1.16
107    2    -0.111    1    2   1    0.85
63    1    0.000    2    2   0    0.55
38    1    0.000    1    1   1    0.70
88    2    0.000    2    1   1    0.24
1    1    -0.148    2    2   1    0.73
99    2    0.111    1    2   0    1.02
65    1    0.148    1    1   1    0.84
27    1    -0.111    2    2   1    0.45
114    2    0.111    2    1   1    0.75
119    2    0.111    2    1   1    0.85
70    1    0.148    1    1   1    2.01
129    2    0.111    2    1   1    0.93
53    1    0.000    1    1   1    0.35
127    2    -0.111    2    1   0    0.31
116    2    -0.148    2    1   0    0.25
40    1    0.148    1    1   1    0.27
144    2    0.111    1    2   0    0.35
135    2    0.148    2    1   1    0.12
5    1    0.148    1    1   1    0.75
125    2    0.148    2    1   1    0.28
64    1    0.111    1    1   1    0.25
43    1    0.000    2    2   0    0.34
138    2    0.000    2    1   1    0.20
62    1    -0.111    1    1   0    0.31
149    2    0.111    2    1   1    0.85
145    2    0.148    2    1   1    0.51
66    1    -0.148    2    2   1    0.48
21    1    -0.148    2    2   1    0.39
22    1    -0.111    2    2   1    0.35
15    1    0.148    1    1   1    0.54
67    1    -0.111    2    2   1    0.86
91    2    -0.148    1    2   1    0.29
19    1    0.111    2    2   0    0.28
17    1    -0.111    1    1   0    0.35
28    1    0.000    2    2   0    0.22
86    2    -0.148    2    1   0    0.35
118    2    0.000    1    2   0    1.12
112    2    -0.111    1    2   1    0.53
132    2    -0.111    1    2   1    0.99
103    2    0.000    2    1   1    0.93
25    1    0.148    2    2   0    0.34
52    1    -0.111    1    1   0    0.28
24    1    0.111    1    1   1    0.01
14    1    0.111    2    2   0    0.27
92    2    -0.111    2    1   0    0.30
108    2    0.000    2    1   1    1.16
20    1    0.148    2    2   0    0.00
113    2    0.000    1    2   0    0.29
139    2    0.111    1    2   0    0.27
8    1    0.000    1    1   1    1.77
37    1    -0.111    2    2   1    0.68
80    2    0.148    2    1   1    1.24
100    2    0.148    2    1   1    0.54
76    2    -0.148    2    1   0    0.96
49    1    0.111    2    2   0    0.53
29    1    0.111    2    2   0    0.28
68    1    0.000    1    1   1    0.27
58    1    0.000    2    2   0    0.27
96    2    -0.148    2    1   0    0.37
146    2    -0.148    1    2   1    1.00
11    1    -0.148    2    2   1    1.09
51    1    -0.148    2    2   1    0.51
133    2    0.000    2    1   1    0.33
12    1    -0.111    2    2   1    0.13
126    2    -0.148    1    2   1    0.85
16    1    -0.148    2    2   1    0.83
77    2    -0.111    1    2   1    0.35
47    1    -0.111    2    2   1    0.34
30    1    0.148    2    2   0    0.62
10    1    0.148    2    2   0    0.40
84    2    0.111    1    2   0    0.53
89    2    0.111    1    2   0    0.39
72    1    -0.111    1    1   0    0.31
131    2    -0.148    2    1   0    0.32
111    2    -0.148    2    1   0    0.14
23    1    0.000    2    2   0    0.00
104    2    0.111    2    1   1    0.05
120    2    0.148    1    2   0    0.27
148    2    0.000    1    2   0    0.36
121    2    -0.148    2    1   0    0.24
9    1    0.111    1    1   1    0.50
6    1    -0.148    2    2   1    0.73
109    2    0.111    2    1   1    0.68
69    1    0.111    2    2   0    0.78
137    2    -0.111    2    1   0    0.76
124    2    0.111    2    1   1    0.24
81    2    -0.148    2    1   0    0.30
41    1    -0.148    2    2   1    0.91
82    2    -0.111    1    2   1    1.00
101    2    -0.148    2    1   0    0.27
147    2    -0.111    1    2   1    0.26
55    1    0.148    2    2   0    0.11
73    1    0.000    1    1   1    0.28
143    2    0.000    2    1   1    0.29
102    2    -0.111    1    2   1    0.00
54    1    0.111    2    2   0    0.36
3    1    0.000    2    2   0    1.21
71    1    -0.148    2    2   1    0.83
123    2    0.000    2    1   1    0.56
106    2    -0.148    1    2   1    0.02
85    2    0.148    1    2   0    0.34
105    2    0.148    2    1   1    0.00
117    2    -0.111    2    1   0    0.46
128    2    0.000    1    2   0    0.33
32    1    -0.111    1    1   0    0.43
56    1    -0.148    2    2   1    0.58
13    1    0.000    2    2   0    0.62
34    1    0.111    1    1   1    0.40
93    2    0.000    1    2   0    0.43
134    2    0.111    2    1   1    0.33
36    1    -0.148    2    2   1    0.34
7    1    -0.111    2    2   1    0.37
98    2    0.000    2    1   1    0.30
31    1    -0.148    1    1   0    0.35
