--------------------------------
12-Jul-2014 12:04:23 
data from observer A05 
#occlusion2 expt 
reference disparity (degrees) 0.160000 

stim order disp kresp testresp correct time
1    1    -0.074    2    2   1    1.20
2    1    -0.069    2    2   1    0.98
3    1    0.065    1    1   1    1.14
4    2    0.060    1    2   0    1.26
5    1    0.069    2    2   0    0.91
6    1    -0.079    2    2   1    0.78
7    2    0.079    2    1   1    0.95
8    1    0.074    1    1   1    1.12
9    1    0.074    2    2   0    0.98
10    1    0.083    1    1   1    0.50
11    2    -0.083    2    1   0    0.35
12    2    -0.092    2    1   0    0.74
13    1    0.102    2    2   0    1.02
14    1    0.111    1    1   1    0.38
15    2    -0.111    2    1   0    0.74
16    2    0.120    1    2   0    0.39
17    1    0.129    1    1   1    0.37
18    2    -0.129    2    1   0    0.37
19    2    0.139    2    1   1    0.38
20    2    -0.139    1    2   1    0.85
21    2    0.134    1    2   0    1.42
22    1    0.143    2    2   0    0.43
23    2    -0.148    1    2   1    0.74
24    2    0.148    2    1   1    0.00
25    2    0.143    2    1   1    0.66
26    1    -0.143    2    2   1    1.59
27    2    0.139    2    1   1    0.22
28    1    0.139    1    1   1    0.34
29    1    -0.134    2    2   1    0.71
30    2    0.134    1    2   0    0.37
31    2    0.143    2    1   1    0.37
32    1    0.143    2    2   0    0.36
33    2    0.148    2    1   1    0.84
34    1    0.148    2    2   0    0.86
35    2    -0.148    1    2   1    1.01
36    1    0.148    2    2   0    0.56
37    2    -0.148    2    1   0    0.80
38    2    0.148    2    1   1    0.83
39    2    0.148    2    1   1    0.54
40    1    0.143    2    2   0    0.51
41    2    -0.148    2    1   0    0.35
42    2    -0.148    1    2   1    0.53
43    1    0.148    1    1   1    0.34
44    2    -0.143    2    1   0    0.25
45    1    0.148    2    2   0    0.61
46    2    0.148    2    1   1    1.11
47    1    -0.148    1    1   0    0.67
48    1    -0.148    2    2   1    0.64
49    1    -0.148    1    1   0    0.34
50    1    0.148    2    2   0    0.34
-------------------------
Final staircase threshold estimate (mean) is 0.1473
-------------------------
147    2    -0.148    2    1   0    6.58
111    2    -0.148    2    1   0    0.56
19    1    0.148    1    1   1    0.68
20    1    0.148    2    2   0    1.93
2    1    -0.148    1    1   0    1.05
26    1    -0.148    2    2   1    0.69
134    2    0.148    2    1   1    0.76
48    1    0.000    2    2   0    1.00
38    1    0.000    2    2   0    0.52
17    1    -0.148    2    2   1    0.46
138    2    0.000    1    2   0    0.89
14    1    0.148    2    2   0    0.31
54    1    0.148    1    1   1    0.26
50    1    0.148    2    2   0    0.85
117    2    -0.148    1    2   1    0.35
125    2    0.148    1    2   0    0.56
11    1    -0.148    2    2   1    0.48
106    2    -0.148    1    2   1    0.78
90    2    0.148    2    1   1    0.61
32    1    -0.148    2    2   1    0.42
128    2    0.000    1    2   0    0.93
69    1    0.148    2    2   0    0.58
97    2    -0.148    1    2   1    0.83
103    2    0.000    2    1   1    0.35
91    2    -0.148    2    1   0    1.16
146    2    -0.148    1    2   1    0.70
53    1    0.000    1    1   1    1.78
109    2    0.148    1    2   0    2.01
94    2    0.148    1    2   0    0.99
7    1    -0.148    2    2   1    0.63
63    1    0.000    1    1   1    1.21
142    2    -0.148    1    2   1    0.92
132    2    -0.148    2    1   0    1.27
35    1    0.148    1    1   1    0.53
3    1    0.000    1    1   1    0.69
74    1    0.148    2    2   0    0.77
92    2    -0.148    2    1   0    1.22
149    2    0.148    2    1   1    2.00
1    1    -0.148    1    1   0    0.70
51    1    -0.148    2    2   1    0.33
144    2    0.148    2    1   1    0.13
145    2    0.148    1    2   0    0.00
44    1    0.148    1    1   1    0.86
56    1    -0.148    2    2   1    0.72
112    2    -0.148    2    1   0    0.75
37    1    -0.148    1    1   0    0.74
114    2    0.148    2    1   1    0.61
129    2    0.148    2    1   1    0.54
31    1    -0.148    1    1   0    0.89
67    1    -0.148    2    2   1    0.71
143    2    0.000    2    1   1    0.77
72    1    -0.148    2    2   1    1.80
36    1    -0.148    1    1   0    0.98
4    1    0.148    1    1   1    1.06
116    2    -0.148    2    1   0    0.52
68    1    0.000    1    1   1    1.00
78    2    0.000    1    2   0    0.33
23    1    0.000    2    2   0    0.50
126    2    -0.148    2    1   0    0.30
57    1    -0.148    1    1   0    0.46
43    1    0.000    2    2   0    0.71
79    2    0.148    1    2   0    0.31
33    1    0.000    1    1   1    0.37
137    2    -0.148    2    1   0    0.26
136    2    -0.148    2    1   0    0.23
61    1    -0.148    1    1   0    0.38
139    2    0.148    1    2   0    0.10
135    2    0.148    2    1   1    0.24
148    2    0.000    2    1   1    0.36
29    1    0.148    1    1   1    0.48
81    2    -0.148    2    1   0    0.37
10    1    0.148    1    1   1    0.53
13    1    0.000    1    1   1    0.40
49    1    0.148    1    1   1    0.34
71    1    -0.148    1    1   0    0.40
107    2    -0.148    2    1   0    0.44
24    1    0.148    1    1   1    0.98
39    1    0.148    1    1   1    0.49
104    2    0.148    2    1   1    1.52
124    2    0.148    2    1   1    3.28
113    2    0.000    1    2   0    0.88
108    2    0.000    1    2   0    0.32
55    1    0.148    2    2   0    0.57
85    2    0.148    1    2   0    0.16
105    2    0.148    1    2   0    0.89
102    2    -0.148    1    2   1    0.95
82    2    -0.148    1    2   1    1.00
101    2    -0.148    2    1   0    0.61
87    2    -0.148    2    1   0    1.02
30    1    0.148    2    2   0    0.90
66    1    -0.148    1    1   0    0.81
115    2    0.148    2    1   1    0.35
140    2    0.148    2    1   1    0.34
64    1    0.148    1    1   1    1.39
110    2    0.148    1    2   0    0.46
5    1    0.148    2    2   0    0.38
16    1    -0.148    2    2   1    0.26
86    2    -0.148    2    1   0    0.44
119    2    0.148    1    2   0    0.40
62    1    -0.148    1    1   0    0.39
120    2    0.148    2    1   1    0.32
65    1    0.148    2    2   0    0.32
121    2    -0.148    2    1   0    0.37
60    1    0.148    1    1   1    0.55
22    1    -0.148    1    1   0    0.33
45    1    0.148    2    2   0    0.50
83    2    0.000    2    1   1    0.29
28    1    0.000    2    2   0    0.42
96    2    -0.148    2    1   0    0.31
42    1    -0.148    1    1   0    0.60
27    1    -0.148    2    2   1    0.53
122    2    -0.148    2    1   0    0.43
93    2    0.000    1    2   0    0.33
8    1    0.000    1    1   1    0.32
25    1    0.148    2    2   0    0.34
73    1    0.000    2    2   0    0.59
58    1    0.000    2    2   0    1.96
70    1    0.148    2    2   0    0.41
131    2    -0.148    2    1   0    1.52
12    1    -0.148    2    2   1    0.25
76    2    -0.148    1    2   1    0.49
127    2    -0.148    2    1   0    0.00
40    1    0.148    1    1   1    0.24
59    1    0.148    1    1   1    0.02
123    2    0.000    2    1   1    0.47
75    2    0.148    2    1   1    0.26
77    2    -0.148    1    2   1    0.76
98    2    0.000    1    2   0    0.35
80    2    0.148    2    1   1    0.10
89    2    0.148    2    1   1    0.11
150    2    0.148    2    1   1    0.22
15    1    0.148    1    1   1    0.75
46    1    -0.148    1    1   0    0.55
52    1    -0.148    1    1   0    0.31
9    1    0.148    1    1   1    0.63
41    1    -0.148    1    1   0    0.40
18    1    0.000    2    2   0    0.35
99    2    0.148    2    1   1    0.00
118    2    0.000    1    2   0    0.00
34    1    0.148    1    1   1    0.39
47    1    -0.148    2    2   1    0.64
88    2    0.000    2    1   1    0.26
84    2    0.148    1    2   0    0.37
100    2    0.148    1    2   0    0.31
130    2    0.148    2    1   1    0.43
95    2    0.148    2    1   1    0.47
6    1    -0.148    2    2   1    0.70
141    2    -0.148    1    2   1    0.60
21    1    -0.148    2    2   1    0.38
133    2    0.000    1    2   0    1.05
