--------------------------------
12-Jul-2014 13:22:00 
data from observer A05 
#occlusion2 expt 
reference disparity (degrees) 0.160000 

stim order disp kresp testresp correct time
1    2    -0.074    2    1   1    1.36
2    1    0.069    2    2   1    0.94
3    2    -0.065    2    1   1    0.69
4    1    0.060    2    2   1    0.87
5    2    0.055    2    1   0    0.84
6    1    0.065    1    1   0    0.28
7    2    -0.074    2    1   1    0.65
8    1    -0.074    1    1   1    1.23
9    1    0.069    2    2   1    1.26
10    1    -0.069    2    2   0    0.99
11    2    0.079    1    2   1    0.40
12    1    -0.079    2    2   0    0.42
13    2    -0.088    2    1   1    0.96
14    1    -0.088    2    2   0    3.19
15    2    -0.097    2    1   1    9.09
16    1    0.097    2    2   1    0.71
17    1    -0.092    2    2   0    2.44
18    1    -0.102    2    2   0    1.53
19    1    0.111    2    2   1    0.80
20    1    0.111    2    2   1    1.19
21    2    -0.106    2    1   1    1.94
22    1    0.106    2    2   1    1.86
23    1    -0.102    2    2   0    1.44
24    1    0.111    2    2   1    0.54
25    1    -0.111    1    1   1    0.52
26    1    0.106    2    2   1    0.09
27    2    0.106    2    1   0    0.09
28    1    -0.115    2    2   0    0.05
29    1    0.125    1    1   0    0.28
30    2    -0.134    1    2   0    0.28
31    1    0.143    1    1   0    0.96
32    1    -0.148    2    2   0    0.50
33    1    -0.148    1    1   1    0.86
34    1    0.148    1    1   0    0.52
35    1    0.148    2    2   1    0.43
36    1    -0.148    2    2   0    0.69
37    1    -0.148    2    2   0    0.67
38    1    -0.148    1    1   1    0.89
39    1    -0.148    2    2   0    0.90
40    2    -0.148    2    1   1    0.87
41    2    0.148    2    1   0    0.70
42    1    -0.148    2    2   0    1.46
43    2    0.148    2    1   0    0.48
44    2    -0.148    2    1   1    0.55
45    1    0.148    2    2   1    0.50
46    1    0.143    2    2   1    0.49
47    2    0.143    2    1   0    0.29
48    1    0.148    2    2   1    0.00
49    2    0.148    2    1   0    0.31
50    2    0.148    2    1   0    0.00
-------------------------
Final staircase threshold estimate (mean) is 0.1468
-------------------------
9    1    0.148    2    2   0    1.75
17    1    -0.148    2    2   1    0.78
52    1    -0.148    1    1   0    0.78
99    2    0.148    2    1   1    0.89
81    2    -0.148    2    1   0    1.01
30    1    0.148    2    2   0    0.51
71    1    -0.148    2    2   1    0.00
143    2    0.000    2    1   1    0.60
35    1    0.148    1    1   1    0.23
96    2    -0.148    2    1   0    0.29
5    1    0.148    2    2   0    0.01
79    2    0.148    1    2   0    0.24
116    2    -0.148    2    1   0    0.07
60    1    0.148    2    2   0    0.00
83    2    0.000    2    1   1    0.65
44    1    0.148    2    2   0    0.36
25    1    0.148    2    2   0    0.51
131    2    -0.148    2    1   0    0.29
134    2    0.148    2    1   1    0.28
70    1    0.148    1    1   1    0.30
54    1    0.148    2    2   0    0.27
18    1    0.000    2    2   0    0.31
8    1    0.000    2    2   0    0.38
100    2    0.148    2    1   1    0.27
136    2    -0.148    2    1   0    0.21
125    2    0.148    2    1   1    0.12
31    1    -0.148    2    2   1    0.00
84    2    0.148    1    2   0    0.39
37    1    -0.148    2    2   1    0.28
106    2    -0.148    2    1   0    0.33
34    1    0.148    2    2   0    0.30
46    1    -0.148    2    2   1    0.17
135    2    0.148    2    1   1    0.32
109    2    0.148    2    1   1    0.00
141    2    -0.148    1    2   1    0.27
40    1    0.148    1    1   1    0.34
93    2    0.000    2    1   1    0.00
43    1    0.000    1    1   1    0.30
149    2    0.148    2    1   1    0.30
58    1    0.000    1    1   1    0.21
117    2    -0.148    2    1   0    0.68
104    2    0.148    2    1   1    0.29
1    1    -0.148    1    1   0    0.46
132    2    -0.148    1    2   1    0.20
75    2    0.148    2    1   1    0.00
15    1    0.148    2    2   0    0.41
98    2    0.000    2    1   1    0.34
97    2    -0.148    1    2   1    0.28
19    1    0.148    2    2   0    0.28
49    1    0.148    2    2   0    0.02
53    1    0.000    2    2   0    0.01
47    1    -0.148    1    1   0    0.00
138    2    0.000    1    2   0    0.27
78    2    0.000    2    1   1    0.00
32    1    -0.148    2    2   1    0.24
2    1    -0.148    2    2   1    0.38
95    2    0.148    2    1   1    0.00
66    1    -0.148    2    2   1    0.00
111    2    -0.148    2    1   0    0.07
146    2    -0.148    2    1   0    0.16
11    1    -0.148    1    1   0    0.05
87    2    -0.148    2    1   0    0.27
12    1    -0.148    2    2   1    0.28
4    1    0.148    1    1   1    0.27
91    2    -0.148    1    2   1    0.29
115    2    0.148    2    1   1    0.19
67    1    -0.148    2    2   1    0.25
72    1    -0.148    1    1   0    0.06
51    1    -0.148    2    2   1    0.34
108    2    0.000    2    1   1    0.01
62    1    -0.148    2    2   1    0.00
7    1    -0.148    1    1   0    0.00
13    1    0.000    2    2   0    0.31
80    2    0.148    2    1   1    0.31
56    1    -0.148    2    2   1    0.28
133    2    0.000    2    1   1    0.88
16    1    -0.148    2    2   1    0.25
112    2    -0.148    1    2   1    0.07
14    1    0.148    2    2   0    0.05
126    2    -0.148    2    1   0    0.19
41    1    -0.148    2    2   1    0.29
64    1    0.148    2    2   0    0.28
85    2    0.148    2    1   1    0.38
76    2    -0.148    1    2   1    0.45
57    1    -0.148    1    1   0    0.00
140    2    0.148    2    1   1    0.00
45    1    0.148    2    2   0    0.48
147    2    -0.148    2    1   0    0.26
120    2    0.148    2    1   1    0.00
92    2    -0.148    1    2   1    0.16
144    2    0.148    2    1   1    0.35
21    1    -0.148    2    2   1    0.02
73    1    0.000    2    2   0    0.00
122    2    -0.148    2    1   0    0.00
68    1    0.000    2    2   0    0.12
129    2    0.148    2    1   1    0.14
29    1    0.148    1    1   1    0.40
88    2    0.000    2    1   1    0.18
39    1    0.148    2    2   0    0.07
86    2    -0.148    1    2   1    0.08
127    2    -0.148    2    1   0    0.26
33    1    0.000    2    2   0    0.32
10    1    0.148    1    1   1    0.21
102    2    -0.148    2    1   0    0.09
26    1    -0.148    2    2   1    0.12
137    2    -0.148    2    1   0    0.11
82    2    -0.148    2    1   0    0.00
142    2    -0.148    1    2   1    0.10
22    1    -0.148    1    1   0    0.29
90    2    0.148    2    1   1    0.11
28    1    0.000    2    2   0    0.07
42    1    -0.148    1    1   0    0.22
94    2    0.148    1    2   0    0.46
20    1    0.148    2    2   0    0.26
113    2    0.000    2    1   1    0.11
27    1    -0.148    2    2   1    0.27
124    2    0.148    2    1   1    0.56
77    2    -0.148    2    1   0    0.19
139    2    0.148    2    1   1    0.28
118    2    0.000    2    1   1    0.00
23    1    0.000    2    2   0    0.00
110    2    0.148    2    1   1    0.15
61    1    -0.148    1    1   0    0.00
114    2    0.148    2    1   1    0.06
150    2    0.148    2    1   1    0.31
3    1    0.000    1    1   1    0.44
89    2    0.148    2    1   1    0.08
24    1    0.148    2    2   0    0.24
103    2    0.000    1    2   0    0.00
101    2    -0.148    2    1   0    0.04
6    1    -0.148    2    2   1    0.42
128    2    0.000    2    1   1    0.45
65    1    0.148    1    1   1    0.32
59    1    0.148    2    2   0    0.00
105    2    0.148    2    1   1    0.08
69    1    0.148    1    1   1    0.51
74    1    0.148    2    2   0    0.05
63    1    0.000    2    2   0    0.28
148    2    0.000    2    1   1    0.15
119    2    0.148    1    2   0    0.71
121    2    -0.148    2    1   0    0.53
50    1    0.148    1    1   1    1.23
107    2    -0.148    2    1   0    0.44
48    1    0.000    2    2   0    0.05
36    1    -0.148    1    1   0    0.31
38    1    0.000    2    2   0    0.23
123    2    0.000    2    1   1    0.35
145    2    0.148    2    1   1    0.00
55    1    0.148    2    2   0    0.23
130    2    0.148    1    2   0    0.00
