--------------------------------
12-Jul-2014 13:32:33 
data from observer A05 
#occlusion2 expt 
reference disparity (degrees) 0.160000 

stim order disp kresp testresp correct time
1    1    -0.074    2    2   0    1.72
2    1    0.083    1    1   0    1.07
3    2    -0.092    2    1   1    0.23
4    1    0.088    1    1   0    0.15
5    1    -0.097    1    1   1    0.00
6    2    0.097    2    1   0    0.03
7    2    0.106    2    1   0    0.01
8    1    0.115    1    1   0    0.26
9    2    -0.125    2    1   1    0.00
10    2    0.125    2    1   0    0.09
11    1    -0.134    1    1   1    0.04
12    2    0.134    2    1   0    0.18
13    2    0.143    2    1   0    0.03
14    1    -0.148    2    2   0    0.20
15    1    -0.148    2    2   0    0.35
16    1    -0.148    2    2   0    0.30
17    1    0.148    1    1   0    0.27
18    2    0.148    2    1   0    0.00
19    1    0.148    2    2   1    0.00
20    1    -0.148    1    1   1    0.00
21    2    -0.143    2    1   1    0.16
22    1    -0.143    2    2   0    0.43
23    1    0.148    2    2   1    0.38
24    2    0.148    1    2   1    0.00
25    1    -0.143    2    2   0    0.00
26    2    0.148    1    2   1    0.03
27    2    0.148    2    1   0    0.26
28    2    0.148    1    2   1    0.00
29    2    0.148    2    1   0    0.12
30    1    -0.148    1    1   1    0.00
31    1    -0.148    1    1   1    0.00
32    2    -0.143    2    1   1    0.00
33    1    -0.143    2    2   0    0.39
34    2    0.148    2    1   0    0.59
35    2    -0.148    2    1   1    0.49
36    2    -0.148    2    1   1    0.43
37    2    0.143    2    1   0    0.27
38    1    -0.148    1    1   1    0.19
39    1    0.148    2    2   1    0.00
40    1    -0.143    1    1   1    0.00
41    2    -0.143    2    1   1    0.00
42    1    0.139    2    2   1    0.00
43    2    -0.139    1    2   0    0.00
44    1    -0.148    1    1   1    0.00
45    1    -0.148    1    1   1    0.00
46    1    -0.143    1    1   1    0.99
47    2    -0.143    1    2   0    0.00
48    2    0.148    2    1   0    0.00
49    2    0.148    2    1   0    0.08
50    1    0.148    1    1   0    0.00
-------------------------
Final staircase threshold estimate (mean) is 0.1445
-------------------------
38    1    0.000    2    2   0    2.83
97    2    -0.143    1    2   1    1.47
140    2    0.148    2    1   1    0.69
5    1    0.148    2    2   0    0.00
77    2    -0.143    2    1   0    0.27
113    2    0.000    2    1   1    0.00
7    1    -0.143    2    2   1    0.00
128    2    0.000    1    2   0    0.00
41    1    -0.148    2    2   1    0.00
3    1    0.000    1    1   1    0.00
61    1    -0.148    2    2   1    0.03
26    1    -0.148    2    2   1    0.33
105    2    0.148    1    2   0    0.18
60    1    0.148    2    2   0    0.00
13    1    0.000    1    1   1    0.07
4    1    0.143    2    2   0    0.36
108    2    0.000    2    1   1    0.31
84    2    0.143    1    2   0    0.00
133    2    0.000    2    1   1    0.39
135    2    0.148    1    2   0    0.00
87    2    -0.143    2    1   0    0.37
18    1    0.000    2    2   0    0.02
147    2    -0.143    2    1   0    0.21
36    1    -0.148    2    2   1    0.00
106    2    -0.148    1    2   1    0.30
79    2    0.143    2    1   1    0.00
111    2    -0.148    1    2   1    0.00
42    1    -0.143    2    2   1    0.00
81    2    -0.148    1    2   1    0.00
31    1    -0.148    1    1   0    0.00
48    1    0.000    2    2   0    0.00
39    1    0.143    2    2   0    0.00
6    1    -0.148    1    1   0    1.08
130    2    0.148    2    1   1    0.84
132    2    -0.143    2    1   0    1.18
86    2    -0.148    2    1   0    0.63
46    1    -0.148    2    2   1    0.78
115    2    0.148    1    2   0    0.86
9    1    0.143    2    2   0    0.25
75    2    0.148    1    2   0    0.37
20    1    0.148    2    2   0    0.43
62    1    -0.143    1    1   0    0.06
57    1    -0.143    2    2   1    0.18
56    1    -0.148    1    1   0    0.38
50    1    0.148    1    1   1    0.05
93    2    0.000    2    1   1    0.06
139    2    0.143    1    2   0    0.03
64    1    0.143    2    2   0    0.10
55    1    0.148    1    1   1    0.10
125    2    0.148    2    1   1    0.00
76    2    -0.148    1    2   1    0.05
24    1    0.143    2    2   0    0.12
100    2    0.148    1    2   0    0.05
144    2    0.143    1    2   0    1.04
138    2    0.000    2    1   1    0.00
122    2    -0.143    1    2   1    0.11
40    1    0.148    2    2   0    0.07
49    1    0.143    1    1   1    0.00
92    2    -0.143    2    1   0    0.07
53    1    0.000    2    2   0    1.07
126    2    -0.148    2    1   0    0.76
99    2    0.143    1    2   0    0.94
45    1    0.148    2    2   0    0.39
114    2    0.143    1    2   0    0.41
78    2    0.000    2    1   1    0.10
95    2    0.148    1    2   0    0.33
73    1    0.000    2    2   0    0.36
35    1    0.148    1    1   1    0.34
80    2    0.148    2    1   1    0.02
17    1    -0.143    1    1   0    1.26
94    2    0.143    2    1   1    0.23
63    1    0.000    1    1   1    0.01
47    1    -0.143    1    1   0    0.53
29    1    0.143    1    1   1    0.00
8    1    0.000    2    2   0    0.10
30    1    0.148    2    2   0    0.37
44    1    0.143    2    2   0    0.11
34    1    0.143    1    1   1    0.00
12    1    -0.143    1    1   0    0.51
141    2    -0.148    2    1   0    0.00
21    1    -0.148    1    1   0    0.00
23    1    0.000    2    2   0    0.14
59    1    0.143    1    1   1    0.69
14    1    0.143    2    2   0    0.36
148    2    0.000    2    1   1    0.20
54    1    0.143    1    1   1    0.03
71    1    -0.148    2    2   1    0.00
145    2    0.148    1    2   0    0.00
74    1    0.143    2    2   0    0.00
16    1    -0.148    1    1   0    0.14
134    2    0.143    1    2   0    0.08
91    2    -0.148    2    1   0    0.15
68    1    0.000    1    1   1    0.16
101    2    -0.148    2    1   0    0.04
88    2    0.000    1    2   0    0.00
124    2    0.143    2    1   1    0.11
15    1    0.148    1    1   1    0.00
58    1    0.000    2    2   0    0.00
65    1    0.148    2    2   0    0.98
109    2    0.143    2    1   1    1.20
150    2    0.148    1    2   0    0.29
129    2    0.143    2    1   1    0.38
52    1    -0.143    1    1   0    0.27
98    2    0.000    2    1   1    0.04
11    1    -0.148    2    2   1    0.04
1    1    -0.148    1    1   0    0.24
43    1    0.000    2    2   0    0.28
27    1    -0.143    2    2   1    0.00
143    2    0.000    2    1   1    0.95
83    2    0.000    1    2   0    0.17
123    2    0.000    2    1   1    0.32
70    1    0.148    1    1   1    0.18
69    1    0.143    2    2   0    0.11
72    1    -0.143    1    1   0    0.00
67    1    -0.143    1    1   0    0.00
120    2    0.148    2    1   1    0.35
146    2    -0.148    2    1   0    0.43
118    2    0.000    1    2   0    0.18
136    2    -0.148    2    1   0    0.20
22    1    -0.143    2    2   1    0.32
90    2    0.148    1    2   0    0.53
19    1    0.143    2    2   0    0.63
85    2    0.148    1    2   0    0.54
131    2    -0.148    2    1   0    0.07
82    2    -0.143    1    2   1    0.78
51    1    -0.148    1    1   0    0.82
121    2    -0.148    2    1   0    0.23
117    2    -0.143    1    2   1    0.44
25    1    0.148    1    1   1    0.63
149    2    0.143    2    1   1    0.22
33    1    0.000    1    1   1    0.87
96    2    -0.148    2    1   0    0.20
112    2    -0.143    2    1   0    0.12
2    1    -0.143    2    2   1    0.31
103    2    0.000    1    2   0    0.00
119    2    0.143    2    1   1    1.29
28    1    0.000    2    2   0    0.26
137    2    -0.143    1    2   1    1.12
127    2    -0.143    1    2   1    14.36
10    1    0.148    2    2   0    0.87
102    2    -0.143    2    1   0    1.06
37    1    -0.143    1    1   0    0.18
110    2    0.148    2    1   1    0.11
66    1    -0.148    1    1   0    0.28
89    2    0.143    2    1   1    0.57
32    1    -0.143    1    1   0    0.21
107    2    -0.143    2    1   0    0.68
116    2    -0.148    2    1   0    0.04
142    2    -0.143    2    1   0    3.44
104    2    0.143    2    1   1    0.81
