--------------------------------
12-Jul-2014 12:15:57 
data from observer A05 
#occlusion2 expt 
reference disparity (degrees) 0.160000 

stim order disp kresp testresp correct time
1    1    -0.074    2    2   1    0.72
2    1    0.069    1    1   1    0.25
3    2    0.065    1    2   0    0.00
4    2    0.074    1    2   0    0.10
5    2    0.083    2    1   1    0.22
6    1    0.083    2    2   0    0.21
7    1    0.092    1    1   1    0.27
8    1    -0.092    2    2   1    0.30
9    2    0.088    1    2   0    0.32
10    2    0.097    2    1   1    0.33
11    1    0.097    2    2   0    0.67
12    2    0.106    2    1   1    0.82
13    1    -0.106    1    1   0    0.35
14    2    -0.115    2    1   0    0.40
15    2    0.125    1    2   0    0.50
16    2    -0.134    2    1   0    1.74
17    1    -0.143    1    1   0    1.35
18    2    0.148    2    1   1    0.35
19    2    0.148    1    2   0    0.20
20    1    0.148    1    1   1    0.21
21    1    0.148    1    1   1    0.11
22    2    -0.143    1    2   1    0.23
23    1    -0.143    1    1   0    0.00
24    2    0.148    2    1   1    0.32
25    2    -0.148    2    1   0    0.26
26    1    -0.148    1    1   0    0.19
27    1    0.148    2    2   0    0.37
28    2    -0.148    1    2   1    0.88
29    1    -0.148    2    2   1    1.05
30    1    0.143    2    2   0    0.59
31    1    0.148    1    1   1    0.55
32    1    -0.148    2    2   1    0.36
33    2    0.143    1    2   0    0.38
34    2    -0.148    2    1   0    0.06
35    2    -0.148    1    2   1    0.14
36    2    -0.148    1    2   1    0.33
37    1    -0.143    2    2   1    0.88
38    2    -0.143    1    2   1    0.71
39    1    -0.139    2    2   1    0.39
40    2    -0.139    1    2   1    0.24
41    1    0.134    2    2   0    0.22
42    1    0.143    2    2   0    0.00
43    2    -0.148    2    1   0    0.00
44    1    0.148    1    1   1    0.34
45    1    -0.148    1    1   0    0.31
46    1    0.148    2    2   0    0.36
47    1    -0.148    1    1   0    0.93
48    2    -0.148    2    1   0    0.35
49    1    0.148    1    1   1    0.23
50    2    -0.148    1    2   1    0.25
-------------------------
Final staircase threshold estimate (mean) is 0.1459
-------------------------
124    2    0.148    2    1   1    2.78
38    1    0.000    1    1   1    0.35
76    2    -0.148    1    2   1    0.33
22    1    -0.148    1    1   0    0.82
85    2    0.148    1    2   0    0.76
145    2    0.148    2    1   1    0.63
67    1    -0.148    1    1   0    0.33
17    1    -0.148    1    1   0    0.41
50    1    0.148    2    2   0    0.32
6    1    -0.148    2    2   1    0.32
86    2    -0.148    2    1   0    0.34
95    2    0.148    1    2   0    0.35
96    2    -0.148    1    2   1    0.31
62    1    -0.148    2    2   1    0.28
150    2    0.148    2    1   1    0.00
13    1    0.000    1    1   1    0.00
139    2    0.148    1    2   0    1.58
55    1    0.148    2    2   0    0.39
119    2    0.148    1    2   0    0.36
48    1    0.000    1    1   1    0.38
79    2    0.148    2    1   1    0.64
68    1    0.000    2    2   0    1.00
26    1    -0.148    2    2   1    0.68
37    1    -0.148    1    1   0    0.33
73    1    0.000    1    1   1    0.31
63    1    0.000    1    1   1    0.38
83    2    0.000    2    1   1    0.31
53    1    0.000    2    2   0    0.09
93    2    0.000    1    2   0    0.37
81    2    -0.148    1    2   1    0.08
146    2    -0.148    2    1   0    0.10
141    2    -0.148    1    2   1    0.28
140    2    0.148    1    2   0    0.39
123    2    0.000    2    1   1    1.15
11    1    -0.148    2    2   1    3.49
108    2    0.000    1    2   0    0.79
111    2    -0.148    1    2   1    3.56
122    2    -0.148    2    1   0    0.31
136    2    -0.148    1    2   1    1.76
121    2    -0.148    2    1   0    4.20
2    1    -0.148    1    1   0    0.36
9    1    0.148    1    1   1    0.29
56    1    -0.148    1    1   0    0.66
128    2    0.000    2    1   1    0.52
106    2    -0.148    1    2   1    0.16
3    1    0.000    1    1   1    0.26
134    2    0.148    1    2   0    0.32
97    2    -0.148    1    2   1    0.02
149    2    0.148    2    1   1    0.33
49    1    0.148    2    2   0    0.27
35    1    0.148    1    1   1    0.37
115    2    0.148    1    2   0    0.03
80    2    0.148    2    1   1    0.21
120    2    0.148    2    1   1    0.31
4    1    0.148    1    1   1    0.00
148    2    0.000    1    2   0    0.51
16    1    -0.148    2    2   1    0.09
31    1    -0.148    2    2   1    0.10
24    1    0.148    1    1   1    1.25
64    1    0.148    1    1   1    1.63
69    1    0.148    1    1   1    0.40
54    1    0.148    1    1   1    0.06
1    1    -0.148    1    1   0    0.10
126    2    -0.148    2    1   0    0.09
147    2    -0.148    2    1   0    0.55
94    2    0.148    1    2   0    0.00
21    1    -0.148    2    2   1    0.00
109    2    0.148    1    2   0    0.00
91    2    -0.148    2    1   0    0.00
105    2    0.148    2    1   1    0.37
135    2    0.148    2    1   1    0.83
71    1    -0.148    2    2   1    0.45
58    1    0.000    1    1   1    0.11
113    2    0.000    2    1   1    0.38
51    1    -0.148    1    1   0    0.98
40    1    0.148    1    1   1    0.88
41    1    -0.148    1    1   0    0.62
39    1    0.148    2    2   0    0.19
33    1    0.000    1    1   1    0.10
89    2    0.148    2    1   1    0.20
127    2    -0.148    1    2   1    0.47
34    1    0.148    2    2   0    0.25
92    2    -0.148    1    2   1    0.17
118    2    0.000    1    2   0    0.11
19    1    0.148    2    2   0    0.27
46    1    -0.148    2    2   1    0.00
15    1    0.148    2    2   0    0.38
75    2    0.148    1    2   0    0.61
12    1    -0.148    2    2   1    2.07
142    2    -0.148    1    2   1    1.94
98    2    0.000    1    2   0    0.71
60    1    0.148    2    2   0    0.00
10    1    0.148    1    1   1    0.33
104    2    0.148    2    1   1    0.08
132    2    -0.148    2    1   0    0.33
74    1    0.148    1    1   1    0.37
100    2    0.148    2    1   1    0.32
101    2    -0.148    2    1   0    0.00
42    1    -0.148    1    1   0    0.36
102    2    -0.148    1    2   1    0.14
32    1    -0.148    2    2   1    0.15
36    1    -0.148    1    1   0    1.06
82    2    -0.148    2    1   0    1.16
137    2    -0.148    1    2   1    0.33
143    2    0.000    2    1   1    0.31
133    2    0.000    2    1   1    0.00
7    1    -0.148    2    2   1    0.04
25    1    0.148    2    2   0    0.11
52    1    -0.148    1    1   0    0.15
65    1    0.148    1    1   1    0.32
77    2    -0.148    1    2   1    0.58
110    2    0.148    2    1   1    0.35
90    2    0.148    1    2   0    0.35
72    1    -0.148    2    2   1    0.00
30    1    0.148    1    1   1    0.53
70    1    0.148    2    2   0    0.00
59    1    0.148    2    2   0    0.27
29    1    0.148    1    1   1    0.16
138    2    0.000    2    1   1    0.22
57    1    -0.148    1    1   0    0.00
5    1    0.148    2    2   0    0.31
103    2    0.000    2    1   1    0.26
87    2    -0.148    1    2   1    0.91
27    1    -0.148    1    1   0    0.35
144    2    0.148    2    1   1    0.02
112    2    -0.148    1    2   1    0.20
20    1    0.148    2    2   0    0.27
18    1    0.000    2    2   0    0.00
88    2    0.000    1    2   0    0.16
8    1    0.000    1    1   1    0.00
99    2    0.148    2    1   1    0.04
66    1    -0.148    2    2   1    1.00
125    2    0.148    2    1   1    0.58
61    1    -0.148    2    2   1    0.21
45    1    0.148    2    2   0    0.00
28    1    0.000    2    2   0    0.31
114    2    0.148    1    2   0    0.47
23    1    0.000    2    2   0    1.30
47    1    -0.148    2    2   1    0.54
43    1    0.000    1    1   1    0.93
117    2    -0.148    1    2   1    1.34
107    2    -0.148    1    2   1    0.76
116    2    -0.148    1    2   1    0.58
44    1    0.148    1    1   1    0.07
131    2    -0.148    1    2   1    0.33
14    1    0.148    2    2   0    0.24
130    2    0.148    2    1   1    0.24
84    2    0.148    1    2   0    0.09
78    2    0.000    2    1   1    0.14
129    2    0.148    2    1   1    0.33
