--------------------------------
12-Jul-2014 13:36:58 
data from observer A05 
#occlusion2 expt 
reference disparity (degrees) 0.160000 

stim order disp kresp testresp correct time
1    1    -0.074    1    1   1    0.91
2    1    -0.069    2    2   0    0.29
3    1    0.079    1    1   0    1.15
4    2    -0.088    2    1   1    0.41
5    2    0.088    1    2   1    0.25
6    1    0.083    2    2   1    1.15
7    2    -0.083    1    2   0    0.00
8    2    -0.092    2    1   1    0.42
9    1    0.092    2    2   1    0.34
10    2    -0.088    1    2   0    0.10
11    1    0.097    2    2   1    0.25
12    1    0.097    2    2   1    0.10
13    1    -0.092    1    1   1    0.24
14    2    0.092    2    1   0    0.00
15    1    -0.102    1    1   1    0.20
16    1    -0.102    1    1   1    0.00
17    2    0.097    1    2   1    1.19
18    2    0.097    2    1   0    0.40
19    2    0.106    1    2   1    0.07
20    1    -0.106    2    2   0    0.30
21    1    -0.115    2    2   0    0.03
22    2    -0.125    1    2   0    0.36
23    1    -0.134    2    2   0    4.52
24    2    -0.143    1    2   0    0.26
25    1    0.148    2    2   1    0.20
26    2    0.148    2    1   0    0.00
27    1    -0.148    2    2   0    0.00
28    1    0.148    1    1   0    0.00
29    2    0.148    1    2   1    0.00
30    1    0.148    2    2   1    0.14
31    2    0.143    2    1   0    0.00
32    1    -0.148    1    1   1    0.25
33    1    -0.148    2    2   0    0.13
34    1    -0.148    2    2   0    0.00
35    2    0.148    1    2   1    0.16
36    1    -0.148    1    1   1    0.19
37    2    0.143    2    1   0    0.11
38    1    -0.148    1    1   1    0.08
39    2    -0.148    2    1   1    0.23
40    1    -0.143    2    2   0    2.27
41    1    0.148    2    2   1    0.79
42    1    -0.148    2    2   0    1.38
43    2    -0.148    2    1   1    0.00
44    2    -0.148    1    2   0    1.26
45    1    -0.148    2    2   0    2.60
46    2    0.148    2    1   0    0.10
47    2    0.148    1    2   1    0.00
48    2    -0.148    2    1   1    0.33
49    2    0.143    2    1   0    0.12
50    2    0.148    1    2   1    0.19
-------------------------
Final staircase threshold estimate (mean) is 0.1473
-------------------------
125    2    0.148    1    2   0    3.41
72    1    -0.148    2    2   1    0.68
112    2    -0.148    1    2   1    0.00
31    1    -0.148    2    2   1    0.45
54    1    0.148    2    2   0    0.38
135    2    0.148    1    2   0    6.53
142    2    -0.148    2    1   0    0.80
111    2    -0.148    2    1   0    0.83
35    1    0.148    1    1   1    0.00
75    2    0.148    2    1   1    0.00
92    2    -0.148    1    2   1    0.14
1    1    -0.148    2    2   1    0.18
149    2    0.148    1    2   0    0.11
47    1    -0.148    2    2   1    0.45
121    2    -0.148    1    2   1    0.17
66    1    -0.148    2    2   1    0.04
26    1    -0.148    1    1   0    0.09
108    2    0.000    2    1   1    0.00
21    1    -0.148    1    1   0    3.05
56    1    -0.148    2    2   1    0.17
79    2    0.148    2    1   1    0.00
91    2    -0.148    2    1   0    1.14
83    2    0.000    1    2   0    1.15
139    2    0.148    2    1   1    0.24
57    1    -0.148    1    1   0    0.56
64    1    0.148    2    2   0    0.77
103    2    0.000    2    1   1    1.45
133    2    0.000    2    1   1    2.81
129    2    0.148    1    2   0    0.12
23    1    0.000    1    1   1    0.46
37    1    -0.148    2    2   1    0.00
136    2    -0.148    2    1   0    1.21
73    1    0.000    2    2   0    0.48
44    1    0.148    2    2   0    0.87
130    2    0.148    1    2   0    0.83
122    2    -0.148    1    2   1    0.24
9    1    0.148    2    2   0    0.10
53    1    0.000    1    1   1    0.00
98    2    0.000    1    2   0    0.00
74    1    0.148    1    1   1    1.92
88    2    0.000    2    1   1    0.00
61    1    -0.148    1    1   0    2.12
144    2    0.148    1    2   0    0.02
15    1    0.148    1    1   1    0.00
150    2    0.148    2    1   1    0.00
113    2    0.000    2    1   1    3.35
97    2    -0.148    1    2   1    0.00
27    1    -0.148    1    1   0    0.80
96    2    -0.148    2    1   0    0.32
42    1    -0.148    2    2   1    0.31
127    2    -0.148    2    1   0    0.00
6    1    -0.148    1    1   0    0.00
78    2    0.000    2    1   1    0.59
124    2    0.148    1    2   0    0.08
94    2    0.148    2    1   1    0.29
90    2    0.148    1    2   0    0.35
117    2    -0.148    2    1   0    0.00
84    2    0.148    2    1   1    0.34
95    2    0.148    1    2   0    1.18
126    2    -0.148    2    1   0    0.96
101    2    -0.148    2    1   0    1.25
128    2    0.000    2    1   1    1.09
3    1    0.000    2    2   0    0.27
58    1    0.000    2    2   0    0.00
141    2    -0.148    1    2   1    0.02
29    1    0.148    2    2   0    0.34
11    1    -0.148    2    2   1    0.06
109    2    0.148    2    1   1    0.06
55    1    0.148    1    1   1    0.27
99    2    0.148    2    1   1    0.00
30    1    0.148    2    2   0    0.00
148    2    0.000    1    2   0    0.12
137    2    -0.148    1    2   1    0.00
115    2    0.148    1    2   0    0.00
86    2    -0.148    2    1   0    0.81
14    1    0.148    2    2   0    0.55
68    1    0.000    2    2   0    0.31
20    1    0.148    1    1   1    0.10
38    1    0.000    2    2   0    0.16
62    1    -0.148    1    1   0    0.00
4    1    0.148    1    1   1    0.00
119    2    0.148    1    2   0    0.00
13    1    0.000    2    2   0    2.52
10    1    0.148    2    2   0    0.61
33    1    0.000    2    2   0    0.57
32    1    -0.148    1    1   0    1.64
48    1    0.000    2    2   0    0.06
131    2    -0.148    1    2   1    0.14
132    2    -0.148    2    1   0    0.00
107    2    -0.148    2    1   0    0.07
12    1    -0.148    1    1   0    0.59
22    1    -0.148    2    2   1    0.63
110    2    0.148    1    2   0    11.15
46    1    -0.148    1    1   0    0.38
7    1    -0.148    2    2   1    0.00
80    2    0.148    2    1   1    0.00
59    1    0.148    2    2   0    0.91
82    2    -0.148    2    1   0    0.55
143    2    0.000    1    2   0    1.41
85    2    0.148    2    1   1    0.08
147    2    -0.148    1    2   1    0.14
123    2    0.000    2    1   1    0.10
52    1    -0.148    1    1   0    0.03
71    1    -0.148    2    2   1    0.00
8    1    0.000    1    1   1    0.20
76    2    -0.148    2    1   0    0.15
93    2    0.000    2    1   1    0.00
34    1    0.148    2    2   0    0.29
51    1    -0.148    2    2   1    0.06
43    1    0.000    1    1   1    0.05
105    2    0.148    1    2   0    0.36
70    1    0.148    2    2   0    0.76
138    2    0.000    1    2   0    0.00
145    2    0.148    2    1   1    0.00
36    1    -0.148    2    2   1    0.83
65    1    0.148    1    1   1    0.00
28    1    0.000    2    2   0    0.00
18    1    0.000    2    2   0    0.04
77    2    -0.148    2    1   0    0.27
81    2    -0.148    2    1   0    0.03
50    1    0.148    2    2   0    0.06
106    2    -0.148    1    2   1    0.37
24    1    0.148    2    2   0    0.00
45    1    0.148    2    2   0    0.36
89    2    0.148    2    1   1    0.00
116    2    -0.148    2    1   0    0.90
16    1    -0.148    2    2   1    0.31
67    1    -0.148    1    1   0    0.10
118    2    0.000    1    2   0    0.11
120    2    0.148    1    2   0    0.00
5    1    0.148    1    1   1    0.00
39    1    0.148    1    1   1    0.00
104    2    0.148    2    1   1    0.00
63    1    0.000    1    1   1    0.00
140    2    0.148    1    2   0    0.01
114    2    0.148    2    1   1    0.00
134    2    0.148    1    2   0    0.00
17    1    -0.148    1    1   0    0.00
25    1    0.148    2    2   0    0.00
102    2    -0.148    2    1   0    0.00
2    1    -0.148    1    1   0    0.00
146    2    -0.148    2    1   0    0.00
49    1    0.148    2    2   0    1.66
19    1    0.148    2    2   0    1.42
60    1    0.148    2    2   0    0.36
69    1    0.148    2    2   0    0.71
41    1    -0.148    2    2   1    0.29
87    2    -0.148    2    1   0    0.00
40    1    0.148    2    2   0    0.30
100    2    0.148    2    1   1    0.00
