--------------------------------
12-Jul-2014 11:58:18 
data from observer ASD05 
#occlusion2 expt 
reference disparity (degrees) 0.160000 

stim order disp kresp testresp correct time
1    1    0.074    2    2   0    1.09
2    2    0.083    2    1   1    1.15
3    2    0.079    2    1   1    0.72
4    2    -0.079    1    2   1    0.49
5    1    -0.074    2    2   1    0.37
6    2    -0.074    1    2   1    0.34
7    1    0.069    2    2   0    0.50
8    1    -0.079    2    2   1    0.79
9    2    0.079    2    1   1    0.74
10    1    -0.074    2    2   1    0.68
11    2    0.074    2    1   1    0.67
12    2    -0.069    1    2   1    0.39
13    2    -0.069    2    1   0    0.64
14    2    -0.079    1    2   1    0.81
15    2    0.079    2    1   1    0.42
16    2    -0.074    1    2   1    0.40
17    1    0.074    2    2   0    0.33
18    1    0.083    1    1   1    0.31
19    2    -0.083    2    1   0    0.41
20    1    -0.092    1    1   0    0.57
21    2    -0.102    1    2   1    0.56
22    2    -0.102    2    1   0    0.31
23    2    -0.111    1    2   1    0.27
24    2    -0.111    2    1   0    0.20
25    2    -0.120    2    1   0    0.32
26    1    -0.129    1    1   0    0.47
27    1    0.139    2    2   0    0.90
28    1    -0.148    1    1   0    0.46
29    2    0.148    2    1   1    1.07
30    1    0.148    1    1   1    0.57
31    1    0.143    2    2   0    0.45
32    1    -0.148    1    1   0    0.30
33    2    0.148    1    2   0    0.80
34    1    0.148    2    2   0    0.27
35    1    0.148    2    2   0    0.47
36    1    0.148    1    1   1    0.55
37    1    -0.148    2    2   1    0.66
38    1    -0.143    1    1   0    0.87
39    2    0.148    2    1   1    0.32
40    1    -0.148    2    2   1    0.56
41    2    -0.143    1    2   1    0.26
42    1    -0.143    2    2   1    0.32
43    2    -0.139    2    1   0    0.37
44    1    -0.148    1    1   0    0.32
45    1    0.148    1    1   1    0.73
46    2    0.148    2    1   1    0.38
47    2    0.143    1    2   0    0.29
48    2    0.148    2    1   1    0.33
49    1    -0.148    2    2   1    0.30
50    1    0.143    1    1   1    0.31
-------------------------
Final staircase threshold estimate (mean) is 0.1450
-------------------------
5    1    0.148    1    1   1    7.17
149    2    0.143    2    1   1    0.61
150    2    0.148    2    1   1    0.48
116    2    -0.148    1    2   1    0.74
42    1    -0.143    2    2   1    0.34
79    2    0.143    2    1   1    0.33
27    1    -0.143    2    2   1    0.39
9    1    0.143    1    1   1    0.33
59    1    0.143    1    1   1    0.46
120    2    0.148    2    1   1    0.61
129    2    0.143    2    1   1    0.60
107    2    -0.143    1    2   1    0.54
77    2    -0.143    2    1   0    0.39
31    1    -0.148    2    2   1    0.32
50    1    0.148    1    1   1    0.52
1    1    -0.148    1    1   0    2.17
39    1    0.143    2    2   0    0.45
57    1    -0.143    2    2   1    0.79
11    1    -0.148    2    2   1    1.36
110    2    0.148    2    1   1    0.75
15    1    0.148    1    1   1    0.69
75    2    0.148    2    1   1    0.48
4    1    0.143    1    1   1    0.60
67    1    -0.143    2    2   1    0.51
115    2    0.148    2    1   1    0.35
18    1    0.000    1    1   1    0.59
122    2    -0.143    2    1   0    0.38
56    1    -0.148    2    2   1    0.45
98    2    0.000    1    2   0    0.59
130    2    0.148    2    1   1    0.37
38    1    0.000    2    2   0    0.34
112    2    -0.143    1    2   1    0.45
21    1    -0.148    2    2   1    0.51
82    2    -0.143    2    1   0    0.35
103    2    0.000    1    2   0    1.62
102    2    -0.143    2    1   0    0.54
71    1    -0.148    2    2   1    0.39
125    2    0.148    2    1   1    1.09
94    2    0.143    1    2   0    0.80
91    2    -0.148    2    1   0    0.58
3    1    0.000    2    2   0    0.65
6    1    -0.148    1    1   0    0.36
28    1    0.000    1    1   1    0.41
140    2    0.148    2    1   1    0.58
72    1    -0.143    2    2   1    0.66
69    1    0.143    1    1   1    0.72
68    1    0.000    2    2   0    1.12
52    1    -0.143    2    2   1    0.98
30    1    0.148    1    1   1    1.49
89    2    0.143    2    1   1    1.54
33    1    0.000    1    1   1    0.61
54    1    0.143    2    2   0    1.34
101    2    -0.148    1    2   1    0.81
63    1    0.000    2    2   0    2.28
142    2    -0.143    2    1   0    0.81
49    1    0.143    2    2   0    0.78
65    1    0.148    1    1   1    1.69
97    2    -0.143    1    2   1    0.79
17    1    -0.143    2    2   1    0.74
73    1    0.000    1    1   1    1.17
26    1    -0.148    2    2   1    1.26
88    2    0.000    2    1   1    1.45
119    2    0.143    2    1   1    0.58
135    2    0.148    2    1   1    0.26
95    2    0.148    1    2   0    0.40
105    2    0.148    1    2   0    0.30
62    1    -0.143    2    2   1    0.79
66    1    -0.148    1    1   0    0.63
78    2    0.000    2    1   1    1.56
93    2    0.000    2    1   1    1.02
90    2    0.148    2    1   1    1.06
24    1    0.143    2    2   0    0.62
134    2    0.143    2    1   1    0.37
16    1    -0.148    2    2   1    1.17
32    1    -0.143    2    2   1    1.43
44    1    0.143    1    1   1    0.39
22    1    -0.143    1    1   0    0.63
104    2    0.143    2    1   1    0.29
139    2    0.143    1    2   0    0.43
35    1    0.148    2    2   0    0.00
124    2    0.143    2    1   1    0.40
114    2    0.143    2    1   1    0.97
45    1    0.148    2    2   0    0.94
7    1    -0.143    1    1   0    1.02
84    2    0.143    2    1   1    0.48
86    2    -0.148    1    2   1    0.35
143    2    0.000    2    1   1    0.33
19    1    0.143    1    1   1    0.28
100    2    0.148    2    1   1    0.94
121    2    -0.148    2    1   0    0.33
2    1    -0.143    2    2   1    0.32
20    1    0.148    1    1   1    0.44
46    1    -0.148    1    1   0    0.39
113    2    0.000    2    1   1    0.35
136    2    -0.148    2    1   0    0.27
41    1    -0.148    2    2   1    1.40
138    2    0.000    1    2   0    0.54
109    2    0.143    1    2   0    0.84
83    2    0.000    2    1   1    0.55
60    1    0.148    2    2   0    0.58
25    1    0.148    1    1   1    0.66
132    2    -0.143    2    1   0    1.17
81    2    -0.148    1    2   1    1.42
96    2    -0.148    1    2   1    0.37
141    2    -0.148    2    1   0    1.37
74    1    0.143    1    1   1    0.47
123    2    0.000    2    1   1    0.47
61    1    -0.148    2    2   1    2.38
51    1    -0.148    2    2   1    0.60
131    2    -0.148    1    2   1    0.50
34    1    0.143    1    1   1    0.34
106    2    -0.148    2    1   0    0.26
80    2    0.148    1    2   0    0.29
127    2    -0.143    2    1   0    0.26
47    1    -0.143    2    2   1    0.31
118    2    0.000    1    2   0    0.54
117    2    -0.143    2    1   0    1.05
133    2    0.000    2    1   1    1.03
13    1    0.000    1    1   1    0.39
29    1    0.143    2    2   0    0.53
36    1    -0.148    1    1   0    0.83
148    2    0.000    1    2   0    1.42
37    1    -0.143    2    2   1    0.39
40    1    0.148    1    1   1    0.86
55    1    0.148    2    2   0    0.31
12    1    -0.143    2    2   1    2.59
53    1    0.000    1    1   1    0.35
145    2    0.148    2    1   1    0.43
108    2    0.000    1    2   0    0.78
85    2    0.148    2    1   1    2.19
48    1    0.000    1    1   1    0.42
137    2    -0.143    1    2   1    1.28
99    2    0.143    2    1   1    0.88
111    2    -0.148    1    2   1    1.98
8    1    0.000    1    1   1    1.25
76    2    -0.148    1    2   1    0.63
58    1    0.000    2    2   0    0.74
128    2    0.000    2    1   1    4.77
144    2    0.143    2    1   1    0.31
70    1    0.148    1    1   1    0.32
43    1    0.000    1    1   1    0.70
146    2    -0.148    2    1   0    0.34
87    2    -0.143    2    1   0    0.20
10    1    0.148    1    1   1    0.52
126    2    -0.148    1    2   1    0.38
14    1    0.143    2    2   0    0.40
92    2    -0.143    2    1   0    0.38
147    2    -0.143    2    1   0    0.43
64    1    0.143    1    1   1    0.43
23    1    0.000    1    1   1    0.42
