--------------------------------
12-Jul-2014 13:28:07 
data from observer A05 
#occlusion2 expt 
reference disparity (degrees) 0.160000 

stim order disp kresp testresp correct time
1    2    -0.074    2    1   1    0.85
2    2    0.069    2    1   0    1.87
3    1    0.079    2    2   1    0.76
4    1    0.079    2    2   1    0.17
5    1    0.074    2    2   1    0.00
6    1    -0.074    2    2   0    0.00
7    2    -0.083    1    2   0    0.25
8    1    -0.092    2    2   0    0.29
9    2    0.102    2    1   0    0.26
10    1    0.111    2    2   1    0.28
11    1    -0.111    2    2   0    0.00
12    2    -0.120    2    1   1    0.00
13    2    -0.120    2    1   1    0.17
14    1    -0.115    2    2   0    0.10
15    1    0.125    2    2   1    0.17
16    1    -0.125    1    1   1    0.00
17    1    -0.120    2    2   0    0.33
18    1    -0.129    1    1   1    0.32
19    2    0.129    1    2   1    0.27
20    2    0.125    2    1   0    0.38
21    2    -0.134    1    2   0    0.35
22    1    0.143    2    2   1    0.32
23    2    -0.143    2    1   1    0.30
24    1    0.139    2    2   1    0.30
25    1    -0.139    2    2   0    0.00
26    1    0.148    1    1   0    0.43
27    2    -0.148    2    1   1    0.00
28    2    0.148    2    1   0    0.32
29    2    0.148    1    2   1    0.00
30    2    0.148    2    1   0    0.73
31    1    -0.148    2    2   0    0.29
32    1    -0.148    2    2   0    0.32
33    1    -0.148    2    2   0    0.50
34    1    0.148    2    2   1    0.65
35    1    0.148    2    2   1    0.56
36    2    -0.143    2    1   1    0.35
37    2    0.143    2    1   0    0.37
38    2    -0.148    1    2   0    0.29
39    2    -0.148    2    1   1    0.10
40    1    -0.148    2    2   0    0.11
41    1    -0.148    2    2   0    0.30
42    2    -0.148    1    2   0    0.24
43    2    -0.148    2    1   1    0.15
44    1    0.148    1    1   0    0.00
45    1    -0.148    2    2   0    0.15
46    2    -0.148    2    1   1    0.19
47    2    0.148    2    1   0    0.03
48    1    -0.148    1    1   1    0.32
49    1    0.148    2    2   1    0.19
50    2    0.143    2    1   0    0.21
-------------------------
Final staircase threshold estimate (mean) is 0.1473
-------------------------
43    1    0.000    2    2   0    0.79
14    1    0.148    2    2   0    0.26
22    1    -0.148    2    2   1    0.23
44    1    0.148    1    1   1    0.27
82    2    -0.148    2    1   0    0.19
137    2    -0.148    2    1   0    0.54
30    1    0.148    2    2   0    0.33
121    2    -0.148    2    1   0    2.20
112    2    -0.148    2    1   0    0.26
25    1    0.148    2    2   0    0.31
3    1    0.000    2    2   0    0.14
34    1    0.148    1    1   1    0.11
42    1    -0.148    2    2   1    0.04
75    2    0.148    2    1   1    0.18
55    1    0.148    2    2   0    0.05
138    2    0.000    2    1   1    0.00
90    2    0.148    1    2   0    0.11
61    1    -0.148    2    2   1    0.00
123    2    0.000    1    2   0    0.17
54    1    0.148    2    2   0    0.05
101    2    -0.148    2    1   0    0.36
84    2    0.148    2    1   1    0.08
70    1    0.148    1    1   1    0.06
40    1    0.148    2    2   0    0.00
53    1    0.000    2    2   0    0.00
114    2    0.148    1    2   0    0.00
23    1    0.000    1    1   1    0.00
129    2    0.148    2    1   1    0.00
88    2    0.000    2    1   1    0.36
26    1    -0.148    1    1   0    0.29
91    2    -0.148    2    1   0    0.04
46    1    -0.148    2    2   1    0.10
107    2    -0.148    1    2   1    0.00
130    2    0.148    2    1   1    0.44
68    1    0.000    1    1   1    0.29
108    2    0.000    1    2   0    0.15
45    1    0.148    2    2   0    0.14
85    2    0.148    2    1   1    0.00
56    1    -0.148    1    1   0    0.29
2    1    -0.148    1    1   0    0.00
92    2    -0.148    2    1   0    0.00
60    1    0.148    1    1   1    0.00
32    1    -0.148    1    1   0    0.00
83    2    0.000    1    2   0    0.00
65    1    0.148    1    1   1    0.00
104    2    0.148    1    2   0    0.00
19    1    0.148    2    2   0    0.29
66    1    -0.148    1    1   0    0.00
63    1    0.000    2    2   0    0.00
103    2    0.000    1    2   0    0.13
131    2    -0.148    2    1   0    0.17
116    2    -0.148    1    2   1    0.19
128    2    0.000    2    1   1    0.01
98    2    0.000    2    1   1    0.00
33    1    0.000    1    1   1    0.00
50    1    0.148    2    2   0    0.07
73    1    0.000    2    2   0    0.00
124    2    0.148    2    1   1    0.00
144    2    0.148    1    2   0    0.40
59    1    0.148    2    2   0    0.06
31    1    -0.148    1    1   0    0.00
27    1    -0.148    2    2   1    0.15
143    2    0.000    2    1   1    0.00
102    2    -0.148    1    2   1    0.00
106    2    -0.148    2    1   0    0.32
41    1    -0.148    2    2   1    0.22
147    2    -0.148    2    1   0    0.00
133    2    0.000    2    1   1    0.90
139    2    0.148    2    1   1    0.01
16    1    -0.148    1    1   0    0.31
6    1    -0.148    2    2   1    0.06
48    1    0.000    1    1   1    0.25
113    2    0.000    1    2   0    0.10
134    2    0.148    1    2   0    0.34
149    2    0.148    1    2   0    0.12
132    2    -0.148    2    1   0    0.08
136    2    -0.148    2    1   0    0.29
80    2    0.148    2    1   1    0.25
150    2    0.148    2    1   1    0.13
8    1    0.000    2    2   0    0.00
125    2    0.148    2    1   1    0.19
96    2    -0.148    2    1   0    0.25
10    1    0.148    2    2   0    0.10
47    1    -0.148    2    2   1    0.45
111    2    -0.148    2    1   0    0.00
57    1    -0.148    2    2   1    0.14
15    1    0.148    2    2   0    0.00
141    2    -0.148    1    2   1    0.00
18    1    0.000    1    1   1    0.00
20    1    0.148    2    2   0    0.00
127    2    -0.148    2    1   0    0.07
52    1    -0.148    2    2   1    0.15
51    1    -0.148    1    1   0    0.06
49    1    0.148    1    1   1    0.00
5    1    0.148    2    2   0    0.14
29    1    0.148    2    2   0    0.24
135    2    0.148    2    1   1    0.05
78    2    0.000    1    2   0    0.18
64    1    0.148    2    2   0    0.25
17    1    -0.148    2    2   1    0.02
93    2    0.000    2    1   1    0.00
72    1    -0.148    2    2   1    0.21
89    2    0.148    2    1   1    0.00
13    1    0.000    1    1   1    0.32
12    1    -0.148    2    2   1    0.03
4    1    0.148    2    2   0    0.35
79    2    0.148    1    2   0    0.28
37    1    -0.148    2    2   1    0.03
67    1    -0.148    2    2   1    0.18
81    2    -0.148    2    1   0    0.00
76    2    -0.148    1    2   1    0.45
36    1    -0.148    2    2   1    0.20
39    1    0.148    2    2   0    0.06
105    2    0.148    2    1   1    0.08
24    1    0.148    2    2   0    0.03
119    2    0.148    2    1   1    0.00
146    2    -0.148    2    1   0    0.68
1    1    -0.148    2    2   1    0.26
97    2    -0.148    2    1   0    0.32
38    1    0.000    1    1   1    0.00
69    1    0.148    2    2   0    0.01
35    1    0.148    1    1   1    0.03
58    1    0.000    2    2   0    0.03
87    2    -0.148    1    2   1    0.10
95    2    0.148    2    1   1    2.34
94    2    0.148    1    2   0    0.19
21    1    -0.148    2    2   1    0.03
74    1    0.148    1    1   1    0.00
145    2    0.148    1    2   0    0.00
148    2    0.000    2    1   1    0.02
109    2    0.148    1    2   0    0.00
117    2    -0.148    1    2   1    0.00
118    2    0.000    1    2   0    0.05
77    2    -0.148    1    2   1    0.33
28    1    0.000    2    2   0    0.31
120    2    0.148    2    1   1    0.36
142    2    -0.148    2    1   0    0.13
7    1    -0.148    2    2   1    0.14
9    1    0.148    1    1   1    0.05
11    1    -0.148    2    2   1    0.00
86    2    -0.148    2    1   0    0.00
110    2    0.148    2    1   1    0.02
62    1    -0.148    1    1   0    0.13
115    2    0.148    2    1   1    0.00
122    2    -0.148    1    2   1    0.11
99    2    0.148    1    2   0    0.00
126    2    -0.148    2    1   0    0.00
140    2    0.148    2    1   1    0.00
71    1    -0.148    1    1   0    1.22
100    2    0.148    1    2   0    0.29
