--------------------------------
15-Jul-2014 12:03:19 
data from observer A06 
#occlusion2 expt 
reference disparity (degrees) 0.160000 

stim order disp kresp testresp correct time
1    2    -0.074    2    1   1    1.30
2    2    0.069    1    2   1    3.65
3    1    -0.065    2    2   0    0.99
4    1    -0.074    1    1   1    1.88
5    2    -0.074    2    1   1    0.52
6    2    0.069    1    2   1    1.92
7    2    -0.069    2    1   1    0.64
8    2    0.065    1    2   1    1.66
9    1    -0.065    2    2   0    0.72
10    1    0.074    2    2   1    0.88
11    1    -0.074    1    1   1    1.18
12    2    0.069    1    2   1    1.78
13    2    -0.069    2    1   1    1.43
14    1    0.065    2    2   1    1.00
15    1    0.065    2    2   1    0.65
16    2    -0.060    2    1   1    0.63
17    1    0.060    2    2   1    0.71
18    2    -0.055    2    1   1    0.77
19    1    -0.055    1    1   1    0.97
20    2    -0.051    2    1   1    0.61
21    1    -0.051    1    1   1    0.99
22    2    -0.046    2    1   1    0.61
23    2    0.046    1    2   1    1.45
24    1    0.042    2    2   1    0.94
25    1    0.042    2    2   1    0.96
26    2    -0.037    2    1   1    3.13
27    2    0.037    1    2   1    2.94
28    2    0.032    1    2   1    1.74
29    1    0.032    2    2   1    0.52
30    1    0.028    2    2   1    0.74
31    2    0.028    2    1   0    0.92
32    1    -0.037    1    1   1    1.02
33    1    0.037    2    2   1    0.54
34    2    0.032    1    2   1    2.34
35    1    0.032    2    2   1    0.59
36    2    0.028    2    1   0    0.74
37    1    -0.037    2    2   0    3.51
38    1    -0.046    1    1   1    2.42
39    2    -0.046    2    1   1    0.75
40    2    -0.042    2    1   1    0.72
41    2    -0.042    2    1   1    0.60
42    1    0.037    2    2   1    0.97
43    2    0.037    1    2   1    1.15
44    2    0.032    2    1   0    0.65
45    2    0.042    1    2   1    1.19
46    2    0.042    2    1   0    0.59
47    2    0.051    1    2   1    1.26
48    1    -0.051    1    1   1    2.13
49    1    0.046    2    2   1    0.66
50    1    0.046    2    2   1    1.03
-------------------------
Final staircase threshold estimate (mean) is 0.0425
-------------------------
18    1    0.000    2    2   0    8.90
93    2    0.000    2    1   1    1.91
47    1    -0.042    1    1   0    0.67
125    2    0.106    1    2   0    0.68
9    1    0.042    2    2   0    0.71
49    1    0.042    2    2   0    0.61
2    1    -0.042    1    1   0    0.86
21    1    -0.106    1    1   0    0.85
33    1    0.000    2    2   0    0.99
89    2    0.042    1    2   0    0.72
4    1    0.042    2    2   0    0.81
107    2    -0.042    2    1   0    0.76
23    1    0.000    2    2   0    0.67
114    2    0.042    1    2   0    1.04
128    2    0.000    2    1   1    0.52
15    1    0.106    2    2   0    0.60
22    1    -0.042    1    1   0    0.84
101    2    -0.106    2    1   0    0.69
133    2    0.000    2    1   1    1.74
26    1    -0.106    1    1   0    0.87
1    1    -0.106    1    1   0    0.78
109    2    0.042    1    2   0    3.87
48    1    0.000    2    2   0    1.00
136    2    -0.106    2    1   0    1.05
143    2    0.000    2    1   1    0.89
131    2    -0.106    2    1   0    0.74
92    2    -0.042    2    1   0    1.33
147    2    -0.042    2    1   0    1.09
32    1    -0.042    1    1   0    2.84
10    1    0.106    2    2   0    0.55
108    2    0.000    2    1   1    0.71
115    2    0.106    1    2   0    0.85
118    2    0.000    2    1   1    2.30
69    1    0.042    2    2   0    0.73
25    1    0.106    2    2   0    0.50
31    1    -0.106    1    1   0    0.79
61    1    -0.106    1    1   0    2.40
40    1    0.106    2    2   0    0.74
119    2    0.042    1    2   0    0.72
66    1    -0.106    1    1   0    3.06
116    2    -0.106    2    1   0    0.53
75    2    0.106    1    2   0    0.96
60    1    0.106    2    2   0    0.54
59    1    0.042    2    2   0    0.91
135    2    0.106    1    2   0    0.74
74    1    0.042    2    2   0    0.83
150    2    0.106    1    2   0    0.80
8    1    0.000    2    2   0    0.48
81    2    -0.106    2    1   0    0.74
70    1    0.106    2    2   0    0.65
55    1    0.106    2    2   0    0.58
103    2    0.000    2    1   1    2.09
85    2    0.106    1    2   0    0.97
71    1    -0.106    1    1   0    0.65
82    2    -0.042    2    1   0    0.54
6    1    -0.106    1    1   0    0.57
53    1    0.000    2    2   0    1.62
87    2    -0.042    2    1   0    0.87
51    1    -0.106    2    2   1    1.56
20    1    0.106    2    2   0    0.71
36    1    -0.106    1    1   0    1.53
144    2    0.042    1    2   0    2.07
54    1    0.042    2    2   0    0.62
72    1    -0.042    1    1   0    0.72
35    1    0.106    2    2   0    0.65
83    2    0.000    2    1   1    0.64
111    2    -0.106    2    1   0    0.67
132    2    -0.042    2    1   0    0.76
148    2    0.000    2    1   1    2.90
27    1    -0.042    1    1   0    3.10
142    2    -0.042    2    1   0    0.62
73    1    0.000    2    2   0    1.97
12    1    -0.042    1    1   0    4.13
88    2    0.000    2    1   1    0.77
129    2    0.042    1    2   0    0.98
145    2    0.106    1    2   0    0.88
95    2    0.106    1    2   0    0.62
126    2    -0.106    2    1   0    0.55
43    1    0.000    1    1   1    0.73
79    2    0.042    1    2   0    0.85
78    2    0.000    2    1   1    0.48
24    1    0.042    2    2   0    0.70
29    1    0.042    2    2   0    0.50
68    1    0.000    2    2   0    0.93
58    1    0.000    2    2   0    0.70
97    2    -0.042    2    1   0    1.69
86    2    -0.106    2    1   0    2.41
46    1    -0.106    1    1   0    1.42
104    2    0.042    1    2   0    1.21
121    2    -0.106    2    1   0    0.74
105    2    0.106    1    2   0    0.58
96    2    -0.106    2    1   0    0.71
34    1    0.042    2    2   0    0.88
100    2    0.106    1    2   0    0.66
5    1    0.106    2    2   0    0.57
113    2    0.000    2    1   1    0.66
91    2    -0.106    2    1   0    0.67
112    2    -0.042    2    1   0    1.48
41    1    -0.106    1    1   0    0.74
120    2    0.106    1    2   0    0.90
106    2    -0.106    2    1   0    0.56
19    1    0.042    2    2   0    1.19
140    2    0.106    1    2   0    0.66
141    2    -0.106    2    1   0    0.47
30    1    0.106    2    2   0    0.60
76    2    -0.106    2    1   0    0.59
122    2    -0.042    2    1   0    1.63
62    1    -0.042    1    1   0    3.91
11    1    -0.106    1    1   0    1.05
138    2    0.000    2    1   1    1.01
102    2    -0.042    2    1   0    0.96
124    2    0.042    1    2   0    1.26
98    2    0.000    2    1   1    0.65
17    1    -0.042    1    1   0    0.99
80    2    0.106    1    2   0    1.14
14    1    0.042    2    2   0    0.67
134    2    0.042    1    2   0    1.03
42    1    -0.042    1    1   0    2.36
39    1    0.042    2    2   0    0.94
94    2    0.042    1    2   0    1.39
63    1    0.000    2    2   0    1.06
52    1    -0.042    1    1   0    1.46
67    1    -0.042    2    2   1    1.37
90    2    0.106    1    2   0    0.61
7    1    -0.042    2    2   1    0.60
65    1    0.106    2    2   0    3.06
149    2    0.042    1    2   0    1.73
3    1    0.000    2    2   0    1.05
44    1    0.042    2    2   0    0.83
64    1    0.042    2    2   0    0.90
139    2    0.042    1    2   0    0.73
146    2    -0.106    2    1   0    0.51
123    2    0.000    1    2   0    1.10
37    1    -0.042    2    2   1    0.62
13    1    0.000    2    2   0    5.53
57    1    -0.042    1    1   0    0.97
99    2    0.042    1    2   0    1.28
56    1    -0.106    1    1   0    1.86
117    2    -0.042    2    1   0    0.94
127    2    -0.042    2    1   0    1.81
45    1    0.106    2    2   0    1.05
110    2    0.106    1    2   0    0.72
84    2    0.042    2    1   1    0.55
28    1    0.000    1    1   1    0.61
130    2    0.106    1    2   0    0.69
77    2    -0.042    2    1   0    0.63
50    1    0.106    2    2   0    0.56
38    1    0.000    2    2   0    0.55
16    1    -0.106    1    1   0    0.80
137    2    -0.042    2    1   0    0.47
