--------------------------------
15-Jul-2014 10:21:06 
data from observer A06 
#occlusion2 expt 
reference disparity (degrees) 0.160000 

stim order disp kresp testresp correct time
1    2    0.074    2    1   1    2.08
2    2    -0.069    1    2   1    1.40
3    2    0.065    2    1   1    1.87
4    2    0.060    2    1   1    1.09
5    2    0.055    2    1   1    1.57
6    2    -0.051    2    1   0    1.97
7    2    -0.060    2    1   0    1.48
8    2    0.069    2    1   1    0.80
9    1    0.069    1    1   1    2.83
10    2    -0.065    1    2   1    2.50
11    2    -0.065    1    2   1    0.84
12    1    -0.060    2    2   1    0.97
13    2    0.060    2    1   1    1.11
14    1    0.055    1    1   1    0.87
15    2    -0.055    2    1   0    1.06
16    1    0.065    2    2   0    1.27
17    1    0.074    1    1   1    1.71
18    2    0.074    2    1   1    1.33
19    2    -0.069    1    2   1    1.54
20    1    -0.069    2    2   1    0.77
21    1    -0.065    2    2   1    0.73
22    1    -0.065    2    2   1    0.93
23    1    -0.060    2    2   1    0.92
24    1    -0.060    2    2   1    1.11
25    1    -0.055    2    2   1    0.72
26    1    -0.055    2    2   1    1.10
27    2    0.051    2    1   1    0.79
28    2    -0.051    2    1   0    3.69
29    1    -0.060    2    2   1    1.70
30    1    0.060    1    1   1    2.40
31    1    0.055    1    1   1    1.09
32    2    0.055    2    1   1    0.93
33    2    0.051    2    1   1    0.71
34    2    -0.051    1    2   1    1.19
35    1    -0.046    2    2   1    2.14
36    1    0.046    1    1   1    2.15
37    1    -0.042    2    2   1    1.23
38    1    0.042    1    1   1    4.09
39    2    -0.037    2    1   0    3.74
40    2    -0.046    1    2   1    2.82
41    2    0.046    2    1   1    5.11
42    1    -0.042    2    2   1    1.45
43    1    0.042    1    1   1    5.91
44    2    0.037    2    1   1    1.13
45    2    0.037    2    1   1    3.12
46    2    0.032    2    1   1    2.38
47    1    0.032    2    2   0    9.27
48    2    0.042    2    1   1    1.97
49    1    0.042    1    1   1    3.25
50    1    -0.037    2    2   1    0.93
-------------------------
Final staircase threshold estimate (mean) is 0.0388
-------------------------
1    1    -0.097    2    2   1    3.69
150    2    0.097    2    1   1    0.71
81    2    -0.097    2    1   0    1.92
117    2    -0.037    1    2   1    1.03
141    2    -0.097    1    2   1    0.99
82    2    -0.037    1    2   1    3.12
36    1    -0.097    2    2   1    1.37
62    1    -0.037    2    2   1    1.79
7    1    -0.037    2    2   1    2.87
111    2    -0.097    1    2   1    2.18
94    2    0.037    2    1   1    1.27
58    1    0.000    2    2   0    2.47
33    1    0.000    2    2   0    1.78
22    1    -0.037    2    2   1    2.02
47    1    -0.037    2    2   1    2.14
46    1    -0.097    2    2   1    1.92
140    2    0.097    2    1   1    1.43
73    1    0.000    2    2   0    3.64
77    2    -0.037    1    2   1    1.76
76    2    -0.097    2    1   0    2.51
21    1    -0.097    2    2   1    3.57
121    2    -0.097    1    2   1    1.43
101    2    -0.097    1    2   1    1.28
66    1    -0.097    2    2   1    0.85
114    2    0.037    2    1   1    1.09
103    2    0.000    2    1   1    1.63
71    1    -0.097    2    2   1    1.07
10    1    0.097    1    1   1    0.84
28    1    0.000    2    2   0    1.74
131    2    -0.097    1    2   1    1.73
4    1    0.037    1    1   1    1.11
17    1    -0.037    2    2   1    0.81
23    1    0.000    2    2   0    1.57
57    1    -0.037    2    2   1    1.60
98    2    0.000    2    1   1    1.74
48    1    0.000    2    2   0    2.20
15    1    0.097    1    1   1    0.86
64    1    0.037    1    1   1    1.19
53    1    0.000    2    2   0    1.09
142    2    -0.037    1    2   1    1.14
97    2    -0.037    1    2   1    1.13
52    1    -0.037    2    2   1    0.93
43    1    0.000    1    1   1    2.66
72    1    -0.037    2    2   1    0.95
34    1    0.037    1    1   1    1.10
91    2    -0.097    1    2   1    1.02
110    2    0.097    2    1   1    0.72
87    2    -0.037    1    2   1    0.67
85    2    0.097    2    1   1    0.76
68    1    0.000    1    1   1    2.39
132    2    -0.037    1    2   1    1.17
128    2    0.000    2    1   1    0.95
31    1    -0.097    2    2   1    0.85
96    2    -0.097    1    2   1    0.69
106    2    -0.097    1    2   1    2.81
147    2    -0.037    1    2   1    1.46
115    2    0.097    2    1   1    0.71
67    1    -0.037    2    2   1    0.82
5    1    0.097    1    1   1    3.25
84    2    0.037    2    1   1    1.24
44    1    0.037    1    1   1    1.07
78    2    0.000    2    1   1    1.02
130    2    0.097    2    1   1    0.95
8    1    0.000    2    2   0    2.57
122    2    -0.037    1    2   1    0.76
108    2    0.000    2    1   1    1.40
14    1    0.037    1    1   1    3.46
35    1    0.097    1    1   1    0.96
123    2    0.000    2    1   1    1.22
49    1    0.037    1    1   1    2.23
39    1    0.037    1    1   1    1.76
144    2    0.037    2    1   1    0.91
88    2    0.000    2    1   1    2.37
138    2    0.000    2    1   1    1.05
146    2    -0.097    1    2   1    1.39
148    2    0.000    2    1   1    1.28
80    2    0.097    2    1   1    1.34
38    1    0.000    2    2   0    3.89
134    2    0.037    2    1   1    1.42
120    2    0.097    2    1   1    0.81
6    1    -0.097    2    2   1    0.93
75    2    0.097    2    1   1    0.82
2    1    -0.037    2    2   1    0.78
29    1    0.037    2    2   0    3.90
143    2    0.000    2    1   1    1.46
63    1    0.000    2    2   0    1.90
60    1    0.097    1    1   1    1.18
95    2    0.097    2    1   1    0.89
112    2    -0.037    1    2   1    1.71
20    1    0.097    1    1   1    1.87
19    1    0.037    1    1   1    5.52
56    1    -0.097    2    2   1    0.79
9    1    0.037    2    2   0    3.80
92    2    -0.037    1    2   1    1.19
74    1    0.037    2    2   0    2.42
70    1    0.097    1    1   1    8.91
127    2    -0.037    2    1   0    2.22
26    1    -0.097    2    2   1    1.05
133    2    0.000    2    1   1    1.39
51    1    -0.097    2    2   1    1.05
89    2    0.037    2    1   1    0.72
149    2    0.037    2    1   1    0.67
27    1    -0.037    2    2   1    0.85
37    1    -0.037    2    2   1    0.65
107    2    -0.037    1    2   1    5.01
16    1    -0.097    2    2   1    0.74
116    2    -0.097    1    2   1    0.77
45    1    0.097    1    1   1    0.65
135    2    0.097    2    1   1    0.67
99    2    0.037    2    1   1    0.62
119    2    0.037    2    1   1    0.61
102    2    -0.037    2    1   0    0.90
42    1    -0.037    2    2   1    2.44
86    2    -0.097    2    1   0    1.88
3    1    0.000    2    2   0    3.40
105    2    0.097    2    1   1    0.90
83    2    0.000    2    1   1    0.95
109    2    0.037    2    1   1    2.50
30    1    0.097    1    1   1    4.24
69    1    0.037    2    2   0    6.37
65    1    0.097    1    1   1    1.14
40    1    0.097    1    1   1    0.99
11    1    -0.097    2    2   1    0.90
59    1    0.037    1    1   1    2.32
13    1    0.000    2    2   0    4.07
54    1    0.037    2    2   0    4.38
125    2    0.097    2    1   1    0.81
24    1    0.037    1    1   1    0.99
41    1    -0.097    2    2   1    0.89
90    2    0.097    2    1   1    0.78
145    2    0.097    2    1   1    1.18
79    2    0.037    2    1   1    0.89
113    2    0.000    2    1   1    0.68
25    1    0.097    1    1   1    1.16
55    1    0.097    1    1   1    3.48
129    2    0.037    2    1   1    0.82
118    2    0.000    2    1   1    3.45
61    1    -0.097    2    2   1    1.04
18    1    0.000    2    2   0    1.94
126    2    -0.097    1    2   1    1.11
137    2    -0.037    2    1   0    1.57
139    2    0.037    2    1   1    0.65
12    1    -0.037    2    2   1    1.14
50    1    0.097    1    1   1    0.93
93    2    0.000    2    1   1    0.78
32    1    -0.037    2    2   1    3.07
104    2    0.037    2    1   1    1.76
124    2    0.037    2    1   1    2.01
100    2    0.097    2    1   1    1.33
136    2    -0.097    1    2   1    1.19
