--------------------------------
15-Jul-2014 11:55:02 
data from observer A06 
#occlusion2 expt 
reference disparity (degrees) 0.160000 

stim order disp kresp testresp correct time
1    1    0.074    2    2   1    3.16
2    1    -0.069    2    2   0    2.41
3    1    -0.079    1    1   1    1.22
4    1    -0.079    1    1   1    1.39
5    1    -0.074    1    1   1    1.75
6    2    -0.074    2    1   1    0.84
7    1    -0.069    2    2   0    1.04
8    1    -0.079    1    1   1    2.78
9    1    -0.079    2    2   0    1.86
10    1    0.088    2    2   1    0.92
11    2    -0.088    2    1   1    0.78
12    2    -0.083    2    1   1    0.82
13    2    0.083    1    2   1    1.23
14    1    0.079    2    2   1    1.31
15    1    0.079    2    2   1    0.77
16    2    0.074    1    2   1    1.36
17    1    -0.074    2    2   0    0.89
18    1    -0.083    2    2   0    1.02
19    1    0.092    2    2   1    1.40
20    1    -0.092    1    1   1    3.93
21    2    0.088    1    2   1    3.33
22    1    -0.088    1    1   1    1.93
23    1    0.083    2    2   1    1.17
24    1    0.083    2    2   1    1.23
25    2    0.079    1    2   1    2.48
26    2    0.079    1    2   1    5.88
27    2    0.074    2    1   0    2.55
28    2    -0.083    2    1   1    1.37
29    2    -0.083    2    1   1    4.26
30    2    0.079    1    2   1    3.19
31    1    -0.079    2    2   0    0.96
32    1    0.088    2    2   1    0.73
33    2    0.088    1    2   1    1.13
34    2    -0.083    2    1   1    0.61
35    2    0.083    1    2   1    0.84
36    2    -0.079    2    1   1    0.80
37    2    0.079    1    2   1    1.17
38    1    0.074    2    2   1    0.68
39    2    0.074    1    2   1    2.59
40    1    0.069    2    2   1    1.34
41    2    -0.069    2    1   1    1.08
42    2    -0.065    2    1   1    1.91
43    1    0.065    2    2   1    0.89
44    2    -0.060    2    1   1    0.88
45    1    0.060    2    2   1    0.92
46    2    -0.055    2    1   1    0.84
47    2    0.055    1    2   1    4.28
48    1    0.051    2    2   1    0.69
49    2    -0.051    2    1   1    0.91
50    2    0.046    1    2   1    1.51
-------------------------
Final staircase threshold estimate (mean) is 0.0577
-------------------------
124    2    0.055    1    2   0    3.42
21    1    -0.143    1    1   0    1.50
15    1    0.143    2    2   0    0.79
10    1    0.143    2    2   0    0.77
92    2    -0.055    2    1   0    0.73
97    2    -0.055    2    1   0    0.67
72    1    -0.055    1    1   0    2.49
103    2    0.000    2    1   1    2.06
138    2    0.000    2    1   1    2.12
84    2    0.055    1    2   0    0.95
105    2    0.143    1    2   0    0.86
69    1    0.055    2    2   0    0.85
46    1    -0.143    1    1   0    1.14
36    1    -0.143    1    1   0    0.75
87    2    -0.055    2    1   0    0.57
118    2    0.000    2    1   1    2.32
125    2    0.143    1    2   0    0.88
146    2    -0.143    2    1   0    0.72
83    2    0.000    2    1   1    0.71
89    2    0.055    1    2   0    2.15
33    1    0.000    2    2   0    0.95
119    2    0.055    2    1   1    2.38
37    1    -0.055    1    1   0    2.06
8    1    0.000    2    2   0    0.87
5    1    0.143    2    2   0    1.05
59    1    0.055    2    2   0    0.98
61    1    -0.143    1    1   0    1.28
54    1    0.055    2    2   0    0.95
147    2    -0.055    2    1   0    0.67
131    2    -0.143    2    1   0    0.71
98    2    0.000    2    1   1    1.78
11    1    -0.143    2    2   1    2.65
75    2    0.143    1    2   0    3.06
140    2    0.143    1    2   0    3.14
150    2    0.143    1    2   0    1.62
74    1    0.055    2    2   0    1.07
101    2    -0.143    2    1   0    1.40
44    1    0.055    2    2   0    1.13
41    1    -0.143    1    1   0    0.74
112    2    -0.055    2    1   0    0.54
148    2    0.000    2    1   1    0.96
50    1    0.143    2    2   0    1.39
38    1    0.000    2    2   0    1.56
19    1    0.055    2    2   0    1.13
115    2    0.143    1    2   0    1.00
23    1    0.000    2    2   0    0.86
27    1    -0.055    1    1   0    1.92
106    2    -0.143    2    1   0    0.82
24    1    0.055    2    2   0    0.82
141    2    -0.143    2    1   0    1.09
14    1    0.055    2    2   0    1.37
96    2    -0.143    2    1   0    0.78
48    1    0.000    2    2   0    2.87
80    2    0.143    1    2   0    1.71
76    2    -0.143    2    1   0    0.82
66    1    -0.143    1    1   0    0.56
110    2    0.143    1    2   0    0.82
73    1    0.000    2    2   0    1.88
53    1    0.000    2    2   0    0.84
52    1    -0.055    1    1   0    2.36
62    1    -0.055    1    1   0    0.88
144    2    0.055    1    2   0    1.22
70    1    0.143    2    2   0    0.95
120    2    0.143    1    2   0    0.85
29    1    0.055    2    2   0    0.62
39    1    0.055    2    2   0    1.18
9    1    0.055    2    2   0    1.14
64    1    0.055    2    2   0    1.12
95    2    0.143    1    2   0    0.71
149    2    0.055    1    2   0    0.67
81    2    -0.143    2    1   0    0.62
17    1    -0.055    1    1   0    0.55
1    1    -0.143    1    1   0    2.31
139    2    0.055    1    2   0    2.91
3    1    0.000    2    2   0    0.72
78    2    0.000    2    1   1    0.83
108    2    0.000    2    1   1    2.04
145    2    0.143    1    2   0    1.02
132    2    -0.055    2    1   0    0.59
22    1    -0.055    1    1   0    0.75
58    1    0.000    2    2   0    0.89
134    2    0.055    1    2   0    0.92
40    1    0.143    2    2   0    0.55
109    2    0.055    1    2   0    0.59
142    2    -0.055    2    1   0    0.50
136    2    -0.143    2    1   0    0.70
30    1    0.143    2    2   0    0.65
99    2    0.055    1    2   0    1.01
68    1    0.000    2    2   0    0.58
100    2    0.143    1    2   0    0.52
60    1    0.143    2    2   0    0.46
45    1    0.143    2    2   0    1.12
32    1    -0.055    1    1   0    1.30
135    2    0.143    1    2   0    0.94
91    2    -0.143    2    1   0    0.71
28    1    0.000    2    2   0    0.70
113    2    0.000    2    1   1    3.00
107    2    -0.055    2    1   0    0.68
88    2    0.000    2    1   1    0.71
102    2    -0.055    2    1   0    0.77
122    2    -0.055    2    1   0    0.62
12    1    -0.055    1    1   0    0.81
49    1    0.055    2    2   0    0.59
47    1    -0.055    1    1   0    0.68
123    2    0.000    2    1   1    1.51
51    1    -0.143    1    1   0    0.64
121    2    -0.143    2    1   0    0.53
20    1    0.143    2    2   0    0.72
6    1    -0.143    1    1   0    0.66
90    2    0.143    1    2   0    0.94
67    1    -0.055    1    1   0    0.88
85    2    0.143    1    2   0    0.62
55    1    0.143    2    2   0    0.54
35    1    0.143    2    2   0    0.82
137    2    -0.055    2    1   0    1.07
143    2    0.000    2    1   1    2.40
128    2    0.000    1    2   0    1.00
26    1    -0.143    1    1   0    0.75
4    1    0.055    2    2   0    0.52
126    2    -0.143    2    1   0    0.63
111    2    -0.143    2    1   0    0.54
117    2    -0.055    2    1   0    1.11
133    2    0.000    1    2   0    4.51
43    1    0.000    1    1   1    4.49
93    2    0.000    2    1   1    1.24
79    2    0.055    1    2   0    1.75
116    2    -0.143    2    1   0    1.02
56    1    -0.143    1    1   0    0.85
42    1    -0.055    1    1   0    2.13
34    1    0.055    2    2   0    0.98
127    2    -0.055    2    1   0    1.69
2    1    -0.055    1    1   0    1.15
63    1    0.000    2    2   0    1.31
13    1    0.000    2    2   0    1.76
16    1    -0.143    2    2   1    1.60
18    1    0.000    2    2   0    0.83
7    1    -0.055    1    1   0    2.92
130    2    0.143    1    2   0    1.17
114    2    0.055    1    2   0    1.52
77    2    -0.055    2    1   0    0.74
71    1    -0.143    1    1   0    0.86
65    1    0.143    2    2   0    0.67
57    1    -0.055    1    1   0    0.77
86    2    -0.143    2    1   0    0.57
104    2    0.055    1    2   0    1.05
129    2    0.055    1    2   0    1.49
82    2    -0.055    2    1   0    0.71
25    1    0.143    2    2   0    1.71
31    1    -0.143    1    1   0    0.85
94    2    0.055    1    2   0    1.17
