--------------------------------
15-Jul-2014 10:54:17 
data from observer A06 
#occlusion2 expt 
reference disparity (degrees) 0.160000 

stim order disp kresp testresp correct time
1    1    0.074    1    1   1    3.92
2    2    -0.069    1    2   1    3.10
3    1    -0.065    2    2   1    0.91
4    1    -0.060    2    2   1    1.07
5    1    0.055    2    2   0    3.18
6    2    0.065    2    1   1    0.70
7    2    0.065    2    1   1    0.65
8    2    -0.060    2    1   0    0.76
9    2    0.069    2    1   1    0.69
10    2    0.069    2    1   1    1.55
11    2    0.065    2    1   1    0.68
12    2    -0.065    1    2   1    0.99
13    2    0.060    2    1   1    0.95
14    1    -0.060    2    2   1    0.80
15    2    0.055    2    1   1    1.80
16    1    0.055    1    1   1    4.79
17    2    0.051    2    1   1    3.47
18    1    -0.051    2    2   1    0.88
19    1    -0.046    2    2   1    1.26
20    1    0.046    1    1   1    1.13
21    1    0.042    2    2   0    2.16
22    1    -0.051    2    2   1    2.90
23    1    0.051    1    1   1    1.90
24    2    -0.046    1    2   1    0.72
25    2    0.046    2    1   1    0.90
26    1    0.042    1    1   1    1.08
27    1    -0.042    2    2   1    0.96
28    1    -0.037    2    2   1    0.65
29    1    0.037    2    2   0    1.37
30    1    -0.046    2    2   1    0.61
31    1    0.046    1    1   1    4.11
32    1    0.042    1    1   1    1.74
33    2    -0.042    1    2   1    2.98
34    1    0.037    2    2   0    1.04
35    1    0.046    2    2   0    5.06
36    2    -0.055    1    2   1    1.39
37    1    -0.055    2    2   1    0.82
38    2    -0.051    1    2   1    1.97
39    1    0.051    1    1   1    1.03
40    2    -0.046    1    2   1    2.98
41    2    -0.046    1    2   1    2.07
42    2    0.042    2    1   1    0.79
43    2    0.042    2    1   1    1.04
44    1    0.037    1    1   1    1.09
45    1    -0.037    2    2   1    0.91
46    1    0.032    2    2   0    2.46
47    1    0.042    1    1   1    0.73
48    2    0.042    2    1   1    1.05
49    1    -0.037    2    2   1    0.79
50    1    -0.037    2    2   1    0.66
-------------------------
Final staircase threshold estimate (mean) is 0.0393
-------------------------
39    1    0.037    1    1   1    9.74
58    1    0.000    2    2   0    0.93
100    2    0.097    2    1   1    0.86
87    2    -0.037    2    1   0    1.92
35    1    0.097    1    1   1    3.84
20    1    0.097    1    1   1    0.82
1    1    -0.097    2    2   1    0.84
73    1    0.000    2    2   0    1.15
66    1    -0.097    2    2   1    0.87
49    1    0.037    1    1   1    2.27
104    2    0.037    2    1   1    0.99
124    2    0.037    2    1   1    2.52
150    2    0.097    2    1   1    1.47
88    2    0.000    1    2   0    1.45
139    2    0.037    2    1   1    0.66
92    2    -0.037    2    1   0    0.60
52    1    -0.037    2    2   1    0.83
95    2    0.097    2    1   1    2.53
102    2    -0.037    1    2   1    1.12
42    1    -0.037    2    2   1    0.92
4    1    0.037    2    2   0    2.93
21    1    -0.097    2    2   1    0.74
23    1    0.000    2    2   0    4.89
22    1    -0.037    2    2   1    1.35
145    2    0.097    2    1   1    0.84
17    1    -0.037    2    2   1    3.06
81    2    -0.097    1    2   1    1.06
47    1    -0.037    2    2   1    0.90
56    1    -0.097    2    2   1    0.71
131    2    -0.097    1    2   1    0.87
7    1    -0.037    2    2   1    0.73
119    2    0.037    2    1   1    0.60
31    1    -0.097    2    2   1    1.02
19    1    0.037    1    1   1    1.32
141    2    -0.097    1    2   1    3.05
77    2    -0.037    1    2   1    4.38
149    2    0.037    2    1   1    0.90
62    1    -0.037    2    2   1    0.82
59    1    0.037    1    1   1    0.95
5    1    0.097    2    2   0    4.40
30    1    0.097    1    1   1    1.08
78    2    0.000    2    1   1    1.01
148    2    0.000    2    1   1    1.24
33    1    0.000    2    2   0    2.95
74    1    0.037    2    2   0    2.02
60    1    0.097    1    1   1    1.12
136    2    -0.097    2    1   0    1.37
25    1    0.097    2    2   0    2.31
6    1    -0.097    2    2   1    0.79
54    1    0.037    2    2   0    2.53
10    1    0.097    1    1   1    1.76
70    1    0.097    1    1   1    1.27
107    2    -0.037    2    1   0    3.48
34    1    0.037    2    2   0    3.18
135    2    0.097    2    1   1    0.81
112    2    -0.037    1    2   1    1.03
111    2    -0.097    1    2   1    0.90
101    2    -0.097    1    2   1    2.96
147    2    -0.037    2    1   0    2.57
8    1    0.000    2    2   0    2.81
126    2    -0.097    1    2   1    0.99
144    2    0.037    2    1   1    0.81
113    2    0.000    2    1   1    3.89
63    1    0.000    2    2   0    0.77
41    1    -0.097    2    2   1    0.69
29    1    0.037    2    2   0    1.84
129    2    0.037    2    1   1    0.94
93    2    0.000    2    1   1    5.07
50    1    0.097    1    1   1    6.96
67    1    -0.037    2    2   1    0.92
86    2    -0.097    1    2   1    0.58
83    2    0.000    2    1   1    0.97
65    1    0.097    1    1   1    0.63
44    1    0.037    2    2   0    4.50
48    1    0.000    2    2   0    4.27
57    1    -0.037    2    2   1    0.73
90    2    0.097    2    1   1    0.66
84    2    0.037    2    1   1    0.62
2    1    -0.037    2    2   1    0.66
68    1    0.000    2    2   0    2.96
106    2    -0.097    1    2   1    0.72
76    2    -0.097    1    2   1    0.90
61    1    -0.097    2    2   1    0.95
108    2    0.000    2    1   1    2.67
45    1    0.097    1    1   1    0.81
132    2    -0.037    2    1   0    1.30
43    1    0.000    2    2   0    2.34
32    1    -0.037    2    2   1    1.35
94    2    0.037    2    1   1    1.02
12    1    -0.037    2    2   1    1.14
13    1    0.000    1    1   1    1.09
72    1    -0.037    2    2   1    0.71
36    1    -0.097    2    2   1    0.99
75    2    0.097    2    1   1    0.63
89    2    0.037    2    1   1    0.69
55    1    0.097    1    1   1    0.56
138    2    0.000    2    1   1    0.55
80    2    0.097    2    1   1    0.62
133    2    0.000    2    1   1    1.25
140    2    0.097    2    1   1    0.58
103    2    0.000    2    1   1    0.60
99    2    0.037    2    1   1    1.70
97    2    -0.037    1    2   1    0.66
40    1    0.097    1    1   1    0.76
27    1    -0.037    2    2   1    0.69
127    2    -0.037    1    2   1    0.48
125    2    0.097    2    1   1    1.01
114    2    0.037    2    1   1    0.88
53    1    0.000    1    1   1    0.64
105    2    0.097    2    1   1    0.84
3    1    0.000    2    2   0    1.99
109    2    0.037    2    1   1    1.05
85    2    0.097    2    1   1    3.20
134    2    0.037    2    1   1    0.96
82    2    -0.037    1    2   1    1.02
51    1    -0.097    2    2   1    0.68
14    1    0.037    1    1   1    0.68
64    1    0.037    1    1   1    1.16
116    2    -0.097    2    1   0    2.16
146    2    -0.097    1    2   1    4.96
130    2    0.097    2    1   1    0.95
122    2    -0.037    2    1   0    1.07
15    1    0.097    2    2   0    1.67
11    1    -0.097    2    2   1    1.08
142    2    -0.037    1    2   1    1.75
79    2    0.037    2    1   1    0.72
18    1    0.000    2    2   0    2.26
9    1    0.037    1    1   1    2.06
110    2    0.097    2    1   1    0.89
71    1    -0.097    2    2   1    0.99
69    1    0.037    1    1   1    2.97
38    1    0.000    2    2   0    0.99
120    2    0.097    2    1   1    0.60
115    2    0.097    2    1   1    1.08
143    2    0.000    2    1   1    4.37
118    2    0.000    2    1   1    0.97
28    1    0.000    2    2   0    2.05
123    2    0.000    2    1   1    0.94
117    2    -0.037    1    2   1    2.21
128    2    0.000    2    1   1    0.99
46    1    -0.097    2    2   1    0.82
16    1    -0.097    2    2   1    0.64
96    2    -0.097    1    2   1    0.79
98    2    0.000    2    1   1    0.77
137    2    -0.037    1    2   1    0.98
91    2    -0.097    1    2   1    0.80
24    1    0.037    2    2   0    1.33
26    1    -0.097    2    2   1    0.61
121    2    -0.097    1    2   1    0.50
37    1    -0.037    2    2   1    0.54
