--------------------------------
15-Jul-2014 12:14:58 
data from observer A06 
#occlusion2 expt 
reference disparity (degrees) 0.160000 

stim order disp kresp testresp correct time
1    2    -0.074    2    1   1    0.94
2    2    0.069    2    1   0    1.10
3    2    -0.079    2    1   1    0.65
4    2    0.079    1    2   1    0.86
5    2    -0.074    2    1   1    0.60
6    1    0.074    2    2   1    0.54
7    2    0.069    2    1   0    0.68
8    2    0.079    1    2   1    1.18
9    2    -0.079    2    1   1    0.52
10    2    -0.074    2    1   1    0.50
11    1    -0.074    2    2   0    0.94
12    1    0.083    2    2   1    0.50
13    1    0.083    2    2   1    0.59
14    1    -0.079    1    1   1    0.65
15    1    0.079    2    2   1    0.44
16    2    -0.074    2    1   1    0.49
17    1    -0.074    2    2   0    0.63
18    1    0.083    2    2   1    0.49
19    1    -0.083    1    1   1    0.74
20    1    -0.079    2    2   0    0.44
21    1    0.088    2    2   1    0.55
22    1    0.088    2    2   1    0.49
23    2    0.083    1    2   1    0.46
24    2    0.083    1    2   1    1.49
25    2    -0.079    2    1   1    0.59
26    1    -0.079    1    1   1    0.65
27    2    -0.074    2    1   1    0.41
28    2    -0.074    2    1   1    0.70
29    2    0.069    1    2   1    1.45
30    1    -0.069    1    1   1    1.06
31    1    0.065    2    2   1    0.49
32    1    -0.065    1    1   1    0.77
33    1    -0.060    2    2   0    0.57
34    2    0.069    1    2   1    0.59
35    2    0.069    1    2   1    0.59
36    1    0.065    2    2   1    1.01
37    2    -0.065    2    1   1    0.52
38    1    -0.060    1    1   1    0.51
39    2    0.060    1    2   1    0.59
40    1    -0.055    1    1   1    0.81
41    2    0.055    2    1   0    0.67
42    2    -0.065    2    1   1    1.49
43    2    0.065    1    2   1    1.74
44    2    -0.060    2    1   1    1.53
45    1    -0.060    1    1   1    1.14
46    1    0.055    2    2   1    0.65
47    1    0.055    2    2   1    0.67
48    2    -0.051    2    1   1    0.87
49    2    -0.051    2    1   1    1.00
50    2    0.046    1    2   1    0.87
-------------------------
Final staircase threshold estimate (mean) is 0.0563
-------------------------
55    1    0.139    2    2   0    2.46
45    1    0.139    2    2   0    0.71
62    1    -0.055    2    2   1    1.26
65    1    0.139    2    2   0    0.64
85    2    0.139    1    2   0    0.87
7    1    -0.055    2    2   1    0.84
42    1    -0.055    2    2   1    0.63
109    2    0.055    1    2   0    0.84
52    1    -0.055    2    2   1    0.62
129    2    0.055    1    2   0    0.62
23    1    0.000    2    2   0    0.60
107    2    -0.055    2    1   0    1.04
13    1    0.000    2    2   0    1.75
64    1    0.055    2    2   0    0.77
33    1    0.000    2    2   0    2.44
20    1    0.139    2    2   0    0.73
79    2    0.055    1    2   0    0.84
82    2    -0.055    2    1   0    0.65
97    2    -0.055    2    1   0    1.10
133    2    0.000    2    1   1    1.96
17    1    -0.055    1    1   0    0.67
105    2    0.139    1    2   0    1.16
19    1    0.055    2    2   0    0.61
5    1    0.139    2    2   0    0.64
8    1    0.000    2    2   0    0.99
98    2    0.000    2    1   1    1.15
142    2    -0.055    2    1   0    1.26
27    1    -0.055    1    1   0    1.54
16    1    -0.139    1    1   0    0.75
4    1    0.055    2    2   0    0.69
145    2    0.139    1    2   0    0.53
101    2    -0.139    2    1   0    0.57
69    1    0.055    1    1   1    0.94
137    2    -0.055    2    1   0    0.56
86    2    -0.139    2    1   0    0.54
38    1    0.000    2    2   0    3.97
2    1    -0.055    2    2   1    0.98
138    2    0.000    1    2   0    0.74
149    2    0.055    1    2   0    0.69
103    2    0.000    1    2   0    1.13
114    2    0.055    1    2   0    1.12
21    1    -0.139    1    1   0    0.74
102    2    -0.055    2    1   0    0.66
40    1    0.139    2    2   0    0.76
51    1    -0.139    1    1   0    0.57
31    1    -0.139    1    1   0    0.66
148    2    0.000    1    2   0    1.63
60    1    0.139    2    2   0    0.53
22    1    -0.055    1    1   0    0.53
87    2    -0.055    2    1   0    0.48
58    1    0.000    1    1   1    0.49
90    2    0.139    1    2   0    0.61
136    2    -0.139    2    1   0    0.57
144    2    0.055    1    2   0    0.66
63    1    0.000    1    1   1    0.84
93    2    0.000    2    1   1    3.53
35    1    0.139    2    2   0    0.60
127    2    -0.055    2    1   0    0.55
112    2    -0.055    2    1   0    0.60
61    1    -0.139    1    1   0    0.57
104    2    0.055    1    2   0    0.56
119    2    0.055    1    2   0    1.24
50    1    0.139    2    2   0    0.52
32    1    -0.055    1    1   0    0.55
59    1    0.055    1    1   1    0.56
150    2    0.139    1    2   0    0.55
121    2    -0.139    2    1   0    0.57
75    2    0.139    1    2   0    0.55
72    1    -0.055    1    1   0    0.79
143    2    0.000    1    2   0    0.60
3    1    0.000    1    1   1    0.68
125    2    0.139    1    2   0    0.55
25    1    0.139    2    2   0    0.88
66    1    -0.139    1    1   0    0.43
132    2    -0.055    2    1   0    0.46
123    2    0.000    1    2   0    0.41
81    2    -0.139    2    1   0    0.55
10    1    0.139    2    2   0    0.54
139    2    0.055    1    2   0    0.71
11    1    -0.139    1    1   0    0.61
116    2    -0.139    2    1   0    0.51
39    1    0.055    1    1   1    0.53
113    2    0.000    2    1   1    2.44
67    1    -0.055    1    1   0    1.46
117    2    -0.055    2    1   0    0.62
99    2    0.055    1    2   0    0.93
122    2    -0.055    2    1   0    0.54
88    2    0.000    1    2   0    0.54
94    2    0.055    1    2   0    0.80
18    1    0.000    1    1   1    0.70
57    1    -0.055    1    1   0    2.02
29    1    0.055    2    2   0    0.69
77    2    -0.055    1    2   1    1.03
36    1    -0.139    1    1   0    0.94
56    1    -0.139    1    1   0    1.69
24    1    0.055    2    2   0    0.57
140    2    0.139    1    2   0    0.77
48    1    0.000    2    2   0    0.88
91    2    -0.139    2    1   0    0.78
71    1    -0.139    1    1   0    0.79
124    2    0.055    1    2   0    1.33
135    2    0.139    1    2   0    0.63
70    1    0.139    2    2   0    0.49
131    2    -0.139    2    1   0    0.56
37    1    -0.055    1    1   0    0.64
68    1    0.000    2    2   0    0.56
30    1    0.139    2    2   0    0.61
106    2    -0.139    2    1   0    0.52
146    2    -0.139    2    1   0    0.49
115    2    0.139    1    2   0    0.67
76    2    -0.139    2    1   0    0.49
100    2    0.139    1    2   0    0.47
44    1    0.055    2    2   0    0.44
74    1    0.055    2    2   0    0.66
110    2    0.139    1    2   0    0.47
126    2    -0.139    2    1   0    0.39
147    2    -0.055    2    1   0    0.68
1    1    -0.139    1    1   0    0.68
41    1    -0.139    1    1   0    0.69
6    1    -0.139    1    1   0    0.61
134    2    0.055    1    2   0    0.52
84    2    0.055    1    2   0    0.49
118    2    0.000    2    1   1    0.82
111    2    -0.139    2    1   0    0.48
141    2    -0.139    2    1   0    0.60
47    1    -0.055    1    1   0    1.11
80    2    0.139    1    2   0    0.53
54    1    0.055    2    2   0    0.51
96    2    -0.139    2    1   0    0.48
14    1    0.055    2    2   0    0.54
120    2    0.139    1    2   0    0.49
34    1    0.055    2    2   0    0.42
49    1    0.055    2    2   0    0.48
46    1    -0.139    1    1   0    0.43
108    2    0.000    2    1   1    0.55
15    1    0.139    2    2   0    0.43
73    1    0.000    2    2   0    2.62
95    2    0.139    1    2   0    0.61
128    2    0.000    2    1   1    1.23
28    1    0.000    1    1   1    1.87
89    2    0.055    1    2   0    0.65
12    1    -0.055    1    1   0    0.67
83    2    0.000    1    2   0    1.04
92    2    -0.055    2    1   0    0.83
9    1    0.055    2    2   0    0.59
78    2    0.000    2    1   1    4.22
26    1    -0.139    1    1   0    0.63
43    1    0.000    2    2   0    1.09
53    1    0.000    2    2   0    1.08
130    2    0.139    1    2   0    0.89
