--------------------------------
15-Jul-2014 10:31:26 
data from observer A06 
#occlusion2 expt 
reference disparity (degrees) 0.160000 

stim order disp kresp testresp correct time
1    2    0.074    2    1   1    1.93
2    1    -0.069    2    2   1    1.46
3    1    0.065    1    1   1    1.82
4    1    -0.060    2    2   1    2.69
5    1    0.055    1    1   1    1.37
6    2    0.051    2    1   1    1.82
7    2    0.046    2    1   1    2.32
8    1    0.042    2    2   0    2.08
9    2    -0.051    2    1   0    6.16
10    2    -0.060    1    2   1    3.21
11    2    0.060    2    1   1    1.54
12    2    0.055    2    1   1    5.85
13    1    -0.055    2    2   1    1.84
14    2    -0.051    1    2   1    6.06
15    1    0.051    2    2   0    4.64
16    1    0.060    2    2   0    2.49
17    1    0.069    1    1   1    2.68
18    1    -0.069    2    2   1    2.32
19    2    0.065    2    1   1    3.67
20    1    -0.065    2    2   1    3.65
21    1    -0.060    2    2   1    0.98
22    1    -0.060    2    2   1    2.79
23    1    0.055    2    2   0    4.94
24    1    -0.065    2    2   1    3.18
25    2    -0.065    1    2   1    2.74
26    2    0.060    2    1   1    0.77
27    2    -0.060    1    2   1    4.17
28    2    0.055    2    1   1    1.92
29    1    0.055    1    1   1    1.33
30    2    0.051    2    1   1    1.01
31    2    -0.051    1    2   1    4.13
32    1    -0.046    2    2   1    1.27
33    1    -0.046    2    2   1    1.43
34    1    0.042    1    1   1    2.20
35    1    0.042    1    1   1    2.53
36    1    -0.037    2    2   1    1.04
37    2    0.037    2    1   1    1.16
38    2    0.032    2    1   1    3.15
39    1    -0.032    2    2   1    2.96
40    2    0.028    2    1   1    5.11
41    1    0.028    1    1   1    8.78
42    1    -0.023    2    2   1    2.95
43    1    -0.023    1    1   0    5.86
44    1    0.032    1    1   1    4.35
45    1    -0.032    2    2   1    1.34
46    2    0.028    2    1   1    8.75
47    1    0.028    1    1   1    1.25
48    2    0.023    2    1   1    1.05
49    1    0.023    1    1   1    3.79
50    2    0.018    2    1   1    0.99
-------------------------
Final staircase threshold estimate (mean) is 0.0259
-------------------------
101    2    -0.065    1    2   1    2.02
121    2    -0.065    1    2   1    0.89
137    2    -0.028    1    2   1    0.94
135    2    0.065    2    1   1    0.79
44    1    0.028    1    1   1    0.95
65    1    0.065    1    1   1    0.91
32    1    -0.028    2    2   1    0.64
126    2    -0.065    1    2   1    1.04
102    2    -0.028    2    1   0    0.85
85    2    0.065    2    1   1    0.68
108    2    0.000    2    1   1    1.73
97    2    -0.028    1    2   1    0.88
74    1    0.028    1    1   1    1.47
133    2    0.000    2    1   1    0.64
30    1    0.065    1    1   1    0.63
54    1    0.028    1    1   1    1.21
69    1    0.028    2    2   0    3.70
94    2    0.028    2    1   1    0.89
148    2    0.000    2    1   1    1.19
34    1    0.028    1    1   1    2.66
98    2    0.000    2    1   1    4.36
103    2    0.000    2    1   1    4.45
76    2    -0.065    1    2   1    0.93
4    1    0.028    1    1   1    1.66
7    1    -0.028    2    2   1    0.92
21    1    -0.065    2    2   1    0.63
56    1    -0.065    2    2   1    0.88
124    2    0.028    2    1   1    3.68
63    1    0.000    2    2   0    2.96
119    2    0.028    2    1   1    0.99
82    2    -0.028    1    2   1    0.84
142    2    -0.028    1    2   1    0.78
37    1    -0.028    2    2   1    1.10
15    1    0.065    1    1   1    0.61
41    1    -0.065    2    2   1    0.58
42    1    -0.028    2    2   1    1.45
143    2    0.000    2    1   1    1.31
50    1    0.065    1    1   1    0.70
13    1    0.000    2    2   0    0.63
111    2    -0.065    1    2   1    0.66
118    2    0.000    2    1   1    1.07
110    2    0.065    2    1   1    0.91
59    1    0.028    1    1   1    0.67
73    1    0.000    2    2   0    1.31
90    2    0.065    2    1   1    0.58
16    1    -0.065    2    2   1    0.93
1    1    -0.065    2    2   1    1.16
58    1    0.000    2    2   0    1.37
146    2    -0.065    1    2   1    0.69
114    2    0.028    2    1   1    1.00
77    2    -0.028    2    1   0    1.21
132    2    -0.028    1    2   1    1.08
40    1    0.065    1    1   1    1.03
89    2    0.028    2    1   1    0.77
35    1    0.065    1    1   1    0.72
49    1    0.028    2    2   0    1.06
26    1    -0.065    2    2   1    0.65
83    2    0.000    2    1   1    1.29
93    2    0.000    2    1   1    2.18
87    2    -0.028    1    2   1    3.98
150    2    0.065    2    1   1    0.65
120    2    0.065    2    1   1    0.73
128    2    0.000    2    1   1    1.25
134    2    0.028    2    1   1    0.80
53    1    0.000    2    2   0    0.89
105    2    0.065    2    1   1    0.76
12    1    -0.028    2    2   1    1.63
113    2    0.000    2    1   1    3.79
2    1    -0.028    2    2   1    3.86
107    2    -0.028    1    2   1    1.65
100    2    0.065    2    1   1    0.97
71    1    -0.065    2    2   1    2.03
141    2    -0.065    1    2   1    2.07
61    1    -0.065    2    2   1    0.84
80    2    0.065    2    1   1    1.17
22    1    -0.028    2    2   1    1.64
125    2    0.065    2    1   1    1.03
33    1    0.000    2    2   0    3.81
57    1    -0.028    2    2   1    3.75
129    2    0.028    1    2   0    5.30
106    2    -0.065    1    2   1    0.92
55    1    0.065    1    1   1    1.69
8    1    0.000    2    2   0    0.88
130    2    0.065    2    1   1    0.92
14    1    0.028    1    1   1    1.03
3    1    0.000    2    2   0    1.86
112    2    -0.028    1    2   1    2.29
149    2    0.028    2    1   1    0.85
29    1    0.028    2    2   0    1.42
123    2    0.000    2    1   1    0.70
72    1    -0.028    2    2   1    0.57
46    1    -0.065    2    2   1    0.64
117    2    -0.028    2    1   0    3.05
78    2    0.000    2    1   1    0.87
23    1    0.000    2    2   0    1.89
96    2    -0.065    1    2   1    1.05
6    1    -0.065    2    2   1    0.83
115    2    0.065    2    1   1    1.33
25    1    0.065    1    1   1    1.12
64    1    0.028    1    1   1    4.33
67    1    -0.028    2    2   1    1.10
131    2    -0.065    1    2   1    0.78
45    1    0.065    1    1   1    3.97
11    1    -0.065    2    2   1    0.80
84    2    0.028    2    1   1    3.44
39    1    0.028    1    1   1    2.11
92    2    -0.028    2    1   0    3.88
60    1    0.065    1    1   1    1.42
95    2    0.065    2    1   1    2.29
136    2    -0.065    1    2   1    0.82
27    1    -0.028    2    2   1    0.83
139    2    0.028    2    1   1    5.01
47    1    -0.028    2    2   1    2.98
86    2    -0.065    1    2   1    1.09
147    2    -0.028    1    2   1    5.58
144    2    0.028    2    1   1    0.88
43    1    0.000    2    2   0    0.65
10    1    0.065    1    1   1    0.86
62    1    -0.028    2    2   1    1.21
19    1    0.028    2    2   0    3.25
66    1    -0.065    2    2   1    0.76
52    1    -0.028    2    2   1    0.96
88    2    0.000    2    1   1    0.96
36    1    -0.065    2    2   1    0.67
28    1    0.000    1    1   1    2.32
75    2    0.065    2    1   1    0.68
127    2    -0.028    2    1   0    2.74
122    2    -0.028    1    2   1    2.68
51    1    -0.065    2    2   1    0.74
38    1    0.000    2    2   0    1.26
18    1    0.000    2    2   0    3.68
104    2    0.028    2    1   1    1.13
109    2    0.028    2    1   1    1.18
5    1    0.065    2    2   0    3.01
70    1    0.065    2    2   0    0.91
17    1    -0.028    2    2   1    2.90
24    1    0.028    2    2   0    1.87
31    1    -0.065    2    2   1    0.76
20    1    0.065    2    2   0    1.87
9    1    0.028    2    2   0    3.20
140    2    0.065    2    1   1    1.18
116    2    -0.065    1    2   1    1.16
68    1    0.000    2    2   0    1.60
138    2    0.000    2    1   1    1.42
48    1    0.000    2    2   0    1.41
99    2    0.028    2    1   1    2.14
91    2    -0.065    2    1   0    2.63
81    2    -0.065    1    2   1    3.79
145    2    0.065    2    1   1    0.98
79    2    0.028    2    1   1    1.90
