--------------------------------
15-Jul-2014 12:21:23 
data from observer A06 
#occlusion2 expt 
reference disparity (degrees) 0.160000 

stim order disp kresp testresp correct time
1    1    0.074    2    2   1    0.90
2    1    0.069    2    2   1    1.56
3    2    0.065    1    2   1    1.93
4    1    0.060    2    2   1    0.70
5    2    -0.055    2    1   1    0.95
6    2    -0.051    2    1   1    2.14
7    1    -0.046    1    1   1    0.67
8    1    0.042    2    2   1    0.50
9    2    0.037    1    2   1    0.58
10    1    0.032    2    2   1    0.56
11    1    0.028    1    1   0    1.13
12    2    0.037    2    1   0    0.59
13    1    -0.046    1    1   1    2.27
14    1    -0.046    1    1   1    2.00
15    1    -0.042    1    1   1    1.03
16    1    0.042    2    2   1    0.66
17    1    0.037    2    2   1    0.81
18    1    0.037    1    1   0    1.54
19    2    -0.046    2    1   1    0.73
20    1    0.046    2    2   1    0.71
21    1    0.042    2    2   1    1.12
22    2    -0.042    2    1   1    0.91
23    2    0.037    1    2   1    1.84
24    1    0.037    1    1   0    1.01
25    2    0.046    2    1   0    0.57
26    2    0.055    1    2   1    0.86
27    1    -0.055    2    2   0    0.64
28    2    0.065    1    2   1    0.54
29    2    -0.065    2    1   1    0.66
30    2    0.060    2    1   0    1.93
31    1    -0.069    1    1   1    0.80
32    1    0.069    2    2   1    1.02
33    2    0.065    1    2   1    0.89
34    1    -0.065    1    1   1    1.17
35    2    -0.060    2    1   1    1.00
36    2    0.060    1    2   1    0.98
37    2    0.055    1    2   1    3.05
38    1    -0.055    2    2   0    2.31
39    2    0.065    1    2   1    2.75
40    2    0.065    1    2   1    2.12
41    2    -0.060    2    1   1    1.28
42    2    -0.060    1    2   0    0.85
43    1    -0.069    1    1   1    0.91
44    1    -0.069    2    2   0    1.14
45    1    -0.079    1    1   1    0.82
46    1    0.079    2    2   1    1.31
47    2    0.074    1    2   1    0.79
48    2    0.074    2    1   0    0.70
49    2    0.083    1    2   1    0.57
50    2    0.083    1    2   1    0.58
-------------------------
Final staircase threshold estimate (mean) is 0.0730
-------------------------
78    2    0.000    2    1   1    2.99
47    1    -0.074    1    1   0    0.94
114    2    0.074    1    2   0    0.64
106    2    -0.148    2    1   0    0.60
68    1    0.000    2    2   0    1.07
134    2    0.074    1    2   0    0.72
74    1    0.074    2    2   0    1.03
14    1    0.074    2    2   0    1.08
94    2    0.074    1    2   0    1.05
33    1    0.000    2    2   0    0.72
38    1    0.000    1    1   1    0.64
44    1    0.074    1    1   1    1.08
93    2    0.000    2    1   1    3.25
138    2    0.000    1    2   0    3.02
110    2    0.148    1    2   0    1.41
53    1    0.000    2    2   0    0.68
133    2    0.000    2    1   1    3.25
130    2    0.148    1    2   0    1.26
86    2    -0.148    2    1   0    0.72
79    2    0.074    1    2   0    0.69
2    1    -0.074    1    1   0    0.63
144    2    0.074    1    2   0    0.98
123    2    0.000    2    1   1    2.02
85    2    0.148    1    2   0    0.54
57    1    -0.074    1    1   0    0.59
31    1    -0.148    1    1   0    0.74
140    2    0.148    1    2   0    0.67
117    2    -0.074    2    1   0    0.80
32    1    -0.074    1    1   0    0.64
113    2    0.000    2    1   1    2.04
7    1    -0.074    1    1   0    0.55
58    1    0.000    2    2   0    1.99
43    1    0.000    2    2   0    1.70
108    2    0.000    1    2   0    1.16
18    1    0.000    2    2   0    0.56
24    1    0.074    2    2   0    0.68
90    2    0.148    1    2   0    0.66
72    1    -0.074    1    1   0    0.58
96    2    -0.148    2    1   0    0.53
147    2    -0.074    2    1   0    1.39
11    1    -0.148    1    1   0    2.31
92    2    -0.074    2    1   0    3.21
135    2    0.148    1    2   0    0.75
73    1    0.000    1    1   1    0.72
107    2    -0.074    2    1   0    1.26
81    2    -0.148    2    1   0    2.49
1    1    -0.148    1    1   0    1.88
111    2    -0.148    2    1   0    0.98
42    1    -0.074    1    1   0    1.07
141    2    -0.148    2    1   0    1.03
91    2    -0.148    2    1   0    1.38
128    2    0.000    1    2   0    0.94
13    1    0.000    2    2   0    1.23
48    1    0.000    1    1   1    3.58
142    2    -0.074    2    1   0    1.62
102    2    -0.074    2    1   0    0.96
56    1    -0.148    1    1   0    7.41
118    2    0.000    2    1   1    1.37
121    2    -0.148    2    1   0    0.93
49    1    0.074    2    2   0    3.10
136    2    -0.148    2    1   0    1.74
150    2    0.148    1    2   0    3.46
80    2    0.148    1    2   0    0.83
29    1    0.074    2    2   0    1.13
60    1    0.148    2    2   0    1.89
27    1    -0.074    1    1   0    2.04
126    2    -0.148    2    1   0    0.53
6    1    -0.148    1    1   0    0.66
12    1    -0.074    1    1   0    0.59
131    2    -0.148    2    1   0    0.56
75    2    0.148    1    2   0    0.89
39    1    0.074    2    2   0    0.71
149    2    0.074    1    2   0    0.65
25    1    0.148    2    2   0    0.56
95    2    0.148    1    2   0    1.68
146    2    -0.148    2    1   0    0.62
17    1    -0.074    1    1   0    0.64
46    1    -0.148    1    1   0    0.64
23    1    0.000    2    2   0    0.92
120    2    0.148    1    2   0    1.23
87    2    -0.074    2    1   0    0.58
99    2    0.074    1    2   0    0.87
4    1    0.074    2    2   0    0.53
52    1    -0.074    1    1   0    0.95
15    1    0.148    2    2   0    0.50
88    2    0.000    2    1   1    1.39
54    1    0.074    2    2   0    0.66
22    1    -0.074    1    1   0    0.79
62    1    -0.074    2    2   1    1.02
122    2    -0.074    2    1   0    0.72
116    2    -0.148    2    1   0    1.01
76    2    -0.148    2    1   0    2.56
10    1    0.148    2    2   0    2.89
66    1    -0.148    1    1   0    2.10
109    2    0.074    2    1   1    2.10
67    1    -0.074    1    1   0    0.65
65    1    0.148    2    2   0    1.74
132    2    -0.074    2    1   0    0.92
8    1    0.000    1    1   1    0.96
28    1    0.000    2    2   0    0.71
45    1    0.148    2    2   0    1.21
71    1    -0.148    1    1   0    3.89
89    2    0.074    2    1   1    1.02
34    1    0.074    2    2   0    0.81
100    2    0.148    1    2   0    2.09
98    2    0.000    2    1   1    0.73
129    2    0.074    1    2   0    0.99
55    1    0.148    2    2   0    0.98
77    2    -0.074    2    1   0    0.61
119    2    0.074    1    2   0    3.63
37    1    -0.074    1    1   0    1.21
30    1    0.148    2    2   0    0.66
127    2    -0.074    2    1   0    0.61
137    2    -0.074    2    1   0    0.86
21    1    -0.148    1    1   0    0.68
50    1    0.148    2    2   0    0.49
36    1    -0.148    1    1   0    0.60
20    1    0.148    2    2   0    0.50
124    2    0.074    2    1   1    0.76
63    1    0.000    1    1   1    0.99
125    2    0.148    1    2   0    1.02
3    1    0.000    2    2   0    1.12
61    1    -0.148    1    1   0    0.64
51    1    -0.148    1    1   0    1.53
105    2    0.148    1    2   0    0.61
41    1    -0.148    1    1   0    1.13
40    1    0.148    2    2   0    0.58
35    1    0.148    2    2   0    0.70
112    2    -0.074    2    1   0    0.94
16    1    -0.148    1    1   0    0.94
145    2    0.148    1    2   0    0.71
19    1    0.074    2    2   0    1.16
104    2    0.074    1    2   0    0.63
70    1    0.148    2    2   0    0.55
148    2    0.000    1    2   0    4.51
139    2    0.074    1    2   0    0.72
103    2    0.000    2    1   1    0.78
9    1    0.074    2    2   0    1.42
83    2    0.000    2    1   1    1.11
69    1    0.074    2    2   0    2.63
82    2    -0.074    2    1   0    2.09
64    1    0.074    1    1   1    1.40
84    2    0.074    1    2   0    1.62
5    1    0.148    2    2   0    0.91
143    2    0.000    1    2   0    1.12
101    2    -0.148    2    1   0    0.50
26    1    -0.148    1    1   0    0.63
97    2    -0.074    2    1   0    0.61
59    1    0.074    2    2   0    0.85
115    2    0.148    1    2   0    0.60
