--------------------------------
15-Jul-2014 10:44:30 
data from observer A06 
#occlusion2 expt 
reference disparity (degrees) 0.160000 

stim order disp kresp testresp correct time
1    2    -0.074    2    1   0    10.24
2    2    0.083    2    1   1    1.25
3    1    -0.079    2    2   1    1.72
4    1    -0.079    2    2   1    2.36
5    2    -0.074    2    1   0    1.81
6    1    0.083    1    1   1    1.67
7    2    0.083    2    1   1    0.82
8    1    -0.079    1    1   0    1.73
9    1    -0.088    2    2   1    1.06
10    1    -0.088    2    2   1    20.80
11    2    0.083    2    1   1    2.32
12    2    -0.083    2    1   0    0.79
13    2    -0.092    1    2   1    3.44
14    1    0.092    1    1   1    3.55
15    1    -0.088    2    2   1    1.03
16    2    0.088    2    1   1    0.98
17    2    -0.083    2    1   0    1.61
18    2    0.092    2    1   1    3.07
19    1    -0.092    2    2   1    2.70
20    1    -0.088    2    2   1    4.06
21    2    -0.088    2    1   0    4.48
22    2    0.097    2    1   1    0.92
23    1    -0.097    2    2   1    1.30
24    1    0.092    1    1   1    1.55
25    2    -0.092    1    2   1    2.97
26    1    0.088    2    2   0    1.67
27    2    -0.097    1    2   1    2.45
28    2    -0.097    2    1   0    2.17
29    2    -0.106    2    1   0    1.39
30    2    0.115    2    1   1    1.14
31    2    0.115    2    1   1    0.79
32    2    -0.111    2    1   0    2.19
33    2    0.120    2    1   1    1.47
34    1    0.120    2    2   0    1.18
35    1    0.129    2    2   0    5.26
36    1    0.139    1    1   1    6.04
37    1    0.139    1    1   1    3.29
38    2    0.134    2    1   1    0.89
39    1    -0.134    2    2   1    1.85
40    2    -0.129    2    1   0    2.31
41    1    -0.139    2    2   1    1.42
42    2    0.139    2    1   1    1.42
43    1    0.134    1    1   1    4.93
44    1    0.134    1    1   1    3.17
45    2    0.129    2    1   1    0.93
46    2    0.129    2    1   1    0.82
47    2    -0.125    2    1   0    3.32
48    2    -0.134    1    2   1    10.46
49    2    -0.134    1    2   1    2.23
50    1    -0.129    2    2   1    1.25
-------------------------
Final staircase threshold estimate (mean) is 0.1325
-------------------------
37    1    -0.134    2    2   1    5.17
130    2    0.148    2    1   1    1.40
82    2    -0.134    2    1   0    3.27
88    2    0.000    2    1   1    1.15
148    2    0.000    2    1   1    2.11
12    1    -0.134    2    2   1    1.09
6    1    -0.148    2    2   1    2.55
55    1    0.148    1    1   1    3.20
50    1    0.148    1    1   1    2.49
146    2    -0.148    1    2   1    2.42
52    1    -0.134    2    2   1    1.02
143    2    0.000    2    1   1    1.20
20    1    0.148    1    1   1    0.87
134    2    0.134    2    1   1    0.61
56    1    -0.148    2    2   1    0.97
114    2    0.134    2    1   1    0.71
115    2    0.148    2    1   1    0.57
126    2    -0.148    2    1   0    1.83
99    2    0.134    2    1   1    1.00
21    1    -0.148    2    2   1    2.34
136    2    -0.148    2    1   0    0.87
81    2    -0.148    1    2   1    1.95
25    1    0.148    1    1   1    1.86
68    1    0.000    2    2   0    0.68
31    1    -0.148    2    2   1    1.24
38    1    0.000    2    2   0    0.75
62    1    -0.134    2    2   1    1.22
123    2    0.000    2    1   1    0.66
61    1    -0.148    2    2   1    1.13
83    2    0.000    2    1   1    1.16
110    2    0.148    2    1   1    0.70
116    2    -0.148    2    1   0    1.29
80    2    0.148    2    1   1    2.36
33    1    0.000    2    2   0    3.02
4    1    0.134    1    1   1    1.35
144    2    0.134    2    1   1    0.91
100    2    0.148    2    1   1    1.11
145    2    0.148    2    1   1    1.09
92    2    -0.134    1    2   1    1.16
133    2    0.000    2    1   1    1.09
75    2    0.148    2    1   1    0.93
135    2    0.148    2    1   1    1.00
39    1    0.134    1    1   1    0.84
142    2    -0.134    1    2   1    1.98
43    1    0.000    2    2   0    0.58
30    1    0.148    1    1   1    0.61
112    2    -0.134    1    2   1    1.27
87    2    -0.134    1    2   1    2.06
127    2    -0.134    2    1   0    1.70
42    1    -0.134    2    2   1    1.09
111    2    -0.148    1    2   1    1.81
64    1    0.134    1    1   1    2.01
7    1    -0.134    2    2   1    0.97
16    1    -0.148    2    2   1    0.76
9    1    0.134    1    1   1    1.18
63    1    0.000    2    2   0    1.00
60    1    0.148    1    1   1    0.80
26    1    -0.148    2    2   1    1.12
59    1    0.134    1    1   1    0.92
28    1    0.000    2    2   0    1.24
139    2    0.134    2    1   1    1.41
86    2    -0.148    1    2   1    1.80
102    2    -0.134    1    2   1    3.63
150    2    0.148    2    1   1    0.99
138    2    0.000    2    1   1    2.91
36    1    -0.148    2    2   1    3.10
141    2    -0.148    1    2   1    4.67
53    1    0.000    2    2   0    2.64
44    1    0.134    1    1   1    0.92
1    1    -0.148    2    2   1    1.25
91    2    -0.148    1    2   1    0.91
11    1    -0.148    2    2   1    0.69
2    1    -0.134    2    2   1    1.07
67    1    -0.134    2    2   1    1.64
103    2    0.000    2    1   1    4.53
96    2    -0.148    1    2   1    2.10
54    1    0.134    1    1   1    0.89
137    2    -0.134    1    2   1    0.89
66    1    -0.148    2    2   1    0.82
17    1    -0.134    2    2   1    0.85
109    2    0.134    2    1   1    1.48
78    2    0.000    2    1   1    1.74
47    1    -0.134    2    2   1    1.09
85    2    0.148    2    1   1    0.90
125    2    0.148    2    1   1    0.70
58    1    0.000    1    1   1    1.25
84    2    0.134    2    1   1    1.03
113    2    0.000    2    1   1    4.36
107    2    -0.134    1    2   1    2.37
51    1    -0.148    2    2   1    1.83
13    1    0.000    2    2   0    1.24
41    1    -0.148    1    1   0    0.95
14    1    0.134    1    1   1    2.11
149    2    0.134    2    1   1    1.06
10    1    0.148    1    1   1    1.04
76    2    -0.148    1    2   1    3.42
48    1    0.000    1    1   1    3.46
90    2    0.148    2    1   1    0.77
131    2    -0.148    1    2   1    2.04
15    1    0.148    1    1   1    1.38
22    1    -0.134    2    2   1    1.20
72    1    -0.134    2    2   1    3.17
32    1    -0.134    2    2   1    1.67
70    1    0.148    1    1   1    0.83
27    1    -0.134    2    2   1    0.76
18    1    0.000    2    2   0    1.23
147    2    -0.134    1    2   1    1.55
119    2    0.134    2    1   1    1.63
49    1    0.134    1    1   1    1.18
77    2    -0.134    1    2   1    1.04
35    1    0.148    1    1   1    1.55
23    1    0.000    2    2   0    2.71
106    2    -0.148    1    2   1    1.63
8    1    0.000    2    2   0    1.32
65    1    0.148    1    1   1    0.94
132    2    -0.134    1    2   1    1.56
93    2    0.000    2    1   1    1.48
118    2    0.000    2    1   1    3.99
89    2    0.134    2    1   1    1.05
101    2    -0.148    1    2   1    0.89
94    2    0.134    2    1   1    0.60
129    2    0.134    2    1   1    0.64
71    1    -0.148    2    2   1    0.62
98    2    0.000    2    1   1    0.88
79    2    0.134    2    1   1    0.83
95    2    0.148    2    1   1    1.93
29    1    0.134    2    2   0    0.74
34    1    0.134    1    1   1    1.32
40    1    0.148    1    1   1    1.27
5    1    0.148    1    1   1    0.67
69    1    0.134    1    1   1    1.09
140    2    0.148    2    1   1    0.88
19    1    0.134    1    1   1    2.97
128    2    0.000    2    1   1    5.37
45    1    0.148    1    1   1    1.07
108    2    0.000    2    1   1    1.64
57    1    -0.134    2    2   1    1.46
46    1    -0.148    2    2   1    1.01
3    1    0.000    2    2   0    4.53
117    2    -0.134    1    2   1    1.20
104    2    0.134    2    1   1    1.03
124    2    0.134    2    1   1    0.85
105    2    0.148    2    1   1    0.65
120    2    0.148    2    1   1    0.60
97    2    -0.134    1    2   1    0.80
74    1    0.134    1    1   1    0.65
73    1    0.000    2    2   0    0.86
122    2    -0.134    1    2   1    0.94
24    1    0.134    1    1   1    1.08
121    2    -0.148    1    2   1    0.85
