--------------------------------
17-Jul-2014 12:55:58 
data from observer A07 
#occlusion2 expt 
reference disparity (degrees) 0.160000 

stim order disp kresp testresp correct time
1    2    -0.074    2    1   1    0.98
2    1    -0.069    1    1   1    0.73
3    1    -0.065    1    1   1    0.73
4    1    -0.060    1    1   1    0.64
5    1    -0.055    1    1   1    0.58
6    2    0.051    1    2   1    0.71
7    2    0.046    1    2   1    0.73
8    1    0.042    2    2   1    0.70
9    2    -0.037    2    1   1    0.66
10    2    0.032    1    2   1    0.81
11    1    -0.028    1    1   1    1.97
12    1    -0.023    1    1   1    0.79
13    2    -0.018    2    1   1    0.55
14    2    0.014    1    2   1    0.69
15    2    -0.009    1    2   0    0.70
16    2    0.018    2    1   0    0.58
17    1    -0.028    1    1   1    0.51
18    1    0.028    2    2   1    0.55
19    1    -0.023    2    2   0    0.44
20    2    0.032    1    2   1    0.56
21    2    -0.032    2    1   1    0.65
22    1    0.028    1    1   0    0.74
23    1    0.037    2    2   1    0.58
24    2    -0.037    2    1   1    0.90
25    1    0.032    2    2   1    0.64
26    2    -0.032    2    1   1    0.77
27    1    -0.028    1    1   1    0.70
28    2    -0.028    2    1   1    0.55
29    1    -0.023    2    2   0    0.50
30    2    -0.032    2    1   1    0.78
31    2    0.032    1    2   1    0.87
32    1    0.028    2    2   1    0.74
33    1    0.028    2    2   1    0.79
34    2    -0.023    2    1   1    0.72
35    2    0.023    1    2   1    0.81
36    2    0.018    1    2   1    0.75
37    1    0.018    2    2   1    0.70
38    1    0.014    1    1   0    0.93
39    2    0.023    2    1   0    0.98
40    1    -0.032    1    1   1    0.90
41    1    0.032    1    1   0    1.91
42    2    0.042    1    2   1    0.58
43    1    0.042    2    2   1    1.01
44    2    0.037    1    2   1    1.10
45    1    -0.037    2    2   0    0.75
46    1    -0.046    1    1   1    1.14
47    2    -0.046    2    1   1    1.36
48    2    -0.042    2    1   1    0.65
49    2    -0.042    2    1   1    0.62
50    1    0.037    2    2   1    0.81
-------------------------
Final staircase threshold estimate (mean) is 0.0402
-------------------------
28    1    0.000    2    2   0    25.92
58    1    0.000    2    2   0    1.47
133    2    0.000    2    1   1    0.83
40    1    0.102    1    1   1    0.69
87    2    -0.042    1    2   1    1.24
49    1    0.042    1    1   1    2.28
89    2    0.042    2    1   1    0.58
42    1    -0.042    2    2   1    4.69
61    1    -0.102    1    1   0    0.61
73    1    0.000    2    2   0    1.40
129    2    0.042    2    1   1    0.66
44    1    0.042    2    2   0    0.76
147    2    -0.042    2    1   0    0.70
63    1    0.000    2    2   0    0.77
5    1    0.102    2    2   0    0.80
9    1    0.042    2    2   0    0.76
55    1    0.102    2    2   0    0.72
62    1    -0.042    1    1   0    0.95
141    2    -0.102    2    1   0    0.55
19    1    0.042    2    2   0    4.72
66    1    -0.102    2    2   1    0.87
41    1    -0.102    1    1   0    0.54
37    1    -0.042    2    2   1    0.82
35    1    0.102    2    2   0    2.19
149    2    0.042    2    1   1    0.58
24    1    0.042    2    2   0    0.81
88    2    0.000    2    1   1    1.40
33    1    0.000    2    2   0    2.06
10    1    0.102    2    2   0    1.05
26    1    -0.102    2    2   1    0.87
132    2    -0.042    2    1   0    0.54
72    1    -0.042    2    2   1    1.24
8    1    0.000    2    2   0    0.70
27    1    -0.042    2    2   1    0.25
50    1    0.102    2    2   0    0.00
148    2    0.000    1    2   0    0.29
109    2    0.042    2    1   1    0.09
65    1    0.102    2    2   0    0.41
71    1    -0.102    2    2   1    0.91
101    2    -0.102    2    1   0    0.63
80    2    0.102    1    2   0    0.53
106    2    -0.102    2    1   0    0.50
30    1    0.102    2    2   0    0.50
115    2    0.102    1    2   0    0.50
100    2    0.102    2    1   1    0.44
99    2    0.042    1    2   0    0.70
29    1    0.042    2    2   0    0.59
15    1    0.102    2    2   0    0.50
114    2    0.042    1    2   0    0.65
48    1    0.000    2    2   0    1.01
121    2    -0.102    2    1   0    0.50
110    2    0.102    1    2   0    0.51
34    1    0.042    2    2   0    0.32
3    1    0.000    1    1   1    0.60
32    1    -0.042    2    2   1    0.33
95    2    0.102    2    1   1    0.59
4    1    0.042    2    2   0    0.58
143    2    0.000    1    2   0    0.91
125    2    0.102    1    2   0    0.69
111    2    -0.102    1    2   1    0.59
122    2    -0.042    2    1   0    0.48
46    1    -0.102    1    1   0    1.06
93    2    0.000    1    2   0    0.73
127    2    -0.042    2    1   0    0.83
14    1    0.042    1    1   1    1.53
91    2    -0.102    2    1   0    0.74
60    1    0.102    2    2   0    0.53
76    2    -0.102    2    1   0    0.44
94    2    0.042    1    2   0    0.92
112    2    -0.042    1    2   1    0.94
75    2    0.102    1    2   0    1.42
123    2    0.000    1    2   0    0.84
67    1    -0.042    1    1   0    0.84
113    2    0.000    2    1   1    1.16
52    1    -0.042    1    1   0    0.90
128    2    0.000    1    2   0    1.05
17    1    -0.042    1    1   0    0.58
135    2    0.102    1    2   0    0.65
6    1    -0.102    1    1   0    0.62
83    2    0.000    1    2   0    0.63
31    1    -0.102    1    1   0    0.48
119    2    0.042    1    2   0    0.58
118    2    0.000    2    1   1    0.25
64    1    0.042    2    2   0    2.22
69    1    0.042    2    2   0    2.99
108    2    0.000    2    1   1    0.69
13    1    0.000    2    2   0    1.59
98    2    0.000    1    2   0    0.76
137    2    -0.042    2    1   0    0.85
126    2    -0.102    1    2   1    0.77
86    2    -0.102    2    1   0    1.78
144    2    0.042    2    1   1    0.86
16    1    -0.102    1    1   0    0.71
1    1    -0.102    2    2   1    0.34
145    2    0.102    2    1   1    0.64
136    2    -0.102    2    1   0    0.45
74    1    0.042    2    2   0    0.43
18    1    0.000    2    2   0    0.81
140    2    0.102    2    1   1    0.54
45    1    0.102    2    2   0    0.60
11    1    -0.102    1    1   0    0.50
131    2    -0.102    2    1   0    0.75
20    1    0.102    1    1   1    0.62
81    2    -0.102    2    1   0    0.49
146    2    -0.102    2    1   0    0.51
59    1    0.042    2    2   0    0.60
38    1    0.000    1    1   1    0.81
21    1    -0.102    1    1   0    0.75
70    1    0.102    2    2   0    0.70
116    2    -0.102    2    1   0    0.56
102    2    -0.042    2    1   0    0.65
51    1    -0.102    1    1   0    0.61
142    2    -0.042    2    1   0    0.59
12    1    -0.042    1    1   0    0.32
138    2    0.000    2    1   1    0.38
57    1    -0.042    2    2   1    0.16
120    2    0.102    1    2   0    0.74
54    1    0.042    2    2   0    0.82
39    1    0.042    2    2   0    0.57
82    2    -0.042    2    1   0    0.74
79    2    0.042    1    2   0    0.90
134    2    0.042    2    1   1    0.55
103    2    0.000    2    1   1    0.69
92    2    -0.042    2    1   0    1.11
107    2    -0.042    1    2   1    0.54
130    2    0.102    2    1   1    0.43
47    1    -0.042    2    2   1    0.99
105    2    0.102    1    2   0    0.49
43    1    0.000    1    1   1    0.98
84    2    0.042    2    1   1    0.70
104    2    0.042    1    2   0    0.57
23    1    0.000    1    1   1    1.13
36    1    -0.102    1    1   0    0.55
2    1    -0.042    1    1   0    0.87
77    2    -0.042    1    2   1    0.72
53    1    0.000    1    1   1    1.06
7    1    -0.042    2    2   1    0.52
97    2    -0.042    1    2   1    0.62
139    2    0.042    2    1   1    0.44
96    2    -0.102    2    1   0    0.49
85    2    0.102    2    1   1    0.45
150    2    0.102    2    1   1    0.45
124    2    0.042    2    1   1    0.70
22    1    -0.042    2    2   1    0.00
68    1    0.000    1    1   1    0.18
117    2    -0.042    2    1   0    0.67
90    2    0.102    2    1   1    0.51
25    1    0.102    2    2   0    0.34
78    2    0.000    2    1   1    0.29
56    1    -0.102    1    1   0    0.83
