--------------------------------
17-Jul-2014 11:00:57 
data from observer A07 
#occlusion2 expt 
reference disparity (degrees) 0.160000 

stim order disp kresp testresp correct time
1    1    0.074    1    1   1    1.11
2    2    0.069    2    1   1    0.76
3    2    0.065    2    1   1    0.61
4    1    0.060    1    1   1    1.12
5    1    0.055    1    1   1    0.66
6    1    -0.051    2    2   1    0.44
7    2    -0.046    1    2   1    0.50
8    2    -0.042    1    2   1    0.68
9    2    0.037    2    1   1    0.71
10    1    -0.032    1    1   0    0.29
11    1    0.042    1    1   1    0.67
12    1    -0.042    2    2   1    0.50
13    2    -0.037    1    2   1    0.67
14    2    -0.037    1    2   1    0.79
15    2    0.032    2    1   1    0.55
16    1    0.032    1    1   1    0.66
17    2    -0.028    1    2   1    0.99
18    2    0.028    2    1   1    0.69
19    2    -0.023    1    2   1    0.61
20    1    -0.023    2    2   1    0.71
21    2    0.018    1    2   0    0.59
22    1    0.028    1    1   1    0.73
23    2    0.028    2    1   1    0.59
24    2    -0.023    1    2   1    0.63
25    2    0.023    2    1   1    0.61
26    1    0.018    1    1   1    1.24
27    1    -0.018    1    1   0    1.81
28    2    0.028    2    1   1    0.51
29    2    0.028    2    1   1    0.68
30    1    -0.023    2    2   1    0.77
31    2    0.023    1    2   0    0.59
32    1    0.032    1    1   1    1.12
33    2    0.032    2    1   1    0.81
34    2    0.028    2    1   1    0.74
35    1    0.028    1    1   1    0.59
36    1    -0.023    2    2   1    1.59
37    2    -0.023    1    2   1    0.58
38    1    0.018    1    1   1    0.65
39    2    0.018    2    1   1    0.60
40    2    -0.014    1    2   1    0.71
41    1    0.014    1    1   1    1.02
42    2    0.009    1    2   0    1.21
43    2    0.018    2    1   1    0.68
44    1    -0.018    1    1   0    0.50
45    1    -0.028    2    2   1    0.52
46    1    -0.028    2    2   1    0.84
47    2    0.023    2    1   1    0.87
48    1    0.023    1    1   1    0.95
49    1    0.018    1    1   1    1.44
50    2    -0.018    1    2   1    0.91
-------------------------
Final staircase threshold estimate (mean) is 0.0199
-------------------------
80    2    0.051    2    1   1    1.82
99    2    0.018    1    2   0    0.79
141    2    -0.051    1    2   1    0.80
128    2    0.000    1    2   0    0.94
76    2    -0.051    1    2   1    1.64
37    1    -0.018    2    2   1    0.78
61    1    -0.051    1    1   0    0.86
42    1    -0.018    2    2   1    0.51
4    1    0.018    1    1   1    0.55
114    2    0.018    2    1   1    0.52
107    2    -0.018    1    2   1    0.92
38    1    0.000    1    1   1    0.92
90    2    0.051    2    1   1    0.55
145    2    0.051    2    1   1    0.54
129    2    0.018    2    1   1    1.12
25    1    0.051    1    1   1    0.54
133    2    0.000    2    1   1    1.39
93    2    0.000    1    2   0    0.71
136    2    -0.051    1    2   1    0.93
143    2    0.000    2    1   1    1.81
83    2    0.000    1    2   0    0.78
45    1    0.051    1    1   1    0.75
23    1    0.000    1    1   1    1.02
62    1    -0.018    2    2   1    1.11
64    1    0.018    1    1   1    1.03
63    1    0.000    1    1   1    1.46
58    1    0.000    1    1   1    0.75
39    1    0.018    1    1   1    0.65
122    2    -0.018    2    1   0    1.32
88    2    0.000    1    2   0    0.89
97    2    -0.018    1    2   1    0.80
40    1    0.051    1    1   1    0.85
48    1    0.000    2    2   0    0.93
5    1    0.051    1    1   1    0.92
72    1    -0.018    2    2   1    0.54
60    1    0.051    1    1   1    0.76
36    1    -0.051    2    2   1    0.53
118    2    0.000    2    1   1    1.31
103    2    0.000    2    1   1    1.38
100    2    0.051    2    1   1    0.78
46    1    -0.051    2    2   1    0.68
71    1    -0.051    2    2   1    0.80
119    2    0.018    2    1   1    1.49
74    1    0.018    1    1   1    0.51
115    2    0.051    2    1   1    0.68
101    2    -0.051    1    2   1    0.71
66    1    -0.051    2    2   1    0.58
47    1    -0.018    1    1   0    0.77
95    2    0.051    2    1   1    0.78
51    1    -0.051    2    2   1    0.68
111    2    -0.051    1    2   1    1.62
148    2    0.000    2    1   1    1.47
75    2    0.051    2    1   1    0.64
142    2    -0.018    2    1   0    0.76
49    1    0.018    1    1   1    1.01
19    1    0.018    1    1   1    3.63
104    2    0.018    2    1   1    0.78
18    1    0.000    1    1   1    0.58
82    2    -0.018    2    1   0    0.70
70    1    0.051    1    1   1    0.56
12    1    -0.018    2    2   1    0.63
134    2    0.018    1    2   0    0.56
91    2    -0.051    1    2   1    0.60
108    2    0.000    2    1   1    0.54
127    2    -0.018    1    2   1    0.58
124    2    0.018    2    1   1    0.49
13    1    0.000    1    1   1    0.60
106    2    -0.051    1    2   1    0.84
85    2    0.051    2    1   1    1.43
89    2    0.018    1    2   0    1.33
98    2    0.000    1    2   0    0.94
14    1    0.018    2    2   0    2.80
131    2    -0.051    1    2   1    1.28
8    1    0.000    2    2   0    1.45
24    1    0.018    1    1   1    1.52
1    1    -0.051    2    2   1    0.69
33    1    0.000    1    1   1    1.73
125    2    0.051    2    1   1    1.80
16    1    -0.051    1    1   0    2.01
32    1    -0.018    1    1   0    1.09
43    1    0.000    1    1   1    0.82
109    2    0.018    2    1   1    0.83
147    2    -0.018    1    2   1    0.69
117    2    -0.018    1    2   1    0.00
102    2    -0.018    1    2   1    1.10
149    2    0.018    2    1   1    0.92
86    2    -0.051    1    2   1    0.62
84    2    0.018    2    1   1    0.42
21    1    -0.051    2    2   1    0.54
73    1    0.000    1    1   1    0.89
135    2    0.051    2    1   1    0.93
53    1    0.000    1    1   1    0.80
54    1    0.018    1    1   1    0.81
113    2    0.000    1    2   0    1.03
77    2    -0.018    1    2   1    1.13
116    2    -0.051    2    1   0    2.35
130    2    0.051    2    1   1    0.73
96    2    -0.051    1    2   1    2.12
2    1    -0.018    2    2   1    1.33
121    2    -0.051    1    2   1    0.66
41    1    -0.051    2    2   1    1.17
144    2    0.018    2    1   1    0.85
140    2    0.051    2    1   1    0.60
138    2    0.000    1    2   0    0.70
81    2    -0.051    2    1   0    1.44
68    1    0.000    1    1   1    0.70
29    1    0.018    2    2   0    0.60
26    1    -0.051    2    2   1    0.72
94    2    0.018    2    1   1    0.84
11    1    -0.051    2    2   1    0.64
146    2    -0.051    1    2   1    0.75
44    1    0.018    2    2   0    0.50
15    1    0.051    1    1   1    0.66
30    1    0.051    1    1   1    0.54
27    1    -0.018    2    2   1    0.56
150    2    0.051    1    2   0    0.46
126    2    -0.051    2    1   0    0.32
123    2    0.000    2    1   1    0.68
92    2    -0.018    1    2   1    0.12
55    1    0.051    1    1   1    0.79
105    2    0.051    1    2   0    0.90
22    1    -0.018    2    2   1    4.15
56    1    -0.051    2    2   1    0.88
52    1    -0.018    2    2   1    2.28
120    2    0.051    2    1   1    0.52
59    1    0.018    1    1   1    2.37
50    1    0.051    1    1   1    0.67
34    1    0.018    2    2   0    1.27
9    1    0.018    2    2   0    0.37
112    2    -0.018    2    1   0    0.68
35    1    0.051    1    1   1    0.47
110    2    0.051    2    1   1    0.37
3    1    0.000    1    1   1    0.32
79    2    0.018    2    1   1    0.38
31    1    -0.051    2    2   1    0.41
69    1    0.018    2    2   0    0.31
87    2    -0.018    1    2   1    0.29
20    1    0.051    1    1   1    0.58
57    1    -0.018    1    1   0    0.53
137    2    -0.018    2    1   0    0.55
139    2    0.018    2    1   1    0.95
28    1    0.000    1    1   1    0.49
132    2    -0.018    2    1   0    0.72
10    1    0.051    1    1   1    0.28
65    1    0.051    1    1   1    0.90
67    1    -0.018    2    2   1    0.80
6    1    -0.051    1    1   0    2.09
7    1    -0.018    1    1   0    0.55
17    1    -0.018    1    1   0    0.80
78    2    0.000    2    1   1    0.71
