--------------------------------
17-Jul-2014 12:49:07 
data from observer A07 
#occlusion2 expt 
reference disparity (degrees) 0.160000 

stim order disp kresp testresp correct time
1    2    -0.074    2    1   1    23.40
2    1    0.069    2    2   1    0.89
3    1    -0.065    1    1   1    0.90
4    2    -0.060    2    1   1    0.62
5    2    0.055    1    2   1    0.57
6    2    0.051    1    2   1    0.73
7    1    -0.046    1    1   1    0.86
8    1    0.042    2    2   1    0.51
9    2    0.037    1    2   1    1.14
10    1    -0.032    1    1   1    0.87
11    2    -0.028    2    1   1    0.78
12    1    0.023    1    1   0    0.66
13    1    -0.032    1    1   1    1.36
14    1    0.032    2    2   1    0.87
15    2    -0.028    1    2   0    0.60
16    1    -0.037    2    2   0    0.62
17    1    0.046    2    2   1    0.76
18    1    0.046    2    2   1    0.59
19    1    -0.042    1    1   1    0.53
20    1    0.042    2    2   1    0.79
21    2    -0.037    2    1   1    0.73
22    2    -0.037    2    1   1    0.85
23    1    -0.032    2    2   0    0.65
24    1    0.042    2    2   1    0.74
25    2    0.042    1    2   1    0.57
26    1    0.037    2    2   1    0.46
27    2    0.037    1    2   1    0.58
28    1    0.032    2    2   1    0.79
29    2    0.032    2    1   0    0.71
30    1    -0.042    1    1   1    0.60
31    2    -0.042    2    1   1    0.55
32    1    0.037    2    2   1    1.08
33    2    0.037    2    1   0    0.67
34    2    -0.046    2    1   1    0.59
35    2    0.046    1    2   1    0.85
36    1    -0.042    2    2   0    0.49
37    2    0.051    1    2   1    0.85
38    2    -0.051    2    1   1    0.90
39    1    0.046    2    2   1    0.60
40    1    -0.046    1    1   1    1.30
41    1    0.042    2    2   1    0.58
42    1    0.042    2    2   1    0.70
43    1    0.037    1    1   0    0.29
44    1    -0.046    2    2   0    1.02
45    2    0.055    2    1   0    0.52
46    2    0.065    1    2   1    0.62
47    1    -0.065    1    1   1    0.78
48    1    0.060    2    2   1    0.58
49    2    0.060    2    1   0    0.75
50    2    0.069    1    2   1    0.65
-------------------------
Final staircase threshold estimate (mean) is 0.0540
-------------------------
58    1    0.000    1    1   1    1.79
52    1    -0.055    1    1   0    1.17
3    1    0.000    2    2   0    0.51
47    1    -0.055    1    1   0    1.09
129    2    0.055    2    1   1    1.21
24    1    0.055    2    2   0    0.58
134    2    0.055    1    2   0    1.31
30    1    0.134    2    2   0    0.60
109    2    0.055    1    2   0    1.14
28    1    0.000    2    2   0    0.63
140    2    0.134    2    1   1    1.49
121    2    -0.134    2    1   0    0.70
142    2    -0.055    1    2   1    1.11
106    2    -0.134    2    1   0    0.64
83    2    0.000    2    1   1    0.89
73    1    0.000    2    2   0    1.08
124    2    0.055    1    2   0    0.81
120    2    0.134    2    1   1    1.12
126    2    -0.134    2    1   0    0.77
16    1    -0.134    1    1   0    0.66
70    1    0.134    1    1   1    1.01
74    1    0.055    2    2   0    1.18
45    1    0.134    2    2   0    0.86
37    1    -0.055    2    2   1    1.16
42    1    -0.055    1    1   0    1.18
96    2    -0.134    2    1   0    0.75
20    1    0.134    1    1   1    0.93
98    2    0.000    2    1   1    1.06
91    2    -0.134    2    1   0    0.96
135    2    0.134    1    2   0    0.90
48    1    0.000    1    1   1    1.16
112    2    -0.055    1    2   1    0.84
111    2    -0.134    2    1   0    0.90
138    2    0.000    1    2   0    1.12
13    1    0.000    1    1   1    2.16
81    2    -0.134    1    2   1    0.72
78    2    0.000    1    2   0    0.94
149    2    0.055    1    2   0    0.41
12    1    -0.055    2    2   1    0.62
87    2    -0.055    2    1   0    0.89
75    2    0.134    1    2   0    0.38
56    1    -0.134    2    2   1    0.51
9    1    0.055    1    1   1    0.47
60    1    0.134    2    2   0    0.70
64    1    0.055    2    2   0    1.70
143    2    0.000    1    2   0    0.73
61    1    -0.134    2    2   1    0.49
2    1    -0.055    1    1   0    0.96
51    1    -0.134    2    2   1    1.13
133    2    0.000    1    2   0    1.37
85    2    0.134    2    1   1    1.54
117    2    -0.055    1    2   1    0.69
113    2    0.000    1    2   0    1.21
15    1    0.134    2    2   0    1.03
103    2    0.000    1    2   0    1.10
147    2    -0.055    1    2   1    0.85
110    2    0.134    2    1   1    0.81
90    2    0.134    1    2   0    0.98
89    2    0.055    1    2   0    0.89
99    2    0.055    2    1   1    0.38
107    2    -0.055    1    2   1    0.32
66    1    -0.134    2    2   1    0.40
76    2    -0.134    2    1   0    0.00
46    1    -0.134    2    2   1    2.36
101    2    -0.134    2    1   0    0.73
132    2    -0.055    2    1   0    1.29
118    2    0.000    1    2   0    0.87
54    1    0.055    2    2   0    0.80
38    1    0.000    2    2   0    1.02
22    1    -0.055    2    2   1    1.24
40    1    0.134    1    1   1    0.86
27    1    -0.055    2    2   1    0.71
115    2    0.134    2    1   1    0.96
145    2    0.134    1    2   0    0.93
6    1    -0.134    2    2   1    0.66
59    1    0.055    2    2   0    1.08
95    2    0.134    1    2   0    0.70
29    1    0.055    2    2   0    0.87
77    2    -0.055    2    1   0    1.64
146    2    -0.134    2    1   0    1.19
25    1    0.134    1    1   1    0.54
67    1    -0.055    2    2   1    0.69
11    1    -0.134    1    1   0    0.69
136    2    -0.134    2    1   0    0.58
105    2    0.134    1    2   0    0.56
23    1    0.000    2    2   0    0.50
32    1    -0.055    1    1   0    0.35
137    2    -0.055    2    1   0    0.71
97    2    -0.055    2    1   0    1.00
82    2    -0.055    1    2   1    1.25
69    1    0.055    2    2   0    0.69
35    1    0.134    2    2   0    0.48
128    2    0.000    2    1   1    1.14
65    1    0.134    2    2   0    1.32
26    1    -0.134    1    1   0    1.00
34    1    0.055    2    2   0    0.72
150    2    0.134    1    2   0    1.28
18    1    0.000    2    2   0    0.54
144    2    0.055    1    2   0    0.61
125    2    0.134    1    2   0    0.82
139    2    0.055    2    1   1    0.78
49    1    0.055    2    2   0    1.45
86    2    -0.134    2    1   0    0.72
84    2    0.055    1    2   0    0.84
88    2    0.000    1    2   0    0.90
33    1    0.000    2    2   0    1.14
57    1    -0.055    2    2   1    0.82
43    1    0.000    1    1   1    1.01
127    2    -0.055    2    1   0    0.70
104    2    0.055    2    1   1    1.01
122    2    -0.055    1    2   1    0.82
7    1    -0.055    1    1   0    0.93
1    1    -0.134    2    2   1    0.81
92    2    -0.055    2    1   0    0.92
72    1    -0.055    2    2   1    0.84
63    1    0.000    2    2   0    0.84
41    1    -0.134    1    1   0    0.77
148    2    0.000    2    1   1    0.76
5    1    0.134    2    2   0    1.01
8    1    0.000    2    2   0    1.10
80    2    0.134    2    1   1    0.70
130    2    0.134    2    1   1    0.80
116    2    -0.134    2    1   0    0.64
93    2    0.000    2    1   1    0.68
79    2    0.055    1    2   0    0.71
21    1    -0.134    2    2   1    0.55
71    1    -0.134    2    2   1    0.59
39    1    0.055    2    2   0    0.56
4    1    0.055    1    1   1    0.67
31    1    -0.134    2    2   1    0.86
100    2    0.134    1    2   0    0.55
50    1    0.134    1    1   1    1.34
14    1    0.055    2    2   0    0.94
53    1    0.000    2    2   0    1.14
55    1    0.134    1    1   1    0.78
10    1    0.134    2    2   0    0.54
44    1    0.055    1    1   1    1.87
114    2    0.055    2    1   1    0.79
108    2    0.000    1    2   0    1.10
102    2    -0.055    2    1   0    1.37
94    2    0.055    1    2   0    0.60
123    2    0.000    2    1   1    0.61
141    2    -0.134    1    2   1    0.63
17    1    -0.055    2    2   1    0.60
119    2    0.055    1    2   0    0.56
62    1    -0.055    2    2   1    0.53
36    1    -0.134    1    1   0    0.69
68    1    0.000    2    2   0    0.40
19    1    0.055    1    1   1    1.10
131    2    -0.134    2    1   0    1.48
