--------------------------------
17-Jul-2014 13:11:50 
data from observer A07 
#occlusion2 expt 
reference disparity (degrees) 0.160000 

stim order disp kresp testresp correct time
1    2    0.074    1    2   1    0.99
2    2    0.069    2    1   0    1.61
3    2    0.079    1    2   1    0.88
4    2    -0.079    2    1   1    0.71
5    2    -0.074    2    1   1    0.70
6    2    0.074    1    2   1    0.79
7    2    0.069    1    2   1    1.63
8    1    0.069    2    2   1    0.71
9    2    0.065    1    2   1    0.74
10    2    0.065    1    2   1    1.03
11    2    -0.060    2    1   1    0.51
12    2    -0.060    2    1   1    0.55
13    1    -0.055    1    1   1    0.78
14    2    0.055    2    1   0    0.57
15    1    -0.065    1    1   1    0.60
16    2    0.065    1    2   1    0.75
17    1    0.060    2    2   1    0.73
18    2    -0.060    2    1   1    0.53
19    1    -0.055    1    1   1    0.74
20    1    0.055    2    2   1    0.62
21    1    -0.051    1    1   1    0.71
22    1    -0.051    1    1   1    0.67
23    2    0.046    1    2   1    0.88
24    1    -0.046    1    1   1    0.76
25    1    -0.042    2    2   0    0.61
26    2    -0.051    1    2   0    0.57
27    1    -0.060    1    1   1    1.41
28    2    -0.060    2    1   1    0.65
29    2    -0.055    2    1   1    1.22
30    2    0.055    1    2   1    0.71
31    1    -0.051    1    1   1    0.90
32    1    -0.051    1    1   1    1.46
33    2    0.046    1    2   1    0.72
34    1    0.046    1    1   0    0.74
35    2    -0.055    2    1   1    0.60
36    2    0.055    1    2   1    0.63
37    2    0.051    2    1   0    0.68
38    1    -0.060    1    1   1    0.80
39    1    0.060    2    2   1    0.56
40    2    0.055    1    2   1    0.54
41    1    0.055    2    2   1    1.02
42    2    -0.051    2    1   1    0.50
43    2    -0.051    2    1   1    0.57
44    1    0.046    1    1   0    0.62
45    1    -0.055    1    1   1    0.50
46    2    0.055    1    2   1    0.60
47    2    0.051    2    1   0    0.50
48    1    0.060    2    2   1    0.50
49    2    -0.060    1    2   0    0.40
50    1    0.069    2    2   1    0.64
-------------------------
Final staircase threshold estimate (mean) is 0.0554
-------------------------
132    2    -0.055    2    1   0    1.54
25    1    0.139    1    1   1    0.70
10    1    0.139    2    2   0    0.67
101    2    -0.139    2    1   0    1.08
5    1    0.139    2    2   0    0.62
9    1    0.055    2    2   0    0.69
3    1    0.000    2    2   0    0.63
122    2    -0.055    2    1   0    0.62
34    1    0.055    2    2   0    0.78
128    2    0.000    1    2   0    0.82
26    1    -0.139    2    2   1    0.82
68    1    0.000    2    2   0    0.38
148    2    0.000    1    2   0    0.56
87    2    -0.055    2    1   0    0.65
92    2    -0.055    2    1   0    0.54
16    1    -0.139    2    2   1    0.62
98    2    0.000    2    1   1    0.68
147    2    -0.055    2    1   0    0.49
107    2    -0.055    2    1   0    0.77
140    2    0.139    1    2   0    0.98
133    2    0.000    2    1   1    0.66
56    1    -0.139    2    2   1    1.03
12    1    -0.055    1    1   0    0.65
139    2    0.055    2    1   1    0.71
111    2    -0.139    2    1   0    0.50
85    2    0.139    2    1   1    0.75
86    2    -0.139    1    2   1    0.73
33    1    0.000    1    1   1    0.75
61    1    -0.139    2    2   1    0.84
112    2    -0.055    2    1   0    1.08
97    2    -0.055    2    1   0    0.66
19    1    0.055    2    2   0    0.46
72    1    -0.055    1    1   0    0.52
78    2    0.000    2    1   1    0.48
144    2    0.055    2    1   1    0.45
126    2    -0.139    2    1   0    0.44
150    2    0.139    2    1   1    0.65
65    1    0.139    2    2   0    0.61
146    2    -0.139    2    1   0    0.39
127    2    -0.055    1    2   1    0.31
20    1    0.139    2    2   0    0.69
14    1    0.055    2    2   0    1.31
135    2    0.139    1    2   0    0.66
31    1    -0.139    1    1   0    0.77
55    1    0.139    2    2   0    0.99
96    2    -0.139    1    2   1    0.67
145    2    0.139    2    1   1    0.53
67    1    -0.055    2    2   1    0.49
102    2    -0.055    2    1   0    0.46
4    1    0.055    2    2   0    0.53
110    2    0.139    1    2   0    0.42
22    1    -0.055    2    2   1    0.39
103    2    0.000    1    2   0    0.55
52    1    -0.055    1    1   0    0.68
18    1    0.000    1    1   1    0.43
47    1    -0.055    2    2   1    0.25
27    1    -0.055    1    1   0    0.29
15    1    0.139    1    1   1    1.09
134    2    0.055    2    1   1    0.39
83    2    0.000    2    1   1    0.30
114    2    0.055    2    1   1    0.19
21    1    -0.139    2    2   1    0.44
81    2    -0.139    2    1   0    0.58
60    1    0.139    1    1   1    0.66
66    1    -0.139    2    2   1    0.45
129    2    0.055    2    1   1    0.42
93    2    0.000    2    1   1    0.34
43    1    0.000    2    2   0    0.31
40    1    0.139    2    2   0    0.59
79    2    0.055    1    2   0    0.51
149    2    0.055    2    1   1    0.40
71    1    -0.139    2    2   1    0.56
100    2    0.139    2    1   1    0.50
77    2    -0.055    2    1   0    0.49
8    1    0.000    2    2   0    0.47
141    2    -0.139    2    1   0    0.62
58    1    0.000    2    2   0    0.57
106    2    -0.139    2    1   0    0.82
69    1    0.055    1    1   1    1.20
142    2    -0.055    2    1   0    0.63
108    2    0.000    2    1   1    0.60
76    2    -0.139    2    1   0    0.95
116    2    -0.139    2    1   0    0.54
130    2    0.139    2    1   1    0.48
64    1    0.055    2    2   0    0.60
120    2    0.139    2    1   1    0.73
30    1    0.139    2    2   0    0.44
121    2    -0.139    2    1   0    0.57
119    2    0.055    1    2   0    0.88
24    1    0.055    2    2   0    0.57
62    1    -0.055    2    2   1    0.43
82    2    -0.055    1    2   1    0.48
99    2    0.055    1    2   0    0.41
125    2    0.139    1    2   0    0.84
143    2    0.000    2    1   1    0.00
23    1    0.000    1    1   1    0.36
6    1    -0.139    1    1   0    0.63
88    2    0.000    1    2   0    0.60
109    2    0.055    1    2   0    0.31
35    1    0.139    1    1   1    0.51
131    2    -0.139    2    1   0    0.55
1    1    -0.139    1    1   0    0.31
91    2    -0.139    2    1   0    0.69
84    2    0.055    1    2   0    0.25
48    1    0.000    2    2   0    0.37
36    1    -0.139    1    1   0    0.39
38    1    0.000    2    2   0    0.32
75    2    0.139    1    2   0    0.22
28    1    0.000    2    2   0    0.88
7    1    -0.055    1    1   0    0.67
17    1    -0.055    1    1   0    0.60
104    2    0.055    1    2   0    0.50
90    2    0.139    2    1   1    0.34
74    1    0.055    2    2   0    0.56
50    1    0.139    2    2   0    0.90
29    1    0.055    2    2   0    0.58
117    2    -0.055    2    1   0    0.66
57    1    -0.055    2    2   1    0.41
13    1    0.000    1    1   1    0.67
115    2    0.139    1    2   0    0.84
105    2    0.139    2    1   1    0.71
53    1    0.000    2    2   0    0.61
95    2    0.139    1    2   0    1.12
44    1    0.055    2    2   0    1.68
94    2    0.055    2    1   1    1.01
89    2    0.055    1    2   0    1.08
70    1    0.139    2    2   0    1.68
32    1    -0.055    2    2   1    2.10
73    1    0.000    2    2   0    2.55
45    1    0.139    2    2   0    2.91
37    1    -0.055    1    1   0    1.12
124    2    0.055    2    1   1    2.47
63    1    0.000    1    1   1    1.08
51    1    -0.139    2    2   1    0.57
46    1    -0.139    2    2   1    1.57
137    2    -0.055    2    1   0    1.61
123    2    0.000    2    1   1    0.93
49    1    0.055    2    2   0    1.90
39    1    0.055    2    2   0    1.12
136    2    -0.139    2    1   0    2.30
118    2    0.000    1    2   0    1.65
138    2    0.000    2    1   1    1.56
2    1    -0.055    2    2   1    0.74
41    1    -0.139    1    1   0    1.94
59    1    0.055    2    2   0    1.02
42    1    -0.055    2    2   1    1.93
54    1    0.055    2    2   0    0.76
11    1    -0.139    2    2   1    0.71
80    2    0.139    1    2   0    0.63
113    2    0.000    2    1   1    0.76
