--------------------------------
17-Jul-2014 10:30:41 
data from observer A07 
#occlusion2 expt 
reference disparity (degrees) 0.160000 

stim order disp kresp testresp correct time
1    2    -0.074    1    2   1    2.29
2    2    0.069    2    1   1    0.79
3    1    0.065    2    2   0    2.52
4    1    0.074    1    1   1    1.12
5    2    0.074    1    2   0    1.78
6    2    0.083    2    1   1    0.76
7    2    -0.083    1    2   1    0.72
8    2    0.079    2    1   1    0.59
9    1    -0.079    2    2   1    0.74
10    2    0.074    2    1   1    0.99
11    2    0.074    2    1   1    0.94
12    2    0.069    2    1   1    0.96
13    1    -0.069    2    2   1    1.73
14    1    -0.065    2    2   1    1.32
15    1    -0.065    2    2   1    1.51
16    1    0.060    1    1   1    1.20
17    1    -0.060    2    2   1    3.96
18    1    0.055    1    1   1    0.90
19    2    0.055    2    1   1    0.81
20    1    -0.051    2    2   1    0.68
21    1    -0.051    2    2   1    0.83
22    2    0.046    2    1   1    1.87
23    2    0.046    2    1   1    1.43
24    1    0.042    1    1   1    0.75
25    2    0.042    2    1   1    1.22
26    1    0.037    1    1   1    0.84
27    2    0.037    2    1   1    1.15
28    2    0.032    2    1   1    1.05
29    2    0.032    2    1   1    1.93
30    1    -0.028    2    2   1    1.21
31    1    0.028    1    1   1    0.53
32    1    0.023    1    1   1    0.94
33    1    -0.023    2    2   1    1.42
34    2    0.018    2    1   1    1.50
35    2    -0.018    1    2   1    0.60
36    2    0.014    2    1   1    1.30
37    1    -0.014    1    1   0    1.81
38    2    -0.023    1    2   1    1.26
39    1    0.023    1    1   1    2.97
40    2    0.018    2    1   1    1.34
41    2    -0.018    1    2   1    1.91
42    1    -0.014    2    2   1    1.35
43    1    -0.014    2    2   1    0.73
44    1    -0.009    2    2   1    2.07
45    2    -0.009    1    2   1    0.73
46    1    -0.005    1    1   0    1.37
47    1    -0.014    2    2   1    1.38
48    2    0.014    2    1   1    3.08
49    1    0.009    1    1   1    0.91
50    2    -0.009    1    2   1    0.95
-------------------------
Final staircase threshold estimate (mean) is 0.0115
-------------------------
44    1    0.009    1    1   1    3.75
1    1    -0.028    2    2   1    0.66
67    1    -0.009    2    2   1    1.35
105    2    0.028    2    1   1    1.50
73    1    0.000    1    1   1    0.90
22    1    -0.009    2    2   1    1.10
31    1    -0.028    2    2   1    0.68
77    2    -0.009    1    2   1    0.70
87    2    -0.009    1    2   1    1.06
140    2    0.028    2    1   1    1.16
111    2    -0.028    1    2   1    0.47
137    2    -0.009    1    2   1    2.29
126    2    -0.028    1    2   1    2.09
103    2    0.000    2    1   1    1.14
60    1    0.028    1    1   1    0.76
150    2    0.028    2    1   1    1.24
86    2    -0.028    1    2   1    0.98
57    1    -0.009    2    2   1    1.27
101    2    -0.028    1    2   1    1.02
61    1    -0.028    2    2   1    1.67
98    2    0.000    2    1   1    1.73
36    1    -0.028    2    2   1    1.15
125    2    0.028    2    1   1    0.85
41    1    -0.028    2    2   1    0.72
25    1    0.028    1    1   1    1.07
92    2    -0.009    1    2   1    1.28
27    1    -0.009    2    2   1    1.06
43    1    0.000    1    1   1    1.99
93    2    0.000    1    2   0    2.81
62    1    -0.009    2    2   1    1.30
6    1    -0.028    2    2   1    0.77
114    2    0.009    2    1   1    1.21
8    1    0.000    1    1   1    0.70
132    2    -0.009    2    1   0    1.73
108    2    0.000    2    1   1    1.08
121    2    -0.028    1    2   1    0.86
34    1    0.009    1    1   1    1.92
35    1    0.028    1    1   1    0.72
127    2    -0.009    1    2   1    1.08
66    1    -0.028    2    2   1    0.68
97    2    -0.009    1    2   1    1.03
33    1    0.000    2    2   0    0.97
119    2    0.009    2    1   1    0.71
69    1    0.009    1    1   1    0.85
89    2    0.009    2    1   1    1.46
50    1    0.028    2    2   0    1.19
45    1    0.028    1    1   1    0.94
147    2    -0.009    2    1   0    1.23
13    1    0.000    1    1   1    0.87
138    2    0.000    1    2   0    1.80
28    1    0.000    2    2   0    1.40
18    1    0.000    1    1   1    1.58
26    1    -0.028    2    2   1    1.41
94    2    0.009    1    2   0    1.18
59    1    0.009    2    2   0    0.92
42    1    -0.009    1    1   0    2.64
9    1    0.009    2    2   0    1.61
84    2    0.009    2    1   1    2.54
100    2    0.028    2    1   1    1.61
96    2    -0.028    1    2   1    0.66
72    1    -0.009    2    2   1    1.81
99    2    0.009    1    2   0    1.52
12    1    -0.009    1    1   0    2.53
135    2    0.028    1    2   0    2.35
29    1    0.009    2    2   0    1.08
64    1    0.009    1    1   1    0.79
102    2    -0.009    1    2   1    1.37
49    1    0.009    1    1   1    1.35
20    1    0.028    1    1   1    1.65
109    2    0.009    2    1   1    1.17
78    2    0.000    1    2   0    1.99
148    2    0.000    2    1   1    1.42
112    2    -0.009    1    2   1    0.96
51    1    -0.028    2    2   1    1.23
58    1    0.000    1    1   1    0.91
118    2    0.000    1    2   0    1.68
139    2    0.009    2    1   1    0.75
143    2    0.000    1    2   0    0.84
68    1    0.000    2    2   0    1.44
23    1    0.000    1    1   1    1.27
48    1    0.000    1    1   1    1.71
30    1    0.028    2    2   0    1.96
5    1    0.028    2    2   0    0.96
32    1    -0.009    1    1   0    1.74
142    2    -0.009    1    2   1    1.44
110    2    0.028    2    1   1    1.08
106    2    -0.028    1    2   1    0.94
133    2    0.000    1    2   0    1.05
54    1    0.009    2    2   0    0.58
85    2    0.028    1    2   0    0.71
79    2    0.009    2    1   1    2.07
17    1    -0.009    2    2   1    1.38
90    2    0.028    2    1   1    1.17
124    2    0.009    1    2   0    1.14
14    1    0.009    1    1   1    1.56
104    2    0.009    2    1   1    1.24
123    2    0.000    2    1   1    0.96
47    1    -0.009    2    2   1    1.13
113    2    0.000    1    2   0    1.13
4    1    0.009    2    2   0    1.67
56    1    -0.028    1    1   0    1.44
82    2    -0.009    2    1   0    1.35
74    1    0.009    1    1   1    0.69
63    1    0.000    1    1   1    1.24
2    1    -0.009    2    2   1    1.13
80    2    0.028    2    1   1    1.14
65    1    0.028    1    1   1    1.01
46    1    -0.028    2    2   1    1.49
130    2    0.028    2    1   1    0.98
3    1    0.000    1    1   1    1.75
24    1    0.009    1    1   1    2.09
81    2    -0.028    1    2   1    1.21
131    2    -0.028    1    2   1    0.68
141    2    -0.028    1    2   1    0.79
83    2    0.000    2    1   1    0.57
40    1    0.028    1    1   1    1.12
120    2    0.028    2    1   1    0.66
55    1    0.028    1    1   1    0.76
149    2    0.009    2    1   1    0.73
52    1    -0.009    2    2   1    0.55
53    1    0.000    1    1   1    1.04
7    1    -0.009    2    2   1    0.90
146    2    -0.028    1    2   1    1.53
107    2    -0.009    1    2   1    1.26
134    2    0.009    2    1   1    0.56
39    1    0.009    1    1   1    2.08
144    2    0.009    2    1   1    0.69
115    2    0.028    1    2   0    1.49
75    2    0.028    2    1   1    1.09
117    2    -0.009    1    2   1    1.77
19    1    0.009    1    1   1    1.65
11    1    -0.028    2    2   1    1.52
128    2    0.000    1    2   0    2.18
145    2    0.028    2    1   1    1.25
10    1    0.028    1    1   1    2.34
21    1    -0.028    2    2   1    0.77
71    1    -0.028    2    2   1    1.18
16    1    -0.028    2    2   1    2.40
15    1    0.028    1    1   1    1.11
129    2    0.009    1    2   0    1.88
95    2    0.028    2    1   1    1.44
38    1    0.000    1    1   1    0.31
70    1    0.028    1    1   1    0.95
37    1    -0.009    1    1   0    1.96
122    2    -0.009    1    2   1    1.62
91    2    -0.028    1    2   1    1.26
116    2    -0.028    1    2   1    0.94
76    2    -0.028    1    2   1    0.74
88    2    0.000    1    2   0    1.74
136    2    -0.028    2    1   0    0.62
