--------------------------------
17-Jul-2014 10:50:46 
data from observer A07 
#occlusion2 expt 
reference disparity (degrees) 0.160000 

stim order disp kresp testresp correct time
1    1    -0.074    2    2   1    1.09
2    2    -0.069    1    2   1    1.10
3    2    0.065    2    1   1    0.89
4    2    0.060    2    1   1    0.66
5    1    -0.055    2    2   1    0.83
6    2    -0.051    1    2   1    0.74
7    2    0.046    2    1   1    0.64
8    2    0.042    2    1   1    0.63
9    1    -0.037    2    2   1    0.59
10    2    0.032    2    1   1    0.70
11    2    0.028    2    1   1    0.82
12    2    -0.023    1    2   1    0.63
13    2    -0.018    1    2   1    1.49
14    2    -0.014    1    2   1    1.21
15    2    -0.009    1    2   1    0.65
16    2    0.005    1    2   0    0.74
17    1    0.014    1    1   1    0.70
18    1    0.014    1    1   1    0.78
19    2    -0.009    1    2   1    1.40
20    1    -0.009    2    2   1    0.82
21    2    -0.005    1    2   1    0.65
22    1    -0.005    1    1   0    1.47
23    1    0.014    1    1   1    1.32
24    2    0.014    2    1   1    0.64
25    2    -0.009    1    2   1    1.40
26    2    0.009    2    1   1    0.69
27    1    0.005    2    2   0    1.49
28    2    -0.014    1    2   1    0.89
29    1    0.014    1    1   1    1.45
30    2    -0.009    1    2   1    0.90
31    1    -0.009    2    2   1    0.82
32    1    0.005    1    1   1    1.07
33    2    0.005    2    1   1    1.08
34    1    -0.005    1    1   0    1.62
35    2    0.014    2    1   1    1.27
36    1    -0.014    2    2   1    1.15
37    2    -0.009    1    2   1    3.03
38    1    -0.009    1    1   0    2.05
39    1    -0.018    2    2   1    1.91
40    2    -0.018    2    1   0    1.54
41    1    0.028    1    1   1    0.66
42    1    0.028    1    1   1    0.96
43    2    -0.023    1    2   1    0.74
44    2    -0.023    1    2   1    1.63
45    1    -0.018    2    2   1    0.46
46    1    -0.018    2    2   1    0.71
47    2    0.014    2    1   1    1.14
48    1    0.014    2    2   0    1.15
49    1    0.023    1    1   1    0.56
50    1    -0.023    2    2   1    0.82
-------------------------
Final staircase threshold estimate (mean) is 0.0212
-------------------------
74    1    0.023    1    1   1    2.58
119    2    0.023    2    1   1    0.63
125    2    0.055    2    1   1    0.80
49    1    0.023    1    1   1    1.14
43    1    0.000    2    2   0    0.78
92    2    -0.023    1    2   1    0.68
87    2    -0.023    1    2   1    1.06
7    1    -0.023    2    2   1    0.68
89    2    0.023    2    1   1    1.13
1    1    -0.055    2    2   1    0.68
57    1    -0.023    1    1   0    3.85
25    1    0.055    2    2   0    3.74
93    2    0.000    2    1   1    1.15
21    1    -0.055    2    2   1    2.62
136    2    -0.055    1    2   1    2.91
58    1    0.000    1    1   1    2.74
18    1    0.000    2    2   0    1.33
11    1    -0.055    2    2   1    0.90
118    2    0.000    1    2   0    1.71
62    1    -0.023    2    2   1    1.11
105    2    0.055    2    1   1    1.65
68    1    0.000    1    1   1    0.87
28    1    0.000    2    2   0    1.90
6    1    -0.055    2    2   1    0.86
75    2    0.055    1    2   0    0.84
99    2    0.023    1    2   0    0.82
98    2    0.000    1    2   0    0.76
120    2    0.055    2    1   1    2.55
147    2    -0.023    1    2   1    1.58
117    2    -0.023    1    2   1    1.16
70    1    0.055    2    2   0    1.10
41    1    -0.055    1    1   0    0.86
137    2    -0.023    1    2   1    1.24
129    2    0.023    2    1   1    1.27
112    2    -0.023    1    2   1    3.07
26    1    -0.055    2    2   1    0.47
76    2    -0.055    2    1   0    0.62
80    2    0.055    2    1   1    0.92
67    1    -0.023    1    1   0    2.89
10    1    0.055    2    2   0    0.75
149    2    0.023    2    1   1    1.61
34    1    0.023    1    1   1    2.39
124    2    0.023    1    2   0    2.06
79    2    0.023    2    1   1    0.81
148    2    0.000    2    1   1    1.20
101    2    -0.055    1    2   1    0.90
35    1    0.055    2    2   0    0.79
44    1    0.023    1    1   1    0.78
53    1    0.000    2    2   0    1.54
46    1    -0.055    2    2   1    2.23
100    2    0.055    2    1   1    0.99
97    2    -0.023    1    2   1    1.01
63    1    0.000    2    2   0    1.06
96    2    -0.055    1    2   1    1.02
12    1    -0.023    1    1   0    1.09
65    1    0.055    1    1   1    1.26
33    1    0.000    2    2   0    0.61
30    1    0.055    2    2   0    0.50
123    2    0.000    2    1   1    0.61
139    2    0.023    1    2   0    0.67
73    1    0.000    1    1   1    0.69
90    2    0.055    2    1   1    0.69
81    2    -0.055    2    1   0    1.83
5    1    0.055    2    2   0    1.11
38    1    0.000    2    2   0    1.09
128    2    0.000    1    2   0    1.66
48    1    0.000    2    2   0    1.20
39    1    0.023    1    1   1    1.16
37    1    -0.023    2    2   1    1.24
104    2    0.023    1    2   0    0.99
140    2    0.055    2    1   1    0.68
133    2    0.000    2    1   1    0.35
91    2    -0.055    1    2   1    0.31
20    1    0.055    2    2   0    0.66
103    2    0.000    2    1   1    0.96
54    1    0.023    1    1   1    2.02
146    2    -0.055    2    1   0    1.63
23    1    0.000    1    1   1    1.96
115    2    0.055    2    1   1    0.93
4    1    0.023    2    2   0    1.78
84    2    0.023    2    1   1    0.00
122    2    -0.023    1    2   1    0.97
95    2    0.055    1    2   0    0.89
121    2    -0.055    1    2   1    0.63
150    2    0.055    2    1   1    0.65
144    2    0.023    1    2   0    1.15
88    2    0.000    2    1   1    1.01
2    1    -0.023    2    2   1    0.89
50    1    0.055    1    1   1    1.21
78    2    0.000    1    2   0    1.25
51    1    -0.055    2    2   1    0.65
47    1    -0.023    2    2   1    0.68
113    2    0.000    1    2   0    0.78
85    2    0.055    2    1   1    0.46
127    2    -0.023    2    1   0    1.28
29    1    0.023    1    1   1    0.81
19    1    0.023    2    2   0    0.76
52    1    -0.023    2    2   1    0.68
59    1    0.023    2    2   0    0.66
27    1    -0.023    1    1   0    3.06
32    1    -0.023    1    1   0    0.87
109    2    0.023    2    1   1    0.60
15    1    0.055    1    1   1    0.65
69    1    0.023    1    1   1    0.83
107    2    -0.023    2    1   0    0.75
64    1    0.023    1    1   1    0.55
55    1    0.055    1    1   1    0.69
86    2    -0.055    2    1   0    0.00
114    2    0.023    1    2   0    1.46
72    1    -0.023    2    2   1    0.59
8    1    0.000    1    1   1    0.70
60    1    0.055    2    2   0    0.90
143    2    0.000    1    2   0    0.68
31    1    -0.055    2    2   1    0.81
45    1    0.055    1    1   1    1.71
24    1    0.023    2    2   0    0.76
102    2    -0.023    1    2   1    0.46
9    1    0.023    2    2   0    0.90
130    2    0.055    2    1   1    1.33
126    2    -0.055    1    2   1    0.76
138    2    0.000    2    1   1    1.12
131    2    -0.055    1    2   1    1.66
13    1    0.000    2    2   0    0.47
108    2    0.000    2    1   1    0.90
135    2    0.055    2    1   1    1.02
14    1    0.023    1    1   1    1.46
3    1    0.000    2    2   0    0.69
116    2    -0.055    1    2   1    0.69
132    2    -0.023    1    2   1    0.00
66    1    -0.055    2    2   1    1.91
71    1    -0.055    1    1   0    0.59
77    2    -0.023    2    1   0    0.37
42    1    -0.023    2    2   1    0.96
106    2    -0.055    2    1   0    1.06
56    1    -0.055    1    1   0    0.64
22    1    -0.023    2    2   1    0.46
82    2    -0.023    1    2   1    0.66
145    2    0.055    2    1   1    0.62
36    1    -0.055    2    2   1    0.90
94    2    0.023    1    2   0    0.54
83    2    0.000    2    1   1    0.21
17    1    -0.023    2    2   1    0.33
40    1    0.055    1    1   1    0.32
141    2    -0.055    1    2   1    0.42
16    1    -0.055    1    1   0    0.51
142    2    -0.023    2    1   0    0.04
134    2    0.023    1    2   0    0.11
111    2    -0.055    2    1   0    0.88
110    2    0.055    2    1   1    1.09
61    1    -0.055    1    1   0    0.94
