--------------------------------
17-Jul-2014 10:39:43 
data from observer A07 
#occlusion2 expt 
reference disparity (degrees) 0.160000 

stim order disp kresp testresp correct time
1    2    0.074    2    1   1    0.67
2    2    0.069    2    1   1    0.68
3    1    0.065    1    1   1    0.54
4    1    0.060    1    1   1    0.56
5    2    0.055    2    1   1    0.59
6    1    -0.051    2    2   1    0.65
7    1    -0.046    2    2   1    0.63
8    1    0.042    1    1   1    0.78
9    2    0.037    2    1   1    1.06
10    2    0.032    2    1   1    0.58
11    2    -0.028    1    2   1    0.87
12    1    -0.023    2    2   1    0.94
13    2    0.018    2    1   1    1.69
14    2    -0.014    1    2   1    1.38
15    2    0.009    2    1   1    1.66
16    2    0.005    1    2   0    1.16
17    2    -0.014    1    2   1    0.85
18    1    0.014    1    1   1    1.83
19    1    -0.009    2    2   1    1.28
20    1    -0.009    2    2   1    2.68
21    1    -0.005    1    1   0    2.36
22    2    -0.014    1    2   1    1.76
23    2    0.014    2    1   1    0.74
24    2    -0.009    1    2   1    0.59
25    1    -0.009    2    2   1    1.23
26    1    -0.005    1    1   0    1.32
27    1    -0.014    1    1   0    1.79
28    2    0.023    2    1   1    0.67
29    2    0.023    2    1   1    1.57
30    1    -0.018    1    1   0    1.93
31    2    0.028    2    1   1    1.06
32    2    0.028    2    1   1    1.45
33    2    0.023    2    1   1    1.41
34    1    0.023    1    1   1    1.34
35    1    -0.018    2    2   1    1.33
36    1    0.018    1    1   1    0.96
37    2    -0.014    1    2   1    1.55
38    1    -0.014    2    2   1    0.81
39    1    -0.009    2    2   1    1.66
40    2    -0.009    1    2   1    0.76
41    2    0.005    1    2   0    2.70
42    1    -0.014    1    1   0    0.55
43    2    -0.023    1    2   1    0.80
44    1    -0.023    2    2   1    0.66
45    1    -0.018    2    2   1    1.11
46    1    -0.018    2    2   1    0.85
47    2    0.014    2    1   1    2.25
48    2    0.014    2    1   1    1.06
49    1    0.009    1    1   1    0.76
50    2    0.009    2    1   1    0.95
-------------------------
Final staircase threshold estimate (mean) is 0.0148
-------------------------
71    1    -0.037    2    2   1    1.87
87    2    -0.014    1    2   1    2.97
38    1    0.000    2    2   0    1.05
76    2    -0.037    1    2   1    1.03
80    2    0.037    2    1   1    0.90
26    1    -0.037    2    2   1    0.87
62    1    -0.014    1    1   0    1.66
141    2    -0.037    2    1   0    1.26
31    1    -0.037    2    2   1    0.48
101    2    -0.037    1    2   1    0.62
104    2    0.014    2    1   1    0.76
139    2    0.014    2    1   1    0.63
16    1    -0.037    2    2   1    1.15
21    1    -0.037    2    2   1    0.98
2    1    -0.014    1    1   0    1.18
143    2    0.000    2    1   1    1.39
77    2    -0.014    1    2   1    0.65
69    1    0.014    1    1   1    1.17
108    2    0.000    1    2   0    0.78
61    1    -0.037    2    2   1    0.93
113    2    0.000    1    2   0    0.71
74    1    0.014    1    1   1    0.80
116    2    -0.037    1    2   1    1.08
70    1    0.037    1    1   1    1.47
130    2    0.037    2    1   1    0.67
20    1    0.037    1    1   1    0.81
52    1    -0.014    2    2   1    1.05
51    1    -0.037    2    2   1    1.45
59    1    0.014    1    1   1    0.77
7    1    -0.014    2    2   1    1.02
65    1    0.037    1    1   1    1.12
3    1    0.000    2    2   0    1.88
83    2    0.000    1    2   0    2.62
93    2    0.000    1    2   0    2.57
146    2    -0.037    1    2   1    1.42
124    2    0.014    2    1   1    1.43
150    2    0.037    2    1   1    1.68
102    2    -0.014    1    2   1    0.96
122    2    -0.014    1    2   1    1.03
97    2    -0.014    1    2   1    1.20
15    1    0.037    1    1   1    0.81
44    1    0.014    1    1   1    0.74
125    2    0.037    2    1   1    0.58
36    1    -0.037    2    2   1    0.68
110    2    0.037    2    1   1    1.21
99    2    0.014    2    1   1    1.21
39    1    0.014    1    1   1    0.45
149    2    0.014    1    2   0    0.97
91    2    -0.037    1    2   1    1.73
88    2    0.000    2    1   1    1.46
144    2    0.014    2    1   1    1.27
135    2    0.037    2    1   1    1.34
1    1    -0.037    1    1   0    0.49
18    1    0.000    1    1   1    1.11
10    1    0.037    2    2   0    0.63
66    1    -0.037    2    2   1    0.94
72    1    -0.014    2    2   1    1.40
50    1    0.037    1    1   1    0.44
35    1    0.037    1    1   1    1.88
109    2    0.014    2    1   1    2.07
49    1    0.014    1    1   1    0.96
121    2    -0.037    1    2   1    1.04
42    1    -0.014    2    2   1    1.87
111    2    -0.037    1    2   1    0.87
73    1    0.000    1    1   1    1.43
81    2    -0.037    1    2   1    1.54
12    1    -0.014    2    2   1    0.76
43    1    0.000    1    1   1    0.71
11    1    -0.037    2    2   1    1.55
29    1    0.014    1    1   1    1.10
57    1    -0.014    2    2   1    1.53
47    1    -0.014    2    2   1    0.80
131    2    -0.037    1    2   1    0.67
142    2    -0.014    1    2   1    0.69
55    1    0.037    1    1   1    0.86
105    2    0.037    2    1   1    1.03
27    1    -0.014    1    1   0    1.29
41    1    -0.037    2    2   1    0.83
58    1    0.000    2    2   0    1.77
68    1    0.000    1    1   1    1.01
34    1    0.014    2    2   0    1.07
117    2    -0.014    1    2   1    2.31
123    2    0.000    2    1   1    0.81
94    2    0.014    1    2   0    0.68
9    1    0.014    2    2   0    0.87
112    2    -0.014    1    2   1    0.78
60    1    0.037    1    1   1    0.99
138    2    0.000    1    2   0    1.71
64    1    0.014    2    2   0    1.13
132    2    -0.014    1    2   1    1.90
86    2    -0.037    2    1   0    0.70
67    1    -0.014    2    2   1    1.06
92    2    -0.014    1    2   1    1.58
115    2    0.037    2    1   1    0.98
13    1    0.000    1    1   1    1.43
134    2    0.014    2    1   1    0.73
75    2    0.037    2    1   1    0.75
90    2    0.037    2    1   1    1.42
98    2    0.000    2    1   1    1.36
63    1    0.000    1    1   1    0.83
4    1    0.014    1    1   1    0.88
120    2    0.037    2    1   1    0.96
148    2    0.000    2    1   1    1.13
37    1    -0.014    2    2   1    1.38
54    1    0.014    1    1   1    0.66
107    2    -0.014    1    2   1    0.53
136    2    -0.037    1    2   1    0.97
14    1    0.014    2    2   0    1.04
8    1    0.000    1    1   1    1.80
19    1    0.014    1    1   1    0.84
119    2    0.014    2    1   1    0.99
128    2    0.000    2    1   1    0.86
106    2    -0.037    1    2   1    0.92
103    2    0.000    2    1   1    0.86
145    2    0.037    2    1   1    0.85
85    2    0.037    2    1   1    0.73
137    2    -0.014    1    2   1    0.88
17    1    -0.014    2    2   1    0.65
56    1    -0.037    2    2   1    0.72
53    1    0.000    1    1   1    1.40
84    2    0.014    2    1   1    0.74
5    1    0.037    1    1   1    0.58
96    2    -0.037    2    1   0    0.51
82    2    -0.014    1    2   1    0.57
25    1    0.037    1    1   1    1.12
30    1    0.037    1    1   1    1.57
23    1    0.000    1    1   1    1.75
147    2    -0.014    2    1   0    1.14
127    2    -0.014    2    1   0    0.82
89    2    0.014    1    2   0    1.49
22    1    -0.014    2    2   1    1.34
114    2    0.014    2    1   1    1.32
126    2    -0.037    1    2   1    1.06
133    2    0.000    1    2   0    0.91
140    2    0.037    2    1   1    1.18
40    1    0.037    1    1   1    1.06
33    1    0.000    1    1   1    1.81
129    2    0.014    1    2   0    1.09
118    2    0.000    1    2   0    2.26
45    1    0.037    1    1   1    1.23
78    2    0.000    1    2   0    0.00
6    1    -0.037    1    1   0    0.00
79    2    0.014    1    2   0    0.00
95    2    0.037    2    1   1    4.79
46    1    -0.037    2    2   1    2.85
100    2    0.037    2    1   1    1.54
32    1    -0.014    2    2   1    1.61
48    1    0.000    2    2   0    0.69
28    1    0.000    2    2   0    0.86
24    1    0.014    1    1   1    1.76
