--------------------------------
17-Jul-2014 13:03:35 
data from observer A07 
#occlusion2 expt 
reference disparity (degrees) 0.160000 

stim order disp kresp testresp correct time
1    2    -0.074    2    1   1    0.78
2    1    0.069    2    2   1    0.71
3    2    0.065    1    2   1    0.69
4    2    -0.060    2    1   1    0.68
5    1    0.055    2    2   1    0.89
6    1    -0.051    1    1   1    0.68
7    2    -0.046    2    1   1    0.58
8    1    0.042    2    2   1    0.76
9    1    0.037    2    2   1    0.74
10    1    -0.032    1    1   1    0.70
11    2    0.028    1    2   1    0.69
12    1    0.023    2    2   1    0.95
13    2    0.018    1    2   1    0.66
14    1    0.014    2    2   1    0.62
15    1    0.009    1    1   0    0.69
16    1    -0.018    1    1   1    0.74
17    2    0.018    1    2   1    0.69
18    1    0.014    2    2   1    1.12
19    2    0.014    1    2   1    0.61
20    1    0.009    2    2   1    0.79
21    1    -0.009    1    1   1    0.78
22    2    -0.005    2    1   1    1.39
23    2    -0.005    1    2   0    0.65
24    2    -0.014    2    1   1    0.57
25    1    -0.014    1    1   1    0.49
26    1    0.009    2    2   1    0.95
27    1    -0.009    1    1   1    0.55
28    1    -0.005    1    1   1    1.41
29    2    -0.005    1    2   0    1.85
30    1    -0.014    1    1   1    1.10
31    1    -0.014    1    1   1    0.93
32    1    -0.009    2    2   0    1.04
33    2    0.018    1    2   1    0.61
34    1    0.018    2    2   1    0.94
35    2    0.014    1    2   1    0.55
36    2    -0.014    1    2   0    0.77
37    1    0.023    2    2   1    0.98
38    1    0.023    2    2   1    0.65
39    2    0.018    1    2   1    0.65
40    2    -0.018    2    1   1    0.91
41    1    -0.014    1    1   1    0.68
42    1    -0.014    2    2   0    0.72
43    1    -0.023    1    1   1    0.52
44    2    0.023    2    1   0    0.43
45    2    0.032    1    2   1    0.55
46    2    -0.032    2    1   1    0.60
47    1    0.028    2    2   1    1.16
48    2    -0.028    2    1   1    0.77
49    2    0.023    1    2   1    0.71
50    1    -0.023    1    1   1    0.71
-------------------------
Final staircase threshold estimate (mean) is 0.0240
-------------------------
104    2    0.023    2    1   1    15.15
94    2    0.023    2    1   1    1.05
111    2    -0.060    2    1   0    0.69
44    1    0.023    2    2   0    0.97
114    2    0.023    1    2   0    0.79
134    2    0.023    2    1   1    0.76
56    1    -0.060    1    1   0    0.63
91    2    -0.060    2    1   0    0.64
101    2    -0.060    2    1   0    0.61
20    1    0.060    2    2   0    0.55
39    1    0.023    1    1   1    0.82
72    1    -0.023    1    1   0    0.71
62    1    -0.023    2    2   1    0.64
113    2    0.000    2    1   1    0.64
82    2    -0.023    1    2   1    1.59
23    1    0.000    2    2   0    0.53
40    1    0.060    2    2   0    0.68
13    1    0.000    1    1   1    1.08
69    1    0.023    2    2   0    1.53
128    2    0.000    2    1   1    0.70
131    2    -0.060    2    1   0    0.56
146    2    -0.060    2    1   0    0.53
48    1    0.000    2    2   0    1.75
66    1    -0.060    2    2   1    1.18
3    1    0.000    1    1   1    1.58
68    1    0.000    2    2   0    1.28
17    1    -0.023    1    1   0    0.68
33    1    0.000    2    2   0    0.74
54    1    0.023    2    2   0    0.65
57    1    -0.023    1    1   0    0.75
147    2    -0.023    2    1   0    0.62
18    1    0.000    1    1   1    1.17
76    2    -0.060    2    1   0    0.47
65    1    0.060    2    2   0    1.00
53    1    0.000    2    2   0    1.29
21    1    -0.060    1    1   0    1.20
150    2    0.060    2    1   1    0.42
118    2    0.000    2    1   1    0.42
135    2    0.060    1    2   0    1.06
87    2    -0.023    1    2   1    0.74
51    1    -0.060    2    2   1    0.97
27    1    -0.023    2    2   1    0.64
15    1    0.060    2    2   0    0.65
70    1    0.060    2    2   0    0.68
89    2    0.023    1    2   0    0.63
100    2    0.060    1    2   0    1.02
12    1    -0.023    1    1   0    1.81
80    2    0.060    1    2   0    0.81
5    1    0.060    2    2   0    1.13
109    2    0.023    1    2   0    0.67
71    1    -0.060    2    2   1    0.69
136    2    -0.060    2    1   0    0.87
107    2    -0.023    2    1   0    0.79
139    2    0.023    1    2   0    0.75
112    2    -0.023    2    1   0    2.76
142    2    -0.023    2    1   0    1.11
32    1    -0.023    1    1   0    0.84
34    1    0.023    2    2   0    0.71
9    1    0.023    2    2   0    1.59
84    2    0.023    2    1   1    0.93
110    2    0.060    2    1   1    0.66
42    1    -0.023    1    1   0    0.29
99    2    0.023    1    2   0    0.21
81    2    -0.060    1    2   1    0.43
108    2    0.000    2    1   1    0.43
47    1    -0.023    2    2   1    0.61
31    1    -0.060    2    2   1    0.19
35    1    0.060    1    1   1    0.51
26    1    -0.060    2    2   1    0.38
124    2    0.023    2    1   1    0.99
4    1    0.023    2    2   0    0.67
121    2    -0.060    2    1   0    0.59
52    1    -0.023    2    2   1    0.72
14    1    0.023    2    2   0    0.81
19    1    0.023    2    2   0    0.61
43    1    0.000    1    1   1    0.84
74    1    0.023    2    2   0    0.55
115    2    0.060    2    1   1    0.72
130    2    0.060    1    2   0    0.47
59    1    0.023    2    2   0    0.40
41    1    -0.060    1    1   0    0.42
45    1    0.060    2    2   0    0.62
60    1    0.060    2    2   0    0.65
1    1    -0.060    1    1   0    0.65
88    2    0.000    2    1   1    0.51
24    1    0.023    2    2   0    0.46
116    2    -0.060    2    1   0    0.60
38    1    0.000    2    2   0    0.58
148    2    0.000    2    1   1    0.68
137    2    -0.023    2    1   0    0.84
46    1    -0.060    2    2   1    1.17
22    1    -0.023    2    2   1    0.57
143    2    0.000    2    1   1    0.52
30    1    0.060    2    2   0    0.41
67    1    -0.023    1    1   0    0.36
106    2    -0.060    2    1   0    0.26
78    2    0.000    2    1   1    0.48
126    2    -0.060    2    1   0    0.47
85    2    0.060    2    1   1    0.53
105    2    0.060    2    1   1    0.57
73    1    0.000    1    1   1    0.46
97    2    -0.023    2    1   0    0.60
140    2    0.060    2    1   1    1.15
120    2    0.060    2    1   1    0.59
37    1    -0.023    2    2   1    0.36
119    2    0.023    1    2   0    0.16
86    2    -0.060    1    2   1    0.40
117    2    -0.023    2    1   0    0.85
79    2    0.023    1    2   0    0.30
10    1    0.060    2    2   0    1.02
49    1    0.023    2    2   0    0.71
125    2    0.060    1    2   0    0.83
28    1    0.000    1    1   1    1.46
2    1    -0.023    2    2   1    0.47
149    2    0.023    2    1   1    0.63
93    2    0.000    2    1   1    1.29
123    2    0.000    1    2   0    0.40
50    1    0.060    2    2   0    0.29
90    2    0.060    2    1   1    0.60
55    1    0.060    1    1   1    0.59
133    2    0.000    2    1   1    0.40
16    1    -0.060    1    1   0    0.28
36    1    -0.060    2    2   1    0.42
96    2    -0.060    2    1   0    0.53
129    2    0.023    1    2   0    0.98
103    2    0.000    2    1   1    0.25
145    2    0.060    1    2   0    0.32
63    1    0.000    2    2   0    0.31
83    2    0.000    2    1   1    0.44
98    2    0.000    1    2   0    0.32
95    2    0.060    1    2   0    0.55
25    1    0.060    2    2   0    0.06
64    1    0.023    1    1   1    0.41
8    1    0.000    2    2   0    0.64
122    2    -0.023    2    1   0    0.60
144    2    0.023    2    1   1    0.53
11    1    -0.060    1    1   0    0.62
77    2    -0.023    2    1   0    0.93
138    2    0.000    2    1   1    0.47
7    1    -0.023    1    1   0    0.44
61    1    -0.060    2    2   1    0.56
29    1    0.023    1    1   1    0.60
132    2    -0.023    2    1   0    0.88
141    2    -0.060    2    1   0    0.60
58    1    0.000    2    2   0    0.72
6    1    -0.060    2    2   1    0.68
127    2    -0.023    1    2   1    0.40
75    2    0.060    2    1   1    0.33
92    2    -0.023    1    2   1    0.35
102    2    -0.023    2    1   0    0.50
