--------------------------------
20-Jul-2014 19:38:38 
data from observer A08 
#occlusion2 expt 
reference disparity (degrees) 0.160000 

stim order disp kresp testresp correct time
1    1    -0.074    1    1   1    4.71
2    1    -0.069    1    1   1    1.40
3    1    0.065    2    2   1    1.26
4    2    -0.060    2    1   1    0.91
5    2    -0.055    2    1   1    0.84
6    2    0.051    1    2   1    1.00
7    1    0.046    2    2   1    0.89
8    1    0.042    2    2   1    0.75
9    2    0.037    1    2   1    0.96
10    1    -0.032    1    1   1    0.98
11    1    -0.028    1    1   1    0.85
12    1    0.023    2    2   1    1.07
13    1    -0.018    1    1   1    0.75
14    2    0.014    2    1   0    0.51
15    1    -0.023    1    1   1    0.65
16    1    0.023    2    2   1    0.74
17    1    0.018    2    2   1    0.81
18    2    0.018    1    2   1    1.11
19    2    0.014    2    1   0    0.83
20    2    0.023    1    2   1    1.54
21    2    -0.023    2    1   1    1.11
22    2    -0.018    2    1   1    1.35
23    2    0.018    1    2   1    1.19
24    1    -0.014    2    2   0    1.39
25    1    0.023    2    2   1    1.21
26    2    0.023    1    2   1    1.70
27    2    -0.018    2    1   1    0.72
28    2    0.018    1    2   1    0.70
29    2    -0.014    2    1   1    0.98
30    2    0.014    1    2   1    0.75
31    1    0.009    2    2   1    0.89
32    2    0.009    2    1   0    1.18
33    1    0.018    2    2   1    2.45
34    2    -0.018    2    1   1    1.02
35    2    -0.014    2    1   1    1.82
36    1    0.014    2    2   1    1.41
37    2    -0.009    2    1   1    1.63
38    1    0.009    2    2   1    1.92
39    2    -0.005    2    1   1    0.86
40    2    0.005    1    2   1    1.27
41    1    0.005    2    2   1    1.53
42    2    -0.005    2    1   1    1.72
43    2    0.005    1    2   1    1.53
44    2    -0.005    2    1   1    0.93
45    2    0.005    2    1   0    1.14
46    2    -0.014    2    1   1    0.71
47    1    0.014    2    2   1    0.99
48    2    -0.009    2    1   1    1.18
49    1    0.009    2    2   1    0.87
50    2    0.005    2    1   0    2.14
-------------------------
Final staircase threshold estimate (mean) is 0.0074
-------------------------
89    2    0.009    2    1   1    7.35
150    2    0.018    1    2   0    1.42
57    1    -0.009    2    2   1    1.75
62    1    -0.009    2    2   1    1.93
37    1    -0.009    2    2   1    2.20
68    1    0.000    2    2   0    1.88
103    2    0.000    2    1   1    1.04
49    1    0.009    2    2   0    0.88
70    1    0.018    2    2   0    0.87
34    1    0.009    2    2   0    0.93
11    1    -0.018    1    1   0    1.50
122    2    -0.009    2    1   0    1.00
1    1    -0.018    2    2   1    1.74
52    1    -0.009    2    2   1    1.48
83    2    0.000    2    1   1    0.70
90    2    0.018    1    2   0    0.87
111    2    -0.018    2    1   0    0.71
48    1    0.000    2    2   0    1.18
54    1    0.009    2    2   0    0.77
84    2    0.009    2    1   1    0.87
2    1    -0.009    1    1   0    0.98
24    1    0.009    2    2   0    1.09
26    1    -0.018    1    1   0    1.06
129    2    0.009    1    2   0    1.12
19    1    0.009    2    2   0    0.80
112    2    -0.009    2    1   0    0.71
96    2    -0.018    2    1   0    1.38
63    1    0.000    2    2   0    1.87
40    1    0.018    2    2   0    0.69
133    2    0.000    2    1   1    1.50
105    2    0.018    1    2   0    1.02
115    2    0.018    1    2   0    1.42
39    1    0.009    2    2   0    1.03
143    2    0.000    2    1   1    1.96
121    2    -0.018    2    1   0    0.97
66    1    -0.018    1    1   0    1.28
116    2    -0.018    2    1   0    0.96
9    1    0.009    2    2   0    1.37
6    1    -0.018    1    1   0    0.97
132    2    -0.009    2    1   0    0.85
144    2    0.009    1    2   0    0.84
77    2    -0.009    2    1   0    1.00
113    2    0.000    1    2   0    1.32
15    1    0.018    2    2   0    1.46
3    1    0.000    2    2   0    1.10
80    2    0.018    1    2   0    1.10
71    1    -0.018    1    1   0    1.89
106    2    -0.018    2    1   0    0.93
61    1    -0.018    1    1   0    0.80
13    1    0.000    2    2   0    2.40
45    1    0.018    2    2   0    0.91
41    1    -0.018    1    1   0    0.99
31    1    -0.018    1    1   0    0.85
148    2    0.000    2    1   1    1.02
75    2    0.018    1    2   0    1.51
38    1    0.000    2    2   0    1.60
18    1    0.000    2    2   0    1.46
142    2    -0.009    1    2   1    2.15
17    1    -0.009    2    2   1    2.78
127    2    -0.009    2    1   0    1.70
27    1    -0.009    1    1   0    0.98
109    2    0.009    1    2   0    0.88
35    1    0.018    2    2   0    1.40
85    2    0.018    1    2   0    2.45
4    1    0.009    2    2   0    1.84
29    1    0.009    2    2   0    2.02
60    1    0.018    2    2   0    1.53
124    2    0.009    2    1   1    1.18
114    2    0.009    1    2   0    1.06
46    1    -0.018    1    1   0    0.86
104    2    0.009    1    2   0    1.36
43    1    0.000    2    2   0    1.75
140    2    0.018    1    2   0    1.62
73    1    0.000    2    2   0    1.70
110    2    0.018    1    2   0    1.24
97    2    -0.009    2    1   0    2.10
131    2    -0.018    2    1   0    1.92
23    1    0.000    1    1   1    2.60
99    2    0.009    1    2   0    1.37
5    1    0.018    2    2   0    1.60
74    1    0.009    2    2   0    1.63
123    2    0.000    2    1   1    2.09
107    2    -0.009    2    1   0    0.99
101    2    -0.018    2    1   0    1.51
128    2    0.000    1    2   0    1.58
139    2    0.009    1    2   0    2.36
64    1    0.009    2    2   0    2.14
118    2    0.000    1    2   0    1.61
33    1    0.000    1    1   1    1.25
65    1    0.018    2    2   0    1.09
25    1    0.018    2    2   0    0.95
10    1    0.018    2    2   0    1.08
100    2    0.018    1    2   0    1.54
120    2    0.018    1    2   0    1.85
56    1    -0.018    2    2   1    2.22
149    2    0.009    1    2   0    1.34
78    2    0.000    2    1   1    1.88
72    1    -0.009    2    2   1    2.11
53    1    0.000    2    2   0    1.47
67    1    -0.009    1    1   0    1.29
137    2    -0.009    2    1   0    1.88
87    2    -0.009    2    1   0    1.22
14    1    0.009    2    2   0    1.67
12    1    -0.009    1    1   0    1.10
88    2    0.000    2    1   1    1.49
16    1    -0.018    1    1   0    0.95
86    2    -0.018    2    1   0    0.82
135    2    0.018    1    2   0    1.42
125    2    0.018    1    2   0    0.99
55    1    0.018    2    2   0    1.45
32    1    -0.009    2    2   1    1.94
146    2    -0.018    2    1   0    0.96
50    1    0.018    2    2   0    1.07
136    2    -0.018    2    1   0    1.64
20    1    0.018    2    2   0    1.22
102    2    -0.009    2    1   0    1.83
108    2    0.000    2    1   1    1.49
93    2    0.000    1    2   0    2.18
126    2    -0.018    2    1   0    2.29
91    2    -0.018    2    1   0    2.24
76    2    -0.018    2    1   0    1.78
138    2    0.000    2    1   1    2.35
82    2    -0.009    2    1   0    1.91
98    2    0.000    1    2   0    1.39
8    1    0.000    2    2   0    2.11
58    1    0.000    1    1   1    1.45
44    1    0.009    2    2   0    2.01
81    2    -0.018    2    1   0    2.31
21    1    -0.018    1    1   0    1.11
7    1    -0.009    1    1   0    2.28
92    2    -0.009    2    1   0    3.03
147    2    -0.009    2    1   0    3.95
28    1    0.000    2    2   0    2.94
141    2    -0.018    2    1   0    1.14
117    2    -0.009    1    2   1    1.46
145    2    0.018    1    2   0    1.17
95    2    0.018    1    2   0    1.84
79    2    0.009    1    2   0    3.59
42    1    -0.009    1    1   0    1.07
36    1    -0.018    1    1   0    2.05
30    1    0.018    2    2   0    1.03
22    1    -0.009    1    1   0    0.70
51    1    -0.018    1    1   0    2.30
119    2    0.009    1    2   0    1.83
69    1    0.009    2    2   0    3.13
130    2    0.018    1    2   0    1.18
94    2    0.009    1    2   0    1.53
47    1    -0.009    1    1   0    3.06
134    2    0.009    1    2   0    2.38
59    1    0.009    2    2   0    1.61
