--------------------------------
20-Jul-2014 17:49:12 
data from observer A08 
#occlusion2 expt 
reference disparity (degrees) 0.160000 

stim order disp kresp testresp correct time
1    2    0.074    2    1   1    12.70
2    2    0.069    2    1   1    0.71
3    2    0.065    2    1   1    0.52
4    2    -0.060    1    2   1    0.83
5    1    0.055    1    1   1    0.99
6    1    -0.051    2    2   1    0.76
7    2    -0.046    1    2   1    0.53
8    2    -0.042    1    2   1    0.57
9    1    0.037    1    1   1    0.73
10    1    -0.032    2    2   1    0.79
11    2    0.028    2    1   1    0.95
12    2    -0.023    1    2   1    0.78
13    2    0.018    2    1   1    0.95
14    1    0.014    1    1   1    1.45
15    2    0.009    2    1   1    0.70
16    1    0.005    1    1   1    1.30
17    1    0.005    1    1   1    0.77
18    1    -0.005    2    2   1    0.93
19    2    -0.005    1    2   1    1.86
20    1    0.005    1    1   1    0.66
21    1    0.005    1    1   1    0.81
22    2    0.005    1    2   0    1.53
23    1    -0.014    2    2   1    0.61
24    2    0.014    2    1   1    1.21
25    2    -0.009    2    1   0    1.48
26    2    0.018    2    1   1    0.69
27    1    0.018    1    1   1    0.75
28    1    0.014    1    1   1    0.70
29    1    0.014    1    1   1    0.68
30    2    0.009    2    1   1    1.50
31    2    0.009    2    1   1    0.70
32    1    0.005    1    1   1    1.00
33    2    -0.005    1    2   1    0.68
34    2    -0.005    1    2   1    1.07
35    1    -0.005    2    2   1    1.06
36    2    0.005    2    1   1    1.60
37    2    -0.005    1    2   1    0.84
38    1    0.005    1    1   1    0.88
39    1    -0.005    2    2   1    1.36
40    2    -0.005    1    2   1    0.72
41    1    0.005    2    2   0    1.40
42    2    0.014    2    1   1    0.87
43    2    0.014    2    1   1    0.86
44    2    0.009    2    1   1    1.36
45    2    -0.009    1    2   1    0.82
46    2    -0.005    1    2   1    0.72
47    1    -0.005    1    1   0    0.69
48    2    0.014    2    1   1    0.81
49    2    0.014    2    1   1    0.84
50    1    -0.009    2    2   1    1.59
-------------------------
Final staircase threshold estimate (mean) is 0.0097
-------------------------
149    2    0.009    2    1   1    26.66
82    2    -0.009    1    2   1    0.76
102    2    -0.009    1    2   1    0.75
118    2    0.000    1    2   0    0.74
116    2    -0.023    1    2   1    1.14
25    1    0.023    1    1   1    0.84
46    1    -0.023    2    2   1    0.92
13    1    0.000    2    2   0    0.98
107    2    -0.009    1    2   1    1.65
83    2    0.000    1    2   0    1.33
66    1    -0.023    2    2   1    0.96
89    2    0.009    2    1   1    2.07
78    2    0.000    2    1   1    1.25
55    1    0.023    1    1   1    1.55
114    2    0.009    2    1   1    0.83
11    1    -0.023    2    2   1    1.31
35    1    0.023    1    1   1    0.69
50    1    0.023    1    1   1    0.89
134    2    0.009    2    1   1    1.72
75    2    0.023    2    1   1    0.64
129    2    0.009    2    1   1    0.85
15    1    0.023    1    1   1    0.73
79    2    0.009    2    1   1    1.07
137    2    -0.009    1    2   1    0.93
84    2    0.009    2    1   1    1.09
57    1    -0.009    2    2   1    0.95
2    1    -0.009    2    2   1    1.52
37    1    -0.009    1    1   0    0.81
105    2    0.023    2    1   1    0.52
44    1    0.009    1    1   1    1.10
100    2    0.023    2    1   1    0.76
63    1    0.000    1    1   1    1.12
123    2    0.000    1    2   0    1.17
145    2    0.023    2    1   1    0.64
18    1    0.000    1    1   1    0.71
22    1    -0.009    2    2   1    1.18
23    1    0.000    2    2   0    1.36
124    2    0.009    2    1   1    1.37
31    1    -0.023    2    2   1    1.49
133    2    0.000    1    2   0    1.00
92    2    -0.009    2    1   0    1.58
148    2    0.000    2    1   1    2.21
99    2    0.009    2    1   1    0.73
91    2    -0.023    1    2   1    0.77
147    2    -0.009    2    1   0    1.28
141    2    -0.023    1    2   1    1.23
40    1    0.023    1    1   1    0.69
54    1    0.009    1    1   1    1.22
71    1    -0.023    2    2   1    0.66
39    1    0.009    1    1   1    0.78
127    2    -0.009    1    2   1    0.82
95    2    0.023    2    1   1    0.58
58    1    0.000    1    1   1    1.94
113    2    0.000    1    2   0    1.04
150    2    0.023    2    1   1    0.75
21    1    -0.023    2    2   1    0.77
70    1    0.023    1    1   1    0.77
16    1    -0.023    2    2   1    0.62
30    1    0.023    1    1   1    0.64
7    1    -0.009    2    2   1    0.67
64    1    0.009    1    1   1    0.67
142    2    -0.009    2    1   0    1.60
74    1    0.009    1    1   1    0.90
68    1    0.000    1    1   1    2.45
131    2    -0.023    1    2   1    0.98
101    2    -0.023    1    2   1    0.82
109    2    0.009    2    1   1    1.01
135    2    0.023    2    1   1    0.69
138    2    0.000    2    1   1    0.71
115    2    0.023    2    1   1    0.61
34    1    0.009    1    1   1    0.75
86    2    -0.023    1    2   1    0.90
94    2    0.009    2    1   1    1.04
88    2    0.000    2    1   1    2.36
81    2    -0.023    1    2   1    0.79
52    1    -0.009    2    2   1    0.99
122    2    -0.009    1    2   1    0.77
42    1    -0.009    2    2   1    0.93
61    1    -0.023    2    2   1    0.89
3    1    0.000    1    1   1    0.70
106    2    -0.023    1    2   1    1.01
14    1    0.009    1    1   1    2.38
38    1    0.000    2    2   0    1.44
110    2    0.023    2    1   1    1.05
87    2    -0.009    1    2   1    0.85
36    1    -0.023    2    2   1    0.62
111    2    -0.023    1    2   1    0.62
93    2    0.000    1    2   0    1.18
130    2    0.023    2    1   1    0.72
10    1    0.023    1    1   1    0.49
104    2    0.009    2    1   1    0.60
53    1    0.000    2    2   0    1.90
27    1    -0.009    2    2   1    0.75
98    2    0.000    1    2   0    0.68
59    1    0.009    1    1   1    3.24
4    1    0.009    2    2   0    1.41
77    2    -0.009    2    1   0    1.22
136    2    -0.023    1    2   1    1.36
139    2    0.009    2    1   1    1.74
96    2    -0.023    1    2   1    0.96
6    1    -0.023    2    2   1    1.01
45    1    0.023    1    1   1    0.71
48    1    0.000    2    2   0    1.10
112    2    -0.009    2    1   0    1.09
26    1    -0.023    2    2   1    1.46
65    1    0.023    1    1   1    0.64
144    2    0.009    2    1   1    1.77
20    1    0.023    1    1   1    1.02
73    1    0.000    2    2   0    1.27
41    1    -0.023    2    2   1    1.06
132    2    -0.009    1    2   1    1.11
76    2    -0.023    1    2   1    1.52
117    2    -0.009    1    2   1    2.61
8    1    0.000    2    2   0    1.54
120    2    0.023    2    1   1    0.76
28    1    0.000    1    1   1    1.96
67    1    -0.009    2    2   1    0.89
128    2    0.000    2    1   1    0.88
125    2    0.023    2    1   1    0.89
146    2    -0.023    1    2   1    0.92
24    1    0.009    2    2   0    0.82
43    1    0.000    1    1   1    2.59
47    1    -0.009    2    2   1    0.89
33    1    0.000    2    2   0    2.20
69    1    0.009    1    1   1    0.93
17    1    -0.009    2    2   1    0.67
9    1    0.009    1    1   1    1.24
140    2    0.023    2    1   1    0.62
56    1    -0.023    2    2   1    0.72
108    2    0.000    1    2   0    0.95
103    2    0.000    1    2   0    1.06
32    1    -0.009    2    2   1    0.40
143    2    0.000    2    1   1    1.07
19    1    0.009    2    2   0    1.10
85    2    0.023    2    1   1    0.82
90    2    0.023    2    1   1    0.75
51    1    -0.023    2    2   1    1.30
5    1    0.023    1    1   1    0.75
12    1    -0.009    2    2   1    1.42
1    1    -0.023    2    2   1    0.63
121    2    -0.023    1    2   1    0.76
97    2    -0.009    1    2   1    0.80
49    1    0.009    2    2   0    1.35
119    2    0.009    2    1   1    0.87
29    1    0.009    1    1   1    1.19
80    2    0.023    2    1   1    0.61
72    1    -0.009    2    2   1    0.54
62    1    -0.009    2    2   1    1.51
126    2    -0.023    1    2   1    1.02
60    1    0.023    1    1   1    0.97
