--------------------------------
20-Jul-2014 20:04:49 
data from observer A08 
#occlusion2 expt 
reference disparity (degrees) 0.160000 

stim order disp kresp testresp correct time
1    1    0.074    2    2   1    2.70
2    1    0.069    2    2   1    1.18
3    2    0.065    1    2   1    0.88
4    1    -0.060    1    1   1    0.78
5    1    0.055    2    2   1    0.80
6    1    0.051    2    2   1    1.17
7    2    0.046    1    2   1    0.84
8    1    0.042    2    2   1    1.12
9    1    -0.037    1    1   1    1.10
10    2    0.032    1    2   1    0.97
11    1    0.028    2    2   1    1.24
12    1    -0.023    1    1   1    0.86
13    2    0.018    1    2   1    1.16
14    2    0.014    1    2   1    1.67
15    2    -0.009    2    1   1    2.35
16    2    -0.005    2    1   1    1.80
17    1    0.005    2    2   1    2.96
18    1    -0.005    2    2   0    4.25
19    2    0.014    1    2   1    2.24
20    2    0.014    1    2   1    1.83
21    1    0.009    2    2   1    0.83
22    2    -0.009    1    2   0    3.71
23    1    0.018    2    2   1    1.74
24    2    -0.018    2    1   1    3.15
25    1    -0.014    1    1   1    1.73
26    2    -0.014    2    1   1    0.93
27    1    0.009    1    1   0    3.72
28    1    -0.018    1    1   1    1.56
29    1    -0.018    1    1   1    1.35
30    1    0.014    2    2   1    1.35
31    1    -0.014    1    1   1    3.03
32    2    -0.009    2    1   1    4.46
33    2    -0.009    2    1   1    4.84
34    1    0.005    1    1   0    0.91
35    2    -0.014    2    1   1    2.32
36    2    -0.014    2    1   1    0.98
37    1    -0.009    1    1   1    1.71
38    1    -0.009    1    1   1    1.81
39    2    -0.005    2    1   1    3.12
40    2    0.005    2    1   0    1.88
41    1    -0.014    1    1   1    0.86
42    1    -0.014    1    1   1    1.20
43    2    0.009    1    2   1    0.94
44    2    0.009    1    2   1    1.43
45    1    0.005    1    1   0    2.71
46    2    0.014    1    2   1    0.95
47    1    -0.014    1    1   1    1.79
48    2    0.009    1    2   1    1.43
49    2    -0.009    2    1   1    0.89
50    2    -0.005    2    1   1    1.95
-------------------------
Final staircase threshold estimate (mean) is 0.0102
-------------------------
10    1    0.028    2    2   0    12.52
108    2    0.000    1    2   0    1.17
63    1    0.000    1    1   1    1.03
29    1    0.009    2    2   0    3.72
139    2    0.009    1    2   0    1.57
122    2    -0.009    1    2   1    1.82
142    2    -0.009    1    2   1    2.21
13    1    0.000    1    1   1    1.46
31    1    -0.028    1    1   0    0.89
83    2    0.000    1    2   0    1.36
38    1    0.000    1    1   1    2.50
114    2    0.009    1    2   0    2.39
36    1    -0.028    1    1   0    1.99
95    2    0.028    1    2   0    1.68
87    2    -0.009    1    2   1    2.51
147    2    -0.009    2    1   0    2.91
150    2    0.028    1    2   0    0.86
45    1    0.028    2    2   0    0.79
137    2    -0.009    2    1   0    3.53
85    2    0.028    1    2   0    0.88
73    1    0.000    2    2   0    3.14
61    1    -0.028    1    1   0    0.78
79    2    0.009    1    2   0    0.89
144    2    0.009    1    2   0    1.02
26    1    -0.028    1    1   0    1.00
7    1    -0.009    1    1   0    1.06
146    2    -0.028    2    1   0    1.30
27    1    -0.009    1    1   0    0.90
82    2    -0.009    2    1   0    1.09
105    2    0.028    1    2   0    0.79
55    1    0.028    2    2   0    1.11
97    2    -0.009    2    1   0    3.75
78    2    0.000    2    1   1    2.40
149    2    0.009    1    2   0    2.41
37    1    -0.009    1    1   0    0.94
62    1    -0.009    1    1   0    1.37
99    2    0.009    1    2   0    1.15
94    2    0.009    1    2   0    1.71
77    2    -0.009    2    1   0    2.29
19    1    0.009    2    2   0    3.21
44    1    0.009    2    2   0    2.31
101    2    -0.028    2    1   0    3.52
113    2    0.000    1    2   0    0.80
80    2    0.028    1    2   0    0.76
130    2    0.028    1    2   0    0.92
112    2    -0.009    2    1   0    1.02
89    2    0.009    1    2   0    0.87
40    1    0.028    2    2   0    0.86
76    2    -0.028    2    1   0    1.91
120    2    0.028    1    2   0    0.71
102    2    -0.009    1    2   1    1.85
145    2    0.028    1    2   0    1.11
46    1    -0.028    1    1   0    0.73
47    1    -0.009    1    1   0    0.77
43    1    0.000    1    1   1    4.68
59    1    0.009    2    2   0    1.29
68    1    0.000    1    1   1    2.27
118    2    0.000    1    2   0    6.06
86    2    -0.028    2    1   0    1.16
28    1    0.000    2    2   0    4.62
60    1    0.028    2    2   0    1.00
67    1    -0.009    2    2   1    1.43
32    1    -0.009    1    1   0    2.28
148    2    0.000    2    1   1    1.29
12    1    -0.009    1    1   0    0.91
22    1    -0.009    1    1   0    7.19
35    1    0.028    2    2   0    1.42
123    2    0.000    1    2   0    1.78
14    1    0.009    1    1   1    4.63
140    2    0.028    1    2   0    1.07
8    1    0.000    2    2   0    2.59
115    2    0.028    1    2   0    0.83
54    1    0.009    1    1   1    5.79
25    1    0.028    2    2   0    0.87
42    1    -0.009    1    1   0    1.36
48    1    0.000    1    1   1    2.92
84    2    0.009    1    2   0    2.04
138    2    0.000    1    2   0    2.89
71    1    -0.028    1    1   0    0.82
134    2    0.009    1    2   0    1.27
126    2    -0.028    2    1   0    1.01
52    1    -0.009    1    1   0    1.34
23    1    0.000    2    2   0    2.04
58    1    0.000    1    1   1    1.56
33    1    0.000    2    2   0    5.26
69    1    0.009    1    1   1    5.77
11    1    -0.028    1    1   0    0.74
111    2    -0.028    2    1   0    1.14
57    1    -0.009    1    1   0    0.85
131    2    -0.028    2    1   0    1.20
90    2    0.028    1    2   0    0.87
117    2    -0.009    2    1   0    1.32
72    1    -0.009    1    1   0    0.96
133    2    0.000    2    1   1    5.22
103    2    0.000    1    2   0    2.05
70    1    0.028    2    2   0    1.35
65    1    0.028    2    2   0    1.04
34    1    0.009    2    2   0    6.21
127    2    -0.009    2    1   0    1.56
16    1    -0.028    1    1   0    0.74
56    1    -0.028    1    1   0    0.67
96    2    -0.028    2    1   0    0.61
75    2    0.028    1    2   0    1.20
41    1    -0.028    1    1   0    1.07
92    2    -0.009    2    1   0    0.78
24    1    0.009    2    2   0    2.31
91    2    -0.028    2    1   0    1.07
116    2    -0.028    2    1   0    0.93
4    1    0.009    2    2   0    4.97
136    2    -0.028    2    1   0    0.94
50    1    0.028    2    2   0    0.68
6    1    -0.028    1    1   0    0.70
110    2    0.028    1    2   0    0.75
124    2    0.009    1    2   0    1.25
93    2    0.000    2    1   1    3.52
125    2    0.028    1    2   0    0.67
100    2    0.028    1    2   0    0.66
88    2    0.000    1    2   0    3.59
39    1    0.009    2    2   0    1.01
107    2    -0.009    2    1   0    1.92
17    1    -0.009    1    1   0    1.46
20    1    0.028    2    2   0    0.99
128    2    0.000    2    1   1    4.66
30    1    0.028    2    2   0    0.87
74    1    0.009    2    2   0    3.05
5    1    0.028    2    2   0    3.26
9    1    0.009    2    2   0    1.61
49    1    0.009    2    2   0    1.60
129    2    0.009    1    2   0    1.28
2    1    -0.009    1    1   0    1.44
81    2    -0.028    2    1   0    1.45
15    1    0.028    2    2   0    1.14
51    1    -0.028    1    1   0    1.09
109    2    0.009    1    2   0    5.84
135    2    0.028    1    2   0    1.97
53    1    0.000    1    1   1    3.32
132    2    -0.009    2    1   0    1.02
21    1    -0.028    1    1   0    0.95
66    1    -0.028    1    1   0    0.90
98    2    0.000    2    1   1    1.78
104    2    0.009    1    2   0    5.51
1    1    -0.028    1    1   0    2.08
141    2    -0.028    2    1   0    1.63
3    1    0.000    1    1   1    1.13
64    1    0.009    2    2   0    1.61
119    2    0.009    2    1   1    6.95
18    1    0.000    2    2   0    1.85
143    2    0.000    1    2   0    3.76
121    2    -0.028    2    1   0    0.93
106    2    -0.028    2    1   0    0.83
