--------------------------------
20-Jul-2014 18:03:35 
data from observer A08 
#occlusion2 expt 
reference disparity (degrees) 0.160000 

stim order disp kresp testresp correct time
1    2    0.074    2    1   1    1.44
2    2    -0.069    1    2   1    3.48
3    2    0.065    2    1   1    0.83
4    2    0.060    2    1   1    1.23
5    2    0.055    2    1   1    1.08
6    2    -0.051    1    2   1    0.92
7    2    0.046    2    1   1    2.04
8    1    -0.042    2    2   1    0.72
9    2    0.037    2    1   1    0.99
10    1    0.032    1    1   1    0.82
11    2    0.028    2    1   1    2.19
12    1    -0.023    2    2   1    1.10
13    1    -0.018    2    2   1    1.80
14    1    0.014    1    1   1    1.16
15    1    0.009    1    1   1    2.15
16    1    -0.005    2    2   1    0.67
17    1    0.005    2    2   0    0.93
18    2    -0.014    1    2   1    0.77
19    2    0.014    2    1   1    0.70
20    1    0.009    1    1   1    0.82
21    1    -0.009    2    2   1    0.71
22    1    -0.005    2    2   1    1.29
23    1    0.005    1    1   1    0.76
24    1    -0.005    2    2   1    0.89
25    1    0.005    2    2   0    0.84
26    1    0.014    1    1   1    1.24
27    2    -0.014    1    2   1    0.93
28    1    0.009    1    1   1    1.04
29    1    0.009    1    1   1    0.64
30    2    -0.005    2    1   0    0.93
31    1    -0.014    2    2   1    0.71
32    2    -0.014    1    2   1    1.53
33    1    0.009    2    2   0    1.00
34    2    -0.018    1    2   1    0.68
35    2    -0.018    1    2   1    0.81
36    2    0.014    2    1   1    0.63
37    2    0.014    2    1   1    0.62
38    1    0.009    1    1   1    1.72
39    1    -0.009    2    2   1    0.82
40    1    0.005    1    1   1    2.81
41    1    0.005    2    2   0    0.46
42    2    0.014    2    1   1    0.63
43    1    -0.014    2    2   1    0.72
44    1    -0.009    2    2   1    0.74
45    1    -0.009    2    2   1    0.76
46    1    -0.005    1    1   0    1.20
47    2    0.014    2    1   1    1.55
48    1    0.014    1    1   1    1.07
49    1    -0.009    2    2   1    0.80
50    2    0.009    2    1   1    1.50
-------------------------
Final staircase threshold estimate (mean) is 0.0102
-------------------------
9    1    0.009    1    1   1    12.18
28    1    0.000    1    1   1    0.94
70    1    0.028    1    1   1    0.72
57    1    -0.009    2    2   1    2.98
5    1    0.028    1    1   1    0.96
141    2    -0.028    1    2   1    0.81
43    1    0.000    2    2   0    1.31
36    1    -0.028    2    2   1    0.64
131    2    -0.028    1    2   1    0.64
19    1    0.009    1    1   1    0.52
74    1    0.009    1    1   1    0.68
139    2    0.009    2    1   1    0.69
126    2    -0.028    1    2   1    0.63
94    2    0.009    2    1   1    1.93
120    2    0.028    2    1   1    0.68
58    1    0.000    1    1   1    0.67
109    2    0.009    2    1   1    1.20
62    1    -0.009    2    2   1    0.72
22    1    -0.009    2    2   1    1.60
65    1    0.028    1    1   1    1.60
72    1    -0.009    2    2   1    3.19
12    1    -0.009    2    2   1    1.83
134    2    0.009    2    1   1    0.77
115    2    0.028    2    1   1    1.18
147    2    -0.009    1    2   1    1.49
51    1    -0.028    2    2   1    1.29
17    1    -0.009    2    2   1    0.67
26    1    -0.028    2    2   1    1.05
138    2    0.000    1    2   0    1.80
101    2    -0.028    1    2   1    2.18
89    2    0.009    2    1   1    1.73
1    1    -0.028    2    2   1    1.10
111    2    -0.028    1    2   1    0.73
137    2    -0.009    1    2   1    2.14
47    1    -0.009    2    2   1    0.75
119    2    0.009    2    1   1    1.41
127    2    -0.009    1    2   1    1.76
32    1    -0.009    2    2   1    1.61
29    1    0.009    1    1   1    2.48
48    1    0.000    2    2   0    1.77
145    2    0.028    2    1   1    0.85
118    2    0.000    2    1   1    2.32
3    1    0.000    2    2   0    2.20
44    1    0.009    1    1   1    1.84
30    1    0.028    1    1   1    0.91
106    2    -0.028    1    2   1    2.57
142    2    -0.009    1    2   1    2.49
24    1    0.009    1    1   1    1.46
40    1    0.028    1    1   1    1.96
77    2    -0.009    2    1   0    1.78
4    1    0.009    1    1   1    1.98
105    2    0.028    2    1   1    0.81
82    2    -0.009    1    2   1    0.99
81    2    -0.028    1    2   1    1.19
71    1    -0.028    2    2   1    0.85
117    2    -0.009    2    1   0    1.96
96    2    -0.028    1    2   1    0.84
114    2    0.009    2    1   1    0.91
83    2    0.000    2    1   1    1.77
33    1    0.000    1    1   1    1.63
11    1    -0.028    2    2   1    0.71
99    2    0.009    2    1   1    0.94
63    1    0.000    2    2   0    1.72
20    1    0.028    1    1   1    0.92
125    2    0.028    2    1   1    0.64
37    1    -0.009    2    2   1    0.90
56    1    -0.028    2    2   1    0.71
53    1    0.000    1    1   1    2.30
122    2    -0.009    1    2   1    2.68
129    2    0.009    2    1   1    0.81
35    1    0.028    1    1   1    0.70
14    1    0.009    1    1   1    2.71
18    1    0.000    2    2   0    0.98
27    1    -0.009    2    2   1    1.47
132    2    -0.009    2    1   0    4.03
60    1    0.028    1    1   1    1.28
54    1    0.009    1    1   1    1.21
38    1    0.000    2    2   0    1.15
76    2    -0.028    1    2   1    0.68
46    1    -0.028    2    2   1    0.76
124    2    0.009    2    1   1    1.61
31    1    -0.028    2    2   1    0.67
78    2    0.000    1    2   0    2.29
15    1    0.028    1    1   1    0.78
102    2    -0.009    1    2   1    2.05
133    2    0.000    2    1   1    0.73
13    1    0.000    1    1   1    0.82
135    2    0.028    2    1   1    0.91
128    2    0.000    1    2   0    2.80
2    1    -0.009    2    2   1    1.55
64    1    0.009    1    1   1    1.14
121    2    -0.028    1    2   1    0.93
42    1    -0.009    2    2   1    1.85
6    1    -0.028    2    2   1    0.75
45    1    0.028    1    1   1    0.82
59    1    0.009    1    1   1    0.93
25    1    0.028    1    1   1    0.79
108    2    0.000    2    1   1    1.56
50    1    0.028    1    1   1    0.62
103    2    0.000    2    1   1    0.77
110    2    0.028    2    1   1    1.02
73    1    0.000    1    1   1    0.79
148    2    0.000    1    2   0    0.89
69    1    0.009    1    1   1    0.76
67    1    -0.009    2    2   1    1.22
10    1    0.028    1    1   1    0.69
97    2    -0.009    1    2   1    1.20
95    2    0.028    2    1   1    0.64
140    2    0.028    1    2   0    2.12
84    2    0.009    2    1   1    1.19
23    1    0.000    2    2   0    0.87
75    2    0.028    2    1   1    0.74
146    2    -0.028    1    2   1    0.62
79    2    0.009    2    1   1    0.77
55    1    0.028    1    1   1    0.59
104    2    0.009    2    1   1    1.58
52    1    -0.009    1    1   0    2.60
21    1    -0.028    2    2   1    0.72
34    1    0.009    1    1   1    0.88
123    2    0.000    1    2   0    1.43
86    2    -0.028    1    2   1    0.71
144    2    0.009    2    1   1    0.88
116    2    -0.028    1    2   1    0.91
100    2    0.028    2    1   1    1.32
92    2    -0.009    1    2   1    1.09
112    2    -0.009    1    2   1    1.74
49    1    0.009    1    1   1    1.24
80    2    0.028    2    1   1    0.81
41    1    -0.028    2    2   1    1.42
39    1    0.009    1    1   1    1.94
8    1    0.000    1    1   1    2.81
90    2    0.028    2    1   1    0.87
149    2    0.009    2    1   1    1.77
136    2    -0.028    1    2   1    0.74
85    2    0.028    2    1   1    0.59
113    2    0.000    1    2   0    2.26
88    2    0.000    2    1   1    2.43
93    2    0.000    2    1   1    3.05
87    2    -0.009    1    2   1    0.82
98    2    0.000    1    2   0    1.42
16    1    -0.028    2    2   1    0.80
150    2    0.028    2    1   1    3.98
130    2    0.028    2    1   1    1.10
66    1    -0.028    2    2   1    2.03
68    1    0.000    1    1   1    1.59
107    2    -0.009    1    2   1    0.91
61    1    -0.028    2    2   1    1.11
91    2    -0.028    1    2   1    0.75
7    1    -0.009    2    2   1    0.78
143    2    0.000    1    2   0    2.51
