--------------------------------
20-Jul-2014 19:57:53 
data from observer A08 
#occlusion2 expt 
reference disparity (degrees) 0.160000 

stim order disp kresp testresp correct time
1    1    0.074    2    2   1    2.17
2    1    0.069    2    2   1    0.67
3    2    0.065    1    2   1    0.54
4    1    -0.060    1    1   1    0.79
5    2    -0.055    2    1   1    0.76
6    2    0.051    1    2   1    0.75
7    2    -0.046    2    1   1    1.01
8    2    0.042    1    2   1    0.82
9    2    -0.037    2    1   1    0.71
10    1    -0.032    1    1   1    0.92
11    2    -0.028    2    1   1    0.73
12    2    -0.023    2    1   1    1.26
13    2    0.018    1    2   1    1.31
14    2    -0.014    2    1   1    1.06
15    2    0.009    1    2   1    0.81
16    1    0.005    2    2   1    1.00
17    2    0.005    2    1   0    2.47
18    2    -0.014    2    1   1    1.12
19    2    0.014    1    2   1    0.95
20    2    -0.009    2    1   1    1.97
21    1    -0.009    1    1   1    0.95
22    2    -0.005    2    1   1    0.83
23    2    -0.005    2    1   1    1.37
24    1    -0.005    2    2   0    1.22
25    1    -0.014    1    1   1    1.03
26    1    -0.014    1    1   1    2.19
27    2    0.009    2    1   0    0.85
28    1    -0.018    1    1   1    1.75
29    2    0.018    1    2   1    1.19
30    2    -0.014    2    1   1    0.93
31    2    0.014    1    2   1    1.38
32    2    -0.009    2    1   1    1.39
33    2    -0.009    2    1   1    0.66
34    2    0.005    1    2   1    1.59
35    2    0.005    2    1   0    1.61
36    1    -0.014    2    2   0    1.36
37    2    -0.023    2    1   1    1.06
38    2    0.023    1    2   1    0.88
39    1    -0.018    2    2   0    1.66
40    2    0.028    1    2   1    0.74
41    1    -0.028    1    1   1    1.09
42    2    0.023    2    1   0    1.99
43    2    -0.032    2    1   1    0.70
44    2    0.032    1    2   1    0.77
45    2    0.028    1    2   1    1.08
46    2    0.028    1    2   1    0.92
47    2    -0.023    2    1   1    0.78
48    2    0.023    1    2   1    0.65
49    2    -0.018    2    1   1    0.68
50    1    0.018    2    2   1    1.62
-------------------------
Final staircase threshold estimate (mean) is 0.0254
-------------------------
124    2    0.028    1    2   0    4.66
63    1    0.000    2    2   0    1.31
40    1    0.065    2    2   0    0.63
65    1    0.065    2    2   0    0.57
61    1    -0.065    1    1   0    0.57
108    2    0.000    2    1   1    0.84
29    1    0.028    2    2   0    0.84
102    2    -0.023    2    1   0    0.76
89    2    0.028    1    2   0    0.72
80    2    0.065    1    2   0    0.70
96    2    -0.065    2    1   0    0.64
22    1    -0.023    1    1   0    0.68
60    1    0.065    2    2   0    0.63
8    1    0.000    2    2   0    1.48
109    2    0.028    1    2   0    1.33
100    2    0.065    1    2   0    1.14
83    2    0.000    1    2   0    2.66
142    2    -0.023    2    1   0    0.86
94    2    0.028    1    2   0    0.83
95    2    0.065    1    2   0    0.83
106    2    -0.065    2    1   0    0.92
27    1    -0.023    1    1   0    0.97
33    1    0.000    2    2   0    1.14
19    1    0.028    2    2   0    1.23
137    2    -0.023    2    1   0    1.06
131    2    -0.065    2    1   0    0.64
118    2    0.000    1    2   0    1.19
67    1    -0.023    1    1   0    1.88
64    1    0.028    2    2   0    0.75
113    2    0.000    2    1   1    1.65
7    1    -0.023    1    1   0    1.29
23    1    0.000    2    2   0    1.58
119    2    0.028    1    2   0    1.22
130    2    0.065    1    2   0    0.89
91    2    -0.065    2    1   0    0.87
101    2    -0.065    2    1   0    1.08
90    2    0.065    1    2   0    1.12
85    2    0.065    1    2   0    1.26
46    1    -0.065    1    1   0    1.19
104    2    0.028    1    2   0    2.78
13    1    0.000    2    2   0    1.99
72    1    -0.023    1    1   0    0.83
34    1    0.028    2    2   0    0.98
14    1    0.028    2    2   0    0.91
116    2    -0.065    2    1   0    0.73
134    2    0.028    1    2   0    1.09
133    2    0.000    2    1   1    1.25
84    2    0.028    1    2   0    1.12
41    1    -0.065    1    1   0    0.79
21    1    -0.065    1    1   0    0.88
141    2    -0.065    2    1   0    0.70
56    1    -0.065    1    1   0    0.89
53    1    0.000    2    2   0    0.97
127    2    -0.023    2    1   0    0.85
135    2    0.065    1    2   0    0.78
88    2    0.000    2    1   1    1.03
20    1    0.065    2    2   0    0.70
10    1    0.065    2    2   0    0.99
71    1    -0.065    1    1   0    0.79
87    2    -0.023    2    1   0    1.01
81    2    -0.065    2    1   0    0.83
49    1    0.028    2    2   0    1.20
110    2    0.065    1    2   0    0.76
78    2    0.000    2    1   1    0.78
36    1    -0.065    1    1   0    0.73
79    2    0.028    1    2   0    1.42
107    2    -0.023    2    1   0    0.66
42    1    -0.023    1    1   0    1.59
37    1    -0.023    1    1   0    1.33
15    1    0.065    2    2   0    0.77
28    1    0.000    2    2   0    1.33
16    1    -0.065    1    1   0    0.82
148    2    0.000    2    1   1    0.98
98    2    0.000    1    2   0    1.07
51    1    -0.065    1    1   0    0.83
62    1    -0.023    1    1   0    1.47
145    2    0.065    1    2   0    1.04
86    2    -0.065    2    1   0    0.65
123    2    0.000    1    2   0    1.77
120    2    0.065    1    2   0    0.77
82    2    -0.023    2    1   0    1.00
18    1    0.000    2    2   0    1.51
112    2    -0.023    2    1   0    0.97
2    1    -0.023    1    1   0    3.19
114    2    0.028    1    2   0    1.46
4    1    0.028    2    2   0    0.74
17    1    -0.023    1    1   0    1.74
139    2    0.028    1    2   0    1.92
103    2    0.000    2    1   1    0.97
93    2    0.000    2    1   1    0.90
150    2    0.065    1    2   0    0.74
129    2    0.028    1    2   0    2.20
30    1    0.065    2    2   0    0.62
73    1    0.000    2    2   0    2.67
138    2    0.000    2    1   1    1.74
45    1    0.065    2    2   0    0.71
115    2    0.065    1    2   0    0.64
92    2    -0.023    2    1   0    0.73
105    2    0.065    1    2   0    0.70
111    2    -0.065    2    1   0    0.70
144    2    0.028    1    2   0    1.15
11    1    -0.065    1    1   0    1.01
57    1    -0.023    1    1   0    1.39
50    1    0.065    2    2   0    0.84
97    2    -0.023    2    1   0    1.16
146    2    -0.065    2    1   0    0.78
43    1    0.000    1    1   1    1.97
147    2    -0.023    2    1   0    0.61
136    2    -0.065    2    1   0    0.65
69    1    0.028    2    2   0    1.29
5    1    0.065    2    2   0    0.73
35    1    0.065    2    2   0    1.00
26    1    -0.065    1    1   0    1.06
66    1    -0.065    1    1   0    1.60
126    2    -0.065    2    1   0    0.77
149    2    0.028    1    2   0    1.02
117    2    -0.023    2    1   0    1.12
70    1    0.065    2    2   0    0.74
122    2    -0.023    2    1   0    1.04
140    2    0.065    1    2   0    0.90
31    1    -0.065    1    1   0    0.77
9    1    0.028    2    2   0    0.94
99    2    0.028    1    2   0    1.35
77    2    -0.023    2    1   0    0.72
74    1    0.028    2    2   0    0.95
143    2    0.000    2    1   1    1.72
132    2    -0.023    2    1   0    0.83
121    2    -0.065    2    1   0    0.63
75    2    0.065    1    2   0    0.87
128    2    0.000    2    1   1    0.81
38    1    0.000    2    2   0    1.73
1    1    -0.065    1    1   0    0.80
54    1    0.028    2    2   0    0.76
55    1    0.065    2    2   0    0.85
76    2    -0.065    2    1   0    0.65
6    1    -0.065    1    1   0    0.77
59    1    0.028    2    2   0    0.75
48    1    0.000    2    2   0    2.35
25    1    0.065    2    2   0    0.83
32    1    -0.023    1    1   0    1.68
58    1    0.000    2    2   0    0.83
12    1    -0.023    1    1   0    1.20
125    2    0.065    1    2   0    0.77
47    1    -0.023    1    1   0    1.01
68    1    0.000    2    2   0    3.41
3    1    0.000    2    2   0    1.40
44    1    0.028    2    2   0    1.40
39    1    0.028    2    2   0    1.31
52    1    -0.023    1    1   0    0.73
24    1    0.028    2    2   0    0.73
