--------------------------------
20-Jul-2014 17:56:56 
data from observer A08 
#occlusion2 expt 
reference disparity (degrees) 0.160000 

stim order disp kresp testresp correct time
1    1    0.074    1    1   1    2.56
2    1    0.069    1    1   1    0.64
3    1    -0.065    2    2   1    0.57
4    2    0.060    2    1   1    0.63
5    2    0.055    2    1   1    1.56
6    2    0.051    2    1   1    1.01
7    1    -0.046    2    2   1    0.68
8    1    0.042    1    1   1    0.61
9    1    -0.037    2    2   1    0.66
10    1    0.032    1    1   1    0.72
11    2    -0.028    1    2   1    0.63
12    2    0.023    2    1   1    0.49
13    1    0.018    1    1   1    0.74
14    2    -0.014    2    1   0    1.23
15    2    0.023    2    1   1    0.57
16    1    0.023    1    1   1    0.60
17    2    -0.018    1    2   1    1.59
18    1    -0.018    2    2   1    0.74
19    1    -0.014    2    2   1    1.56
20    2    0.014    2    1   1    0.73
21    2    -0.009    1    2   1    0.57
22    1    0.009    1    1   1    1.49
23    2    0.005    2    1   1    0.59
24    1    0.005    2    2   0    0.74
25    1    0.014    1    1   1    0.71
26    1    -0.014    2    2   1    0.54
27    1    -0.009    2    2   1    0.72
28    1    0.009    1    1   1    1.63
29    2    -0.005    2    1   0    1.17
30    2    0.014    2    1   1    0.70
31    1    -0.014    2    2   1    0.82
32    1    -0.009    2    2   1    0.66
33    1    0.009    1    1   1    0.57
34    1    0.005    2    2   0    0.57
35    2    -0.014    1    2   1    0.73
36    2    0.014    2    1   1    0.69
37    2    -0.009    1    2   1    1.21
38    1    0.009    1    1   1    1.53
39    1    0.005    2    2   0    1.25
40    1    -0.014    2    2   1    0.64
41    1    -0.014    2    2   1    0.63
42    2    0.009    2    1   1    0.72
43    1    -0.009    2    2   1    2.32
44    1    -0.005    1    1   0    1.16
45    2    -0.014    2    1   0    1.81
46    2    -0.023    1    2   1    1.66
47    1    0.023    1    1   1    1.43
48    1    0.018    1    1   1    1.04
49    2    0.018    2    1   1    0.75
50    2    0.014    2    1   1    0.81
-------------------------
Final staircase threshold estimate (mean) is 0.0148
-------------------------
15    1    0.037    1    1   1    2.47
108    2    0.000    2    1   1    0.87
60    1    0.037    1    1   1    1.06
66    1    -0.037    2    2   1    0.63
126    2    -0.037    1    2   1    0.67
33    1    0.000    2    2   0    0.65
28    1    0.000    2    2   0    1.17
124    2    0.014    2    1   1    0.90
30    1    0.037    1    1   1    0.79
121    2    -0.037    1    2   1    0.95
146    2    -0.037    1    2   1    1.56
112    2    -0.014    1    2   1    1.37
34    1    0.014    1    1   1    1.76
92    2    -0.014    2    1   0    1.83
93    2    0.000    1    2   0    0.80
104    2    0.014    2    1   1    0.92
77    2    -0.014    1    2   1    1.07
114    2    0.014    2    1   1    0.60
132    2    -0.014    2    1   0    1.28
59    1    0.014    1    1   1    1.05
3    1    0.000    2    2   0    0.86
46    1    -0.037    2    2   1    0.57
9    1    0.014    1    1   1    1.05
16    1    -0.037    2    2   1    0.67
40    1    0.037    1    1   1    0.61
101    2    -0.037    1    2   1    0.72
39    1    0.014    2    2   0    0.89
61    1    -0.037    2    2   1    0.56
134    2    0.014    2    1   1    0.58
88    2    0.000    1    2   0    0.68
94    2    0.014    2    1   1    0.56
58    1    0.000    1    1   1    1.04
11    1    -0.037    2    2   1    0.57
122    2    -0.014    1    2   1    0.57
78    2    0.000    1    2   0    0.89
123    2    0.000    2    1   1    1.14
70    1    0.037    1    1   1    0.59
111    2    -0.037    1    2   1    0.61
129    2    0.014    2    1   1    0.56
53    1    0.000    2    2   0    0.68
113    2    0.000    1    2   0    1.26
17    1    -0.014    2    2   1    0.76
120    2    0.037    2    1   1    0.63
21    1    -0.037    2    2   1    0.52
8    1    0.000    2    2   0    0.81
90    2    0.037    2    1   1    0.58
65    1    0.037    1    1   1    0.57
105    2    0.037    2    1   1    0.57
131    2    -0.037    1    2   1    0.55
143    2    0.000    2    1   1    1.64
20    1    0.037    1    1   1    0.68
89    2    0.014    2    1   1    0.62
42    1    -0.014    2    2   1    0.83
41    1    -0.037    2    2   1    0.61
38    1    0.000    2    2   0    1.51
4    1    0.014    2    2   0    2.13
37    1    -0.014    2    2   1    0.71
6    1    -0.037    2    2   1    0.60
117    2    -0.014    1    2   1    0.60
64    1    0.014    1    1   1    0.76
80    2    0.037    2    1   1    0.61
128    2    0.000    1    2   0    0.98
116    2    -0.037    1    2   1    0.67
14    1    0.014    2    2   0    1.32
119    2    0.014    2    1   1    0.58
31    1    -0.037    2    2   1    0.66
148    2    0.000    1    2   0    0.87
22    1    -0.014    2    2   1    0.61
69    1    0.014    1    1   1    1.67
45    1    0.037    1    1   1    0.65
81    2    -0.037    1    2   1    0.59
74    1    0.014    2    2   0    1.59
32    1    -0.014    2    2   1    0.63
115    2    0.037    2    1   1    0.64
44    1    0.014    1    1   1    1.16
87    2    -0.014    2    1   0    1.75
56    1    -0.037    2    2   1    0.69
147    2    -0.014    1    2   1    1.44
25    1    0.037    1    1   1    0.67
63    1    0.000    2    2   0    0.68
103    2    0.000    2    1   1    1.94
144    2    0.014    2    1   1    0.57
36    1    -0.037    2    2   1    0.43
62    1    -0.014    2    2   1    0.81
133    2    0.000    1    2   0    0.87
91    2    -0.037    1    2   1    0.63
85    2    0.037    2    1   1    0.71
29    1    0.014    1    1   1    1.01
19    1    0.014    1    1   1    0.79
127    2    -0.014    1    2   1    1.70
54    1    0.014    1    1   1    0.91
26    1    -0.037    2    2   1    0.61
150    2    0.037    2    1   1    0.62
140    2    0.037    2    1   1    0.51
68    1    0.000    2    2   0    1.67
109    2    0.014    2    1   1    0.77
130    2    0.037    2    1   1    0.55
50    1    0.037    1    1   1    0.76
136    2    -0.037    1    2   1    0.72
10    1    0.037    1    1   1    2.12
48    1    0.000    2    2   0    1.13
5    1    0.037    1    1   1    0.82
142    2    -0.014    1    2   1    3.60
125    2    0.037    2    1   1    0.63
141    2    -0.037    1    2   1    0.64
97    2    -0.014    1    2   1    0.96
27    1    -0.014    2    2   1    0.59
55    1    0.037    1    1   1    0.56
13    1    0.000    2    2   0    0.89
138    2    0.000    1    2   0    0.69
1    1    -0.037    2    2   1    0.61
84    2    0.014    2    1   1    1.82
43    1    0.000    2    2   0    0.65
110    2    0.037    2    1   1    0.67
71    1    -0.037    2    2   1    0.60
139    2    0.014    2    1   1    1.72
96    2    -0.037    1    2   1    1.12
67    1    -0.014    2    2   1    0.80
79    2    0.014    2    1   1    1.29
72    1    -0.014    2    2   1    0.74
107    2    -0.014    1    2   1    0.78
49    1    0.014    1    1   1    1.08
76    2    -0.037    1    2   1    0.74
137    2    -0.014    2    1   0    1.43
57    1    -0.014    2    2   1    0.60
73    1    0.000    2    2   0    0.69
7    1    -0.014    2    2   1    0.74
12    1    -0.014    2    2   1    1.12
18    1    0.000    2    2   0    0.80
145    2    0.037    2    1   1    0.57
135    2    0.037    2    1   1    0.67
47    1    -0.014    2    2   1    1.00
118    2    0.000    1    2   0    2.10
106    2    -0.037    1    2   1    0.64
23    1    0.000    2    2   0    1.66
149    2    0.014    2    1   1    0.70
86    2    -0.037    1    2   1    0.72
35    1    0.037    1    1   1    1.98
24    1    0.014    2    2   0    0.91
95    2    0.037    2    1   1    0.61
82    2    -0.014    1    2   1    0.61
102    2    -0.014    1    2   1    1.37
83    2    0.000    2    1   1    0.73
98    2    0.000    2    1   1    1.99
75    2    0.037    2    1   1    0.52
52    1    -0.014    2    2   1    1.47
51    1    -0.037    2    2   1    0.53
100    2    0.037    2    1   1    0.62
2    1    -0.014    2    2   1    0.86
99    2    0.014    2    1   1    1.24
