--------------------------------
20-Jul-2014 17:42:07 
data from observer A08 
#occlusion2 expt 
reference disparity (degrees) 0.160000 

stim order disp kresp testresp correct time
1    1    -0.074    1    1   0    5.13
2    2    0.083    2    1   1    31.43
3    2    -0.079    1    2   1    0.70
4    1    0.079    1    1   1    0.68
5    1    0.074    1    1   1    0.69
6    1    0.074    1    1   1    1.13
7    1    -0.069    2    2   1    0.79
8    2    -0.069    1    2   1    0.69
9    2    -0.065    1    2   1    1.23
10    1    -0.065    2    2   1    0.75
11    2    0.060    2    1   1    0.76
12    1    0.060    1    1   1    0.59
13    2    0.055    2    1   1    0.74
14    2    -0.055    1    2   1    0.64
15    2    0.051    2    1   1    0.70
16    2    -0.051    1    2   1    0.61
17    2    0.046    2    1   1    0.75
18    2    0.046    2    1   1    0.70
19    1    -0.042    2    2   1    0.70
20    1    -0.042    2    2   1    0.68
21    1    -0.037    2    2   1    0.67
22    1    0.037    1    1   1    0.76
23    1    -0.032    2    2   1    0.81
24    1    -0.032    2    2   1    0.79
25    1    0.028    1    1   1    0.80
26    1    -0.028    2    2   1    1.09
27    1    0.023    1    1   1    0.92
28    2    0.023    2    1   1    0.70
29    1    0.018    1    1   1    0.70
30    1    -0.018    2    2   1    0.88
31    1    0.014    1    1   1    0.75
32    2    -0.014    1    2   1    1.03
33    1    -0.009    2    2   1    1.18
34    1    0.009    1    1   1    1.20
35    2    0.005    2    1   1    1.25
36    1    -0.005    1    1   0    1.59
37    2    0.014    2    1   1    0.89
38    2    0.014    2    1   1    1.01
39    2    -0.009    1    2   1    0.66
40    2    -0.009    1    2   1    0.85
41    2    -0.005    1    2   1    0.84
42    1    -0.005    1    1   0    1.65
43    1    -0.014    2    2   1    0.71
44    2    0.014    2    1   1    0.80
45    2    -0.009    1    2   1    0.76
46    1    -0.009    1    1   0    0.92
47    1    -0.018    2    2   1    1.31
48    1    -0.018    2    2   1    0.76
49    1    0.014    1    1   1    0.87
50    2    -0.014    1    2   1    0.72
-------------------------
Final staircase threshold estimate (mean) is 0.0120
-------------------------
138    2    0.000    1    2   0    3.06
69    1    0.014    1    1   1    0.77
105    2    0.032    2    1   1    0.69
129    2    0.014    2    1   1    1.30
70    1    0.032    1    1   1    0.62
24    1    0.014    1    1   1    0.67
50    1    0.032    1    1   1    0.71
99    2    0.014    1    2   0    0.83
82    2    -0.014    1    2   1    0.67
46    1    -0.032    2    2   1    0.69
21    1    -0.032    2    2   1    0.98
10    1    0.032    1    1   1    0.74
35    1    0.032    1    1   1    0.67
34    1    0.014    1    1   1    0.73
128    2    0.000    1    2   0    0.80
61    1    -0.032    2    2   1    0.62
140    2    0.032    2    1   1    0.78
65    1    0.032    1    1   1    0.72
145    2    0.032    2    1   1    0.76
64    1    0.014    1    1   1    0.74
9    1    0.014    1    1   1    0.64
109    2    0.014    1    2   0    1.05
89    2    0.014    2    1   1    0.72
54    1    0.014    1    1   1    0.71
102    2    -0.014    1    2   1    0.78
148    2    0.000    1    2   0    1.19
91    2    -0.032    1    2   1    0.73
147    2    -0.014    1    2   1    0.83
59    1    0.014    1    1   1    0.72
16    1    -0.032    2    2   1    0.66
119    2    0.014    2    1   1    0.83
5    1    0.032    1    1   1    1.00
11    1    -0.032    2    2   1    0.70
45    1    0.032    1    1   1    0.61
142    2    -0.014    1    2   1    0.71
86    2    -0.032    1    2   1    0.63
36    1    -0.032    2    2   1    0.61
146    2    -0.032    1    2   1    0.65
3    1    0.000    2    2   0    1.50
52    1    -0.014    2    2   1    0.60
41    1    -0.032    2    2   1    0.64
130    2    0.032    2    1   1    0.68
85    2    0.032    2    1   1    0.72
40    1    0.032    1    1   1    0.62
31    1    -0.032    2    2   1    0.66
60    1    0.032    1    1   1    0.61
22    1    -0.014    2    2   1    0.59
149    2    0.014    2    1   1    1.55
79    2    0.014    2    1   1    0.59
98    2    0.000    2    1   1    1.19
75    2    0.032    2    1   1    0.72
143    2    0.000    2    1   1    1.15
73    1    0.000    2    2   0    0.88
56    1    -0.032    2    2   1    0.84
120    2    0.032    2    1   1    0.77
116    2    -0.032    1    2   1    0.66
19    1    0.014    1    1   1    1.08
84    2    0.014    2    1   1    0.79
94    2    0.014    2    1   1    1.85
135    2    0.032    2    1   1    0.71
103    2    0.000    2    1   1    1.58
55    1    0.032    1    1   1    0.81
72    1    -0.014    2    2   1    1.19
32    1    -0.014    2    2   1    0.82
66    1    -0.032    2    2   1    0.82
141    2    -0.032    1    2   1    0.67
118    2    0.000    2    1   1    0.97
110    2    0.032    2    1   1    0.78
96    2    -0.032    1    2   1    0.83
2    1    -0.014    2    2   1    1.01
23    1    0.000    2    2   0    0.90
111    2    -0.032    1    2   1    0.73
37    1    -0.014    2    2   1    0.67
27    1    -0.014    2    2   1    1.42
132    2    -0.014    1    2   1    1.74
76    2    -0.032    1    2   1    0.84
126    2    -0.032    1    2   1    0.64
134    2    0.014    2    1   1    0.92
136    2    -0.032    1    2   1    0.83
68    1    0.000    2    2   0    0.94
26    1    -0.032    2    2   1    0.69
122    2    -0.014    1    2   1    0.78
108    2    0.000    1    2   0    1.32
63    1    0.000    2    2   0    0.64
17    1    -0.014    2    2   1    0.75
131    2    -0.032    1    2   1    0.69
51    1    -0.032    2    2   1    0.68
48    1    0.000    1    1   1    1.22
83    2    0.000    2    1   1    1.28
100    2    0.032    2    1   1    0.61
8    1    0.000    1    1   1    0.73
7    1    -0.014    2    2   1    0.85
44    1    0.014    1    1   1    0.75
80    2    0.032    2    1   1    0.83
144    2    0.014    2    1   1    1.05
62    1    -0.014    2    2   1    0.70
58    1    0.000    1    1   1    1.09
115    2    0.032    2    1   1    0.60
14    1    0.014    1    1   1    0.70
121    2    -0.032    1    2   1    0.65
39    1    0.014    1    1   1    0.68
77    2    -0.014    1    2   1    0.98
137    2    -0.014    1    2   1    0.69
15    1    0.032    1    1   1    0.68
25    1    0.032    1    1   1    0.93
95    2    0.032    2    1   1    1.07
4    1    0.014    1    1   1    1.29
104    2    0.014    2    1   1    0.81
33    1    0.000    2    2   0    0.77
123    2    0.000    1    2   0    0.80
87    2    -0.014    1    2   1    1.52
107    2    -0.014    2    1   0    1.16
90    2    0.032    2    1   1    0.77
30    1    0.032    1    1   1    0.77
74    1    0.014    1    1   1    0.92
139    2    0.014    2    1   1    1.02
93    2    0.000    2    1   1    0.98
71    1    -0.032    2    2   1    0.80
97    2    -0.014    1    2   1    0.82
18    1    0.000    1    1   1    1.37
57    1    -0.014    1    1   0    0.90
53    1    0.000    1    1   1    1.50
28    1    0.000    1    1   1    1.29
47    1    -0.014    2    2   1    0.86
1    1    -0.032    2    2   1    0.62
42    1    -0.014    2    2   1    0.85
113    2    0.000    1    2   0    2.23
12    1    -0.014    2    2   1    0.82
29    1    0.014    1    1   1    0.84
78    2    0.000    2    1   1    1.70
150    2    0.032    2    1   1    0.66
133    2    0.000    2    1   1    0.70
67    1    -0.014    2    2   1    0.78
101    2    -0.032    1    2   1    0.77
13    1    0.000    2    2   0    1.11
43    1    0.000    2    2   0    1.05
117    2    -0.014    1    2   1    1.22
106    2    -0.032    1    2   1    0.69
49    1    0.014    1    1   1    1.45
6    1    -0.032    2    2   1    0.70
114    2    0.014    2    1   1    0.84
125    2    0.032    2    1   1    0.64
127    2    -0.014    1    2   1    0.77
38    1    0.000    2    2   0    1.95
81    2    -0.032    1    2   1    0.74
20    1    0.032    1    1   1    0.70
92    2    -0.014    2    1   0    1.50
112    2    -0.014    1    2   1    0.60
88    2    0.000    2    1   1    0.69
124    2    0.014    2    1   1    1.20
