--------------------------------
21-Jul-2014 11:04:53 
data from observer A09 
#occlusion2 expt 
reference disparity (degrees) 0.160000 

stim order disp kresp testresp correct time
1    1    0.074    1    1   1    4.87
2    2    -0.069    1    2   1    0.92
3    2    -0.065    1    2   1    0.79
4    2    0.060    2    1   1    0.84
5    2    0.055    2    1   1    1.20
6    1    0.051    1    1   1    1.38
7    1    0.046    2    2   0    1.58
8    1    0.055    1    1   1    1.27
9    2    -0.055    1    2   1    1.41
10    1    -0.051    2    2   1    0.84
11    2    0.051    2    1   1    1.25
12    2    -0.046    1    2   1    0.97
13    1    0.046    1    1   1    1.01
14    2    -0.042    2    1   0    2.24
15    2    -0.051    1    2   1    0.73
16    2    -0.051    1    2   1    0.97
17    1    0.046    1    1   1    1.18
18    2    0.046    2    1   1    0.92
19    1    0.042    1    1   1    1.81
20    2    -0.042    1    2   1    1.52
21    1    -0.037    2    2   1    1.33
22    2    0.037    2    1   1    1.31
23    2    0.032    1    2   0    1.07
24    1    0.042    1    1   1    0.84
25    2    -0.042    1    2   1    1.22
26    2    -0.037    1    2   1    1.67
27    1    0.037    1    1   1    1.23
28    1    0.032    1    1   1    1.03
29    1    -0.032    2    2   1    1.04
30    2    -0.028    1    2   1    0.74
31    1    0.028    1    1   1    0.94
32    2    -0.023    1    2   1    1.04
33    2    0.023    2    1   1    0.76
34    2    0.018    1    2   0    1.50
35    2    0.028    2    1   1    1.21
36    1    0.028    1    1   1    0.78
37    1    0.023    2    2   0    0.90
38    2    0.032    1    2   0    0.95
39    1    0.042    1    1   1    1.02
40    2    -0.042    1    2   1    0.89
41    1    -0.037    2    2   1    0.91
42    1    -0.037    2    2   1    0.82
43    2    -0.032    1    2   1    1.61
44    2    0.032    1    2   0    1.25
45    1    -0.042    2    2   1    1.56
46    2    0.042    2    1   1    1.17
47    1    -0.037    2    2   1    0.91
48    2    0.037    1    2   0    1.02
49    2    -0.046    1    2   1    1.18
50    1    -0.046    2    2   1    0.90
-------------------------
Final staircase threshold estimate (mean) is 0.0388
-------------------------
66    1    -0.097    2    2   1    5.03
111    2    -0.097    1    2   1    2.43
117    2    -0.037    1    2   1    2.80
41    1    -0.097    2    2   1    1.65
35    1    0.097    1    1   1    1.13
84    2    0.037    2    1   1    1.61
79    2    0.037    2    1   1    1.25
81    2    -0.097    1    2   1    1.39
49    1    0.037    1    1   1    1.20
17    1    -0.037    2    2   1    0.87
85    2    0.097    2    1   1    0.80
13    1    0.000    1    1   1    0.99
143    2    0.000    1    2   0    1.09
144    2    0.037    2    1   1    1.00
128    2    0.000    1    2   0    1.13
50    1    0.097    1    1   1    0.76
10    1    0.097    1    1   1    0.82
3    1    0.000    2    2   0    2.35
110    2    0.097    1    2   0    0.68
54    1    0.037    1    1   1    0.64
97    2    -0.037    1    2   1    1.13
60    1    0.097    1    1   1    0.66
20    1    0.097    1    1   1    0.73
67    1    -0.037    1    1   0    0.89
91    2    -0.097    1    2   1    3.08
90    2    0.097    2    1   1    0.92
112    2    -0.037    1    2   1    0.87
139    2    0.037    2    1   1    1.58
145    2    0.097    2    1   1    0.83
109    2    0.037    2    1   1    0.92
62    1    -0.037    2    2   1    1.69
33    1    0.000    2    2   0    1.32
129    2    0.037    2    1   1    2.10
121    2    -0.097    1    2   1    0.83
104    2    0.037    2    1   1    0.87
18    1    0.000    2    2   0    0.86
68    1    0.000    1    1   1    1.26
72    1    -0.037    2    2   1    0.96
59    1    0.037    1    1   1    0.94
2    1    -0.037    2    2   1    0.65
141    2    -0.097    1    2   1    0.91
26    1    -0.097    2    2   1    0.71
116    2    -0.097    1    2   1    1.47
71    1    -0.097    2    2   1    1.06
140    2    0.097    2    1   1    0.91
93    2    0.000    1    2   0    0.66
27    1    -0.037    2    2   1    0.68
36    1    -0.097    2    2   1    0.69
45    1    0.097    1    1   1    0.62
38    1    0.000    1    1   1    0.71
92    2    -0.037    1    2   1    0.83
89    2    0.037    2    1   1    0.64
55    1    0.097    1    1   1    0.65
88    2    0.000    1    2   0    0.88
4    1    0.037    1    1   1    1.09
57    1    -0.037    2    2   1    1.43
25    1    0.097    1    1   1    0.83
22    1    -0.037    2    2   1    1.18
115    2    0.097    2    1   1    0.82
131    2    -0.097    1    2   1    0.70
65    1    0.097    1    1   1    0.92
82    2    -0.037    1    2   1    1.16
73    1    0.000    1    1   1    1.07
30    1    0.097    1    1   1    0.86
120    2    0.097    2    1   1    1.10
40    1    0.097    1    1   1    0.82
31    1    -0.097    2    2   1    1.03
29    1    0.037    1    1   1    1.94
96    2    -0.097    2    1   0    1.36
132    2    -0.037    2    1   0    1.26
125    2    0.097    2    1   1    1.25
83    2    0.000    1    2   0    1.56
12    1    -0.037    2    2   1    0.96
95    2    0.097    2    1   1    4.37
46    1    -0.097    2    2   1    1.45
138    2    0.000    2    1   1    1.51
15    1    0.097    1    1   1    2.46
107    2    -0.037    1    2   1    1.31
76    2    -0.097    1    2   1    1.21
114    2    0.037    2    1   1    0.88
87    2    -0.037    2    1   0    1.76
113    2    0.000    2    1   1    0.93
142    2    -0.037    1    2   1    0.79
136    2    -0.097    1    2   1    1.68
80    2    0.097    2    1   1    0.93
42    1    -0.037    1    1   0    1.12
70    1    0.097    1    1   1    1.73
43    1    0.000    2    2   0    1.55
39    1    0.037    1    1   1    0.63
105    2    0.097    2    1   1    0.82
77    2    -0.037    2    1   0    1.40
119    2    0.037    2    1   1    1.28
21    1    -0.097    2    2   1    0.79
11    1    -0.097    2    2   1    0.79
44    1    0.037    1    1   1    0.78
51    1    -0.097    2    2   1    0.87
19    1    0.037    1    1   1    0.87
24    1    0.037    2    2   0    0.90
101    2    -0.097    2    1   0    1.56
7    1    -0.037    1    1   0    0.84
61    1    -0.097    2    2   1    0.86
99    2    0.037    2    1   1    0.79
56    1    -0.097    2    2   1    0.81
47    1    -0.037    2    2   1    1.27
148    2    0.000    1    2   0    1.16
78    2    0.000    1    2   0    0.93
106    2    -0.097    1    2   1    1.06
64    1    0.037    1    1   1    0.80
52    1    -0.037    2    2   1    0.70
135    2    0.097    2    1   1    0.84
23    1    0.000    1    1   1    1.22
37    1    -0.037    2    2   1    0.73
16    1    -0.097    2    2   1    0.92
94    2    0.037    2    1   1    0.83
1    1    -0.097    1    1   0    0.81
122    2    -0.037    2    1   0    0.93
147    2    -0.037    1    2   1    0.88
118    2    0.000    2    1   1    2.53
130    2    0.097    1    2   0    1.62
123    2    0.000    1    2   0    0.78
5    1    0.097    1    1   1    0.62
100    2    0.097    2    1   1    1.17
127    2    -0.037    1    2   1    0.74
6    1    -0.097    1    1   0    0.82
108    2    0.000    2    1   1    1.14
124    2    0.037    2    1   1    1.05
58    1    0.000    1    1   1    0.94
63    1    0.000    2    2   0    2.30
69    1    0.037    1    1   1    0.70
34    1    0.037    1    1   1    0.67
98    2    0.000    2    1   1    0.96
48    1    0.000    2    2   0    1.32
14    1    0.037    1    1   1    0.92
74    1    0.037    2    2   0    0.94
137    2    -0.037    1    2   1    1.95
28    1    0.000    1    1   1    0.93
86    2    -0.097    1    2   1    0.79
75    2    0.097    2    1   1    0.74
9    1    0.037    2    2   0    1.19
32    1    -0.037    2    2   1    0.83
146    2    -0.097    1    2   1    0.89
133    2    0.000    1    2   0    0.91
8    1    0.000    1    1   1    1.57
134    2    0.037    2    1   1    1.43
149    2    0.037    1    2   0    0.93
126    2    -0.097    1    2   1    0.82
103    2    0.000    1    2   0    1.15
102    2    -0.037    1    2   1    1.35
53    1    0.000    1    1   1    1.55
150    2    0.097    2    1   1    1.50
