--------------------------------
21-Jul-2014 11:12:08 
data from observer A09 
#occlusion2 expt 
reference disparity (degrees) 0.160000 

stim order disp kresp testresp correct time
1    2    0.074    2    1   1    1.33
2    2    -0.069    1    2   1    2.60
3    2    -0.065    1    2   1    0.81
4    1    -0.060    2    2   1    2.80
5    1    0.055    1    1   1    0.89
6    1    0.051    1    1   1    0.80
7    2    0.046    2    1   1    0.98
8    1    -0.042    2    2   1    0.80
9    2    0.037    2    1   1    0.75
10    1    -0.032    2    2   1    0.84
11    1    -0.028    1    1   0    0.81
12    1    -0.037    2    2   1    0.86
13    2    0.037    2    1   1    0.88
14    2    -0.032    1    2   1    1.02
15    1    -0.032    2    2   1    0.74
16    2    0.028    1    2   0    0.98
17    1    -0.037    2    2   1    2.05
18    1    0.037    1    1   1    0.75
19    2    0.032    1    2   0    2.13
20    2    -0.042    1    2   1    1.69
21    2    0.042    2    1   1    2.88
22    1    0.037    1    1   1    0.54
23    2    -0.037    1    2   1    0.88
24    2    0.032    2    1   1    0.80
25    1    0.032    1    1   1    0.68
26    2    -0.028    1    2   1    0.81
27    2    0.028    2    1   1    0.84
28    1    -0.023    1    1   0    0.78
29    2    -0.032    1    2   1    0.91
30    2    -0.032    1    2   1    1.75
31    2    -0.028    1    2   1    0.60
32    2    -0.028    1    2   1    0.84
33    2    -0.023    1    2   1    0.58
34    1    -0.023    2    2   1    1.09
35    1    0.018    1    1   1    0.46
36    2    0.018    1    2   0    0.76
37    2    0.028    1    2   0    0.45
38    1    0.037    1    1   1    0.79
39    2    0.037    2    1   1    0.99
40    2    0.032    2    1   1    1.07
41    2    -0.032    1    2   1    0.52
42    1    -0.028    2    2   1    1.31
43    1    0.028    1    1   1    0.69
44    1    0.023    2    2   0    0.90
45    2    0.032    1    2   0    1.16
46    2    0.042    2    1   1    0.81
47    2    0.042    2    1   1    1.26
48    1    0.037    1    1   1    0.96
49    1    -0.037    2    2   1    0.95
50    2    -0.032    1    2   1    1.12
-------------------------
Final staircase threshold estimate (mean) is 0.0332
-------------------------
71    1    -0.083    2    2   1    5.60
90    2    0.083    2    1   1    0.68
132    2    -0.032    2    1   0    1.19
119    2    0.032    2    1   1    0.80
67    1    -0.032    2    2   1    0.85
28    1    0.000    1    1   1    0.98
52    1    -0.032    2    2   1    0.68
33    1    0.000    1    1   1    0.84
105    2    0.083    2    1   1    0.70
98    2    0.000    2    1   1    1.73
29    1    0.032    1    1   1    1.33
81    2    -0.083    1    2   1    2.12
136    2    -0.083    1    2   1    1.74
120    2    0.083    2    1   1    1.11
16    1    -0.083    2    2   1    1.26
124    2    0.032    2    1   1    1.64
84    2    0.032    1    2   0    1.19
127    2    -0.032    1    2   1    0.99
134    2    0.032    2    1   1    0.98
74    1    0.032    1    1   1    0.62
36    1    -0.083    2    2   1    0.81
14    1    0.032    1    1   1    1.72
53    1    0.000    1    1   1    0.67
55    1    0.083    1    1   1    2.32
54    1    0.032    1    1   1    0.71
49    1    0.032    1    1   1    0.68
30    1    0.083    1    1   1    0.78
113    2    0.000    1    2   0    0.69
79    2    0.032    2    1   1    1.71
88    2    0.000    1    2   0    0.75
31    1    -0.083    2    2   1    3.54
39    1    0.032    1    1   1    0.86
63    1    0.000    1    1   1    3.16
51    1    -0.083    2    2   1    2.08
27    1    -0.032    1    1   0    0.97
109    2    0.032    2    1   1    1.17
94    2    0.032    1    2   0    1.66
91    2    -0.083    1    2   1    0.73
37    1    -0.032    2    2   1    0.78
62    1    -0.032    2    2   1    0.82
110    2    0.083    1    2   0    0.99
65    1    0.083    1    1   1    0.80
106    2    -0.083    1    2   1    0.83
92    2    -0.032    1    2   1    1.15
57    1    -0.032    2    2   1    0.78
38    1    0.000    2    2   0    0.81
86    2    -0.083    1    2   1    1.00
42    1    -0.032    2    2   1    1.10
102    2    -0.032    1    2   1    0.81
139    2    0.032    1    2   0    0.84
66    1    -0.083    2    2   1    0.75
144    2    0.032    2    1   1    1.46
143    2    0.000    1    2   0    2.42
133    2    0.000    1    2   0    0.87
40    1    0.083    1    1   1    0.78
10    1    0.083    1    1   1    0.69
145    2    0.083    2    1   1    1.09
95    2    0.083    2    1   1    0.84
9    1    0.032    1    1   1    0.79
73    1    0.000    1    1   1    0.77
61    1    -0.083    2    2   1    0.57
3    1    0.000    1    1   1    0.61
125    2    0.083    2    1   1    0.71
82    2    -0.032    1    2   1    0.79
99    2    0.032    2    1   1    0.85
118    2    0.000    1    2   0    0.83
115    2    0.083    2    1   1    0.95
4    1    0.032    2    2   0    1.63
97    2    -0.032    1    2   1    0.89
76    2    -0.083    1    2   1    0.58
80    2    0.083    2    1   1    0.52
89    2    0.032    2    1   1    0.86
5    1    0.083    1    1   1    0.78
122    2    -0.032    1    2   1    0.54
15    1    0.083    1    1   1    1.19
24    1    0.032    1    1   1    1.09
116    2    -0.083    1    2   1    0.62
7    1    -0.032    1    1   0    0.72
23    1    0.000    1    1   1    0.80
34    1    0.032    1    1   1    0.52
100    2    0.083    2    1   1    0.73
138    2    0.000    1    2   0    0.84
108    2    0.000    1    2   0    0.57
93    2    0.000    2    1   1    0.94
140    2    0.083    2    1   1    0.72
77    2    -0.032    1    2   1    0.80
75    2    0.083    2    1   1    0.56
12    1    -0.032    2    2   1    0.72
64    1    0.032    1    1   1    0.65
126    2    -0.083    1    2   1    0.74
44    1    0.032    1    1   1    0.67
45    1    0.083    1    1   1    0.56
104    2    0.032    2    1   1    0.82
68    1    0.000    1    1   1    1.32
107    2    -0.032    1    2   1    0.64
121    2    -0.083    1    2   1    2.02
87    2    -0.032    1    2   1    0.95
112    2    -0.032    1    2   1    0.56
32    1    -0.032    2    2   1    0.73
135    2    0.083    2    1   1    0.66
131    2    -0.083    1    2   1    0.67
129    2    0.032    2    1   1    0.95
72    1    -0.032    2    2   1    0.56
59    1    0.032    1    1   1    0.59
20    1    0.083    1    1   1    0.63
17    1    -0.032    2    2   1    0.64
146    2    -0.083    1    2   1    0.79
85    2    0.083    2    1   1    0.64
2    1    -0.032    1    1   0    0.87
137    2    -0.032    1    2   1    0.73
35    1    0.083    1    1   1    0.60
6    1    -0.083    2    2   1    0.64
21    1    -0.083    2    2   1    1.19
18    1    0.000    2    2   0    0.61
141    2    -0.083    1    2   1    0.48
117    2    -0.032    1    2   1    0.67
114    2    0.032    2    1   1    0.76
83    2    0.000    1    2   0    0.75
46    1    -0.083    2    2   1    0.61
96    2    -0.083    1    2   1    0.50
13    1    0.000    2    2   0    0.87
148    2    0.000    1    2   0    0.66
47    1    -0.032    1    1   0    0.71
43    1    0.000    1    1   1    1.00
111    2    -0.083    1    2   1    1.27
50    1    0.083    1    1   1    0.59
41    1    -0.083    2    2   1    0.67
25    1    0.083    1    1   1    0.86
142    2    -0.032    1    2   1    0.70
103    2    0.000    1    2   0    0.55
26    1    -0.083    2    2   1    0.72
101    2    -0.083    1    2   1    0.62
70    1    0.083    1    1   1    0.57
22    1    -0.032    2    2   1    0.73
147    2    -0.032    1    2   1    0.80
150    2    0.083    2    1   1    0.84
60    1    0.083    1    1   1    0.74
149    2    0.032    1    2   0    1.40
78    2    0.000    2    1   1    2.10
11    1    -0.083    2    2   1    1.10
48    1    0.000    1    1   1    0.79
128    2    0.000    2    1   1    1.03
130    2    0.083    2    1   1    0.80
19    1    0.032    1    1   1    0.47
123    2    0.000    1    2   0    0.69
1    1    -0.083    2    2   1    0.56
56    1    -0.083    2    2   1    0.53
58    1    0.000    1    1   1    0.76
8    1    0.000    2    2   0    0.74
69    1    0.032    1    1   1    0.45
