--------------------------------
21-Jul-2014 10:48:29 
data from observer A09 
#occlusion2 expt 
reference disparity (degrees) 0.160000 

stim order disp kresp testresp correct time
1    2    0.074    2    1   1    3.44
2    1    -0.069    2    2   1    4.38
3    2    -0.065    1    2   1    1.41
4    2    0.060    2    1   1    1.28
5    1    0.055    1    1   1    3.02
6    1    0.051    1    1   1    1.30
7    2    0.046    2    1   1    1.79
8    2    -0.042    1    2   1    2.72
9    2    0.037    2    1   1    2.07
10    2    0.032    2    1   1    3.72
11    2    0.028    2    1   1    1.46
12    2    -0.023    1    2   1    1.69
13    2    -0.018    1    2   1    4.92
14    2    0.014    2    1   1    1.55
15    1    0.009    1    1   1    2.99
16    2    -0.005    2    1   0    4.10
17    2    -0.014    2    1   0    2.79
18    1    -0.023    1    1   0    1.81
19    2    0.032    2    1   1    1.46
20    1    0.032    1    1   1    3.31
21    2    -0.028    1    2   1    1.91
22    1    0.028    1    1   1    1.59
23    1    0.023    1    1   1    1.46
24    2    0.023    2    1   1    1.22
25    2    -0.018    2    1   0    5.28
26    1    -0.028    2    2   1    2.64
27    1    -0.028    2    2   1    2.85
28    1    -0.023    2    2   1    4.78
29    1    -0.023    2    2   1    2.44
30    1    -0.018    2    2   1    1.31
31    1    -0.018    2    2   1    1.96
32    1    -0.014    1    1   0    2.06
33    2    0.023    2    1   1    3.08
34    2    -0.023    1    2   1    2.92
35    1    -0.018    2    2   1    1.66
36    1    0.018    1    1   1    2.95
37    1    0.014    1    1   1    2.00
38    2    0.014    2    1   1    4.84
39    2    0.009    2    1   1    2.64
40    2    -0.009    1    2   1    1.64
41    1    -0.005    1    1   0    4.32
42    1    0.014    2    2   0    4.97
43    1    -0.023    2    2   1    3.40
44    1    0.023    1    1   1    1.59
45    2    -0.018    1    2   1    3.39
46    2    -0.018    2    1   0    6.40
47    2    0.028    2    1   1    5.00
48    1    -0.028    1    1   0    3.18
49    1    0.037    1    1   1    1.27
50    2    0.037    2    1   1    2.14
-------------------------
Final staircase threshold estimate (mean) is 0.0231
-------------------------
31    1    -0.060    2    2   1    4.02
111    2    -0.060    1    2   1    0.63
147    2    -0.023    1    2   1    0.72
112    2    -0.023    1    2   1    0.68
3    1    0.000    2    2   0    0.81
13    1    0.000    1    1   1    0.60
66    1    -0.060    2    2   1    0.77
92    2    -0.023    1    2   1    1.09
37    1    -0.023    2    2   1    0.68
141    2    -0.060    1    2   1    0.60
124    2    0.023    2    1   1    0.53
88    2    0.000    2    1   1    1.04
63    1    0.000    2    2   0    0.93
52    1    -0.023    1    1   0    0.66
29    1    0.023    1    1   1    0.73
77    2    -0.023    1    2   1    0.76
76    2    -0.060    1    2   1    0.84
12    1    -0.023    2    2   1    0.85
27    1    -0.023    2    2   1    0.76
103    2    0.000    1    2   0    0.82
107    2    -0.023    2    1   0    0.56
24    1    0.023    1    1   1    0.59
106    2    -0.060    2    1   0    0.97
51    1    -0.060    2    2   1    1.13
18    1    0.000    1    1   1    1.26
131    2    -0.060    2    1   0    0.95
96    2    -0.060    1    2   1    0.86
19    1    0.023    2    2   0    1.03
144    2    0.023    1    2   0    1.27
133    2    0.000    2    1   1    1.14
101    2    -0.060    2    1   0    1.58
40    1    0.060    1    1   1    1.15
58    1    0.000    2    2   0    0.99
34    1    0.023    1    1   1    0.80
47    1    -0.023    1    1   0    0.90
53    1    0.000    2    2   0    1.31
87    2    -0.023    1    2   1    1.13
128    2    0.000    1    2   0    1.40
78    2    0.000    1    2   0    1.24
23    1    0.000    2    2   0    1.40
45    1    0.060    1    1   1    1.25
15    1    0.060    1    1   1    2.21
94    2    0.023    2    1   1    1.31
83    2    0.000    2    1   1    1.37
127    2    -0.023    2    1   0    2.11
82    2    -0.023    1    2   1    1.51
73    1    0.000    2    2   0    1.49
102    2    -0.023    1    2   1    1.83
64    1    0.023    2    2   0    1.81
121    2    -0.060    2    1   0    1.94
20    1    0.060    1    1   1    2.39
140    2    0.060    1    2   0    1.13
117    2    -0.023    1    2   1    1.52
10    1    0.060    1    1   1    1.31
26    1    -0.060    1    1   0    1.22
115    2    0.060    2    1   1    1.41
22    1    -0.023    2    2   1    1.44
98    2    0.000    1    2   0    0.86
25    1    0.060    1    1   1    1.60
61    1    -0.060    1    1   0    1.28
126    2    -0.060    1    2   1    1.34
136    2    -0.060    1    2   1    0.95
145    2    0.060    1    2   0    1.46
28    1    0.000    1    1   1    0.83
97    2    -0.023    1    2   1    1.57
35    1    0.060    1    1   1    4.96
4    1    0.023    1    1   1    0.94
114    2    0.023    2    1   1    1.65
74    1    0.023    2    2   0    1.55
108    2    0.000    1    2   0    0.84
38    1    0.000    2    2   0    0.80
138    2    0.000    1    2   0    1.20
44    1    0.023    2    2   0    0.72
65    1    0.060    1    1   1    0.73
79    2    0.023    1    2   0    1.10
69    1    0.023    2    2   0    0.89
118    2    0.000    1    2   0    1.70
110    2    0.060    2    1   1    0.77
68    1    0.000    1    1   1    0.71
150    2    0.060    1    2   0    1.60
36    1    -0.060    2    2   1    1.06
105    2    0.060    1    2   0    1.41
32    1    -0.023    2    2   1    1.73
59    1    0.023    1    1   1    1.40
11    1    -0.060    2    2   1    1.16
5    1    0.060    1    1   1    1.01
93    2    0.000    2    1   1    2.46
90    2    0.060    2    1   1    1.93
125    2    0.060    2    1   1    2.27
142    2    -0.023    1    2   1    1.31
16    1    -0.060    2    2   1    1.97
50    1    0.060    1    1   1    1.22
30    1    0.060    1    1   1    0.83
49    1    0.023    2    2   0    1.39
86    2    -0.060    1    2   1    1.07
39    1    0.023    1    1   1    1.12
8    1    0.000    2    2   0    1.94
122    2    -0.023    1    2   1    0.97
104    2    0.023    2    1   1    1.09
100    2    0.060    2    1   1    1.44
6    1    -0.060    2    2   1    1.48
56    1    -0.060    1    1   0    1.04
81    2    -0.060    1    2   1    0.87
119    2    0.023    2    1   1    1.39
7    1    -0.023    1    1   0    0.79
57    1    -0.023    2    2   1    2.32
67    1    -0.023    1    1   0    1.71
9    1    0.023    1    1   1    1.54
137    2    -0.023    1    2   1    0.97
46    1    -0.060    2    2   1    1.35
146    2    -0.060    1    2   1    0.99
75    2    0.060    2    1   1    2.12
129    2    0.023    1    2   0    1.01
149    2    0.023    2    1   1    1.13
132    2    -0.023    1    2   1    0.89
72    1    -0.023    1    1   0    0.99
116    2    -0.060    1    2   1    1.13
33    1    0.000    1    1   1    2.04
135    2    0.060    2    1   1    0.91
113    2    0.000    1    2   0    1.33
139    2    0.023    2    1   1    1.71
60    1    0.060    1    1   1    0.80
99    2    0.023    2    1   1    1.32
95    2    0.060    2    1   1    0.96
70    1    0.060    1    1   1    0.91
41    1    -0.060    2    2   1    0.85
1    1    -0.060    2    2   1    0.80
89    2    0.023    1    2   0    1.40
43    1    0.000    1    1   1    1.09
84    2    0.023    2    1   1    0.83
54    1    0.023    1    1   1    0.62
71    1    -0.060    2    2   1    1.25
120    2    0.060    2    1   1    0.96
109    2    0.023    1    2   0    0.63
143    2    0.000    1    2   0    0.76
55    1    0.060    2    2   0    1.29
85    2    0.060    2    1   1    0.88
21    1    -0.060    1    1   0    1.92
148    2    0.000    1    2   0    1.60
91    2    -0.060    1    2   1    0.73
48    1    0.000    1    1   1    1.14
17    1    -0.023    2    2   1    1.04
42    1    -0.023    1    1   0    2.02
2    1    -0.023    2    2   1    1.47
80    2    0.060    2    1   1    0.86
123    2    0.000    2    1   1    1.84
14    1    0.023    1    1   1    1.11
62    1    -0.023    2    2   1    1.23
134    2    0.023    2    1   1    2.03
130    2    0.060    2    1   1    0.81
