--------------------------------
21-Jul-2014 13:20:34 
data from observer A09 
#occlusion2 expt 
reference disparity (degrees) 0.160000 

stim order disp kresp testresp correct time
1    2    0.074    1    2   1    1.84
2    2    0.069    1    2   1    0.74
3    2    -0.065    2    1   1    0.84
4    1    -0.060    1    1   1    0.50
5    1    0.055    2    2   1    0.90
6    1    -0.051    1    1   1    0.68
7    1    0.046    2    2   1    0.91
8    2    0.042    1    2   1    1.27
9    2    -0.037    2    1   1    0.89
10    1    0.032    2    2   1    1.26
11    2    0.028    1    2   1    0.93
12    1    -0.023    1    1   1    1.02
13    1    0.018    2    2   1    0.61
14    1    0.014    2    2   1    0.72
15    2    -0.009    1    2   0    1.10
16    2    -0.018    2    1   1    0.64
17    2    0.018    1    2   1    0.58
18    1    0.014    2    2   1    0.62
19    1    -0.014    1    1   1    0.89
20    2    0.009    1    2   1    0.84
21    1    0.009    2    2   1    0.51
22    1    -0.005    1    1   1    0.70
23    2    -0.005    1    2   0    3.86
24    2    -0.014    2    1   1    0.78
25    2    0.014    1    2   1    0.84
26    2    -0.009    1    2   0    0.96
27    1    -0.018    1    1   1    0.81
28    1    0.018    1    1   0    0.75
29    2    -0.028    2    1   1    0.68
30    1    0.028    2    2   1    1.96
31    2    0.023    1    2   1    0.85
32    1    0.023    2    2   1    1.09
33    1    -0.018    1    1   1    0.68
34    2    0.018    1    2   1    1.02
35    2    -0.014    2    1   1    1.31
36    1    -0.014    1    1   1    0.78
37    2    -0.009    1    2   0    0.81
38    1    0.018    1    1   0    0.88
39    2    0.028    1    2   1    0.73
40    1    0.028    1    1   0    0.94
41    1    -0.037    1    1   1    0.65
42    1    0.037    2    2   1    0.82
43    1    -0.032    1    1   1    0.62
44    1    0.032    2    2   1    0.89
45    2    0.028    1    2   1    0.83
46    1    0.028    2    2   1    0.76
47    1    0.023    1    1   0    3.01
48    1    -0.032    1    1   1    0.60
49    1    -0.032    1    1   1    0.67
50    1    -0.028    1    1   1    0.63
-------------------------
Final staircase threshold estimate (mean) is 0.0309
-------------------------
10    1    0.079    2    2   0    4.11
40    1    0.079    2    2   0    0.65
115    2    0.079    1    2   0    0.64
22    1    -0.032    1    1   0    1.56
69    1    0.032    2    2   0    0.61
147    2    -0.032    2    1   0    0.76
31    1    -0.079    1    1   0    0.51
71    1    -0.079    1    1   0    0.55
24    1    0.032    2    2   0    0.78
43    1    0.000    1    1   1    1.14
55    1    0.079    2    2   0    0.57
111    2    -0.079    2    1   0    0.73
26    1    -0.079    1    1   0    1.16
129    2    0.032    1    2   0    1.34
45    1    0.079    2    2   0    1.23
136    2    -0.079    2    1   0    1.28
150    2    0.079    2    1   1    2.10
37    1    -0.032    1    1   0    1.37
44    1    0.032    2    2   0    1.32
123    2    0.000    1    2   0    0.93
1    1    -0.079    1    1   0    1.52
48    1    0.000    2    2   0    0.75
23    1    0.000    1    1   1    1.68
19    1    0.032    2    2   0    0.84
17    1    -0.032    1    1   0    1.00
131    2    -0.079    2    1   0    0.67
6    1    -0.079    1    1   0    1.03
70    1    0.079    2    2   0    0.74
15    1    0.079    2    2   0    0.72
8    1    0.000    2    2   0    1.06
114    2    0.032    1    2   0    1.06
54    1    0.032    2    2   0    0.65
9    1    0.032    2    2   0    0.76
32    1    -0.032    1    1   0    0.91
130    2    0.079    2    1   1    1.10
137    2    -0.032    1    2   1    0.69
140    2    0.079    1    2   0    0.79
91    2    -0.079    2    1   0    1.31
47    1    -0.032    1    1   0    0.74
53    1    0.000    2    2   0    0.67
83    2    0.000    1    2   0    0.99
62    1    -0.032    1    1   0    1.44
141    2    -0.079    2    1   0    0.96
88    2    0.000    1    2   0    1.01
12    1    -0.032    1    1   0    1.75
138    2    0.000    1    2   0    0.83
97    2    -0.032    2    1   0    0.90
82    2    -0.032    2    1   0    1.02
81    2    -0.079    2    1   0    0.77
11    1    -0.079    2    2   1    1.82
96    2    -0.079    2    1   0    0.85
30    1    0.079    2    2   0    0.67
103    2    0.000    2    1   1    0.73
92    2    -0.032    2    1   0    0.67
16    1    -0.079    1    1   0    0.95
14    1    0.032    2    2   0    0.87
77    2    -0.032    2    1   0    0.92
125    2    0.079    1    2   0    0.73
107    2    -0.032    2    1   0    0.82
93    2    0.000    2    1   1    1.57
104    2    0.032    1    2   0    0.82
28    1    0.000    2    2   0    0.76
75    2    0.079    1    2   0    0.99
109    2    0.032    2    1   1    1.07
73    1    0.000    2    2   0    0.78
42    1    -0.032    1    1   0    0.72
58    1    0.000    2    2   0    0.88
76    2    -0.079    2    1   0    0.84
94    2    0.032    2    1   1    0.67
57    1    -0.032    1    1   0    0.69
105    2    0.079    2    1   1    0.91
133    2    0.000    2    1   1    0.87
49    1    0.032    1    1   1    0.95
95    2    0.079    1    2   0    0.77
34    1    0.032    1    1   1    0.72
110    2    0.079    1    2   0    1.04
117    2    -0.032    2    1   0    0.78
148    2    0.000    1    2   0    0.94
65    1    0.079    2    2   0    1.62
13    1    0.000    2    2   0    0.62
101    2    -0.079    2    1   0    0.78
100    2    0.079    2    1   1    3.70
46    1    -0.079    1    1   0    0.61
51    1    -0.079    1    1   0    0.78
90    2    0.079    1    2   0    0.96
80    2    0.079    1    2   0    1.17
119    2    0.032    1    2   0    0.81
108    2    0.000    1    2   0    1.11
68    1    0.000    1    1   1    2.54
126    2    -0.079    2    1   0    1.13
143    2    0.000    1    2   0    1.51
127    2    -0.032    2    1   0    1.17
118    2    0.000    2    1   1    1.08
56    1    -0.079    2    2   1    0.97
122    2    -0.032    1    2   1    0.70
27    1    -0.032    1    1   0    1.06
135    2    0.079    1    2   0    1.67
113    2    0.000    2    1   1    1.07
134    2    0.032    1    2   0    1.02
2    1    -0.032    1    1   0    0.90
63    1    0.000    2    2   0    1.01
142    2    -0.032    1    2   1    0.88
128    2    0.000    2    1   1    0.94
41    1    -0.079    1    1   0    0.70
20    1    0.079    2    2   0    0.66
3    1    0.000    2    2   0    1.45
52    1    -0.032    2    2   1    0.91
98    2    0.000    1    2   0    0.80
144    2    0.032    2    1   1    0.79
84    2    0.032    1    2   0    0.66
33    1    0.000    2    2   0    0.63
124    2    0.032    1    2   0    0.69
146    2    -0.079    2    1   0    0.81
120    2    0.079    1    2   0    0.80
39    1    0.032    2    2   0    0.50
102    2    -0.032    2    1   0    0.87
36    1    -0.079    2    2   1    0.82
21    1    -0.079    2    2   1    0.68
64    1    0.032    1    1   1    1.14
61    1    -0.079    1    1   0    1.19
116    2    -0.079    2    1   0    1.29
85    2    0.079    1    2   0    0.64
74    1    0.032    2    2   0    0.63
89    2    0.032    1    2   0    0.77
112    2    -0.032    2    1   0    1.82
29    1    0.032    1    1   1    1.24
87    2    -0.032    2    1   0    0.96
25    1    0.079    2    2   0    1.21
66    1    -0.079    2    2   1    2.37
86    2    -0.079    2    1   0    2.49
5    1    0.079    2    2   0    0.58
18    1    0.000    1    1   1    1.29
145    2    0.079    1    2   0    0.97
59    1    0.032    2    2   0    1.21
35    1    0.079    2    2   0    1.15
79    2    0.032    1    2   0    1.41
121    2    -0.079    2    1   0    0.80
78    2    0.000    1    2   0    0.76
139    2    0.032    1    2   0    0.83
149    2    0.032    1    2   0    0.86
67    1    -0.032    1    1   0    1.01
132    2    -0.032    1    2   1    0.81
106    2    -0.079    2    1   0    1.10
4    1    0.032    2    2   0    1.14
50    1    0.079    2    2   0    1.42
99    2    0.032    1    2   0    0.91
72    1    -0.032    1    1   0    0.85
7    1    -0.032    1    1   0    0.81
60    1    0.079    2    2   0    0.90
38    1    0.000    1    1   1    0.97
