--------------------------------
21-Jul-2014 13:27:08 
data from observer A09 
#occlusion2 expt 
reference disparity (degrees) 0.160000 

stim order disp kresp testresp correct time
1    1    0.074    2    2   1    1.17
2    1    -0.069    1    1   1    0.88
3    2    -0.065    2    1   1    0.77
4    1    0.060    1    1   0    0.84
5    1    0.069    2    2   1    1.13
6    1    -0.069    1    1   1    0.87
7    2    0.065    2    1   0    1.29
8    1    0.074    2    2   1    1.33
9    2    0.074    1    2   1    1.62
10    1    0.069    2    2   1    0.84
11    1    0.069    2    2   1    1.90
12    1    -0.065    1    1   1    0.72
13    2    0.065    1    2   1    0.68
14    1    0.060    2    2   1    0.74
15    2    0.060    1    2   1    0.74
16    1    0.055    2    2   1    0.82
17    1    -0.055    1    1   1    0.59
18    2    -0.051    2    1   1    0.67
19    2    -0.051    1    2   0    0.75
20    2    -0.060    2    1   1    0.68
21    1    -0.060    1    1   1    1.18
22    1    0.055    2    2   1    0.84
23    1    -0.055    1    1   1    0.77
24    1    -0.051    2    2   0    0.75
25    2    -0.060    2    1   1    1.62
26    1    -0.060    1    1   1    0.42
27    1    -0.055    2    2   0    0.75
28    1    -0.065    2    2   0    0.76
29    2    0.074    1    2   1    0.72
30    1    0.074    2    2   1    0.64
31    2    0.069    1    2   1    0.60
32    2    -0.069    1    2   0    0.57
33    1    0.079    2    2   1    0.76
34    1    0.079    2    2   1    0.91
35    2    0.074    1    2   1    1.05
36    2    -0.074    2    1   1    0.70
37    1    -0.069    1    1   1    0.98
38    1    -0.069    2    2   0    0.75
39    1    -0.079    2    2   0    1.42
40    2    0.088    2    1   0    1.76
41    2    0.097    1    2   1    0.75
42    2    -0.097    2    1   1    0.74
43    1    0.092    2    2   1    1.16
44    2    -0.092    2    1   1    0.74
45    2    0.088    2    1   0    2.83
46    1    -0.097    1    1   1    3.35
47    2    0.097    1    2   1    1.04
48    2    0.092    2    1   0    0.85
49    1    0.102    2    2   1    2.73
50    1    0.102    2    2   1    0.79
-------------------------
Final staircase threshold estimate (mean) is 0.0956
-------------------------
84    2    0.097    1    2   0    4.09
74    1    0.097    2    2   0    0.84
91    2    -0.148    2    1   0    0.73
24    1    0.097    2    2   0    0.81
94    2    0.097    1    2   0    0.79
114    2    0.097    2    1   1    0.54
36    1    -0.148    1    1   0    0.97
71    1    -0.148    1    1   0    5.06
138    2    0.000    2    1   1    0.97
81    2    -0.148    2    1   0    0.99
19    1    0.097    2    2   0    1.06
52    1    -0.097    1    1   0    0.81
136    2    -0.148    2    1   0    0.74
42    1    -0.097    1    1   0    0.80
93    2    0.000    1    2   0    1.08
62    1    -0.097    2    2   1    0.63
3    1    0.000    1    1   1    2.09
20    1    0.148    2    2   0    1.69
49    1    0.097    2    2   0    0.71
108    2    0.000    2    1   1    1.75
111    2    -0.148    1    2   1    0.95
126    2    -0.148    2    1   0    0.76
28    1    0.000    1    1   1    0.77
46    1    -0.148    1    1   0    0.93
134    2    0.097    1    2   0    3.12
48    1    0.000    2    2   0    1.02
13    1    0.000    1    1   1    0.93
34    1    0.097    2    2   0    0.67
37    1    -0.097    1    1   0    0.69
127    2    -0.097    2    1   0    0.61
56    1    -0.148    1    1   0    0.84
45    1    0.148    2    2   0    0.64
33    1    0.000    2    2   0    1.20
1    1    -0.148    1    1   0    0.56
130    2    0.148    1    2   0    0.67
98    2    0.000    1    2   0    1.44
115    2    0.148    1    2   0    0.74
67    1    -0.097    1    1   0    0.64
31    1    -0.148    1    1   0    0.80
7    1    -0.097    1    1   0    4.38
132    2    -0.097    2    1   0    3.77
143    2    0.000    2    1   1    0.94
50    1    0.148    2    2   0    1.23
131    2    -0.148    2    1   0    1.36
69    1    0.097    1    1   1    1.14
80    2    0.148    1    2   0    0.68
60    1    0.148    2    2   0    0.48
89    2    0.097    1    2   0    0.63
51    1    -0.148    1    1   0    2.04
116    2    -0.148    2    1   0    0.73
87    2    -0.097    2    1   0    0.74
119    2    0.097    1    2   0    1.15
92    2    -0.097    2    1   0    1.16
122    2    -0.097    1    2   1    0.65
12    1    -0.097    1    1   0    0.91
14    1    0.097    2    2   0    0.73
64    1    0.097    1    1   1    0.75
141    2    -0.148    2    1   0    0.73
90    2    0.148    1    2   0    0.63
133    2    0.000    2    1   1    0.69
148    2    0.000    2    1   1    1.25
22    1    -0.097    1    1   0    2.74
79    2    0.097    1    2   0    0.78
61    1    -0.148    1    1   0    0.88
88    2    0.000    1    2   0    0.73
27    1    -0.097    1    1   0    0.94
11    1    -0.148    1    1   0    0.89
15    1    0.148    2    2   0    0.53
6    1    -0.148    1    1   0    0.87
150    2    0.148    1    2   0    0.61
104    2    0.097    1    2   0    0.87
101    2    -0.148    2    1   0    0.71
32    1    -0.097    1    1   0    1.19
23    1    0.000    1    1   1    0.81
54    1    0.097    2    2   0    0.55
95    2    0.148    1    2   0    0.74
110    2    0.148    1    2   0    0.81
39    1    0.097    2    2   0    0.83
21    1    -0.148    1    1   0    0.64
25    1    0.148    2    2   0    0.70
40    1    0.148    2    2   0    0.82
145    2    0.148    1    2   0    0.52
68    1    0.000    2    2   0    0.88
142    2    -0.097    2    1   0    0.89
4    1    0.097    2    2   0    0.91
96    2    -0.148    2    1   0    0.65
146    2    -0.148    1    2   1    0.57
18    1    0.000    1    1   1    0.86
128    2    0.000    1    2   0    0.69
117    2    -0.097    1    2   1    0.59
26    1    -0.148    1    1   0    0.67
2    1    -0.097    1    1   0    1.40
123    2    0.000    1    2   0    1.86
10    1    0.148    2    2   0    0.71
47    1    -0.097    1    1   0    0.61
86    2    -0.148    2    1   0    0.64
58    1    0.000    1    1   1    0.59
106    2    -0.148    2    1   0    0.53
65    1    0.148    2    2   0    0.69
85    2    0.148    1    2   0    0.67
53    1    0.000    2    2   0    0.74
77    2    -0.097    1    2   1    0.72
120    2    0.148    1    2   0    0.77
100    2    0.148    1    2   0    1.00
17    1    -0.097    1    1   0    1.03
99    2    0.097    2    1   1    1.48
66    1    -0.148    1    1   0    0.53
97    2    -0.097    2    1   0    0.56
59    1    0.097    2    2   0    0.75
135    2    0.148    1    2   0    0.51
29    1    0.097    2    2   0    0.59
144    2    0.097    1    2   0    0.57
105    2    0.148    1    2   0    0.60
8    1    0.000    2    2   0    1.67
129    2    0.097    1    2   0    0.58
73    1    0.000    1    1   1    3.17
103    2    0.000    1    2   0    0.82
139    2    0.097    1    2   0    1.34
30    1    0.148    2    2   0    0.55
70    1    0.148    2    2   0    0.59
35    1    0.148    2    2   0    0.72
113    2    0.000    1    2   0    0.48
147    2    -0.097    2    1   0    0.59
140    2    0.148    1    2   0    0.58
16    1    -0.148    1    1   0    1.00
76    2    -0.148    2    1   0    0.72
109    2    0.097    2    1   1    1.22
83    2    0.000    2    1   1    1.30
125    2    0.148    1    2   0    0.72
43    1    0.000    2    2   0    0.56
149    2    0.097    1    2   0    0.63
63    1    0.000    2    2   0    0.71
78    2    0.000    1    2   0    0.91
75    2    0.148    1    2   0    1.03
5    1    0.148    2    2   0    0.69
137    2    -0.097    2    1   0    1.20
44    1    0.097    2    2   0    1.21
102    2    -0.097    1    2   1    1.96
124    2    0.097    1    2   0    0.89
57    1    -0.097    1    1   0    0.59
118    2    0.000    1    2   0    1.20
41    1    -0.148    1    1   0    1.02
9    1    0.097    2    2   0    0.73
112    2    -0.097    1    2   1    0.73
121    2    -0.148    2    1   0    0.74
38    1    0.000    1    1   1    1.12
107    2    -0.097    1    2   1    1.34
55    1    0.148    2    2   0    1.12
72    1    -0.097    1    1   0    0.76
82    2    -0.097    2    1   0    0.73
