--------------------------------
21-Jul-2014 13:40:09 
data from observer A09 
#occlusion2 expt 
reference disparity (degrees) 0.160000 

stim order disp kresp testresp correct time
1    1    -0.074    1    1   1    1.68
2    1    -0.069    1    1   1    0.83
3    2    0.065    1    2   1    0.78
4    1    0.060    2    2   1    0.88
5    1    -0.055    1    1   1    0.62
6    1    -0.051    1    1   1    0.83
7    1    -0.046    1    1   1    0.64
8    1    -0.042    1    1   1    0.66
9    2    0.037    1    2   1    0.70
10    2    0.032    1    2   1    1.02
11    2    -0.028    1    2   0    2.33
12    1    0.037    1    1   0    0.66
13    1    -0.046    1    1   1    2.69
14    2    0.046    1    2   1    0.76
15    1    -0.042    1    1   1    0.63
16    2    0.042    1    2   1    0.56
17    1    -0.037    1    1   1    0.73
18    2    0.037    1    2   1    0.72
19    2    0.032    1    2   1    0.65
20    2    -0.032    1    2   0    0.49
21    1    0.042    1    1   0    0.38
22    2    -0.051    1    2   0    0.47
23    2    -0.060    1    2   0    0.41
24    2    -0.069    1    2   0    0.46
25    2    0.079    1    2   1    0.24
26    1    -0.079    2    2   0    0.88
27    1    0.088    2    2   1    0.76
28    1    -0.088    2    2   0    0.91
29    1    -0.097    1    1   1    2.58
30    1    0.097    1    1   0    1.60
31    2    -0.106    2    1   1    1.45
32    1    0.106    2    2   1    1.07
33    2    -0.102    2    1   1    1.04
34    1    -0.102    1    1   1    0.62
35    1    0.097    2    2   1    0.91
36    1    -0.097    2    2   0    1.40
37    2    -0.106    2    1   1    0.68
38    2    -0.106    2    1   1    0.71
39    2    -0.102    2    1   1    0.52
40    2    0.102    2    1   0    0.61
41    2    0.111    1    2   1    0.64
42    1    0.111    2    2   1    0.73
43    1    -0.106    2    2   0    0.80
44    1    -0.115    1    1   1    0.43
45    2    0.115    1    2   1    0.83
46    1    -0.111    1    1   1    0.56
47    2    0.111    2    1   0    1.24
48    1    -0.120    1    1   1    0.64
49    1    0.120    2    2   1    0.76
50    1    -0.115    1    1   1    0.60
-------------------------
Final staircase threshold estimate (mean) is 0.1136
-------------------------
47    1    -0.115    1    1   0    2.62
12    1    -0.115    1    1   0    0.84
77    2    -0.115    2    1   0    0.94
58    1    0.000    2    2   0    1.19
102    2    -0.115    1    2   1    0.66
78    2    0.000    2    1   1    0.82
124    2    0.115    1    2   0    0.72
119    2    0.115    1    2   0    0.72
61    1    -0.148    1    1   0    0.65
149    2    0.115    1    2   0    0.60
93    2    0.000    1    2   0    0.69
89    2    0.115    1    2   0    0.59
122    2    -0.115    1    2   1    1.11
123    2    0.000    2    1   1    1.02
139    2    0.115    1    2   0    1.20
56    1    -0.148    1    1   0    0.57
46    1    -0.148    1    1   0    0.57
60    1    0.148    2    2   0    1.10
33    1    0.000    1    1   1    0.50
70    1    0.148    2    2   0    0.62
24    1    0.115    2    2   0    4.06
41    1    -0.148    1    1   0    1.18
84    2    0.115    1    2   0    0.65
147    2    -0.115    1    2   1    0.65
121    2    -0.148    2    1   0    1.19
133    2    0.000    1    2   0    0.73
53    1    0.000    1    1   1    0.79
50    1    0.148    2    2   0    0.64
108    2    0.000    1    2   0    0.72
57    1    -0.115    1    1   0    0.73
55    1    0.148    2    2   0    0.89
145    2    0.148    1    2   0    1.31
42    1    -0.115    2    2   1    0.99
67    1    -0.115    1    1   0    0.69
45    1    0.148    2    2   0    0.73
52    1    -0.115    1    1   0    0.65
59    1    0.115    2    2   0    1.28
99    2    0.115    1    2   0    0.57
109    2    0.115    2    1   1    0.58
105    2    0.148    1    2   0    0.55
39    1    0.115    2    2   0    0.66
9    1    0.115    2    2   0    0.69
6    1    -0.148    1    1   0    0.51
79    2    0.115    1    2   0    0.62
14    1    0.115    2    2   0    1.18
104    2    0.115    1    2   0    0.66
101    2    -0.148    2    1   0    0.55
26    1    -0.148    1    1   0    0.52
40    1    0.148    2    2   0    0.64
92    2    -0.115    1    2   1    0.69
72    1    -0.115    1    1   0    0.66
103    2    0.000    1    2   0    1.47
141    2    -0.148    1    2   1    0.88
113    2    0.000    1    2   0    1.34
62    1    -0.115    2    2   1    1.06
7    1    -0.115    1    1   0    0.71
144    2    0.115    2    1   1    0.71
130    2    0.148    1    2   0    0.59
43    1    0.000    2    2   0    1.16
28    1    0.000    1    1   1    0.73
117    2    -0.115    1    2   1    1.46
148    2    0.000    2    1   1    1.03
82    2    -0.115    1    2   1    1.50
36    1    -0.148    2    2   1    0.79
4    1    0.115    1    1   1    0.79
98    2    0.000    1    2   0    1.95
106    2    -0.148    2    1   0    1.12
38    1    0.000    1    1   1    0.99
13    1    0.000    2    2   0    0.69
8    1    0.000    1    1   1    0.56
100    2    0.148    1    2   0    0.75
17    1    -0.115    1    1   0    0.67
136    2    -0.148    1    2   1    0.68
64    1    0.115    2    2   0    0.69
73    1    0.000    1    1   1    0.59
111    2    -0.148    2    1   0    0.63
142    2    -0.115    2    1   0    0.81
138    2    0.000    1    2   0    0.66
74    1    0.115    2    2   0    0.75
66    1    -0.148    1    1   0    0.61
83    2    0.000    2    1   1    0.99
27    1    -0.115    1    1   0    0.57
91    2    -0.148    1    2   1    0.81
71    1    -0.148    2    2   1    0.48
110    2    0.148    1    2   0    0.58
132    2    -0.115    1    2   1    0.98
35    1    0.148    2    2   0    0.80
63    1    0.000    1    1   1    0.53
126    2    -0.148    1    2   1    2.07
107    2    -0.115    2    1   0    0.83
23    1    0.000    1    1   1    0.43
140    2    0.148    2    1   1    0.57
143    2    0.000    1    2   0    0.43
37    1    -0.115    1    1   0    0.91
128    2    0.000    2    1   1    0.62
20    1    0.148    1    1   1    0.99
44    1    0.115    2    2   0    1.02
80    2    0.148    1    2   0    0.91
3    1    0.000    2    2   0    0.65
120    2    0.148    1    2   0    0.50
135    2    0.148    1    2   0    0.83
2    1    -0.115    2    2   1    0.64
34    1    0.115    1    1   1    0.58
10    1    0.148    1    1   1    4.62
54    1    0.115    1    1   1    1.10
49    1    0.115    1    1   1    1.49
18    1    0.000    1    1   1    1.37
5    1    0.148    2    2   0    0.64
19    1    0.115    2    2   0    1.06
76    2    -0.148    2    1   0    0.88
85    2    0.148    1    2   0    0.45
137    2    -0.115    2    1   0    0.45
51    1    -0.148    1    1   0    0.47
118    2    0.000    2    1   1    1.84
86    2    -0.148    1    2   1    0.51
112    2    -0.115    2    1   0    0.83
11    1    -0.148    1    1   0    0.68
129    2    0.115    1    2   0    0.76
69    1    0.115    2    2   0    1.17
127    2    -0.115    2    1   0    0.65
29    1    0.115    2    2   0    0.65
16    1    -0.148    1    1   0    0.59
116    2    -0.148    2    1   0    0.55
48    1    0.000    1    1   1    0.76
96    2    -0.148    2    1   0    0.72
68    1    0.000    1    1   1    0.79
22    1    -0.115    1    1   0    0.56
87    2    -0.115    2    1   0    0.62
1    1    -0.148    1    1   0    0.61
94    2    0.115    1    2   0    0.76
90    2    0.148    1    2   0    0.74
30    1    0.148    2    2   0    0.64
31    1    -0.148    1    1   0    0.59
114    2    0.115    1    2   0    0.67
134    2    0.115    1    2   0    0.61
97    2    -0.115    2    1   0    0.85
131    2    -0.148    2    1   0    1.53
75    2    0.148    1    2   0    0.66
32    1    -0.115    1    1   0    0.68
25    1    0.148    2    2   0    0.72
95    2    0.148    1    2   0    0.57
115    2    0.148    1    2   0    1.42
150    2    0.148    1    2   0    0.61
81    2    -0.148    2    1   0    1.62
15    1    0.148    2    2   0    1.01
88    2    0.000    1    2   0    0.61
125    2    0.148    1    2   0    0.68
21    1    -0.148    1    1   0    0.82
146    2    -0.148    2    1   0    0.75
65    1    0.148    2    2   0    0.79
