--------------------------------
21-Jul-2014 13:33:48 
data from observer A09 
#occlusion2 expt 
reference disparity (degrees) 0.160000 

stim order disp kresp testresp correct time
1    1    0.074    1    1   0    2.77
2    2    -0.083    2    1   1    0.67
3    2    -0.079    2    1   1    0.69
4    2    -0.079    2    1   1    0.75
5    2    -0.074    2    1   1    0.67
6    2    -0.074    2    1   1    0.64
7    1    -0.069    1    1   1    1.00
8    1    0.069    2    2   1    0.75
9    1    0.065    2    2   1    0.78
10    2    0.065    2    1   0    1.52
11    1    0.074    2    2   1    0.86
12    2    -0.074    2    1   1    0.69
13    2    -0.069    1    2   0    0.97
14    1    -0.079    1    1   1    0.96
15    1    0.079    2    2   1    0.74
16    2    0.074    1    2   1    0.51
17    1    0.074    2    2   1    0.88
18    1    0.069    1    1   0    0.70
19    2    0.079    1    2   1    0.74
20    1    -0.079    1    1   1    0.66
21    1    -0.074    1    1   1    0.78
22    1    -0.074    1    1   1    0.75
23    1    0.069    2    2   1    1.04
24    1    0.069    2    2   1    0.72
25    1    0.065    2    2   1    0.77
26    2    -0.065    2    1   1    0.72
27    1    0.060    2    2   1    0.93
28    1    0.060    1    1   0    0.96
29    2    -0.069    1    2   0    6.21
30    2    0.079    1    2   1    2.36
31    1    0.079    2    2   1    1.21
32    2    0.074    1    2   1    0.92
33    2    0.074    1    2   1    1.38
34    1    -0.069    1    1   1    0.80
35    2    0.069    1    2   1    0.63
36    2    -0.065    2    1   1    0.91
37    2    0.065    1    2   1    1.65
38    1    -0.060    1    1   1    0.90
39    1    0.060    1    1   0    1.45
40    2    0.069    1    2   1    0.73
41    1    -0.069    1    1   1    0.66
42    2    -0.065    2    1   1    0.96
43    2    0.065    1    2   1    0.82
44    2    0.060    1    2   1    0.61
45    1    -0.060    1    1   1    0.69
46    2    0.055    1    2   1    0.71
47    2    0.055    1    2   1    0.72
48    2    -0.051    2    1   1    0.73
49    2    -0.051    2    1   1    0.77
50    1    -0.046    1    1   1    0.69
-------------------------
Final staircase threshold estimate (mean) is 0.0577
-------------------------
113    2    0.000    2    1   1    1.01
6    1    -0.143    1    1   0    0.54
82    2    -0.055    2    1   0    0.64
149    2    0.055    1    2   0    0.68
141    2    -0.143    2    1   0    0.74
103    2    0.000    1    2   0    1.35
15    1    0.143    2    2   0    0.62
109    2    0.055    1    2   0    0.72
7    1    -0.055    1    1   0    0.61
49    1    0.055    2    2   0    0.65
129    2    0.055    1    2   0    0.81
68    1    0.000    1    1   1    1.02
73    1    0.000    1    1   1    1.02
79    2    0.055    1    2   0    0.80
128    2    0.000    1    2   0    1.06
145    2    0.143    1    2   0    0.71
88    2    0.000    1    2   0    0.79
121    2    -0.143    2    1   0    0.83
114    2    0.055    1    2   0    1.02
37    1    -0.055    1    1   0    0.60
120    2    0.143    1    2   0    0.57
92    2    -0.055    2    1   0    1.31
66    1    -0.143    1    1   0    1.03
67    1    -0.055    1    1   0    0.66
148    2    0.000    1    2   0    0.56
14    1    0.055    1    1   1    0.63
42    1    -0.055    1    1   0    0.87
93    2    0.000    1    2   0    0.94
78    2    0.000    1    2   0    0.63
143    2    0.000    1    2   0    0.62
53    1    0.000    1    1   1    0.55
59    1    0.055    2    2   0    1.36
125    2    0.143    1    2   0    1.75
107    2    -0.055    1    2   1    0.57
131    2    -0.143    2    1   0    0.82
46    1    -0.143    1    1   0    0.59
127    2    -0.055    1    2   1    1.72
108    2    0.000    1    2   0    0.83
1    1    -0.143    1    1   0    0.63
142    2    -0.055    1    2   1    0.84
116    2    -0.143    2    1   0    0.70
12    1    -0.055    1    1   0    0.57
36    1    -0.143    1    1   0    0.60
146    2    -0.143    1    2   1    0.56
77    2    -0.055    1    2   1    0.51
126    2    -0.143    2    1   0    0.87
48    1    0.000    1    1   1    0.96
83    2    0.000    1    2   0    0.87
137    2    -0.055    2    1   0    0.90
91    2    -0.143    2    1   0    0.85
3    1    0.000    2    2   0    0.74
84    2    0.055    2    1   1    0.95
33    1    0.000    1    1   1    0.75
28    1    0.000    2    2   0    1.22
8    1    0.000    2    2   0    0.86
115    2    0.143    1    2   0    0.99
64    1    0.055    2    2   0    0.79
95    2    0.143    2    1   1    1.04
2    1    -0.055    1    1   0    0.83
62    1    -0.055    1    1   0    0.70
41    1    -0.143    1    1   0    0.53
47    1    -0.055    1    1   0    0.86
110    2    0.143    1    2   0    0.75
74    1    0.055    1    1   1    0.84
24    1    0.055    1    1   1    0.64
21    1    -0.143    1    1   0    0.98
60    1    0.143    1    1   1    0.63
130    2    0.143    1    2   0    0.68
52    1    -0.055    1    1   0    0.68
81    2    -0.143    1    2   1    0.98
58    1    0.000    1    1   1    0.79
122    2    -0.055    1    2   1    0.69
134    2    0.055    1    2   0    0.84
39    1    0.055    1    1   1    1.77
87    2    -0.055    2    1   0    0.84
50    1    0.143    1    1   1    0.78
123    2    0.000    1    2   0    0.79
89    2    0.055    1    2   0    0.68
57    1    -0.055    1    1   0    0.67
97    2    -0.055    1    2   1    0.64
111    2    -0.143    2    1   0    1.03
45    1    0.143    2    2   0    1.07
101    2    -0.143    2    1   0    0.87
144    2    0.055    1    2   0    0.82
11    1    -0.143    1    1   0    0.72
102    2    -0.055    2    1   0    0.74
100    2    0.143    1    2   0    0.67
5    1    0.143    2    2   0    1.14
43    1    0.000    1    1   1    0.78
63    1    0.000    1    1   1    0.86
80    2    0.143    1    2   0    0.66
106    2    -0.143    2    1   0    0.78
124    2    0.055    1    2   0    0.70
4    1    0.055    1    1   1    0.64
69    1    0.055    1    1   1    0.82
135    2    0.143    1    2   0    0.63
133    2    0.000    1    2   0    0.68
90    2    0.143    1    2   0    0.81
16    1    -0.143    1    1   0    0.60
112    2    -0.055    2    1   0    1.88
72    1    -0.055    1    1   0    0.72
65    1    0.143    1    1   1    1.00
29    1    0.055    1    1   1    1.16
17    1    -0.055    1    1   0    0.67
19    1    0.055    1    1   1    0.65
56    1    -0.143    1    1   0    0.57
9    1    0.055    1    1   1    0.69
85    2    0.143    1    2   0    1.10
71    1    -0.143    1    1   0    0.63
55    1    0.143    1    1   1    3.27
31    1    -0.143    1    1   0    0.45
10    1    0.143    1    1   1    0.56
98    2    0.000    1    2   0    0.58
38    1    0.000    1    1   1    0.84
96    2    -0.143    2    1   0    0.95
86    2    -0.143    1    2   1    0.84
34    1    0.055    1    1   1    0.64
140    2    0.143    1    2   0    0.65
76    2    -0.143    2    1   0    1.10
25    1    0.143    2    2   0    1.17
75    2    0.143    1    2   0    0.58
70    1    0.143    2    2   0    1.36
147    2    -0.055    2    1   0    1.00
51    1    -0.143    1    1   0    0.67
13    1    0.000    1    1   1    0.77
54    1    0.055    2    2   0    0.87
139    2    0.055    1    2   0    0.71
26    1    -0.143    1    1   0    0.84
18    1    0.000    1    1   1    1.00
105    2    0.143    1    2   0    0.69
138    2    0.000    1    2   0    1.06
44    1    0.055    2    2   0    0.96
32    1    -0.055    1    1   0    0.64
27    1    -0.055    1    1   0    0.80
118    2    0.000    2    1   1    0.91
104    2    0.055    1    2   0    0.67
30    1    0.143    1    1   1    0.55
20    1    0.143    1    1   1    0.67
117    2    -0.055    2    1   0    0.72
99    2    0.055    1    2   0    1.15
119    2    0.055    1    2   0    0.93
22    1    -0.055    1    1   0    0.79
40    1    0.143    2    2   0    0.80
136    2    -0.143    1    2   1    0.70
23    1    0.000    1    1   1    1.07
35    1    0.143    2    2   0    1.02
61    1    -0.143    1    1   0    0.50
132    2    -0.055    1    2   1    0.63
94    2    0.055    1    2   0    0.67
150    2    0.143    1    2   0    4.61
