--------------------------------
21-Jul-2014 10:57:39 
data from observer A09 
#occlusion2 expt 
reference disparity (degrees) 0.160000 

stim order disp kresp testresp correct time
1    2    -0.074    1    2   1    7.35
2    1    -0.069    2    2   1    0.73
3    1    0.065    1    1   1    0.96
4    1    -0.060    2    2   1    3.61
5    1    0.055    1    1   1    0.72
6    1    -0.051    2    2   1    0.82
7    2    0.046    2    1   1    0.71
8    2    0.042    2    1   1    0.64
9    1    0.037    1    1   1    0.95
10    1    -0.032    2    2   1    0.73
11    2    0.028    2    1   1    1.19
12    2    0.023    2    1   1    0.81
13    2    0.018    2    1   1    0.69
14    1    -0.014    2    2   1    0.71
15    2    -0.009    1    2   1    0.99
16    1    -0.005    2    2   1    0.81
17    1    -0.005    2    2   1    0.77
18    1    0.005    2    2   0    1.31
19    2    0.014    1    2   0    1.49
20    1    0.023    1    1   1    0.86
21    2    -0.023    1    2   1    1.05
22    1    -0.018    2    2   1    0.67
23    2    0.018    1    2   0    1.36
24    2    -0.028    1    2   1    1.31
25    2    -0.028    1    2   1    1.24
26    2    0.023    2    1   1    0.81
27    2    0.023    2    1   1    1.05
28    1    -0.018    1    1   0    0.96
29    1    -0.028    2    2   1    0.67
30    2    0.028    2    1   1    0.68
31    2    -0.023    1    2   1    0.63
32    2    0.023    2    1   1    0.57
33    1    -0.018    2    2   1    0.64
34    2    0.018    1    2   0    1.09
35    1    -0.028    2    2   1    0.54
36    2    -0.028    1    2   1    0.78
37    2    0.023    2    1   1    0.72
38    2    0.023    2    1   1    0.55
39    2    -0.018    1    2   1    0.64
40    2    0.018    2    1   1    0.65
41    2    0.014    2    1   1    0.63
42    2    0.014    2    1   1    0.70
43    1    -0.009    2    2   1    0.66
44    1    -0.009    2    2   1    0.61
45    1    0.005    2    2   0    0.59
46    2    0.014    1    2   0    1.26
47    1    0.023    2    2   0    1.28
48    2    0.032    2    1   1    1.37
49    1    0.032    1    1   1    0.61
50    1    -0.028    1    1   0    1.08
-------------------------
Final staircase threshold estimate (mean) is 0.0180
-------------------------
10    1    0.046    1    1   1    5.01
133    2    0.000    1    2   0    1.23
3    1    0.000    2    2   0    1.06
76    2    -0.046    1    2   1    2.40
97    2    -0.018    1    2   1    1.55
64    1    0.018    1    1   1    1.00
134    2    0.018    2    1   1    0.87
117    2    -0.018    1    2   1    0.95
140    2    0.046    2    1   1    0.70
129    2    0.018    2    1   1    0.79
106    2    -0.046    1    2   1    2.05
24    1    0.018    1    1   1    2.05
27    1    -0.018    2    2   1    0.82
62    1    -0.018    2    2   1    1.04
86    2    -0.046    1    2   1    0.62
101    2    -0.046    2    1   0    0.95
126    2    -0.046    1    2   1    1.00
66    1    -0.046    2    2   1    1.06
130    2    0.046    2    1   1    0.76
135    2    0.046    2    1   1    1.37
31    1    -0.046    2    2   1    0.81
108    2    0.000    2    1   1    0.76
36    1    -0.046    2    2   1    0.72
39    1    0.018    1    1   1    1.01
53    1    0.000    1    1   1    0.66
88    2    0.000    1    2   0    1.01
95    2    0.046    2    1   1    1.57
114    2    0.018    2    1   1    3.66
6    1    -0.046    2    2   1    1.27
16    1    -0.046    2    2   1    1.53
69    1    0.018    2    2   0    1.59
47    1    -0.018    2    2   1    0.88
73    1    0.000    2    2   0    0.96
25    1    0.046    1    1   1    2.75
74    1    0.018    2    2   0    1.90
82    2    -0.018    1    2   1    2.93
45    1    0.046    1    1   1    1.11
143    2    0.000    2    1   1    0.80
150    2    0.046    2    1   1    2.10
20    1    0.046    1    1   1    0.79
142    2    -0.018    1    2   1    0.98
91    2    -0.046    1    2   1    0.89
105    2    0.046    1    2   0    0.93
122    2    -0.018    1    2   1    0.74
48    1    0.000    1    1   1    0.71
33    1    0.000    2    2   0    0.58
90    2    0.046    2    1   1    1.57
22    1    -0.018    2    2   1    0.81
146    2    -0.046    2    1   0    1.16
109    2    0.018    2    1   1    0.97
72    1    -0.018    1    1   0    1.49
14    1    0.018    1    1   1    1.22
121    2    -0.046    1    2   1    0.74
11    1    -0.046    2    2   1    0.76
67    1    -0.018    2    2   1    1.07
81    2    -0.046    2    1   0    0.87
58    1    0.000    1    1   1    0.80
115    2    0.046    2    1   1    0.74
125    2    0.046    2    1   1    1.16
119    2    0.018    2    1   1    0.67
32    1    -0.018    2    2   1    1.75
85    2    0.046    2    1   1    0.71
137    2    -0.018    2    1   0    0.76
44    1    0.018    2    2   0    0.83
145    2    0.046    2    1   1    0.73
34    1    0.018    1    1   1    1.07
4    1    0.018    1    1   1    2.67
139    2    0.018    1    2   0    1.11
132    2    -0.018    1    2   1    0.73
103    2    0.000    2    1   1    1.03
93    2    0.000    1    2   0    1.31
112    2    -0.018    2    1   0    0.83
54    1    0.018    1    1   1    1.54
65    1    0.046    1    1   1    0.85
28    1    0.000    2    2   0    1.71
89    2    0.018    2    1   1    0.85
138    2    0.000    2    1   1    0.87
87    2    -0.018    2    1   0    0.97
40    1    0.046    1    1   1    1.07
46    1    -0.046    2    2   1    1.05
17    1    -0.018    1    1   0    1.19
35    1    0.046    2    2   0    1.17
144    2    0.018    2    1   1    0.89
61    1    -0.046    2    2   1    3.00
104    2    0.018    2    1   1    0.77
78    2    0.000    2    1   1    0.90
149    2    0.018    2    1   1    1.07
110    2    0.046    1    2   0    1.13
55    1    0.046    1    1   1    0.72
9    1    0.018    1    1   1    1.20
15    1    0.046    1    1   1    2.82
128    2    0.000    1    2   0    0.71
38    1    0.000    2    2   0    1.15
147    2    -0.018    2    1   0    0.67
57    1    -0.018    1    1   0    0.80
96    2    -0.046    1    2   1    0.95
99    2    0.018    2    1   1    0.95
13    1    0.000    2    2   0    0.74
21    1    -0.046    1    1   0    0.86
77    2    -0.018    2    1   0    0.93
43    1    0.000    1    1   1    1.01
116    2    -0.046    1    2   1    0.88
71    1    -0.046    2    2   1    0.66
124    2    0.018    1    2   0    1.52
92    2    -0.018    1    2   1    1.97
127    2    -0.018    1    2   1    0.77
30    1    0.046    1    1   1    1.15
59    1    0.018    1    1   1    1.44
79    2    0.018    2    1   1    1.29
118    2    0.000    1    2   0    0.75
75    2    0.046    2    1   1    1.10
42    1    -0.018    2    2   1    0.82
94    2    0.018    2    1   1    0.88
51    1    -0.046    2    2   1    0.76
29    1    0.018    1    1   1    0.72
98    2    0.000    1    2   0    0.74
84    2    0.018    1    2   0    0.52
120    2    0.046    2    1   1    0.93
26    1    -0.046    2    2   1    0.59
68    1    0.000    1    1   1    0.91
8    1    0.000    1    1   1    1.03
60    1    0.046    1    1   1    0.97
7    1    -0.018    2    2   1    0.74
19    1    0.018    1    1   1    1.08
107    2    -0.018    1    2   1    0.72
5    1    0.046    1    1   1    0.82
83    2    0.000    2    1   1    1.03
70    1    0.046    1    1   1    0.58
50    1    0.046    1    1   1    0.68
136    2    -0.046    1    2   1    0.66
141    2    -0.046    1    2   1    0.72
12    1    -0.018    2    2   1    0.68
37    1    -0.018    1    1   0    1.04
102    2    -0.018    1    2   1    0.96
49    1    0.018    1    1   1    0.87
56    1    -0.046    2    2   1    0.81
63    1    0.000    1    1   1    1.04
52    1    -0.018    2    2   1    0.87
41    1    -0.046    2    2   1    0.96
148    2    0.000    2    1   1    1.75
100    2    0.046    2    1   1    0.87
1    1    -0.046    2    2   1    0.67
2    1    -0.018    2    2   1    0.72
80    2    0.046    2    1   1    0.86
131    2    -0.046    1    2   1    0.78
18    1    0.000    2    2   0    1.66
123    2    0.000    2    1   1    1.42
23    1    0.000    2    2   0    0.76
113    2    0.000    2    1   1    1.54
111    2    -0.046    1    2   1    0.53
