--------------------------------
18-Feb-2015 12:03:31 
data from observer A10 
#occlusion2 expt 
reference disparity (degrees) 0.160000 

stim order disp kresp testresp correct time
1    1    -0.074    1    1   1    3.22
2    2    0.069    1    2   1    13.63
3    1    0.065    2    2   1    0.94
4    2    0.060    1    2   1    1.86
5    2    -0.055    2    1   1    4.19
6    1    0.051    2    2   1    3.12
7    2    0.046    1    2   1    3.73
8    1    0.042    2    2   1    1.75
9    2    0.037    1    2   1    1.30
10    1    0.032    2    2   1    0.66
11    1    0.028    2    2   1    1.52
12    2    0.023    2    1   0    5.54
13    1    -0.032    1    1   1    2.17
14    2    0.032    2    1   0    2.83
15    1    -0.042    2    2   0    2.20
16    1    0.051    2    2   1    1.64
17    1    0.051    2    2   1    0.92
18    2    0.046    1    2   1    2.90
19    2    0.046    1    2   1    2.58
20    2    0.042    1    2   1    1.76
21    1    -0.042    1    1   1    7.73
22    2    0.037    1    2   1    1.15
23    1    -0.037    2    2   0    4.31
24    1    -0.046    1    1   1    4.02
25    1    0.046    2    2   1    0.68
26    2    0.042    2    1   0    2.38
27    1    -0.051    1    1   1    1.05
28    1    -0.051    2    2   0    1.07
29    2    0.060    1    2   1    0.96
30    1    -0.060    2    2   0    2.55
31    2    -0.069    2    1   1    1.44
32    2    0.069    1    2   1    2.76
33    1    -0.065    1    1   1    1.18
34    2    -0.065    2    1   1    0.66
35    2    0.060    1    2   1    0.82
36    1    -0.060    1    1   1    1.00
37    2    -0.055    2    1   1    0.86
38    2    0.055    1    2   1    1.99
39    1    0.051    2    2   1    2.72
40    2    0.051    1    2   1    0.85
41    1    -0.046    1    1   1    1.06
42    1    0.046    2    2   1    1.76
43    1    -0.042    1    1   1    2.43
44    1    -0.042    1    1   1    2.29
45    1    -0.037    1    1   1    1.55
46    1    -0.037    1    1   1    1.03
47    1    -0.032    1    1   1    1.58
48    2    -0.032    2    1   1    0.91
49    2    -0.028    2    1   1    2.99
50    2    -0.028    2    1   1    1.97
-------------------------
Final staircase threshold estimate (mean) is 0.0369
-------------------------
137    2    -0.037    2    1   0    1.80
133    2    0.000    2    1   1    1.81
16    1    -0.092    1    1   0    2.04
94    2    0.037    2    1   1    1.64
118    2    0.000    2    1   1    1.97
99    2    0.037    1    2   0    1.56
61    1    -0.092    1    1   0    0.85
95    2    0.092    1    2   0    1.30
147    2    -0.037    2    1   0    0.79
11    1    -0.092    1    1   0    0.92
46    1    -0.092    2    2   1    2.82
82    2    -0.037    2    1   0    0.98
150    2    0.092    1    2   0    0.81
34    1    0.037    2    2   0    1.58
140    2    0.092    1    2   0    0.68
102    2    -0.037    2    1   0    0.79
80    2    0.092    1    2   0    1.93
119    2    0.037    2    1   1    1.01
121    2    -0.092    2    1   0    0.86
120    2    0.092    2    1   1    1.68
31    1    -0.092    2    2   1    7.33
23    1    0.000    2    2   0    3.81
115    2    0.092    1    2   0    2.26
17    1    -0.037    1    1   0    2.71
96    2    -0.092    2    1   0    0.64
145    2    0.092    1    2   0    0.79
30    1    0.092    2    2   0    0.80
29    1    0.037    2    2   0    0.77
97    2    -0.037    2    1   0    1.37
105    2    0.092    1    2   0    0.97
36    1    -0.092    2    2   1    0.84
62    1    -0.037    1    1   0    0.96
129    2    0.037    2    1   1    1.54
117    2    -0.037    2    1   0    2.33
93    2    0.000    1    2   0    5.34
40    1    0.092    2    2   0    0.65
5    1    0.092    2    2   0    0.78
3    1    0.000    2    2   0    0.76
15    1    0.092    2    2   0    1.02
103    2    0.000    1    2   0    1.10
128    2    0.000    1    2   0    3.31
131    2    -0.092    2    1   0    0.59
123    2    0.000    2    1   1    0.95
53    1    0.000    1    1   1    4.13
104    2    0.037    1    2   0    1.19
108    2    0.000    2    1   1    0.84
51    1    -0.092    1    1   0    3.04
132    2    -0.037    2    1   0    2.85
28    1    0.000    2    2   0    3.75
106    2    -0.092    2    1   0    2.80
22    1    -0.037    1    1   0    3.36
76    2    -0.092    2    1   0    0.92
75    2    0.092    1    2   0    0.79
139    2    0.037    1    2   0    0.96
127    2    -0.037    2    1   0    1.40
69    1    0.037    2    2   0    3.35
148    2    0.000    1    2   0    2.32
24    1    0.037    2    2   0    0.70
20    1    0.092    2    2   0    1.83
70    1    0.092    2    2   0    2.95
142    2    -0.037    2    1   0    1.00
44    1    0.037    2    2   0    0.86
146    2    -0.092    2    1   0    0.91
71    1    -0.092    1    1   0    1.76
57    1    -0.037    2    2   1    0.64
49    1    0.037    2    2   0    1.10
65    1    0.092    2    2   0    1.27
81    2    -0.092    2    1   0    1.87
58    1    0.000    1    1   1    0.66
90    2    0.092    1    2   0    1.63
33    1    0.000    2    2   0    4.47
73    1    0.000    1    1   1    1.87
89    2    0.037    2    1   1    1.57
100    2    0.092    1    2   0    1.60
9    1    0.037    2    2   0    4.92
12    1    -0.037    2    2   1    2.22
38    1    0.000    2    2   0    2.41
143    2    0.000    1    2   0    0.91
8    1    0.000    2    2   0    1.44
42    1    -0.037    1    1   0    2.31
141    2    -0.092    2    1   0    0.84
27    1    -0.037    2    2   1    8.82
78    2    0.000    2    1   1    3.94
130    2    0.092    2    1   1    6.22
39    1    0.037    2    2   0    1.27
110    2    0.092    1    2   0    1.30
111    2    -0.092    2    1   0    0.69
25    1    0.092    2    2   0    1.15
43    1    0.000    2    2   0    2.20
134    2    0.037    1    2   0    1.07
47    1    -0.037    1    1   0    1.29
59    1    0.037    2    2   0    1.21
52    1    -0.037    1    1   0    1.48
13    1    0.000    1    1   1    1.14
98    2    0.000    1    2   0    3.40
26    1    -0.092    2    2   1    4.70
138    2    0.000    2    1   1    3.79
125    2    0.092    1    2   0    1.35
50    1    0.092    2    2   0    1.45
86    2    -0.092    2    1   0    2.87
83    2    0.000    1    2   0    4.02
68    1    0.000    2    2   0    1.62
101    2    -0.092    2    1   0    2.06
72    1    -0.037    1    1   0    2.33
87    2    -0.037    2    1   0    1.12
35    1    0.092    2    2   0    1.07
84    2    0.037    1    2   0    1.10
32    1    -0.037    1    1   0    1.07
1    1    -0.092    1    1   0    1.09
45    1    0.092    2    2   0    0.62
149    2    0.037    1    2   0    1.73
112    2    -0.037    2    1   0    0.68
14    1    0.037    2    2   0    0.99
79    2    0.037    2    1   1    0.72
18    1    0.000    1    1   1    1.02
113    2    0.000    1    2   0    1.43
109    2    0.037    1    2   0    0.94
41    1    -0.092    1    1   0    0.59
116    2    -0.092    2    1   0    0.76
55    1    0.092    2    2   0    0.73
54    1    0.037    2    2   0    1.29
107    2    -0.037    2    1   0    0.65
37    1    -0.037    1    1   0    0.78
91    2    -0.092    2    1   0    1.26
66    1    -0.092    1    1   0    5.65
92    2    -0.037    2    1   0    0.87
6    1    -0.092    1    1   0    0.70
60    1    0.092    2    2   0    0.77
136    2    -0.092    2    1   0    0.79
88    2    0.000    2    1   1    1.53
7    1    -0.037    1    1   0    1.79
48    1    0.000    2    2   0    4.01
4    1    0.037    2    2   0    0.70
126    2    -0.092    2    1   0    0.64
144    2    0.037    1    2   0    1.09
10    1    0.092    2    2   0    0.73
77    2    -0.037    2    1   0    0.63
114    2    0.037    1    2   0    0.86
2    1    -0.037    1    1   0    1.84
85    2    0.092    1    2   0    0.79
67    1    -0.037    1    1   0    0.74
122    2    -0.037    2    1   0    0.63
124    2    0.037    1    2   0    1.05
63    1    0.000    1    1   1    2.97
64    1    0.037    2    2   0    0.54
74    1    0.037    2    2   0    1.10
56    1    -0.092    1    1   0    0.92
135    2    0.092    1    2   0    0.80
19    1    0.037    2    2   0    0.75
21    1    -0.092    1    1   0    0.74
