--------------------------------
18-Feb-2015 12:23:01 
data from observer A10 
#occlusion2 expt 
reference disparity (degrees) 0.160000 

stim order disp kresp testresp correct time
1    2    -0.074    2    1   1    4.95
2    2    -0.069    2    1   1    2.25
3    2    -0.065    2    1   1    4.85
4    2    -0.060    2    1   1    5.91
5    1    -0.055    1    1   1    0.83
6    2    0.051    1    2   1    0.92
7    1    0.046    2    2   1    2.51
8    2    -0.042    2    1   1    0.89
9    2    -0.037    2    1   1    0.77
10    1    0.032    2    2   1    0.70
11    2    0.028    1    2   1    0.77
12    1    0.023    2    2   1    0.67
13    2    -0.018    2    1   1    0.85
14    2    0.014    1    2   1    1.42
15    1    0.009    2    2   1    0.80
16    2    0.005    2    1   0    2.53
17    2    0.014    1    2   1    1.40
18    2    -0.014    2    1   1    3.92
19    1    -0.009    1    1   1    1.93
20    1    0.009    2    2   1    1.52
21    1    -0.005    2    2   0    2.32
22    1    0.014    2    2   1    1.68
23    2    0.014    1    2   1    2.21
24    2    -0.009    2    1   1    0.95
25    1    0.009    2    2   1    0.78
26    2    0.005    1    2   1    1.67
27    1    -0.005    1    1   1    3.32
28    1    0.005    2    2   1    0.72
29    1    0.005    2    2   1    1.69
30    2    -0.005    2    1   1    0.81
31    2    -0.005    2    1   1    2.54
32    2    0.005    2    1   0    1.41
33    1    0.014    2    2   1    2.10
34    1    -0.014    1    1   1    1.68
35    2    0.009    2    1   0    0.73
36    1    0.018    2    2   1    1.19
37    1    -0.018    1    1   1    1.23
38    2    -0.014    2    1   1    1.64
39    2    -0.014    1    2   0    1.21
40    2    0.023    2    1   0    0.51
41    2    -0.032    2    1   1    1.46
42    1    -0.032    1    1   1    1.06
43    1    0.028    2    2   1    0.96
44    2    -0.028    2    1   1    1.50
45    1    0.023    2    2   1    1.58
46    2    0.023    1    2   1    1.63
47    1    0.018    2    2   1    1.08
48    1    -0.018    1    1   1    1.12
49    2    0.014    2    1   0    2.36
50    2    -0.023    2    1   1    0.85
-------------------------
Final staircase threshold estimate (mean) is 0.0240
-------------------------
43    1    0.000    2    2   0    1.27
85    2    0.060    1    2   0    0.89
115    2    0.060    1    2   0    0.85
97    2    -0.023    2    1   0    0.63
144    2    0.023    2    1   1    0.73
106    2    -0.060    2    1   0    0.75
29    1    0.023    2    2   0    0.79
146    2    -0.060    2    1   0    0.92
57    1    -0.023    1    1   0    23.80
99    2    0.023    1    2   0    1.07
118    2    0.000    2    1   1    0.90
130    2    0.060    1    2   0    0.79
4    1    0.023    2    2   0    0.64
101    2    -0.060    2    1   0    0.87
3    1    0.000    2    2   0    3.47
120    2    0.060    1    2   0    0.81
62    1    -0.023    1    1   0    0.86
66    1    -0.060    1    1   0    3.35
10    1    0.060    2    2   0    1.47
48    1    0.000    1    1   1    1.36
112    2    -0.023    2    1   0    0.87
119    2    0.023    1    2   0    0.97
37    1    -0.023    1    1   0    1.98
76    2    -0.060    2    1   0    0.74
38    1    0.000    2    2   0    1.16
123    2    0.000    2    1   1    2.30
98    2    0.000    2    1   1    1.04
94    2    0.023    1    2   0    1.00
92    2    -0.023    2    1   0    1.37
6    1    -0.060    1    1   0    0.94
81    2    -0.060    2    1   0    0.82
54    1    0.023    2    2   0    1.22
145    2    0.060    1    2   0    0.84
1    1    -0.060    1    1   0    0.86
90    2    0.060    1    2   0    0.84
67    1    -0.023    1    1   0    0.74
19    1    0.023    2    2   0    0.96
83    2    0.000    2    1   1    3.35
129    2    0.023    1    2   0    2.99
65    1    0.060    2    2   0    0.74
84    2    0.023    1    2   0    4.14
107    2    -0.023    2    1   0    0.62
36    1    -0.060    1    1   0    0.93
122    2    -0.023    2    1   0    0.83
128    2    0.000    2    1   1    2.39
137    2    -0.023    2    1   0    1.05
87    2    -0.023    2    1   0    0.84
5    1    0.060    2    2   0    0.87
2    1    -0.023    1    1   0    3.03
86    2    -0.060    2    1   0    0.63
26    1    -0.060    1    1   0    0.81
42    1    -0.023    2    2   1    1.11
72    1    -0.023    2    2   1    0.89
35    1    0.060    2    2   0    0.81
27    1    -0.023    1    1   0    3.86
9    1    0.023    2    2   0    0.69
45    1    0.060    2    2   0    0.86
105    2    0.060    1    2   0    1.55
32    1    -0.023    2    2   1    1.29
28    1    0.000    2    2   0    2.01
91    2    -0.060    2    1   0    1.28
60    1    0.060    2    2   0    1.62
89    2    0.023    1    2   0    2.69
22    1    -0.023    2    2   1    1.04
15    1    0.060    2    2   0    1.55
33    1    0.000    2    2   0    2.39
61    1    -0.060    1    1   0    3.14
52    1    -0.023    1    1   0    1.56
103    2    0.000    2    1   1    2.34
150    2    0.060    1    2   0    2.69
34    1    0.023    2    2   0    0.78
71    1    -0.060    1    1   0    2.34
12    1    -0.023    1    1   0    1.10
148    2    0.000    1    2   0    3.20
117    2    -0.023    2    1   0    8.23
133    2    0.000    2    1   1    2.73
40    1    0.060    2    2   0    0.63
132    2    -0.023    2    1   0    0.78
20    1    0.060    2    2   0    0.61
51    1    -0.060    1    1   0    1.23
18    1    0.000    2    2   0    0.79
124    2    0.023    2    1   1    1.57
109    2    0.023    1    2   0    1.88
55    1    0.060    2    2   0    0.89
74    1    0.023    2    2   0    0.75
31    1    -0.060    1    1   0    1.11
63    1    0.000    2    2   0    3.22
50    1    0.060    2    2   0    4.07
140    2    0.060    1    2   0    1.07
88    2    0.000    1    2   0    2.63
49    1    0.023    2    2   0    0.60
121    2    -0.060    2    1   0    1.26
44    1    0.023    2    2   0    1.04
126    2    -0.060    2    1   0    0.71
56    1    -0.060    1    1   0    0.70
70    1    0.060    2    2   0    0.72
17    1    -0.023    1    1   0    2.20
30    1    0.060    2    2   0    0.85
143    2    0.000    2    1   1    1.19
73    1    0.000    2    2   0    1.59
58    1    0.000    1    1   1    3.90
46    1    -0.060    1    1   0    1.29
16    1    -0.060    1    1   0    1.24
131    2    -0.060    2    1   0    0.76
75    2    0.060    1    2   0    0.79
102    2    -0.023    2    1   0    2.53
68    1    0.000    1    1   1    1.73
77    2    -0.023    2    1   0    0.67
138    2    0.000    2    1   1    1.87
7    1    -0.023    1    1   0    0.98
116    2    -0.060    2    1   0    0.99
95    2    0.060    1    2   0    0.78
78    2    0.000    2    1   1    1.71
14    1    0.023    1    1   1    1.09
24    1    0.023    2    2   0    2.66
13    1    0.000    2    2   0    2.26
127    2    -0.023    2    1   0    3.69
108    2    0.000    2    1   1    1.51
69    1    0.023    2    2   0    1.72
23    1    0.000    1    1   1    0.83
114    2    0.023    1    2   0    0.82
111    2    -0.060    2    1   0    0.53
41    1    -0.060    1    1   0    0.87
21    1    -0.060    2    2   1    2.00
96    2    -0.060    2    1   0    0.85
139    2    0.023    1    2   0    0.75
136    2    -0.060    2    1   0    1.04
11    1    -0.060    1    1   0    0.82
149    2    0.023    1    2   0    1.26
104    2    0.023    1    2   0    0.74
100    2    0.060    1    2   0    0.72
141    2    -0.060    2    1   0    0.90
80    2    0.060    1    2   0    1.18
93    2    0.000    2    1   1    0.86
59    1    0.023    2    2   0    0.83
47    1    -0.023    1    1   0    1.32
134    2    0.023    1    2   0    1.05
110    2    0.060    1    2   0    0.67
64    1    0.023    2    2   0    0.67
8    1    0.000    2    2   0    3.60
142    2    -0.023    2    1   0    0.67
79    2    0.023    1    2   0    0.71
125    2    0.060    1    2   0    1.14
147    2    -0.023    2    1   0    1.00
39    1    0.023    2    2   0    1.01
82    2    -0.023    2    1   0    0.65
25    1    0.060    2    2   0    2.52
135    2    0.060    1    2   0    0.82
53    1    0.000    1    1   1    1.59
113    2    0.000    2    1   1    0.70
