--------------------------------
18-Feb-2015 11:09:51 
data from observer A10 
#occlusion2 expt 
reference disparity (degrees) 0.160000 

stim order disp kresp testresp correct time
1    1    0.074    2    2   0    9.71
2    2    0.083    2    1   1    1.28
3    2    -0.079    2    1   0    2.94
4    2    -0.088    2    1   0    2.18
5    2    -0.097    2    1   0    2.10
6    2    0.106    2    1   1    1.22
7    1    0.106    2    2   0    2.94
8    1    -0.115    2    2   1    6.23
9    2    -0.115    2    1   0    4.99
10    1    0.125    2    2   0    1.95
11    2    -0.134    2    1   0    2.18
12    1    -0.143    2    2   1    1.68
13    1    0.143    1    1   1    2.27
14    1    -0.139    2    2   1    2.57
15    1    0.139    2    2   0    2.46
16    1    -0.148    2    2   1    2.96
17    2    0.148    2    1   1    2.53
18    2    0.143    2    1   1    0.84
19    1    0.143    1    1   1    1.76
20    1    -0.139    2    2   1    0.77
21    2    0.139    2    1   1    0.83
22    2    0.134    2    1   1    0.93
23    2    0.134    2    1   1    0.78
24    1    -0.129    2    2   1    1.25
25    2    -0.129    1    2   1    2.49
26    1    -0.125    2    2   1    0.84
27    1    -0.125    2    2   1    0.64
28    1    0.120    1    1   1    1.93
29    2    0.120    2    1   1    1.00
30    1    0.115    1    1   1    3.96
31    2    -0.115    1    2   1    1.70
32    1    -0.111    2    2   1    1.62
33    2    0.111    2    1   1    0.92
34    2    -0.106    1    2   1    0.74
35    2    -0.106    1    2   1    0.86
36    2    0.102    2    1   1    1.06
37    2    0.102    2    1   1    3.63
38    1    -0.097    2    2   1    1.51
39    1    -0.097    2    2   1    1.14
40    2    0.092    2    1   1    1.27
41    2    -0.092    1    2   1    8.47
42    2    0.088    2    1   1    0.91
43    1    -0.088    2    2   1    1.05
44    2    0.083    2    1   1    0.80
45    1    -0.083    2    2   1    0.95
46    2    -0.079    1    2   1    1.30
47    2    0.079    2    1   1    0.59
48    2    0.074    2    1   1    1.02
49    2    -0.074    1    2   1    0.67
50    2    0.069    2    1   1    0.85
-------------------------
Final staircase threshold estimate (mean) is 0.0808
-------------------------
44    1    0.079    2    2   0    2.44
60    1    0.148    1    1   1    0.69
11    1    -0.148    2    2   1    0.57
49    1    0.079    2    2   0    1.14
53    1    0.000    2    2   0    3.20
126    2    -0.148    1    2   1    3.12
35    1    0.148    1    1   1    1.00
147    2    -0.079    1    2   1    0.83
114    2    0.079    2    1   1    0.63
4    1    0.079    1    1   1    5.06
74    1    0.079    1    1   1    0.88
77    2    -0.079    1    2   1    0.73
112    2    -0.079    1    2   1    0.72
136    2    -0.148    1    2   1    0.75
116    2    -0.148    1    2   1    1.19
50    1    0.148    1    1   1    0.89
42    1    -0.079    2    2   1    1.03
81    2    -0.148    1    2   1    1.53
34    1    0.079    1    1   1    1.01
86    2    -0.148    1    2   1    0.81
47    1    -0.079    2    2   1    0.67
89    2    0.079    2    1   1    1.00
43    1    0.000    2    2   0    3.05
103    2    0.000    2    1   1    1.13
138    2    0.000    1    2   0    4.49
25    1    0.148    1    1   1    1.12
145    2    0.148    2    1   1    0.87
24    1    0.079    1    1   1    0.83
32    1    -0.079    2    2   1    0.55
38    1    0.000    2    2   0    3.03
56    1    -0.148    2    2   1    3.31
66    1    -0.148    1    1   0    6.50
119    2    0.079    2    1   1    0.84
97    2    -0.079    1    2   1    0.99
123    2    0.000    1    2   0    1.92
75    2    0.148    2    1   1    0.67
124    2    0.079    2    1   1    0.85
132    2    -0.079    1    2   1    1.51
95    2    0.148    2    1   1    0.58
70    1    0.148    1    1   1    2.68
17    1    -0.079    2    2   1    1.15
141    2    -0.148    1    2   1    0.70
98    2    0.000    2    1   1    0.72
9    1    0.079    1    1   1    1.07
83    2    0.000    1    2   0    2.01
140    2    0.148    2    1   1    0.98
72    1    -0.079    2    2   1    0.68
12    1    -0.079    2    2   1    0.89
122    2    -0.079    1    2   1    0.73
64    1    0.079    1    1   1    5.14
61    1    -0.148    2    2   1    0.91
117    2    -0.079    1    2   1    1.20
131    2    -0.148    1    2   1    1.37
108    2    0.000    1    2   0    2.65
39    1    0.079    1    1   1    1.31
45    1    0.148    1    1   1    0.90
23    1    0.000    2    2   0    1.16
8    1    0.000    2    2   0    1.85
82    2    -0.079    1    2   1    1.02
22    1    -0.079    2    2   1    1.03
135    2    0.148    2    1   1    1.53
94    2    0.079    2    1   1    1.42
15    1    0.148    2    2   0    5.95
84    2    0.079    2    1   1    1.45
46    1    -0.148    2    2   1    2.10
54    1    0.079    1    1   1    1.33
16    1    -0.148    2    2   1    3.61
2    1    -0.079    2    2   1    3.20
30    1    0.148    1    1   1    2.66
20    1    0.148    1    1   1    1.92
143    2    0.000    1    2   0    3.93
104    2    0.079    2    1   1    1.05
115    2    0.148    2    1   1    2.30
28    1    0.000    1    1   1    2.80
78    2    0.000    1    2   0    2.52
139    2    0.079    2    1   1    1.08
14    1    0.079    1    1   1    1.17
31    1    -0.148    2    2   1    1.35
41    1    -0.148    2    2   1    2.77
7    1    -0.079    2    2   1    5.92
137    2    -0.079    2    1   0    4.78
90    2    0.148    2    1   1    2.21
96    2    -0.148    1    2   1    6.65
67    1    -0.079    2    2   1    0.85
85    2    0.148    2    1   1    0.66
33    1    0.000    2    2   0    4.82
111    2    -0.148    1    2   1    0.92
37    1    -0.079    2    2   1    1.29
128    2    0.000    1    2   0    2.73
105    2    0.148    2    1   1    1.70
59    1    0.079    1    1   1    1.87
40    1    0.148    1    1   1    1.19
65    1    0.148    1    1   1    1.01
88    2    0.000    2    1   1    0.84
107    2    -0.079    1    2   1    0.76
48    1    0.000    1    1   1    1.32
146    2    -0.148    1    2   1    0.82
149    2    0.079    2    1   1    0.63
63    1    0.000    2    2   0    1.50
71    1    -0.148    2    2   1    0.99
36    1    -0.148    2    2   1    0.97
127    2    -0.079    1    2   1    1.22
93    2    0.000    2    1   1    0.80
121    2    -0.148    1    2   1    1.02
10    1    0.148    2    2   0    1.98
27    1    -0.079    2    2   1    1.07
142    2    -0.079    2    1   0    3.34
80    2    0.148    2    1   1    0.82
109    2    0.079    2    1   1    0.89
129    2    0.079    2    1   1    0.81
125    2    0.148    2    1   1    0.74
92    2    -0.079    1    2   1    1.39
144    2    0.079    2    1   1    0.82
101    2    -0.148    1    2   1    2.08
79    2    0.079    2    1   1    0.63
148    2    0.000    2    1   1    1.09
134    2    0.079    1    2   0    1.23
76    2    -0.148    1    2   1    1.49
118    2    0.000    2    1   1    0.86
58    1    0.000    2    2   0    4.48
110    2    0.148    2    1   1    2.29
29    1    0.079    2    2   0    2.00
26    1    -0.148    2    2   1    1.25
57    1    -0.079    2    2   1    1.69
69    1    0.079    2    2   0    3.44
55    1    0.148    2    2   0    1.05
3    1    0.000    2    2   0    0.95
133    2    0.000    2    1   1    3.92
120    2    0.148    2    1   1    3.05
100    2    0.148    2    1   1    0.68
62    1    -0.079    2    2   1    0.94
87    2    -0.079    1    2   1    1.08
99    2    0.079    2    1   1    0.71
106    2    -0.148    1    2   1    1.74
113    2    0.000    2    1   1    0.83
13    1    0.000    2    2   0    2.21
6    1    -0.148    2    2   1    0.79
102    2    -0.079    1    2   1    0.79
91    2    -0.148    1    2   1    0.74
150    2    0.148    2    1   1    0.64
18    1    0.000    1    1   1    3.83
51    1    -0.148    2    2   1    0.90
52    1    -0.079    2    2   1    0.65
130    2    0.148    2    1   1    0.61
68    1    0.000    1    1   1    2.07
19    1    0.079    1    1   1    0.99
73    1    0.000    1    1   1    1.56
5    1    0.148    1    1   1    0.85
21    1    -0.148    2    2   1    0.71
1    1    -0.148    2    2   1    0.62
