--------------------------------
25-Jul-2014 14:08:55 
data from observer A10 
#occlusion2 expt 
reference disparity (degrees) 0.160000 

stim order disp kresp testresp correct time
1    2    -0.074    1    2   1    4.92
2    2    0.069    2    1   1    3.23
3    2    -0.065    1    2   1    2.00
4    2    -0.060    1    2   1    1.06
5    1    -0.055    2    2   1    0.88
6    2    -0.051    1    2   1    0.66
7    1    -0.046    2    2   1    0.74
8    1    -0.042    2    2   1    2.08
9    1    0.037    1    1   1    0.90
10    2    -0.032    1    2   1    2.65
11    1    0.028    1    1   1    1.67
12    1    0.023    1    1   1    1.68
13    1    -0.018    2    2   1    2.50
14    2    0.014    2    1   1    2.95
15    2    0.009    2    1   1    4.94
16    2    0.005    2    1   1    2.87
17    2    -0.005    2    1   0    11.05
18    1    0.014    1    1   1    1.46
19    2    0.014    2    1   1    2.06
20    1    -0.009    2    2   1    7.28
21    1    0.009    1    1   1    3.94
22    2    -0.005    2    1   0    2.23
23    2    0.014    2    1   1    5.10
24    2    0.014    2    1   1    1.65
25    1    -0.009    2    2   1    4.07
26    2    -0.009    1    2   1    1.61
27    1    0.005    2    2   0    1.12
28    2    -0.014    2    1   0    11.98
29    2    -0.023    1    2   1    1.63
30    1    -0.023    2    2   1    1.11
31    2    -0.018    1    2   1    7.15
32    2    -0.018    1    2   1    3.23
33    2    -0.014    2    1   0    1.08
34    2    -0.023    1    2   1    2.06
35    2    -0.023    1    2   1    1.88
36    2    0.018    2    1   1    2.08
37    1    -0.018    2    2   1    2.73
38    2    -0.014    1    2   1    2.23
39    1    0.014    2    2   0    2.05
40    2    -0.023    1    2   1    2.45
41    1    0.023    1    1   1    2.77
42    1    0.018    1    1   1    2.84
43    1    0.018    2    2   0    4.64
44    1    -0.028    2    2   1    1.76
45    2    0.028    2    1   1    7.46
46    2    0.023    2    1   1    0.92
47    1    0.023    1    1   1    7.08
48    1    0.018    2    2   0    1.38
49    2    0.028    2    1   1    1.53
50    1    -0.028    2    2   1    4.18
-------------------------
Final staircase threshold estimate (mean) is 0.0236
-------------------------
116    2    -0.060    1    2   1    4.61
61    1    -0.060    2    2   1    2.66
40    1    0.060    1    1   1    1.87
95    2    0.060    2    1   1    3.24
15    1    0.060    1    1   1    3.14
48    1    0.000    2    2   0    1.83
26    1    -0.060    2    2   1    0.87
18    1    0.000    2    2   0    3.00
85    2    0.060    2    1   1    2.94
120    2    0.060    2    1   1    0.99
141    2    -0.060    1    2   1    0.85
13    1    0.000    1    1   1    1.46
60    1    0.060    1    1   1    1.56
1    1    -0.060    2    2   1    0.79
38    1    0.000    1    1   1    8.65
123    2    0.000    1    2   0    3.77
44    1    0.023    1    1   1    3.18
137    2    -0.023    1    2   1    3.27
147    2    -0.023    2    1   0    2.08
148    2    0.000    1    2   0    2.09
129    2    0.023    2    1   1    0.81
8    1    0.000    2    2   0    4.56
117    2    -0.023    1    2   1    7.27
66    1    -0.060    2    2   1    0.74
73    1    0.000    1    1   1    2.49
45    1    0.060    1    1   1    1.53
74    1    0.023    2    2   0    2.53
69    1    0.023    1    1   1    2.29
134    2    0.023    2    1   1    2.68
93    2    0.000    2    1   1    4.56
54    1    0.023    1    1   1    5.86
140    2    0.060    2    1   1    4.52
10    1    0.060    1    1   1    2.41
128    2    0.000    1    2   0    6.13
34    1    0.023    1    1   1    3.85
86    2    -0.060    1    2   1    2.61
76    2    -0.060    1    2   1    0.95
63    1    0.000    2    2   0    4.93
57    1    -0.023    2    2   1    5.51
125    2    0.060    2    1   1    6.03
27    1    -0.023    2    2   1    6.36
65    1    0.060    1    1   1    6.41
33    1    0.000    1    1   1    1.54
21    1    -0.060    2    2   1    0.56
97    2    -0.023    1    2   1    1.09
64    1    0.023    1    1   1    4.33
51    1    -0.060    2    2   1    0.59
53    1    0.000    2    2   0    4.92
2    1    -0.023    2    2   1    2.21
113    2    0.000    1    2   0    4.15
92    2    -0.023    2    1   0    0.69
94    2    0.023    2    1   1    4.62
67    1    -0.023    2    2   1    1.09
101    2    -0.060    1    2   1    1.23
145    2    0.060    2    1   1    0.70
91    2    -0.060    1    2   1    2.71
59    1    0.023    1    1   1    3.54
72    1    -0.023    2    2   1    0.72
7    1    -0.023    2    2   1    1.52
124    2    0.023    2    1   1    1.47
71    1    -0.060    2    2   1    10.19
36    1    -0.060    2    2   1    5.95
102    2    -0.023    1    2   1    1.58
144    2    0.023    2    1   1    2.02
118    2    0.000    2    1   1    3.44
96    2    -0.060    1    2   1    0.68
142    2    -0.023    1    2   1    3.64
89    2    0.023    2    1   1    0.80
114    2    0.023    2    1   1    2.28
29    1    0.023    1    1   1    5.28
62    1    -0.023    2    2   1    0.80
146    2    -0.060    1    2   1    0.80
105    2    0.060    2    1   1    6.31
43    1    0.000    1    1   1    4.46
119    2    0.023    2    1   1    0.69
135    2    0.060    2    1   1    2.79
130    2    0.060    2    1   1    7.97
19    1    0.023    1    1   1    2.02
99    2    0.023    2    1   1    1.18
77    2    -0.023    1    2   1    1.11
108    2    0.000    2    1   1    5.79
32    1    -0.023    2    2   1    1.02
58    1    0.000    2    2   0    1.72
4    1    0.023    2    2   0    2.79
3    1    0.000    1    1   1    2.37
23    1    0.000    2    2   0    0.85
150    2    0.060    2    1   1    1.11
83    2    0.000    2    1   1    6.23
127    2    -0.023    1    2   1    1.55
75    2    0.060    2    1   1    2.50
52    1    -0.023    2    2   1    4.02
112    2    -0.023    1    2   1    1.46
6    1    -0.060    2    2   1    0.68
11    1    -0.060    2    2   1    1.48
28    1    0.000    1    1   1    2.93
121    2    -0.060    1    2   1    0.82
70    1    0.060    2    2   0    0.96
5    1    0.060    1    1   1    0.69
80    2    0.060    2    1   1    0.73
90    2    0.060    2    1   1    1.08
68    1    0.000    1    1   1    0.50
46    1    -0.060    2    2   1    0.69
79    2    0.023    2    1   1    0.99
56    1    -0.060    2    2   1    2.17
107    2    -0.023    1    2   1    0.72
31    1    -0.060    2    2   1    0.67
9    1    0.023    1    1   1    0.93
49    1    0.023    2    2   0    2.18
88    2    0.000    2    1   1    1.89
82    2    -0.023    1    2   1    0.73
55    1    0.060    2    2   0    1.36
24    1    0.023    2    2   0    4.18
25    1    0.060    1    1   1    1.95
22    1    -0.023    2    2   1    7.91
37    1    -0.023    2    2   1    2.41
110    2    0.060    2    1   1    1.45
103    2    0.000    2    1   1    3.23
131    2    -0.060    2    1   0    5.48
47    1    -0.023    1    1   0    5.78
133    2    0.000    2    1   1    0.63
143    2    0.000    1    2   0    3.37
16    1    -0.060    2    2   1    0.86
17    1    -0.023    2    2   1    2.62
132    2    -0.023    1    2   1    3.13
100    2    0.060    2    1   1    0.78
138    2    0.000    2    1   1    2.17
12    1    -0.023    2    2   1    2.20
39    1    0.023    1    1   1    2.94
149    2    0.023    2    1   1    0.88
136    2    -0.060    1    2   1    0.74
35    1    0.060    1    1   1    0.63
122    2    -0.023    1    2   1    2.73
41    1    -0.060    2    2   1    0.83
139    2    0.023    2    1   1    1.71
42    1    -0.023    2    2   1    5.47
115    2    0.060    2    1   1    1.64
106    2    -0.060    1    2   1    1.86
20    1    0.060    1    1   1    2.37
78    2    0.000    2    1   1    3.79
84    2    0.023    2    1   1    1.67
50    1    0.060    1    1   1    0.70
81    2    -0.060    1    2   1    12.08
111    2    -0.060    1    2   1    2.80
109    2    0.023    2    1   1    1.21
14    1    0.023    1    1   1    0.87
30    1    0.060    1    1   1    3.86
98    2    0.000    2    1   1    0.71
126    2    -0.060    1    2   1    1.51
87    2    -0.023    2    1   0    0.77
104    2    0.023    1    2   0    0.80
