--------------------------------
18-Feb-2015 11:19:44 
data from observer A10 
#occlusion2 expt 
reference disparity (degrees) 0.160000 

stim order disp kresp testresp correct time
1    1    -0.074    1    1   1    7.99
2    1    -0.069    1    1   1    0.85
3    2    0.065    1    2   1    4.04
4    2    0.060    1    2   1    2.22
5    2    -0.055    2    1   1    0.57
6    1    -0.051    1    1   1    0.76
7    2    0.046    1    2   1    0.88
8    2    -0.042    2    1   1    2.06
9    2    -0.037    2    1   1    28.03
10    2    -0.032    2    1   1    2.85
11    1    -0.028    1    1   1    0.77
12    1    0.023    2    2   1    0.61
13    2    -0.018    2    1   1    1.01
14    2    0.014    1    2   1    1.43
15    1    0.009    2    2   1    1.04
16    1    0.005    2    2   1    1.20
17    2    0.005    1    2   1    2.21
18    2    -0.005    2    1   1    1.22
19    1    -0.005    1    1   1    3.06
20    2    -0.005    2    1   1    0.84
21    2    0.005    2    1   0    3.10
22    1    -0.014    2    2   0    1.20
23    1    0.023    2    2   1    0.91
24    1    0.023    2    2   1    0.60
25    1    -0.018    1    1   1    3.95
26    2    0.018    2    1   0    1.36
27    2    0.028    1    2   1    6.19
28    2    0.028    1    2   1    1.01
29    1    -0.023    1    1   1    2.43
30    1    0.023    2    2   1    2.40
31    1    -0.018    1    1   1    0.88
32    1    0.018    1    1   0    0.84
33    2    -0.028    2    1   1    1.45
34    2    0.028    1    2   1    0.88
35    1    0.023    2    2   1    0.77
36    2    -0.023    2    1   1    1.36
37    2    0.018    1    2   1    1.08
38    1    0.018    2    2   1    0.79
39    2    -0.014    2    1   1    0.96
40    1    -0.014    1    1   1    1.47
41    1    -0.009    1    1   1    2.06
42    2    0.009    2    1   0    0.69
43    2    -0.018    2    1   1    2.75
44    1    0.018    2    2   1    0.94
45    2    0.014    1    2   1    2.51
46    1    0.014    2    2   1    1.36
47    1    0.009    2    2   1    3.97
48    1    -0.009    1    1   1    2.14
49    1    -0.005    2    2   0    0.86
50    1    0.014    2    2   1    0.77
-------------------------
Final staircase threshold estimate (mean) is 0.0120
-------------------------
125    2    0.032    1    2   0    2.22
100    2    0.032    1    2   0    1.31
94    2    0.014    2    1   1    0.96
143    2    0.000    2    1   1    2.06
138    2    0.000    2    1   1    1.30
58    1    0.000    2    2   0    1.89
12    1    -0.014    1    1   0    5.63
140    2    0.032    1    2   0    0.84
10    1    0.032    2    2   0    0.95
52    1    -0.014    1    1   0    4.37
31    1    -0.032    1    1   0    1.13
108    2    0.000    2    1   1    0.64
76    2    -0.032    2    1   0    0.91
27    1    -0.014    1    1   0    1.78
144    2    0.014    1    2   0    1.89
72    1    -0.014    1    1   0    2.43
40    1    0.032    2    2   0    0.89
47    1    -0.014    1    1   0    2.25
109    2    0.014    1    2   0    0.89
69    1    0.014    2    2   0    0.82
62    1    -0.014    1    1   0    1.75
15    1    0.032    2    2   0    1.25
17    1    -0.014    1    1   0    0.78
113    2    0.000    2    1   1    1.23
1    1    -0.032    1    1   0    3.35
119    2    0.014    1    2   0    1.24
79    2    0.014    1    2   0    1.65
57    1    -0.014    2    2   1    1.48
126    2    -0.032    2    1   0    0.76
150    2    0.032    1    2   0    1.23
149    2    0.014    2    1   1    1.36
29    1    0.014    2    2   0    0.91
11    1    -0.032    1    1   0    1.25
50    1    0.032    2    2   0    1.05
8    1    0.000    2    2   0    2.10
121    2    -0.032    2    1   0    5.88
23    1    0.000    2    2   0    1.21
92    2    -0.014    2    1   0    0.74
30    1    0.032    2    2   0    0.73
20    1    0.032    2    2   0    0.59
77    2    -0.014    2    1   0    0.91
127    2    -0.014    2    1   0    0.84
131    2    -0.032    2    1   0    1.03
5    1    0.032    2    2   0    0.82
118    2    0.000    2    1   1    0.92
61    1    -0.032    1    1   0    0.68
85    2    0.032    1    2   0    1.17
130    2    0.032    1    2   0    1.78
86    2    -0.032    2    1   0    0.73
41    1    -0.032    1    1   0    1.29
95    2    0.032    1    2   0    3.59
104    2    0.014    1    2   0    4.22
97    2    -0.014    2    1   0    0.97
22    1    -0.014    1    1   0    1.41
39    1    0.014    2    2   0    0.90
148    2    0.000    2    1   1    1.40
114    2    0.014    1    2   0    1.66
147    2    -0.014    1    2   1    1.88
34    1    0.014    2    2   0    0.92
28    1    0.000    2    2   0    1.26
63    1    0.000    2    2   0    1.87
116    2    -0.032    2    1   0    0.93
84    2    0.014    1    2   0    2.48
3    1    0.000    2    2   0    1.96
81    2    -0.032    2    1   0    0.94
38    1    0.000    2    2   0    2.51
16    1    -0.032    1    1   0    1.42
124    2    0.014    1    2   0    1.27
141    2    -0.032    2    1   0    1.69
132    2    -0.014    2    1   0    5.82
56    1    -0.032    1    1   0    0.74
89    2    0.014    1    2   0    0.94
99    2    0.014    1    2   0    1.10
90    2    0.032    1    2   0    1.32
88    2    0.000    1    2   0    0.94
43    1    0.000    2    2   0    0.64
48    1    0.000    2    2   0    0.63
142    2    -0.014    2    1   0    0.70
71    1    -0.032    1    1   0    0.94
105    2    0.032    1    2   0    0.90
74    1    0.014    2    2   0    0.85
55    1    0.032    2    2   0    0.86
135    2    0.032    1    2   0    0.89
45    1    0.032    2    2   0    1.10
146    2    -0.032    2    1   0    1.86
7    1    -0.014    1    1   0    2.37
42    1    -0.014    1    1   0    2.26
18    1    0.000    1    1   1    1.55
139    2    0.014    1    2   0    3.97
53    1    0.000    2    2   0    0.66
49    1    0.014    2    2   0    1.52
101    2    -0.032    2    1   0    0.90
129    2    0.014    1    2   0    1.88
102    2    -0.014    2    1   0    0.77
51    1    -0.032    2    2   1    1.85
2    1    -0.014    1    1   0    2.15
98    2    0.000    2    1   1    2.51
37    1    -0.014    2    2   1    1.34
26    1    -0.032    1    1   0    0.87
136    2    -0.032    2    1   0    0.75
80    2    0.032    1    2   0    2.75
44    1    0.014    2    2   0    0.74
70    1    0.032    2    2   0    0.77
103    2    0.000    2    1   1    1.06
110    2    0.032    1    2   0    3.05
78    2    0.000    1    2   0    1.10
83    2    0.000    2    1   1    3.44
66    1    -0.032    2    2   1    2.39
24    1    0.014    2    2   0    3.00
120    2    0.032    1    2   0    2.75
115    2    0.032    1    2   0    2.67
9    1    0.014    2    2   0    1.05
106    2    -0.032    2    1   0    0.84
6    1    -0.032    1    1   0    1.56
137    2    -0.014    1    2   1    1.11
123    2    0.000    2    1   1    0.76
36    1    -0.032    1    1   0    0.87
59    1    0.014    2    2   0    0.95
111    2    -0.032    2    1   0    0.71
82    2    -0.014    2    1   0    0.81
96    2    -0.032    2    1   0    1.08
75    2    0.032    1    2   0    3.45
33    1    0.000    2    2   0    0.93
60    1    0.032    2    2   0    0.90
46    1    -0.032    1    1   0    0.66
64    1    0.014    2    2   0    1.17
35    1    0.032    2    2   0    1.71
14    1    0.014    2    2   0    3.09
65    1    0.032    2    2   0    1.01
54    1    0.014    2    2   0    2.08
117    2    -0.014    2    1   0    2.24
122    2    -0.014    2    1   0    0.85
128    2    0.000    2    1   1    0.74
93    2    0.000    2    1   1    0.85
13    1    0.000    2    2   0    0.97
107    2    -0.014    2    1   0    0.93
73    1    0.000    2    2   0    1.21
32    1    -0.014    1    1   0    1.35
133    2    0.000    2    1   1    3.50
87    2    -0.014    2    1   0    1.12
145    2    0.032    1    2   0    1.00
134    2    0.014    1    2   0    2.73
68    1    0.000    1    1   1    1.28
91    2    -0.032    2    1   0    2.99
19    1    0.014    2    2   0    2.89
67    1    -0.014    1    1   0    0.72
25    1    0.032    2    2   0    0.85
112    2    -0.014    2    1   0    0.95
21    1    -0.032    1    1   0    0.88
4    1    0.014    2    2   0    1.13
