--------------------------------
18-Feb-2015 10:54:25 
data from observer A10 
#occlusion2 expt 
reference disparity (degrees) 0.160000 

stim order disp kresp testresp correct time
1    2    0.074    2    1   1    4.18
2    1    0.069    1    1   1    5.33
3    1    0.065    2    2   0    4.62
4    1    -0.074    2    2   1    1.41
5    1    0.074    1    1   1    4.89
6    2    0.069    2    1   1    1.28
7    2    0.069    2    1   1    1.55
8    1    -0.065    2    2   1    1.96
9    1    -0.065    2    2   1    7.30
10    2    -0.060    1    2   1    2.98
11    2    -0.060    1    2   1    2.33
12    1    -0.055    2    2   1    0.89
13    1    -0.055    2    2   1    3.08
14    2    0.051    2    1   1    1.58
15    1    -0.051    2    2   1    3.36
16    2    -0.046    1    2   1    1.91
17    2    0.046    2    1   1    2.85
18    2    0.042    2    1   1    2.22
19    1    -0.042    2    2   1    1.94
20    2    0.037    2    1   1    3.47
21    2    -0.037    1    2   1    1.67
22    1    0.032    1    1   1    3.16
23    1    0.032    1    1   1    3.45
24    1    0.028    1    1   1    3.10
25    1    -0.028    2    2   1    1.38
26    2    -0.023    1    2   1    2.27
27    2    -0.023    1    2   1    2.27
28    1    -0.018    2    2   1    0.89
29    2    0.018    2    1   1    1.11
30    1    0.014    1    1   1    2.81
31    2    0.014    2    1   1    2.18
32    2    -0.009    1    2   1    2.95
33    2    0.009    2    1   1    2.70
34    2    -0.005    1    2   1    1.94
35    2    0.005    2    1   1    2.30
36    2    0.005    2    1   1    3.65
37    1    -0.005    2    2   1    6.05
38    1    -0.005    2    2   1    4.63
39    1    -0.005    2    2   1    7.15
40    1    0.005    1    1   1    10.00
41    1    -0.005    2    2   1    2.36
42    1    -0.005    2    2   1    5.89
43    1    0.005    1    1   1    5.10
44    1    -0.005    2    2   1    4.37
45    1    0.005    1    1   1    4.47
46    2    0.005    1    2   0    8.65
47    1    0.014    1    1   1    3.52
48    1    -0.014    2    2   1    2.36
49    1    0.009    1    1   1    1.28
50    2    -0.009    1    2   1    2.12
-------------------------
Final staircase threshold estimate (mean) is 0.0074
-------------------------
18    1    0.000    2    2   0    7.89
41    1    -0.018    2    2   1    1.42
79    2    0.009    2    1   1    1.94
47    1    -0.009    2    2   1    2.32
5    1    0.018    1    1   1    2.73
51    1    -0.018    2    2   1    1.65
61    1    -0.018    2    2   1    1.02
114    2    0.009    2    1   1    2.22
140    2    0.018    2    1   1    2.71
85    2    0.018    2    1   1    3.25
136    2    -0.018    1    2   1    2.02
111    2    -0.018    1    2   1    1.19
100    2    0.018    2    1   1    1.01
77    2    -0.009    1    2   1    2.72
34    1    0.009    1    1   1    3.87
125    2    0.018    2    1   1    0.95
124    2    0.009    2    1   1    1.06
60    1    0.018    1    1   1    2.37
31    1    -0.018    2    2   1    1.08
75    2    0.018    2    1   1    0.82
35    1    0.018    1    1   1    0.69
72    1    -0.009    2    2   1    0.74
10    1    0.018    1    1   1    1.53
99    2    0.009    2    1   1    1.46
15    1    0.018    1    1   1    0.80
66    1    -0.018    2    2   1    0.72
1    1    -0.018    2    2   1    0.95
17    1    -0.009    2    2   1    0.70
144    2    0.009    2    1   1    1.53
67    1    -0.009    2    2   1    0.71
36    1    -0.018    2    2   1    1.19
149    2    0.009    2    1   1    2.79
88    2    0.000    1    2   0    2.52
106    2    -0.018    1    2   1    2.09
82    2    -0.009    1    2   1    2.12
95    2    0.018    2    1   1    0.80
8    1    0.000    2    2   0    2.78
9    1    0.009    2    2   0    4.99
101    2    -0.018    1    2   1    3.57
135    2    0.018    2    1   1    1.77
40    1    0.018    1    1   1    3.66
126    2    -0.018    2    1   0    2.35
71    1    -0.018    2    2   1    1.52
7    1    -0.009    2    2   1    16.25
93    2    0.000    2    1   1    3.21
43    1    0.000    2    2   0    3.47
63    1    0.000    2    2   0    2.53
142    2    -0.009    2    1   0    1.94
24    1    0.009    1    1   1    3.39
131    2    -0.018    1    2   1    2.75
130    2    0.018    2    1   1    0.81
19    1    0.009    1    1   1    2.70
121    2    -0.018    1    2   1    1.42
150    2    0.018    2    1   1    0.83
112    2    -0.009    1    2   1    0.93
2    1    -0.009    2    2   1    1.44
68    1    0.000    2    2   0    4.09
33    1    0.000    2    2   0    1.90
16    1    -0.018    2    2   1    0.79
58    1    0.000    2    2   0    2.30
74    1    0.009    1    1   1    1.40
70    1    0.018    1    1   1    4.86
46    1    -0.018    2    2   1    0.85
146    2    -0.018    2    1   0    1.34
73    1    0.000    2    2   0    2.43
109    2    0.009    2    1   1    2.15
3    1    0.000    2    2   0    1.56
38    1    0.000    1    1   1    3.50
76    2    -0.018    1    2   1    1.75
23    1    0.000    1    1   1    1.96
145    2    0.018    2    1   1    1.05
83    2    0.000    2    1   1    2.88
52    1    -0.009    2    2   1    1.89
122    2    -0.009    1    2   1    1.75
86    2    -0.018    1    2   1    1.00
25    1    0.018    1    1   1    2.19
32    1    -0.009    2    2   1    0.80
92    2    -0.009    1    2   1    1.94
113    2    0.000    1    2   0    1.28
127    2    -0.009    1    2   1    1.48
117    2    -0.009    1    2   1    4.54
42    1    -0.009    1    1   0    6.39
22    1    -0.009    2    2   1    2.35
4    1    0.009    1    1   1    0.92
6    1    -0.018    2    2   1    2.27
116    2    -0.018    1    2   1    1.09
84    2    0.009    2    1   1    0.80
80    2    0.018    1    2   0    0.79
107    2    -0.009    1    2   1    1.40
28    1    0.000    1    1   1    4.48
59    1    0.009    1    1   1    2.09
53    1    0.000    2    2   0    1.14
141    2    -0.018    1    2   1    1.29
138    2    0.000    1    2   0    2.79
64    1    0.009    2    2   0    2.12
98    2    0.000    2    1   1    1.47
78    2    0.000    1    2   0    4.31
97    2    -0.009    2    1   0    2.12
21    1    -0.018    2    2   1    4.49
134    2    0.009    2    1   1    2.87
87    2    -0.009    2    1   0    3.03
30    1    0.018    1    1   1    4.58
56    1    -0.018    2    2   1    0.92
48    1    0.000    2    2   0    1.31
37    1    -0.009    2    2   1    0.97
148    2    0.000    2    1   1    1.29
54    1    0.009    1    1   1    2.74
39    1    0.009    1    1   1    1.15
20    1    0.018    1    1   1    2.69
104    2    0.009    2    1   1    0.96
129    2    0.009    1    2   0    0.75
55    1    0.018    1    1   1    3.11
105    2    0.018    2    1   1    0.70
115    2    0.018    1    2   0    0.69
57    1    -0.009    2    2   1    1.69
14    1    0.009    1    1   1    1.69
94    2    0.009    2    1   1    2.31
29    1    0.009    2    2   0    2.36
123    2    0.000    2    1   1    1.31
26    1    -0.018    2    2   1    0.94
27    1    -0.009    2    2   1    1.72
120    2    0.018    2    1   1    0.82
81    2    -0.018    1    2   1    2.17
108    2    0.000    2    1   1    0.86
13    1    0.000    2    2   0    2.61
147    2    -0.009    1    2   1    2.88
143    2    0.000    2    1   1    0.79
118    2    0.000    2    1   1    1.88
89    2    0.009    2    1   1    2.82
49    1    0.009    2    2   0    3.24
137    2    -0.009    1    2   1    2.06
91    2    -0.018    1    2   1    1.98
132    2    -0.009    1    2   1    3.91
102    2    -0.009    1    2   1    3.35
119    2    0.009    2    1   1    2.40
45    1    0.018    1    1   1    2.29
103    2    0.000    1    2   0    2.51
133    2    0.000    1    2   0    2.39
69    1    0.009    1    1   1    1.34
12    1    -0.009    2    2   1    0.94
44    1    0.009    1    1   1    1.55
139    2    0.009    2    1   1    0.83
11    1    -0.018    2    2   1    1.86
96    2    -0.018    1    2   1    1.12
65    1    0.018    1    1   1    1.94
90    2    0.018    2    1   1    1.09
50    1    0.018    1    1   1    1.05
128    2    0.000    1    2   0    1.90
62    1    -0.009    2    2   1    2.02
110    2    0.018    2    1   1    2.48
