--------------------------------
18-Feb-2015 12:13:43 
data from observer A10 
#occlusion2 expt 
reference disparity (degrees) 0.160000 

stim order disp kresp testresp correct time
1    1    -0.074    1    1   1    1.89
2    2    0.069    1    2   1    3.72
3    1    0.065    2    2   1    0.58
4    1    0.060    2    2   1    1.00
5    1    0.055    2    2   1    1.20
6    1    0.051    2    2   1    0.78
7    2    -0.046    2    1   1    1.02
8    1    -0.042    1    1   1    0.80
9    2    0.037    1    2   1    0.67
10    2    -0.032    2    1   1    2.51
11    2    0.028    1    2   1    0.85
12    1    0.023    2    2   1    3.41
13    1    -0.018    1    1   1    1.72
14    2    -0.014    2    1   1    2.36
15    2    0.009    1    2   1    1.17
16    2    -0.005    2    1   1    0.87
17    2    0.005    1    2   1    1.26
18    1    -0.005    1    1   1    19.62
19    1    0.005    2    2   1    1.42
20    2    -0.005    2    1   1    2.38
21    2    -0.005    2    1   1    2.07
22    1    -0.005    1    1   1    3.80
23    1    0.005    2    2   1    4.73
24    1    -0.005    2    2   0    2.91
25    1    -0.014    1    1   1    0.95
26    1    -0.014    1    1   1    1.30
27    1    -0.009    2    2   0    2.12
28    2    -0.018    2    1   1    1.87
29    1    -0.018    1    1   1    1.05
30    1    -0.014    2    2   0    1.36
31    1    -0.023    1    1   1    1.20
32    1    0.023    2    2   1    0.88
33    2    -0.018    2    1   1    1.50
34    2    -0.018    2    1   1    1.01
35    2    0.014    1    2   1    0.88
36    1    0.014    2    2   1    3.98
37    1    0.009    1    1   0    4.25
38    2    0.018    1    2   1    1.20
39    1    -0.018    1    1   1    0.79
40    1    -0.014    1    1   1    0.96
41    1    0.014    2    2   1    1.12
42    1    -0.009    2    2   0    0.63
43    2    0.018    1    2   1    0.95
44    1    -0.018    1    1   1    1.27
45    1    0.014    1    1   0    0.95
46    1    0.023    2    2   1    0.68
47    2    0.023    1    2   1    0.86
48    2    0.018    1    2   1    1.15
49    2    0.018    1    2   1    1.12
50    2    -0.014    1    2   0    2.43
-------------------------
Final staircase threshold estimate (mean) is 0.0171
-------------------------
47    1    -0.018    1    1   0    28.71
131    2    -0.042    2    1   0    0.67
125    2    0.042    1    2   0    0.98
1    1    -0.042    1    1   0    0.59
23    1    0.000    2    2   0    1.29
76    2    -0.042    2    1   0    0.97
120    2    0.042    1    2   0    0.90
68    1    0.000    2    2   0    1.44
25    1    0.042    2    2   0    1.41
97    2    -0.018    2    1   0    0.96
103    2    0.000    2    1   1    1.84
101    2    -0.042    2    1   0    0.78
38    1    0.000    2    2   0    1.03
18    1    0.000    2    2   0    1.05
48    1    0.000    2    2   0    1.51
66    1    -0.042    1    1   0    1.01
146    2    -0.042    2    1   0    0.60
89    2    0.018    1    2   0    0.99
143    2    0.000    2    1   1    1.55
147    2    -0.018    2    1   0    0.76
118    2    0.000    2    1   1    0.59
110    2    0.042    1    2   0    0.67
115    2    0.042    1    2   0    0.89
17    1    -0.018    1    1   0    0.86
40    1    0.042    2    2   0    1.06
93    2    0.000    2    1   1    13.99
12    1    -0.018    1    1   0    0.83
57    1    -0.018    1    1   0    2.23
121    2    -0.042    2    1   0    0.67
72    1    -0.018    1    1   0    1.25
20    1    0.042    2    2   0    0.59
8    1    0.000    2    2   0    2.28
11    1    -0.042    1    1   0    1.87
30    1    0.042    2    2   0    0.95
3    1    0.000    2    2   0    1.16
86    2    -0.042    2    1   0    1.09
13    1    0.000    1    1   1    3.16
85    2    0.042    2    1   1    2.92
148    2    0.000    2    1   1    1.64
19    1    0.018    2    2   0    3.49
55    1    0.042    2    2   0    2.44
129    2    0.018    2    1   1    2.00
82    2    -0.018    2    1   0    1.85
15    1    0.042    2    2   0    1.34
133    2    0.000    1    2   0    1.40
137    2    -0.018    2    1   0    0.89
134    2    0.018    1    2   0    2.54
36    1    -0.042    1    1   0    2.39
75    2    0.042    1    2   0    1.07
124    2    0.018    1    2   0    1.28
61    1    -0.042    1    1   0    1.00
60    1    0.042    2    2   0    1.06
88    2    0.000    2    1   1    3.27
35    1    0.042    2    2   0    1.97
54    1    0.018    2    2   0    0.63
39    1    0.018    2    2   0    0.71
139    2    0.018    2    1   1    1.20
149    2    0.018    2    1   1    1.02
26    1    -0.042    2    2   1    5.00
119    2    0.018    1    2   0    2.10
127    2    -0.018    2    1   0    0.96
111    2    -0.042    2    1   0    1.00
9    1    0.018    2    2   0    1.91
95    2    0.042    1    2   0    1.87
113    2    0.000    2    1   1    0.64
100    2    0.042    1    2   0    1.02
79    2    0.018    1    2   0    2.70
132    2    -0.018    2    1   0    0.73
49    1    0.018    2    2   0    0.81
102    2    -0.018    2    1   0    0.80
27    1    -0.018    2    2   1    1.14
150    2    0.042    1    2   0    2.00
46    1    -0.042    1    1   0    1.12
67    1    -0.018    1    1   0    1.30
33    1    0.000    1    1   1    1.09
98    2    0.000    1    2   0    0.82
140    2    0.042    1    2   0    1.17
84    2    0.018    2    1   1    2.47
96    2    -0.042    2    1   0    0.88
24    1    0.018    2    2   0    1.12
65    1    0.042    2    2   0    1.36
105    2    0.042    1    2   0    1.13
71    1    -0.042    1    1   0    0.95
16    1    -0.042    1    1   0    1.05
142    2    -0.018    2    1   0    1.06
37    1    -0.018    1    1   0    1.51
108    2    0.000    2    1   1    1.51
29    1    0.018    2    2   0    1.02
138    2    0.000    1    2   0    1.60
99    2    0.018    1    2   0    2.35
107    2    -0.018    2    1   0    1.42
7    1    -0.018    1    1   0    1.56
91    2    -0.042    2    1   0    1.13
70    1    0.042    2    2   0    0.87
122    2    -0.018    2    1   0    1.39
43    1    0.000    2    2   0    4.79
4    1    0.018    2    2   0    2.42
6    1    -0.042    1    1   0    0.82
106    2    -0.042    2    1   0    0.79
130    2    0.042    1    2   0    1.19
116    2    -0.042    2    1   0    0.85
62    1    -0.018    1    1   0    0.75
80    2    0.042    1    2   0    1.13
73    1    0.000    1    1   1    1.46
63    1    0.000    1    1   1    3.26
42    1    -0.018    1    1   0    1.48
74    1    0.018    2    2   0    1.09
145    2    0.042    1    2   0    0.79
136    2    -0.042    2    1   0    1.03
69    1    0.018    2    2   0    0.77
114    2    0.018    1    2   0    1.62
32    1    -0.018    1    1   0    2.99
78    2    0.000    2    1   1    3.19
14    1    0.018    2    2   0    3.98
56    1    -0.042    1    1   0    2.56
81    2    -0.042    2    1   0    0.85
5    1    0.042    2    2   0    1.27
64    1    0.018    2    2   0    1.79
41    1    -0.042    1    1   0    1.18
45    1    0.042    2    2   0    1.05
2    1    -0.018    1    1   0    0.84
94    2    0.018    1    2   0    1.43
144    2    0.018    1    2   0    0.99
28    1    0.000    1    1   1    1.29
112    2    -0.018    2    1   0    1.63
51    1    -0.042    1    1   0    1.34
77    2    -0.018    2    1   0    1.44
104    2    0.018    1    2   0    0.74
123    2    0.000    1    2   0    1.23
87    2    -0.018    2    1   0    0.69
34    1    0.018    2    2   0    1.63
31    1    -0.042    1    1   0    0.76
126    2    -0.042    2    1   0    0.79
21    1    -0.042    1    1   0    2.22
128    2    0.000    2    1   1    4.71
83    2    0.000    1    2   0    1.28
44    1    0.018    2    2   0    0.82
117    2    -0.018    2    1   0    0.98
59    1    0.018    2    2   0    1.48
52    1    -0.018    1    1   0    3.53
10    1    0.042    2    2   0    0.88
22    1    -0.018    1    1   0    1.08
90    2    0.042    1    2   0    0.89
50    1    0.042    2    2   0    0.62
135    2    0.042    1    2   0    0.93
109    2    0.018    1    2   0    1.79
58    1    0.000    1    1   1    0.82
141    2    -0.042    2    1   0    0.81
53    1    0.000    1    1   1    2.11
92    2    -0.018    2    1   0    0.69
