--------------------------------
25-Jul-2014 13:57:14 
data from observer A10 
#occlusion2 expt 
reference disparity (degrees) 0.160000 

stim order disp kresp testresp correct time
1    1    0.074    1    1   1    4.11
2    2    0.069    2    1   1    1.03
3    2    0.065    2    1   1    0.94
4    2    0.060    2    1   1    1.14
5    1    0.055    2    2   0    3.67
6    2    -0.065    2    1   0    1.69
7    2    0.074    1    2   0    1.35
8    2    0.083    2    1   1    3.87
9    2    -0.083    1    2   1    3.50
10    2    0.079    2    1   1    1.70
11    1    -0.079    2    2   1    1.74
12    2    0.074    2    1   1    1.21
13    2    -0.074    1    2   1    3.13
14    1    -0.069    2    2   1    0.85
15    1    0.069    1    1   1    1.29
16    2    0.065    2    1   1    1.02
17    1    0.065    1    1   1    0.88
18    2    -0.060    1    2   1    0.75
19    2    0.060    2    1   1    0.99
20    1    0.055    1    1   1    0.77
21    2    -0.055    1    2   1    2.31
22    2    -0.051    1    2   1    0.64
23    2    0.051    2    1   1    1.08
24    1    -0.046    2    2   1    0.74
25    1    0.046    1    1   1    0.67
26    2    -0.042    1    2   1    0.53
27    1    -0.042    2    2   1    1.35
28    2    -0.037    1    2   1    1.35
29    2    0.037    2    1   1    0.69
30    1    0.032    1    1   1    5.24
31    1    -0.032    2    2   1    1.30
32    1    0.028    1    1   1    4.24
33    2    -0.028    1    2   1    2.32
34    1    0.023    1    1   1    2.65
35    2    0.023    2    1   1    3.11
36    2    0.018    2    1   1    0.80
37    2    0.018    2    1   1    2.24
38    2    -0.014    1    2   1    5.16
39    1    -0.014    2    2   1    1.03
40    1    0.009    2    2   0    14.24
41    2    0.018    2    1   1    1.18
42    2    0.018    2    1   1    0.87
43    1    0.014    2    2   0    6.62
44    2    -0.023    1    2   1    3.66
45    2    0.023    2    1   1    0.78
46    1    0.018    1    1   1    3.82
47    1    0.018    1    1   1    1.50
48    2    0.014    2    1   1    1.32
49    2    0.014    2    1   1    0.70
50    2    -0.009    2    1   0    7.06
-------------------------
Final staircase threshold estimate (mean) is 0.0171
-------------------------
140    2    0.042    2    1   1    1.66
50    1    0.042    1    1   1    0.71
115    2    0.042    2    1   1    0.92
24    1    0.018    1    1   1    0.54
128    2    0.000    2    1   1    3.20
112    2    -0.018    1    2   1    1.13
125    2    0.042    2    1   1    0.82
126    2    -0.042    1    2   1    1.70
45    1    0.042    1    1   1    2.67
66    1    -0.042    2    2   1    0.70
64    1    0.018    1    1   1    6.77
117    2    -0.018    2    1   0    0.81
46    1    -0.042    2    2   1    0.90
52    1    -0.018    2    2   1    0.97
134    2    0.018    2    1   1    0.88
147    2    -0.018    1    2   1    1.04
136    2    -0.042    1    2   1    1.21
108    2    0.000    2    1   1    0.64
28    1    0.000    2    2   0    1.91
122    2    -0.018    1    2   1    1.74
6    1    -0.042    2    2   1    0.68
44    1    0.018    1    1   1    1.50
138    2    0.000    2    1   1    1.28
53    1    0.000    2    2   0    1.09
127    2    -0.018    2    1   0    3.75
92    2    -0.018    2    1   0    2.10
47    1    -0.018    2    2   1    1.01
74    1    0.018    1    1   1    0.78
82    2    -0.018    2    1   0    0.66
120    2    0.042    2    1   1    0.78
113    2    0.000    2    1   1    2.11
31    1    -0.042    2    2   1    0.88
75    2    0.042    2    1   1    1.11
146    2    -0.042    1    2   1    1.23
8    1    0.000    2    2   0    1.61
10    1    0.042    1    1   1    1.02
3    1    0.000    2    2   0    2.51
49    1    0.018    1    1   1    4.75
48    1    0.000    2    2   0    0.86
30    1    0.042    1    1   1    1.09
19    1    0.018    1    1   1    1.01
61    1    -0.042    2    2   1    0.79
32    1    -0.018    2    2   1    0.92
89    2    0.018    2    1   1    1.61
98    2    0.000    2    1   1    7.68
33    1    0.000    2    2   0    2.44
100    2    0.042    2    1   1    0.94
109    2    0.018    2    1   1    0.71
13    1    0.000    2    2   0    4.44
69    1    0.018    1    1   1    1.75
36    1    -0.042    2    2   1    3.42
37    1    -0.018    2    2   1    2.24
42    1    -0.018    2    2   1    1.43
7    1    -0.018    2    2   1    1.54
95    2    0.042    2    1   1    0.82
84    2    0.018    2    1   1    3.34
62    1    -0.018    2    2   1    1.22
103    2    0.000    2    1   1    5.80
129    2    0.018    2    1   1    3.76
67    1    -0.018    2    2   1    0.88
27    1    -0.018    2    2   1    3.99
26    1    -0.042    2    2   1    0.84
83    2    0.000    2    1   1    1.85
99    2    0.018    2    1   1    2.25
20    1    0.042    1    1   1    0.95
111    2    -0.042    1    2   1    1.03
63    1    0.000    2    2   0    0.96
14    1    0.018    1    1   1    1.15
119    2    0.018    2    1   1    0.78
78    2    0.000    1    2   0    2.09
145    2    0.042    2    1   1    1.34
148    2    0.000    2    1   1    3.11
38    1    0.000    2    2   0    7.08
60    1    0.042    1    1   1    4.64
90    2    0.042    2    1   1    1.46
137    2    -0.018    1    2   1    1.00
132    2    -0.018    2    1   0    1.48
81    2    -0.042    1    2   1    0.99
51    1    -0.042    2    2   1    0.96
34    1    0.018    1    1   1    1.01
59    1    0.018    1    1   1    0.92
91    2    -0.042    1    2   1    0.79
139    2    0.018    2    1   1    0.63
35    1    0.042    1    1   1    1.31
93    2    0.000    2    1   1    1.38
57    1    -0.018    2    2   1    0.83
121    2    -0.042    1    2   1    0.83
18    1    0.000    1    1   1    3.34
149    2    0.018    2    1   1    0.66
110    2    0.042    2    1   1    0.97
77    2    -0.018    1    2   1    0.00
124    2    0.018    2    1   1    1.96
17    1    -0.018    2    2   1    1.57
79    2    0.018    2    1   1    2.61
70    1    0.042    1    1   1    0.74
131    2    -0.042    1    2   1    2.25
86    2    -0.042    1    2   1    6.94
54    1    0.018    1    1   1    3.44
39    1    0.018    1    1   1    1.67
5    1    0.042    1    1   1    1.93
118    2    0.000    1    2   0    2.90
123    2    0.000    1    2   0    4.52
4    1    0.018    1    1   1    3.98
25    1    0.042    1    1   1    2.02
104    2    0.018    2    1   1    2.40
94    2    0.018    2    1   1    1.83
15    1    0.042    1    1   1    2.60
87    2    -0.018    1    2   1    4.41
107    2    -0.018    1    2   1    1.92
21    1    -0.042    2    2   1    0.91
9    1    0.018    2    2   0    3.33
88    2    0.000    2    1   1    1.51
23    1    0.000    2    2   0    1.76
41    1    -0.042    2    2   1    1.04
97    2    -0.018    1    2   1    4.29
102    2    -0.018    2    1   0    0.34
1    1    -0.042    2    2   1    0.75
150    2    0.042    2    1   1    0.71
141    2    -0.042    1    2   1    0.89
101    2    -0.042    1    2   1    1.28
106    2    -0.042    1    2   1    0.84
29    1    0.018    1    1   1    4.12
71    1    -0.042    2    2   1    0.98
80    2    0.042    2    1   1    1.20
12    1    -0.018    2    2   1    0.92
68    1    0.000    2    2   0    0.66
43    1    0.000    1    1   1    0.94
130    2    0.042    2    1   1    0.49
114    2    0.018    2    1   1    0.77
16    1    -0.042    2    2   1    3.29
96    2    -0.042    1    2   1    28.76
142    2    -0.018    1    2   1    3.26
55    1    0.042    1    1   1    0.84
116    2    -0.042    1    2   1    1.02
133    2    0.000    2    1   1    3.81
2    1    -0.018    2    2   1    0.92
22    1    -0.018    2    2   1    2.02
72    1    -0.018    2    2   1    0.88
65    1    0.042    1    1   1    3.26
11    1    -0.042    2    2   1    0.83
76    2    -0.042    1    2   1    0.78
135    2    0.042    2    1   1    0.55
143    2    0.000    2    1   1    1.96
73    1    0.000    2    2   0    1.95
105    2    0.042    2    1   1    1.45
40    1    0.042    1    1   1    1.07
85    2    0.042    2    1   1    0.72
56    1    -0.042    2    2   1    1.14
144    2    0.018    2    1   1    1.33
58    1    0.000    1    1   1    0.99
