--------------------------------
29-Jul-2014 11:36:52 
data from observer A11 
#occlusion2 expt 
reference disparity (degrees) 0.160000 

stim order disp kresp testresp correct time
1    2    0.074    2    1   1    1.35
2    1    0.069    1    1   1    0.85
3    2    -0.065    1    2   1    0.87
4    1    -0.060    2    2   1    0.80
5    1    -0.055    2    2   1    0.76
6    1    0.051    1    1   1    0.83
7    2    0.046    2    1   1    0.75
8    2    0.042    2    1   1    0.99
9    2    -0.037    1    2   1    0.81
10    2    0.032    2    1   1    0.79
11    2    0.028    2    1   1    1.29
12    2    0.023    2    1   1    1.08
13    2    -0.018    1    2   1    0.56
14    2    0.014    2    1   1    0.75
15    1    -0.009    2    2   1    1.47
16    2    0.005    1    2   0    0.72
17    1    0.014    1    1   1    0.81
18    2    0.014    2    1   1    0.81
19    1    -0.009    1    1   0    1.30
20    1    -0.018    2    2   1    0.80
21    1    0.018    1    1   1    0.81
22    1    0.014    1    1   1    0.75
23    1    -0.014    2    2   1    0.80
24    1    0.009    1    1   1    0.91
25    2    -0.009    1    2   1    1.18
26    2    0.005    1    2   0    0.74
27    1    0.014    1    1   1    0.78
28    1    -0.014    2    2   1    1.02
29    1    -0.009    2    2   1    1.13
30    1    0.009    1    1   1    0.84
31    1    -0.005    1    1   0    1.48
32    1    0.014    1    1   1    1.48
33    1    0.014    1    1   1    1.09
34    2    -0.009    1    2   1    0.73
35    1    0.009    1    1   1    0.81
36    1    0.005    1    1   1    1.19
37    2    -0.005    1    2   1    0.78
38    1    -0.005    2    2   1    0.56
39    2    -0.005    1    2   1    0.59
40    1    0.005    1    1   1    0.70
41    2    -0.005    1    2   1    0.83
42    2    -0.005    1    2   1    0.99
43    2    0.005    1    2   0    1.08
44    2    0.014    2    1   1    1.13
45    1    0.014    1    1   1    2.16
46    1    -0.009    1    1   0    1.90
47    1    0.018    1    1   1    0.96
48    1    0.018    1    1   1    0.79
49    2    0.014    2    1   1    0.98
50    1    -0.014    2    2   1    0.76
-------------------------
Final staircase threshold estimate (mean) is 0.0115
-------------------------
44    1    0.009    1    1   1    1.45
63    1    0.000    1    1   1    2.00
105    2    0.028    2    1   1    0.62
92    2    -0.009    1    2   1    0.96
40    1    0.028    1    1   1    0.79
1    1    -0.028    2    2   1    1.00
25    1    0.028    1    1   1    0.66
6    1    -0.028    2    2   1    0.77
78    2    0.000    2    1   1    1.18
71    1    -0.028    2    2   1    0.74
2    1    -0.009    2    2   1    0.74
54    1    0.009    1    1   1    0.95
109    2    0.009    2    1   1    0.88
129    2    0.009    1    2   0    0.67
93    2    0.000    2    1   1    0.87
144    2    0.009    2    1   1    0.99
97    2    -0.009    2    1   0    0.78
57    1    -0.009    2    2   1    1.11
100    2    0.028    2    1   1    0.80
107    2    -0.009    1    2   1    1.51
47    1    -0.009    2    2   1    1.89
9    1    0.009    1    1   1    0.90
26    1    -0.028    2    2   1    0.84
28    1    0.000    1    1   1    2.09
27    1    -0.009    2    2   1    2.19
150    2    0.028    2    1   1    0.89
22    1    -0.009    1    1   0    2.97
3    1    0.000    1    1   1    0.93
86    2    -0.028    1    2   1    0.81
52    1    -0.009    1    1   0    0.88
61    1    -0.028    2    2   1    0.83
136    2    -0.028    1    2   1    0.99
4    1    0.009    1    1   1    1.71
12    1    -0.009    2    2   1    3.30
124    2    0.009    2    1   1    0.94
36    1    -0.028    1    1   0    0.71
24    1    0.009    1    1   1    1.43
146    2    -0.028    1    2   1    1.01
82    2    -0.009    1    2   1    0.92
67    1    -0.009    2    2   1    1.21
64    1    0.009    2    2   0    3.04
10    1    0.028    1    1   1    5.57
35    1    0.028    1    1   1    0.92
83    2    0.000    2    1   1    1.95
38    1    0.000    2    2   0    2.02
79    2    0.009    1    2   0    1.10
65    1    0.028    1    1   1    2.18
141    2    -0.028    1    2   1    0.89
30    1    0.028    1    1   1    0.53
11    1    -0.028    1    1   0    0.54
59    1    0.009    1    1   1    1.52
15    1    0.028    1    1   1    0.91
75    2    0.028    2    1   1    0.67
112    2    -0.009    1    2   1    0.83
39    1    0.009    1    1   1    1.41
140    2    0.028    2    1   1    2.45
117    2    -0.009    1    2   1    3.04
116    2    -0.028    1    2   1    1.24
106    2    -0.028    1    2   1    0.78
13    1    0.000    1    1   1    1.66
131    2    -0.028    1    2   1    1.21
149    2    0.009    2    1   1    1.50
118    2    0.000    1    2   0    0.89
68    1    0.000    1    1   1    1.02
46    1    -0.028    1    1   0    1.32
34    1    0.009    1    1   1    1.35
134    2    0.009    2    1   1    1.88
98    2    0.000    1    2   0    5.56
55    1    0.028    1    1   1    0.89
72    1    -0.009    2    2   1    0.81
91    2    -0.028    1    2   1    1.58
88    2    0.000    1    2   0    1.35
70    1    0.028    1    1   1    1.37
49    1    0.009    1    1   1    3.00
53    1    0.000    1    1   1    1.26
62    1    -0.009    2    2   1    1.22
95    2    0.028    2    1   1    0.91
89    2    0.009    1    2   0    1.18
7    1    -0.009    1    1   0    0.75
73    1    0.000    1    1   1    0.90
111    2    -0.028    1    2   1    0.66
81    2    -0.028    1    2   1    0.70
66    1    -0.028    2    2   1    0.69
113    2    0.000    2    1   1    0.72
50    1    0.028    2    2   0    0.78
137    2    -0.009    1    2   1    1.35
48    1    0.000    1    1   1    0.78
37    1    -0.009    1    1   0    1.83
99    2    0.009    2    1   1    4.06
17    1    -0.009    2    2   1    0.74
18    1    0.000    1    1   1    2.44
77    2    -0.009    1    2   1    1.24
41    1    -0.028    1    1   0    1.37
80    2    0.028    2    1   1    0.62
94    2    0.009    2    1   1    0.71
60    1    0.028    1    1   1    0.97
143    2    0.000    1    2   0    6.16
85    2    0.028    2    1   1    0.66
5    1    0.028    1    1   1    1.08
138    2    0.000    2    1   1    2.08
145    2    0.028    1    2   0    0.89
108    2    0.000    1    2   0    1.22
104    2    0.009    1    2   0    1.03
102    2    -0.009    1    2   1    1.89
45    1    0.028    1    1   1    2.07
32    1    -0.009    1    1   0    1.05
132    2    -0.009    1    2   1    2.08
130    2    0.028    2    1   1    1.61
119    2    0.009    1    2   0    0.99
58    1    0.000    1    1   1    2.79
110    2    0.028    2    1   1    0.78
8    1    0.000    1    1   1    0.89
114    2    0.009    2    1   1    8.52
90    2    0.028    2    1   1    1.26
139    2    0.009    2    1   1    1.32
87    2    -0.009    1    2   1    3.59
56    1    -0.028    1    1   0    0.93
19    1    0.009    1    1   1    1.07
69    1    0.009    1    1   1    1.32
121    2    -0.028    1    2   1    0.72
135    2    0.028    1    2   0    1.59
127    2    -0.009    1    2   1    2.55
20    1    0.028    2    2   0    0.60
16    1    -0.028    2    2   1    1.03
147    2    -0.009    2    1   0    1.21
84    2    0.009    1    2   0    1.68
23    1    0.000    1    1   1    2.62
14    1    0.009    1    1   1    1.29
115    2    0.028    2    1   1    0.55
76    2    -0.028    1    2   1    1.87
74    1    0.009    1    1   1    1.71
43    1    0.000    1    1   1    1.65
125    2    0.028    1    2   0    1.18
120    2    0.028    1    2   0    2.11
148    2    0.000    1    2   0    0.86
123    2    0.000    1    2   0    1.15
33    1    0.000    2    2   0    1.14
128    2    0.000    1    2   0    1.10
122    2    -0.009    1    2   1    0.70
133    2    0.000    1    2   0    1.04
51    1    -0.028    2    2   1    1.00
21    1    -0.028    2    2   1    0.97
101    2    -0.028    1    2   1    0.73
103    2    0.000    1    2   0    0.94
142    2    -0.009    1    2   1    0.95
96    2    -0.028    1    2   1    0.82
29    1    0.009    1    1   1    1.99
31    1    -0.028    1    1   0    1.83
126    2    -0.028    1    2   1    0.93
42    1    -0.009    2    2   1    2.70
