--------------------------------
16-Feb-2015 10:06:07 
data from observer A11 
#occlusion2 expt 
reference disparity (degrees) 0.160000 

stim order disp kresp testresp correct time
1    2    0.074    1    2   1    3.19
2    1    -0.069    1    1   1    0.77
3    1    -0.065    1    1   1    1.17
4    2    -0.060    2    1   1    1.01
5    2    -0.055    2    1   1    1.43
6    1    -0.051    1    1   1    0.96
7    1    0.046    2    2   1    1.08
8    1    -0.042    1    1   1    1.04
9    1    -0.037    1    1   1    1.01
10    1    0.032    2    2   1    0.91
11    2    -0.028    2    1   1    0.97
12    2    0.023    1    2   1    0.78
13    2    -0.018    2    1   1    1.12
14    2    -0.014    2    1   1    1.60
15    2    0.009    1    2   1    1.20
16    1    0.005    2    2   1    9.17
17    2    0.005    1    2   1    16.86
18    2    0.005    1    2   1    1.49
19    2    -0.005    1    2   0    2.02
20    1    0.014    2    2   1    0.81
21    2    0.014    1    2   1    0.66
22    1    0.009    2    2   1    0.93
23    1    -0.009    1    1   1    0.96
24    1    -0.005    1    1   1    0.84
25    2    0.005    1    2   1    1.34
26    1    0.005    1    1   0    3.66
27    1    0.014    2    2   1    0.84
28    1    -0.014    1    1   1    0.68
29    1    0.009    2    2   1    3.54
30    2    -0.009    2    1   1    0.94
31    2    0.005    2    1   0    0.97
32    2    -0.014    2    1   1    1.36
33    1    0.014    2    2   1    1.31
34    1    -0.009    1    1   1    1.23
35    2    0.009    1    2   1    1.15
36    1    -0.005    1    1   1    1.50
37    2    0.005    1    2   1    1.42
38    1    0.005    2    2   1    1.20
39    2    -0.005    1    2   0    2.30
40    2    0.014    1    2   1    1.01
41    1    0.014    2    2   1    0.86
42    2    -0.009    2    1   1    0.88
43    1    -0.009    1    1   1    1.02
44    2    -0.005    2    1   1    3.26
45    1    0.005    2    2   1    4.83
46    2    -0.005    1    2   0    1.78
47    2    -0.014    2    1   1    1.82
48    2    -0.014    2    1   1    0.85
49    1    0.009    2    2   1    5.77
50    2    -0.009    1    2   0    1.18
-------------------------
Final staircase threshold estimate (mean) is 0.0092
-------------------------
78    2    0.000    1    2   0    1.97
26    1    -0.023    1    1   0    0.89
48    1    0.000    1    1   1    1.30
123    2    0.000    1    2   0    1.02
149    2    0.009    1    2   0    0.92
53    1    0.000    2    2   0    2.54
110    2    0.023    1    2   0    0.79
144    2    0.009    1    2   0    0.77
107    2    -0.009    2    1   0    0.99
64    1    0.009    2    2   0    1.02
9    1    0.009    2    2   0    1.71
91    2    -0.023    2    1   0    1.01
60    1    0.023    2    2   0    0.88
89    2    0.009    1    2   0    0.72
139    2    0.009    1    2   0    0.80
36    1    -0.023    1    1   0    0.82
137    2    -0.009    2    1   0    2.50
47    1    -0.009    1    1   0    1.01
10    1    0.023    2    2   0    0.94
21    1    -0.023    1    1   0    0.72
79    2    0.009    1    2   0    0.77
34    1    0.009    2    2   0    0.95
66    1    -0.023    1    1   0    0.71
49    1    0.009    2    2   0    1.44
23    1    0.000    1    1   1    0.69
63    1    0.000    2    2   0    0.81
90    2    0.023    1    2   0    0.70
145    2    0.023    1    2   0    0.76
22    1    -0.009    1    1   0    0.96
126    2    -0.023    2    1   0    1.66
33    1    0.000    1    1   1    1.86
134    2    0.009    1    2   0    1.44
75    2    0.023    1    2   0    0.98
67    1    -0.009    1    1   0    1.54
113    2    0.000    2    1   1    3.07
56    1    -0.023    1    1   0    0.83
102    2    -0.009    2    1   0    6.77
32    1    -0.009    1    1   0    0.80
101    2    -0.023    2    1   0    0.97
11    1    -0.023    1    1   0    0.71
141    2    -0.023    2    1   0    1.18
25    1    0.023    2    2   0    1.26
125    2    0.023    1    2   0    0.70
50    1    0.023    2    2   0    0.68
115    2    0.023    1    2   0    0.61
59    1    0.009    1    1   1    0.67
2    1    -0.009    1    1   0    1.56
116    2    -0.023    2    1   0    1.05
121    2    -0.023    2    1   0    0.76
88    2    0.000    1    2   0    0.91
5    1    0.023    2    2   0    1.41
18    1    0.000    1    1   1    1.73
82    2    -0.009    2    1   0    1.14
52    1    -0.009    1    1   0    0.82
15    1    0.023    2    2   0    0.97
61    1    -0.023    1    1   0    0.88
136    2    -0.023    2    1   0    0.75
132    2    -0.009    2    1   0    2.80
100    2    0.023    1    2   0    0.84
55    1    0.023    2    2   0    1.29
97    2    -0.009    2    1   0    1.31
93    2    0.000    1    2   0    0.85
62    1    -0.009    1    1   0    1.41
20    1    0.023    2    2   0    0.77
72    1    -0.009    1    1   0    1.07
96    2    -0.023    2    1   0    0.78
119    2    0.009    1    2   0    1.00
71    1    -0.023    1    1   0    1.32
30    1    0.023    2    2   0    1.96
39    1    0.009    2    2   0    3.90
73    1    0.000    2    2   0    1.42
54    1    0.009    2    2   0    2.00
117    2    -0.009    2    1   0    2.15
86    2    -0.023    2    1   0    1.51
131    2    -0.023    2    1   0    0.90
4    1    0.009    2    2   0    1.69
58    1    0.000    1    1   1    1.67
133    2    0.000    1    2   0    2.28
114    2    0.009    1    2   0    0.83
28    1    0.000    1    1   1    2.79
105    2    0.023    1    2   0    0.80
3    1    0.000    1    1   1    2.32
51    1    -0.023    1    1   0    2.12
68    1    0.000    1    1   1    2.53
138    2    0.000    1    2   0    2.31
24    1    0.009    2    2   0    1.31
129    2    0.009    1    2   0    2.10
8    1    0.000    2    2   0    5.13
99    2    0.009    1    2   0    1.27
27    1    -0.009    1    1   0    2.60
29    1    0.009    2    2   0    1.25
146    2    -0.023    2    1   0    1.64
109    2    0.009    1    2   0    1.36
42    1    -0.009    1    1   0    1.52
43    1    0.000    1    1   1    1.41
87    2    -0.009    1    2   1    2.43
127    2    -0.009    1    2   1    7.05
80    2    0.023    1    2   0    1.36
46    1    -0.023    1    1   0    1.56
14    1    0.009    2    2   0    1.17
7    1    -0.009    1    1   0    0.81
135    2    0.023    1    2   0    1.00
19    1    0.009    2    2   0    2.56
150    2    0.023    1    2   0    0.78
104    2    0.009    1    2   0    1.68
148    2    0.000    1    2   0    1.66
83    2    0.000    1    2   0    1.42
1    1    -0.023    1    1   0    1.18
77    2    -0.009    2    1   0    2.40
41    1    -0.023    1    1   0    1.10
103    2    0.000    2    1   1    1.72
142    2    -0.009    2    1   0    3.55
65    1    0.023    2    2   0    1.26
95    2    0.023    2    1   1    0.87
6    1    -0.023    1    1   0    0.89
74    1    0.009    2    2   0    2.35
69    1    0.009    2    2   0    1.08
94    2    0.009    1    2   0    2.08
124    2    0.009    1    2   0    1.09
13    1    0.000    1    1   1    3.45
118    2    0.000    2    1   1    1.68
98    2    0.000    2    1   1    2.73
76    2    -0.023    2    1   0    1.01
37    1    -0.009    2    2   1    1.09
70    1    0.023    2    2   0    1.46
147    2    -0.009    2    1   0    2.73
143    2    0.000    1    2   0    1.78
122    2    -0.009    2    1   0    1.99
17    1    -0.009    1    1   0    1.18
81    2    -0.023    1    2   1    1.09
38    1    0.000    1    1   1    1.10
57    1    -0.009    1    1   0    1.10
35    1    0.023    2    2   0    0.90
130    2    0.023    1    2   0    0.88
40    1    0.023    2    2   0    0.89
12    1    -0.009    1    1   0    0.58
106    2    -0.023    2    1   0    0.88
108    2    0.000    1    2   0    0.93
112    2    -0.009    1    2   1    2.98
85    2    0.023    1    2   0    1.11
44    1    0.009    2    2   0    1.29
140    2    0.023    1    2   0    0.91
16    1    -0.023    1    1   0    0.86
128    2    0.000    2    1   1    2.71
84    2    0.009    1    2   0    0.81
111    2    -0.023    2    1   0    0.92
45    1    0.023    2    2   0    1.21
92    2    -0.009    2    1   0    2.39
120    2    0.023    1    2   0    0.99
31    1    -0.023    1    1   0    0.88
