--------------------------------
16-Feb-2015 10:32:37 
data from observer A11 
#occlusion2 expt 
reference disparity (degrees) 0.160000 

stim order disp kresp testresp correct time
1    2    0.074    1    2   1    2.92
2    2    0.069    1    2   1    2.01
3    2    0.065    1    2   1    1.46
4    1    0.060    2    2   1    1.27
5    1    0.055    2    2   1    1.98
6    1    -0.051    1    1   1    1.11
7    2    -0.046    2    1   1    2.82
8    2    0.042    1    2   1    0.96
9    2    -0.037    2    1   1    1.84
10    2    0.032    1    2   1    2.36
11    1    0.028    2    2   1    2.35
12    2    0.023    1    2   1    1.90
13    1    0.018    2    2   1    3.05
14    1    -0.014    1    1   1    1.75
15    2    -0.009    2    1   1    2.91
16    2    0.005    1    2   1    3.72
17    1    -0.005    1    1   1    2.35
18    1    0.005    2    2   1    3.45
19    1    0.005    1    1   0    1.63
20    1    -0.014    1    1   1    1.88
21    2    -0.014    1    2   0    5.45
22    1    0.023    2    2   1    4.28
23    2    0.023    1    2   1    2.03
24    2    0.018    1    2   1    2.59
25    2    0.018    1    2   1    2.45
26    2    -0.014    2    1   1    2.50
27    1    -0.014    1    1   1    1.60
28    2    -0.009    2    1   1    3.68
29    1    -0.009    1    1   1    1.33
30    2    0.005    1    2   1    3.54
31    1    -0.005    1    1   1    2.95
32    1    -0.005    1    1   1    6.30
33    2    -0.005    1    2   0    3.35
34    2    -0.014    2    1   1    1.55
35    1    -0.014    1    1   1    1.43
36    1    0.009    2    2   1    1.47
37    2    0.009    1    2   1    1.56
38    1    -0.005    1    1   1    2.38
39    2    -0.005    2    1   1    6.20
40    2    0.005    1    2   1    2.39
41    1    0.005    1    1   0    3.76
42    1    -0.014    1    1   1    4.79
43    2    0.014    1    2   1    1.93
44    2    0.009    1    2   1    3.00
45    2    0.009    1    2   1    2.51
46    1    0.005    2    2   1    3.19
47    1    -0.005    1    1   1    5.27
48    1    -0.005    1    1   1    2.82
49    1    -0.005    1    1   1    1.81
50    2    -0.005    1    2   0    2.78
-------------------------
Final staircase threshold estimate (mean) is 0.0074
-------------------------
73    1    0.000    1    1   1    4.16
28    1    0.000    2    2   0    1.66
54    1    0.009    2    2   0    2.48
110    2    0.018    1    2   0    0.97
92    2    -0.009    1    2   1    2.55
47    1    -0.009    1    1   0    1.02
57    1    -0.009    1    1   0    1.92
129    2    0.009    1    2   0    1.74
68    1    0.000    1    1   1    1.72
76    2    -0.018    2    1   0    1.29
29    1    0.009    1    1   1    1.47
40    1    0.018    2    2   0    1.60
82    2    -0.009    1    2   1    1.04
22    1    -0.009    1    1   0    3.29
118    2    0.000    1    2   0    5.55
138    2    0.000    2    1   1    1.89
103    2    0.000    1    2   0    2.19
62    1    -0.009    1    1   0    2.71
83    2    0.000    1    2   0    3.26
41    1    -0.018    1    1   0    2.66
150    2    0.018    1    2   0    2.43
7    1    -0.009    2    2   1    3.82
32    1    -0.009    1    1   0    1.57
137    2    -0.009    2    1   0    1.19
53    1    0.000    1    1   1    1.87
74    1    0.009    2    2   0    1.57
139    2    0.009    1    2   0    1.34
126    2    -0.018    2    1   0    2.69
79    2    0.009    1    2   0    1.11
39    1    0.009    1    1   1    1.62
60    1    0.018    2    2   0    2.85
136    2    -0.018    1    2   1    3.31
63    1    0.000    1    1   1    1.70
146    2    -0.018    2    1   0    4.24
55    1    0.018    2    2   0    1.42
9    1    0.009    2    2   0    1.73
114    2    0.009    1    2   0    1.20
98    2    0.000    1    2   0    4.24
52    1    -0.009    1    1   0    2.36
122    2    -0.009    2    1   0    3.69
91    2    -0.018    2    1   0    0.72
78    2    0.000    1    2   0    1.31
6    1    -0.018    1    1   0    2.24
21    1    -0.018    1    1   0    2.26
81    2    -0.018    1    2   1    2.38
107    2    -0.009    1    2   1    2.08
149    2    0.009    1    2   0    2.79
121    2    -0.018    2    1   0    6.22
97    2    -0.009    2    1   0    2.79
135    2    0.018    1    2   0    2.91
61    1    -0.018    1    1   0    1.22
14    1    0.009    1    1   1    4.58
67    1    -0.009    1    1   0    2.44
18    1    0.000    1    1   1    1.88
133    2    0.000    1    2   0    2.66
64    1    0.009    1    1   1    7.28
95    2    0.018    1    2   0    1.33
141    2    -0.018    1    2   1    1.43
88    2    0.000    2    1   1    1.54
86    2    -0.018    1    2   1    1.42
77    2    -0.009    2    1   0    1.53
80    2    0.018    1    2   0    1.16
34    1    0.009    1    1   1    2.77
93    2    0.000    1    2   0    2.06
59    1    0.009    1    1   1    3.32
147    2    -0.009    2    1   0    1.60
25    1    0.018    2    2   0    6.64
12    1    -0.009    1    1   0    2.72
100    2    0.018    1    2   0    2.57
145    2    0.018    1    2   0    2.02
11    1    -0.018    1    1   0    1.10
50    1    0.018    1    1   1    2.27
23    1    0.000    1    1   1    5.29
105    2    0.018    1    2   0    1.73
2    1    -0.009    1    1   0    1.20
102    2    -0.009    2    1   0    4.23
4    1    0.009    2    2   0    3.53
84    2    0.009    1    2   0    2.19
94    2    0.009    1    2   0    1.94
49    1    0.009    1    1   1    3.88
69    1    0.009    1    1   1    1.82
17    1    -0.009    1    1   0    3.29
144    2    0.009    1    2   0    1.17
85    2    0.018    1    2   0    1.74
132    2    -0.009    2    1   0    4.50
70    1    0.018    1    1   1    3.05
131    2    -0.018    2    1   0    1.28
123    2    0.000    1    2   0    2.51
36    1    -0.018    1    1   0    1.03
46    1    -0.018    1    1   0    1.86
30    1    0.018    2    2   0    1.32
104    2    0.009    1    2   0    0.91
87    2    -0.009    2    1   0    2.24
3    1    0.000    1    1   1    1.66
66    1    -0.018    1    1   0    1.54
33    1    0.000    1    1   1    1.83
119    2    0.009    1    2   0    1.36
65    1    0.018    2    2   0    1.82
27    1    -0.009    1    1   0    1.23
38    1    0.000    1    1   1    1.95
106    2    -0.018    2    1   0    4.70
112    2    -0.009    2    1   0    1.91
128    2    0.000    1    2   0    1.10
96    2    -0.018    2    1   0    1.14
24    1    0.009    2    2   0    0.98
108    2    0.000    1    2   0    3.09
134    2    0.009    1    2   0    1.02
101    2    -0.018    2    1   0    1.23
5    1    0.018    2    2   0    1.85
71    1    -0.018    1    1   0    2.10
125    2    0.018    1    2   0    1.44
111    2    -0.018    2    1   0    1.21
142    2    -0.009    2    1   0    4.44
99    2    0.009    1    2   0    2.59
15    1    0.018    2    2   0    2.56
45    1    0.018    1    1   1    1.12
26    1    -0.018    1    1   0    1.62
116    2    -0.018    2    1   0    2.81
48    1    0.000    1    1   1    2.22
117    2    -0.009    2    1   0    4.57
56    1    -0.018    1    1   0    1.09
19    1    0.009    1    1   1    1.71
35    1    0.018    1    1   1    1.99
16    1    -0.018    1    1   0    1.36
115    2    0.018    1    2   0    1.71
10    1    0.018    2    2   0    1.46
124    2    0.009    1    2   0    3.66
89    2    0.009    1    2   0    1.48
140    2    0.018    1    2   0    4.76
127    2    -0.009    1    2   1    3.82
90    2    0.018    1    2   0    3.45
20    1    0.018    2    2   0    1.35
44    1    0.009    2    2   0    2.37
113    2    0.000    1    2   0    1.35
109    2    0.009    1    2   0    2.28
8    1    0.000    1    1   1    2.15
1    1    -0.018    1    1   0    2.21
120    2    0.018    1    2   0    1.16
58    1    0.000    1    1   1    1.60
13    1    0.000    1    1   1    1.71
143    2    0.000    1    2   0    1.09
75    2    0.018    1    2   0    1.78
51    1    -0.018    1    1   0    1.33
31    1    -0.018    1    1   0    2.13
72    1    -0.009    1    1   0    2.02
130    2    0.018    1    2   0    4.24
43    1    0.000    2    2   0    2.80
37    1    -0.009    1    1   0    3.00
42    1    -0.009    1    1   0    4.86
148    2    0.000    1    2   0    1.83
