--------------------------------
16-Feb-2015 09:55:59 
data from observer A11 
#occlusion2 expt 
reference disparity (degrees) 0.160000 

stim order disp kresp testresp correct time
1    2    0.074    1    2   1    1.55
2    2    0.069    1    2   1    1.47
3    1    0.065    2    2   1    0.68
4    1    0.060    2    2   1    1.03
5    2    0.055    1    2   1    0.51
6    1    -0.051    1    1   1    0.89
7    1    -0.046    1    1   1    0.81
8    2    0.042    1    2   1    0.68
9    1    -0.037    1    1   1    0.78
10    1    0.032    2    2   1    0.63
11    1    -0.028    1    1   1    0.77
12    2    0.023    1    2   1    0.92
13    2    0.018    1    2   1    1.35
14    1    0.014    2    2   1    2.25
15    2    -0.009    2    1   1    2.74
16    1    -0.005    1    1   1    0.74
17    2    -0.005    1    2   0    2.14
18    1    0.014    2    2   1    0.95
19    2    -0.014    2    1   1    1.56
20    1    -0.009    1    1   1    0.84
21    2    0.009    1    2   1    3.45
22    2    0.005    1    2   1    2.66
23    1    0.005    2    2   1    2.64
24    2    -0.005    2    1   1    1.62
25    1    0.005    2    2   1    2.52
26    1    -0.005    1    1   1    2.08
27    1    0.005    1    1   0    5.12
28    1    0.014    2    2   1    1.49
29    1    -0.014    1    1   1    0.84
30    2    0.009    1    2   1    0.94
31    2    0.009    1    2   1    2.32
32    1    0.005    2    2   1    3.21
33    1    0.005    1    1   0    2.31
34    2    -0.014    2    1   1    0.87
35    1    0.014    2    2   1    0.96
36    2    0.009    1    2   1    1.04
37    2    0.009    1    2   1    1.86
38    2    -0.005    1    2   0    3.29
39    1    0.014    2    2   1    1.81
40    2    -0.014    2    1   1    1.60
41    1    -0.009    1    1   1    3.27
42    1    0.009    2    2   1    2.68
43    1    -0.005    1    1   1    2.48
44    2    -0.005    2    1   1    2.62
45    2    0.005    1    2   1    2.37
46    1    0.005    1    1   0    2.78
47    1    0.014    2    2   1    2.18
48    2    -0.014    2    1   1    2.38
49    1    0.009    2    2   1    1.95
50    1    -0.009    1    1   1    1.76
-------------------------
Final staircase threshold estimate (mean) is 0.0083
-------------------------
110    2    0.023    1    2   0    2.63
101    2    -0.023    2    1   0    0.95
38    1    0.000    1    1   1    2.18
62    1    -0.009    1    1   0    2.18
136    2    -0.023    2    1   0    1.43
102    2    -0.009    2    1   0    2.84
54    1    0.009    1    1   1    1.87
96    2    -0.023    2    1   0    2.10
100    2    0.023    1    2   0    0.95
132    2    -0.009    1    2   1    2.68
150    2    0.023    1    2   0    1.23
122    2    -0.009    2    1   0    2.42
37    1    -0.009    1    1   0    0.79
143    2    0.000    1    2   0    1.11
25    1    0.023    2    2   0    2.36
127    2    -0.009    2    1   0    1.35
61    1    -0.023    1    1   0    0.79
144    2    0.009    1    2   0    0.94
12    1    -0.009    1    1   0    1.60
112    2    -0.009    2    1   0    3.02
121    2    -0.023    2    1   0    1.88
97    2    -0.009    1    2   1    1.58
63    1    0.000    1    1   1    2.95
117    2    -0.009    2    1   0    1.10
109    2    0.009    1    2   0    1.05
83    2    0.000    1    2   0    1.84
123    2    0.000    1    2   0    6.64
114    2    0.009    1    2   0    1.21
21    1    -0.023    1    1   0    2.63
85    2    0.023    1    2   0    1.39
52    1    -0.009    1    1   0    2.70
7    1    -0.009    1    1   0    1.91
71    1    -0.023    1    1   0    1.80
66    1    -0.023    1    1   0    0.78
24    1    0.009    2    2   0    1.58
17    1    -0.009    1    1   0    0.76
72    1    -0.009    1    1   0    1.84
115    2    0.023    1    2   0    0.96
135    2    0.023    1    2   0    0.90
94    2    0.009    1    2   0    2.17
128    2    0.000    2    1   1    3.79
105    2    0.023    1    2   0    1.74
108    2    0.000    1    2   0    2.75
77    2    -0.009    1    2   1    2.08
28    1    0.000    1    1   1    1.58
29    1    0.009    2    2   0    2.96
103    2    0.000    1    2   0    2.04
89    2    0.009    1    2   0    4.54
11    1    -0.023    1    1   0    3.45
149    2    0.009    1    2   0    6.57
67    1    -0.009    1    1   0    1.26
84    2    0.009    1    2   0    2.29
134    2    0.009    1    2   0    1.81
31    1    -0.023    1    1   0    2.41
13    1    0.000    2    2   0    2.41
119    2    0.009    1    2   0    1.63
43    1    0.000    1    1   1    2.28
141    2    -0.023    2    1   0    1.52
99    2    0.009    1    2   0    1.79
140    2    0.023    1    2   0    1.24
44    1    0.009    1    1   1    3.09
57    1    -0.009    1    1   0    1.92
125    2    0.023    1    2   0    1.36
49    1    0.009    2    2   0    2.14
56    1    -0.023    1    1   0    1.16
137    2    -0.009    2    1   0    2.28
131    2    -0.023    2    1   0    1.59
15    1    0.023    2    2   0    1.05
19    1    0.009    2    2   0    0.69
55    1    0.023    2    2   0    0.95
129    2    0.009    1    2   0    1.35
106    2    -0.023    2    1   0    1.06
78    2    0.000    1    2   0    2.77
113    2    0.000    1    2   0    2.24
98    2    0.000    1    2   0    1.14
76    2    -0.023    2    1   0    1.43
87    2    -0.009    2    1   0    3.53
48    1    0.000    2    2   0    5.21
120    2    0.023    1    2   0    1.04
70    1    0.023    2    2   0    0.89
47    1    -0.009    1    1   0    1.27
39    1    0.009    2    2   0    3.50
124    2    0.009    1    2   0    0.71
69    1    0.009    2    2   0    1.43
42    1    -0.009    1    1   0    0.68
68    1    0.000    1    1   1    1.39
75    2    0.023    1    2   0    0.93
64    1    0.009    1    1   1    1.79
81    2    -0.023    2    1   0    1.34
10    1    0.023    2    2   0    1.36
145    2    0.023    1    2   0    0.81
26    1    -0.023    1    1   0    1.43
111    2    -0.023    2    1   0    1.40
51    1    -0.023    1    1   0    0.77
36    1    -0.023    1    1   0    0.80
130    2    0.023    1    2   0    1.31
90    2    0.023    1    2   0    2.55
79    2    0.009    1    2   0    2.25
3    1    0.000    2    2   0    0.69
1    1    -0.023    1    1   0    0.81
5    1    0.023    2    2   0    1.10
4    1    0.009    2    2   0    1.40
40    1    0.023    2    2   0    1.15
80    2    0.023    1    2   0    1.36
65    1    0.023    2    2   0    1.02
35    1    0.023    2    2   0    2.54
107    2    -0.009    2    1   0    1.47
2    1    -0.009    1    1   0    1.31
82    2    -0.009    2    1   0    0.98
88    2    0.000    1    2   0    1.46
27    1    -0.009    1    1   0    1.09
118    2    0.000    1    2   0    2.48
138    2    0.000    1    2   0    1.95
92    2    -0.009    2    1   0    1.48
147    2    -0.009    2    1   0    3.32
146    2    -0.023    2    1   0    1.92
46    1    -0.023    1    1   0    0.91
86    2    -0.023    2    1   0    1.82
32    1    -0.009    1    1   0    1.03
91    2    -0.023    2    1   0    0.93
33    1    0.000    1    1   1    1.41
93    2    0.000    1    2   0    1.19
8    1    0.000    1    1   1    2.15
142    2    -0.009    1    2   1    1.36
58    1    0.000    1    1   1    3.54
30    1    0.023    2    2   0    1.14
6    1    -0.023    1    1   0    1.60
16    1    -0.023    1    1   0    1.56
23    1    0.000    1    1   1    2.89
18    1    0.000    1    1   1    3.34
50    1    0.023    2    2   0    0.93
45    1    0.023    2    2   0    1.68
74    1    0.009    2    2   0    3.31
148    2    0.000    1    2   0    1.68
59    1    0.009    2    2   0    2.73
34    1    0.009    1    1   1    2.03
53    1    0.000    1    1   1    2.18
14    1    0.009    2    2   0    2.15
20    1    0.023    2    2   0    2.07
22    1    -0.009    1    1   0    0.77
60    1    0.023    2    2   0    1.41
139    2    0.009    1    2   0    0.79
95    2    0.023    1    2   0    1.00
73    1    0.000    2    2   0    1.88
41    1    -0.023    1    1   0    0.76
133    2    0.000    1    2   0    1.33
104    2    0.009    1    2   0    1.17
9    1    0.009    1    1   1    4.00
116    2    -0.023    2    1   0    1.04
126    2    -0.023    2    1   0    0.92
