--------------------------------
16-Feb-2015 10:21:49 
data from observer A11 
#occlusion2 expt 
reference disparity (degrees) 0.160000 

stim order disp kresp testresp correct time
1    1    0.074    2    2   1    4.57
2    2    -0.069    2    1   1    0.73
3    1    0.065    2    2   1    0.71
4    1    0.060    2    2   1    0.62
5    1    -0.055    1    1   1    1.21
6    2    0.051    1    2   1    0.95
7    1    -0.046    1    1   1    1.16
8    2    0.042    1    2   1    0.89
9    2    -0.037    2    1   1    1.27
10    2    -0.032    2    1   1    1.15
11    1    -0.028    1    1   1    1.67
12    2    0.023    1    2   1    1.67
13    1    0.018    2    2   1    1.74
14    2    -0.014    2    1   1    1.07
15    2    -0.009    2    1   1    2.46
16    2    0.005    1    2   1    1.09
17    2    -0.005    1    2   0    5.06
18    1    -0.014    1    1   1    1.46
19    2    -0.014    2    1   1    2.60
20    1    -0.009    1    1   1    1.57
21    2    -0.009    2    1   1    1.32
22    1    -0.005    1    1   1    1.10
23    1    0.005    2    2   1    1.10
24    1    0.005    1    1   0    2.00
25    1    0.014    2    2   1    1.86
26    2    -0.014    2    1   1    1.42
27    2    -0.009    2    1   1    1.74
28    1    0.009    2    2   1    1.09
29    1    0.005    2    2   1    1.41
30    1    -0.005    1    1   1    1.10
31    2    -0.005    2    1   1    1.82
32    1    0.005    2    2   1    2.21
33    2    0.005    1    2   1    1.12
34    2    0.005    1    2   1    1.35
35    1    -0.005    1    1   1    7.26
36    1    0.005    2    2   1    2.45
37    1    -0.005    1    1   1    1.06
38    2    -0.005    2    1   1    2.09
39    1    0.005    2    2   1    1.23
40    2    0.005    1    2   1    3.82
41    2    -0.005    2    1   1    12.30
42    2    0.005    1    2   1    2.21
43    2    -0.005    1    2   0    3.47
44    1    -0.014    1    1   1    1.78
45    2    -0.014    2    1   1    2.33
46    1    -0.009    1    1   1    1.20
47    1    0.009    2    2   1    1.45
48    2    -0.005    2    1   1    5.02
49    2    0.005    1    2   1    1.82
50    1    -0.005    1    1   1    3.35
-------------------------
Final staircase threshold estimate (mean) is 0.0074
-------------------------
18    1    0.000    2    2   0    9.23
120    2    0.018    1    2   0    2.61
2    1    -0.009    1    1   0    1.46
11    1    -0.018    1    1   0    1.20
1    1    -0.018    1    1   0    1.87
116    2    -0.018    2    1   0    1.80
57    1    -0.009    1    1   0    2.22
27    1    -0.009    1    1   0    2.30
138    2    0.000    1    2   0    4.68
4    1    0.009    2    2   0    2.80
132    2    -0.009    2    1   0    2.24
131    2    -0.018    2    1   0    2.58
99    2    0.009    1    2   0    5.65
128    2    0.000    1    2   0    4.33
39    1    0.009    2    2   0    1.75
80    2    0.018    1    2   0    2.05
3    1    0.000    1    1   1    3.26
144    2    0.009    1    2   0    2.36
14    1    0.009    2    2   0    1.99
49    1    0.009    2    2   0    2.28
112    2    -0.009    2    1   0    2.71
113    2    0.000    1    2   0    1.85
71    1    -0.018    1    1   0    3.01
111    2    -0.018    2    1   0    1.16
148    2    0.000    2    1   1    3.03
107    2    -0.009    2    1   0    1.10
94    2    0.009    1    2   0    0.77
29    1    0.009    2    2   0    3.05
24    1    0.009    2    2   0    2.19
28    1    0.000    1    1   1    4.24
125    2    0.018    1    2   0    1.42
74    1    0.009    2    2   0    1.04
137    2    -0.009    2    1   0    4.07
36    1    -0.018    1    1   0    1.81
103    2    0.000    1    2   0    2.52
89    2    0.009    1    2   0    1.53
91    2    -0.018    2    1   0    1.06
143    2    0.000    1    2   0    1.81
22    1    -0.009    1    1   0    1.40
61    1    -0.018    1    1   0    1.32
43    1    0.000    1    1   1    6.57
93    2    0.000    2    1   1    1.14
6    1    -0.018    1    1   0    1.27
48    1    0.000    2    2   0    1.61
119    2    0.009    1    2   0    1.12
82    2    -0.009    2    1   0    2.15
147    2    -0.009    2    1   0    2.43
108    2    0.000    1    2   0    2.03
122    2    -0.009    2    1   0    2.44
13    1    0.000    1    1   1    1.70
72    1    -0.009    1    1   0    1.84
19    1    0.009    2    2   0    4.91
133    2    0.000    1    2   0    2.21
92    2    -0.009    2    1   0    7.64
146    2    -0.018    2    1   0    2.64
150    2    0.018    1    2   0    1.83
75    2    0.018    1    2   0    2.38
37    1    -0.009    1    1   0    2.35
115    2    0.018    1    2   0    1.26
45    1    0.018    2    2   0    1.94
84    2    0.009    1    2   0    0.97
64    1    0.009    2    2   0    6.28
35    1    0.018    2    2   0    1.07
78    2    0.000    1    2   0    3.92
7    1    -0.009    1    1   0    1.71
88    2    0.000    2    1   1    3.86
86    2    -0.018    2    1   0    1.42
101    2    -0.018    2    1   0    2.07
95    2    0.018    1    2   0    1.86
110    2    0.018    1    2   0    2.04
117    2    -0.009    2    1   0    2.01
145    2    0.018    1    2   0    0.82
129    2    0.009    1    2   0    1.33
135    2    0.018    1    2   0    1.48
102    2    -0.009    2    1   0    2.85
127    2    -0.009    2    1   0    4.75
21    1    -0.018    1    1   0    0.85
134    2    0.009    1    2   0    1.03
53    1    0.000    1    1   1    1.19
136    2    -0.018    2    1   0    4.09
60    1    0.018    2    2   0    1.29
62    1    -0.009    1    1   0    1.72
32    1    -0.009    1    1   0    2.94
98    2    0.000    1    2   0    1.57
33    1    0.000    1    1   1    2.52
5    1    0.018    2    2   0    1.54
47    1    -0.009    1    1   0    1.23
34    1    0.009    2    2   0    0.86
109    2    0.009    1    2   0    1.15
52    1    -0.009    1    1   0    1.30
67    1    -0.009    1    1   0    1.89
77    2    -0.009    2    1   0    1.17
105    2    0.018    1    2   0    1.03
149    2    0.009    1    2   0    1.27
141    2    -0.018    2    1   0    1.32
25    1    0.018    2    2   0    2.18
123    2    0.000    1    2   0    0.78
17    1    -0.009    1    1   0    1.28
68    1    0.000    2    2   0    5.29
69    1    0.009    2    2   0    8.49
59    1    0.009    2    2   0    1.01
40    1    0.018    2    2   0    0.89
90    2    0.018    1    2   0    0.90
56    1    -0.018    1    1   0    1.03
96    2    -0.018    2    1   0    1.11
139    2    0.009    1    2   0    0.78
16    1    -0.018    1    1   0    2.00
70    1    0.018    2    2   0    1.04
66    1    -0.018    1    1   0    0.96
26    1    -0.018    1    1   0    1.29
121    2    -0.018    2    1   0    0.85
44    1    0.009    2    2   0    2.43
54    1    0.009    2    2   0    5.40
142    2    -0.009    1    2   1    6.14
104    2    0.009    1    2   0    1.94
30    1    0.018    1    1   1    4.49
23    1    0.000    1    1   1    7.30
63    1    0.000    1    1   1    3.10
41    1    -0.018    1    1   0    7.63
124    2    0.009    1    2   0    2.25
42    1    -0.009    1    1   0    1.39
81    2    -0.018    2    1   0    2.09
97    2    -0.009    2    1   0    1.70
76    2    -0.018    2    1   0    2.10
50    1    0.018    2    2   0    1.62
106    2    -0.018    2    1   0    2.87
58    1    0.000    2    2   0    3.44
38    1    0.000    1    1   1    3.04
140    2    0.018    1    2   0    0.81
15    1    0.018    2    2   0    0.81
73    1    0.000    1    1   1    1.12
83    2    0.000    1    2   0    2.90
8    1    0.000    1    1   1    1.22
31    1    -0.018    1    1   0    1.02
130    2    0.018    1    2   0    1.72
20    1    0.018    2    2   0    1.15
100    2    0.018    1    2   0    1.18
51    1    -0.018    1    1   0    1.55
79    2    0.009    1    2   0    1.52
65    1    0.018    2    2   0    2.01
85    2    0.018    1    2   0    1.24
87    2    -0.009    2    1   0    1.62
9    1    0.009    2    2   0    2.53
46    1    -0.018    1    1   0    1.76
12    1    -0.009    1    1   0    6.26
10    1    0.018    2    2   0    1.24
126    2    -0.018    2    1   0    1.79
114    2    0.009    1    2   0    1.80
55    1    0.018    2    2   0    1.71
118    2    0.000    1    2   0    1.16
