--------------------------------
29-Jul-2014 10:50:00 
data from observer A11 
#occlusion2 expt 
reference disparity (degrees) 0.160000 

stim order disp kresp testresp correct time
1    1    -0.074    2    2   1    1.57
2    1    -0.069    2    2   1    1.01
3    1    0.065    1    1   1    0.98
4    1    -0.060    2    2   1    0.84
5    1    0.055    1    1   1    1.72
6    2    0.051    2    1   1    0.95
7    1    -0.046    2    2   1    1.00
8    1    -0.042    2    2   1    0.80
9    2    0.037    2    1   1    0.85
10    2    0.032    2    1   1    1.12
11    1    0.028    1    1   1    1.61
12    2    0.023    2    1   1    0.86
13    1    0.018    2    2   0    0.95
14    2    0.028    2    1   1    0.65
15    2    0.028    2    1   1    0.64
16    2    0.023    2    1   1    0.67
17    1    -0.023    2    2   1    0.75
18    1    0.018    1    1   1    1.42
19    1    0.018    1    1   1    1.05
20    1    -0.014    2    2   1    0.87
21    2    0.014    2    1   1    0.90
22    2    -0.009    2    1   0    0.86
23    2    0.018    2    1   1    0.97
24    1    -0.018    2    2   1    0.82
25    2    -0.014    1    2   1    0.98
26    1    0.014    1    1   1    1.03
27    2    0.009    2    1   1    1.96
28    2    -0.009    1    2   1    1.04
29    1    -0.005    2    2   1    1.32
30    1    -0.005    1    1   0    1.55
31    1    -0.014    2    2   1    1.09
32    2    -0.014    1    2   1    0.74
33    1    -0.009    2    2   1    1.75
34    1    -0.009    2    2   1    1.57
35    2    0.005    1    2   0    0.98
36    1    0.014    1    1   1    1.32
37    2    -0.014    1    2   1    1.37
38    2    -0.009    1    2   1    1.06
39    2    -0.009    1    2   1    1.51
40    1    0.005    1    1   1    1.65
41    2    0.005    1    2   0    1.44
42    1    0.014    1    1   1    2.20
43    1    -0.014    2    2   1    0.92
44    2    -0.009    2    1   0    1.28
45    2    -0.018    1    2   1    2.36
46    1    -0.018    2    2   1    1.32
47    2    0.014    2    1   1    1.39
48    2    0.014    2    1   1    0.98
49    1    0.009    2    2   0    1.53
50    1    -0.018    2    2   1    1.13
-------------------------
Final staircase threshold estimate (mean) is 0.0134
-------------------------
2    1    -0.014    2    2   1    4.29
40    1    0.032    1    1   1    1.09
8    1    0.000    1    1   1    1.36
120    2    0.032    2    1   1    1.10
121    2    -0.032    1    2   1    0.76
12    1    -0.014    2    2   1    0.83
22    1    -0.014    2    2   1    0.82
75    2    0.032    2    1   1    0.94
101    2    -0.032    1    2   1    1.74
46    1    -0.032    2    2   1    1.54
150    2    0.032    2    1   1    1.01
133    2    0.000    1    2   0    0.80
97    2    -0.014    1    2   1    1.48
72    1    -0.014    2    2   1    1.74
61    1    -0.032    2    2   1    0.83
38    1    0.000    2    2   0    1.10
86    2    -0.032    1    2   1    0.80
85    2    0.032    2    1   1    0.88
21    1    -0.032    2    2   1    0.65
36    1    -0.032    2    2   1    0.70
112    2    -0.014    2    1   0    1.62
116    2    -0.032    1    2   1    1.87
33    1    0.000    2    2   0    1.00
115    2    0.032    2    1   1    0.84
60    1    0.032    2    2   0    1.39
27    1    -0.014    2    2   1    1.98
140    2    0.032    2    1   1    0.76
105    2    0.032    2    1   1    1.10
28    1    0.000    2    2   0    3.70
142    2    -0.014    1    2   1    0.68
110    2    0.032    2    1   1    0.71
49    1    0.014    1    1   1    0.79
67    1    -0.014    2    2   1    0.74
43    1    0.000    2    2   0    0.80
56    1    -0.032    2    2   1    0.70
62    1    -0.014    2    2   1    0.87
96    2    -0.032    1    2   1    0.67
1    1    -0.032    2    2   1    0.62
137    2    -0.014    1    2   1    1.38
87    2    -0.014    1    2   1    1.29
32    1    -0.014    2    2   1    1.48
54    1    0.014    1    1   1    1.42
4    1    0.014    1    1   1    0.95
24    1    0.014    1    1   1    1.42
103    2    0.000    1    2   0    3.09
92    2    -0.014    1    2   1    0.77
136    2    -0.032    1    2   1    0.70
91    2    -0.032    1    2   1    1.13
82    2    -0.014    1    2   1    1.17
111    2    -0.032    1    2   1    1.07
73    1    0.000    2    2   0    2.06
130    2    0.032    2    1   1    0.82
29    1    0.014    2    2   0    2.07
149    2    0.014    2    1   1    0.98
126    2    -0.032    1    2   1    0.78
19    1    0.014    1    1   1    1.13
35    1    0.032    1    1   1    0.88
124    2    0.014    2    1   1    2.69
31    1    -0.032    2    2   1    1.00
7    1    -0.014    2    2   1    1.09
107    2    -0.014    1    2   1    0.81
34    1    0.014    1    1   1    0.80
70    1    0.032    1    1   1    0.77
135    2    0.032    2    1   1    0.53
145    2    0.032    2    1   1    0.87
37    1    -0.014    2    2   1    1.57
106    2    -0.032    1    2   1    0.78
44    1    0.014    1    1   1    0.75
13    1    0.000    2    2   0    2.33
123    2    0.000    1    2   0    1.56
83    2    0.000    2    1   1    0.78
117    2    -0.014    1    2   1    0.76
47    1    -0.014    2    2   1    0.78
147    2    -0.014    1    2   1    1.40
53    1    0.000    2    2   0    1.78
74    1    0.014    1    1   1    0.80
88    2    0.000    2    1   1    0.89
78    2    0.000    1    2   0    0.67
3    1    0.000    2    2   0    1.25
127    2    -0.014    1    2   1    0.68
119    2    0.014    2    1   1    0.98
77    2    -0.014    1    2   1    0.73
45    1    0.032    1    1   1    0.70
114    2    0.014    2    1   1    1.21
41    1    -0.032    2    2   1    0.67
68    1    0.000    2    2   0    1.87
20    1    0.032    1    1   1    0.65
14    1    0.014    1    1   1    1.74
102    2    -0.014    1    2   1    1.58
99    2    0.014    2    1   1    1.67
134    2    0.014    2    1   1    1.48
25    1    0.032    1    1   1    1.53
59    1    0.014    1    1   1    1.40
39    1    0.014    1    1   1    0.96
58    1    0.000    2    2   0    0.92
95    2    0.032    2    1   1    1.29
48    1    0.000    2    2   0    1.49
17    1    -0.014    2    2   1    1.98
131    2    -0.032    1    2   1    0.75
9    1    0.014    1    1   1    0.79
113    2    0.000    1    2   0    1.41
109    2    0.014    2    1   1    0.78
15    1    0.032    1    1   1    0.57
65    1    0.032    1    1   1    1.10
90    2    0.032    2    1   1    0.84
128    2    0.000    1    2   0    9.80
16    1    -0.032    2    2   1    0.63
66    1    -0.032    2    2   1    0.56
76    2    -0.032    1    2   1    1.16
18    1    0.000    1    1   1    3.26
146    2    -0.032    2    1   0    1.28
55    1    0.032    1    1   1    0.99
84    2    0.014    2    1   1    1.12
138    2    0.000    2    1   1    2.51
141    2    -0.032    1    2   1    1.54
81    2    -0.032    1    2   1    0.78
125    2    0.032    2    1   1    1.02
42    1    -0.014    2    2   1    0.86
144    2    0.014    2    1   1    2.25
122    2    -0.014    1    2   1    1.17
148    2    0.000    2    1   1    1.46
69    1    0.014    1    1   1    0.87
108    2    0.000    1    2   0    2.49
104    2    0.014    2    1   1    1.00
79    2    0.014    2    1   1    0.71
50    1    0.032    1    1   1    0.67
10    1    0.032    1    1   1    1.02
98    2    0.000    1    2   0    0.87
52    1    -0.014    2    2   1    0.72
93    2    0.000    1    2   0    1.77
63    1    0.000    1    1   1    5.03
80    2    0.032    2    1   1    0.82
129    2    0.014    2    1   1    2.57
6    1    -0.032    2    2   1    0.80
118    2    0.000    2    1   1    5.53
64    1    0.014    1    1   1    2.97
94    2    0.014    2    1   1    0.89
30    1    0.032    1    1   1    0.58
5    1    0.032    1    1   1    0.99
100    2    0.032    2    1   1    0.86
57    1    -0.014    2    2   1    1.81
26    1    -0.032    2    2   1    1.27
51    1    -0.032    2    2   1    0.82
11    1    -0.032    2    2   1    0.73
89    2    0.014    2    1   1    2.14
132    2    -0.014    2    1   0    0.86
23    1    0.000    1    1   1    4.44
71    1    -0.032    2    2   1    0.69
143    2    0.000    1    2   0    3.68
139    2    0.014    2    1   1    0.85
