--------------------------------
29-Jul-2014 11:29:50 
data from observer .A11 
#occlusion2 expt 
reference disparity (degrees) 0.160000 

stim order disp kresp testresp correct time
1    2    -0.074    2    1   0    2.74
2    2    -0.083    1    2   1    9.03
3    2    0.079    2    1   1    0.60
4    1    -0.079    2    2   1    0.79
5    1    -0.074    2    2   1    0.76
6    2    -0.074    1    2   1    1.68
7    1    0.069    1    1   1    0.77
8    2    0.069    2    1   1    0.60
9    1    -0.065    2    2   1    0.51
10    1    -0.065    2    2   1    0.58
11    1    -0.060    2    2   1    0.84
12    2    0.060    2    1   1    0.53
13    2    -0.055    1    2   1    1.27
14    2    -0.055    1    2   1    0.92
15    1    0.051    1    1   1    0.81
16    1    -0.051    2    2   1    0.65
17    2    0.046    2    1   1    0.53
18    2    -0.046    1    2   1    1.73
19    2    0.042    2    1   1    0.54
20    1    -0.042    2    2   1    0.95
21    1    -0.037    2    2   1    0.86
22    2    -0.037    1    2   1    1.54
23    2    0.032    2    1   1    0.66
24    1    -0.032    2    2   1    1.10
25    1    0.028    1    1   1    1.12
26    2    -0.028    1    2   1    0.67
27    1    0.023    1    1   1    1.14
28    2    -0.023    1    2   1    0.64
29    2    -0.018    1    2   1    1.28
30    2    -0.018    1    2   1    1.53
31    2    0.014    1    2   0    1.44
32    2    0.023    2    1   1    0.94
33    2    -0.023    1    2   1    0.76
34    2    0.018    2    1   1    0.87
35    1    0.018    1    1   1    0.83
36    1    0.014    1    1   1    1.22
37    1    0.014    1    1   1    1.29
38    1    0.009    1    1   1    1.02
39    2    0.009    2    1   1    0.61
40    1    -0.005    2    2   1    0.56
41    2    -0.005    1    2   1    1.42
42    1    -0.005    2    2   1    2.12
43    2    0.005    2    1   1    1.89
44    1    0.005    1    1   1    0.98
45    1    0.005    1    1   1    0.93
46    2    0.005    2    1   1    1.74
47    2    0.005    1    2   0    1.03
48    2    -0.014    1    2   1    2.04
49    2    -0.014    1    2   1    2.20
50    2    -0.009    1    2   1    1.00
-------------------------
Final staircase threshold estimate (mean) is 0.0069
-------------------------
42    1    -0.009    2    2   1    1.78
135    2    0.018    2    1   1    0.83
87    2    -0.009    1    2   1    1.48
93    2    0.000    2    1   1    0.73
17    1    -0.009    1    1   0    1.30
11    1    -0.018    2    2   1    0.76
60    1    0.018    1    1   1    0.77
55    1    0.018    1    1   1    0.99
57    1    -0.009    2    2   1    0.60
148    2    0.000    2    1   1    0.89
25    1    0.018    1    1   1    0.99
139    2    0.009    2    1   1    0.63
61    1    -0.018    2    2   1    0.65
119    2    0.009    2    1   1    0.64
120    2    0.018    2    1   1    0.56
131    2    -0.018    1    2   1    0.46
104    2    0.009    2    1   1    2.72
26    1    -0.018    2    2   1    0.77
141    2    -0.018    1    2   1    0.77
86    2    -0.018    1    2   1    0.89
30    1    0.018    1    1   1    0.74
73    1    0.000    1    1   1    1.51
36    1    -0.018    2    2   1    1.20
43    1    0.000    1    1   1    1.08
67    1    -0.009    1    1   0    1.43
128    2    0.000    1    2   0    1.04
66    1    -0.018    2    2   1    0.56
88    2    0.000    1    2   0    1.19
115    2    0.018    2    1   1    0.59
121    2    -0.018    1    2   1    1.07
85    2    0.018    2    1   1    0.74
38    1    0.000    1    1   1    2.62
9    1    0.009    1    1   1    0.99
149    2    0.009    2    1   1    0.74
105    2    0.018    2    1   1    0.75
150    2    0.018    2    1   1    1.19
97    2    -0.009    1    2   1    0.70
138    2    0.000    1    2   0    1.63
80    2    0.018    2    1   1    0.93
140    2    0.018    2    1   1    0.88
44    1    0.009    1    1   1    1.09
147    2    -0.009    1    2   1    0.93
48    1    0.000    1    1   1    1.11
35    1    0.018    1    1   1    0.88
117    2    -0.009    1    2   1    0.96
2    1    -0.009    2    2   1    1.03
92    2    -0.009    1    2   1    0.69
132    2    -0.009    1    2   1    0.70
47    1    -0.009    2    2   1    1.82
116    2    -0.018    1    2   1    0.68
69    1    0.009    1    1   1    0.86
3    1    0.000    2    2   0    1.41
12    1    -0.009    2    2   1    1.23
21    1    -0.018    2    2   1    0.84
14    1    0.009    1    1   1    0.75
68    1    0.000    1    1   1    1.14
65    1    0.018    1    1   1    1.60
31    1    -0.018    2    2   1    0.78
64    1    0.009    1    1   1    1.88
33    1    0.000    1    1   1    0.71
144    2    0.009    2    1   1    0.61
1    1    -0.018    2    2   1    0.91
91    2    -0.018    1    2   1    0.67
107    2    -0.009    1    2   1    0.80
143    2    0.000    1    2   0    2.04
41    1    -0.018    2    2   1    0.56
146    2    -0.018    1    2   1    0.70
58    1    0.000    1    1   1    1.32
49    1    0.009    1    1   1    0.66
6    1    -0.018    2    2   1    0.82
96    2    -0.018    1    2   1    0.55
16    1    -0.018    2    2   1    0.53
7    1    -0.009    2    2   1    0.83
5    1    0.018    1    1   1    0.64
72    1    -0.009    2    2   1    1.10
108    2    0.000    1    2   0    1.49
101    2    -0.018    1    2   1    0.87
59    1    0.009    1    1   1    0.54
142    2    -0.009    1    2   1    0.82
71    1    -0.018    2    2   1    0.53
22    1    -0.009    1    1   0    0.48
114    2    0.009    2    1   1    0.77
83    2    0.000    1    2   0    0.78
52    1    -0.009    1    1   0    1.71
90    2    0.018    2    1   1    0.57
130    2    0.018    2    1   1    0.64
63    1    0.000    1    1   1    0.66
89    2    0.009    2    1   1    1.62
118    2    0.000    2    1   1    1.48
112    2    -0.009    1    2   1    1.51
56    1    -0.018    2    2   1    0.77
18    1    0.000    1    1   1    0.79
46    1    -0.018    2    2   1    0.66
19    1    0.009    1    1   1    0.98
15    1    0.018    1    1   1    0.74
81    2    -0.018    1    2   1    0.88
53    1    0.000    2    2   0    0.58
95    2    0.018    2    1   1    0.56
136    2    -0.018    1    2   1    0.50
20    1    0.018    1    1   1    0.79
27    1    -0.009    2    2   1    1.21
77    2    -0.009    1    2   1    0.71
37    1    -0.009    2    2   1    0.64
75    2    0.018    2    1   1    0.82
32    1    -0.009    2    2   1    0.67
23    1    0.000    1    1   1    0.76
124    2    0.009    2    1   1    1.90
54    1    0.009    1    1   1    0.56
82    2    -0.009    1    2   1    0.71
40    1    0.018    1    1   1    0.64
28    1    0.000    2    2   0    1.33
111    2    -0.018    1    2   1    0.86
13    1    0.000    2    2   0    0.72
70    1    0.018    1    1   1    1.28
137    2    -0.009    1    2   1    0.91
98    2    0.000    2    1   1    2.84
123    2    0.000    2    1   1    1.47
94    2    0.009    2    1   1    0.84
106    2    -0.018    1    2   1    0.46
99    2    0.009    2    1   1    0.87
134    2    0.009    2    1   1    0.82
76    2    -0.018    1    2   1    0.53
103    2    0.000    1    2   0    0.98
84    2    0.009    2    1   1    1.24
100    2    0.018    2    1   1    0.67
34    1    0.009    1    1   1    0.65
39    1    0.009    1    1   1    0.65
45    1    0.018    1    1   1    1.34
10    1    0.018    1    1   1    0.54
74    1    0.009    1    1   1    0.71
145    2    0.018    2    1   1    0.88
24    1    0.009    2    2   0    0.78
133    2    0.000    1    2   0    0.73
50    1    0.018    1    1   1    0.73
113    2    0.000    2    1   1    0.84
4    1    0.009    1    1   1    0.57
62    1    -0.009    2    2   1    0.57
51    1    -0.018    2    2   1    0.79
8    1    0.000    1    1   1    1.14
122    2    -0.009    1    2   1    0.77
109    2    0.009    2    1   1    2.09
129    2    0.009    2    1   1    0.95
110    2    0.018    2    1   1    0.59
125    2    0.018    2    1   1    0.82
102    2    -0.009    1    2   1    0.69
79    2    0.009    2    1   1    0.89
78    2    0.000    2    1   1    1.15
127    2    -0.009    1    2   1    0.96
29    1    0.009    1    1   1    0.96
126    2    -0.018    1    2   1    0.64
