--------------------------------
29-Jul-2014 11:03:11 
data from observer A11 
#occlusion2 expt 
reference disparity (degrees) 0.160000 

stim order disp kresp testresp correct time
1    2    -0.074    1    2   1    2.01
2    2    -0.069    1    2   1    2.49
3    1    0.065    1    1   1    0.86
4    2    0.060    2    1   1    0.68
5    1    -0.055    2    2   1    0.70
6    1    -0.051    2    2   1    0.74
7    1    0.046    1    1   1    0.53
8    1    0.042    2    2   0    1.78
9    2    0.051    2    1   1    0.54
10    1    -0.051    2    2   1    0.68
11    1    0.046    1    1   1    1.32
12    1    -0.046    2    2   1    0.57
13    1    0.042    1    1   1    0.71
14    2    0.042    2    1   1    0.63
15    2    0.037    2    1   1    0.60
16    1    0.037    1    1   1    1.32
17    2    -0.032    1    2   1    0.71
18    2    -0.032    1    2   1    1.66
19    2    0.028    2    1   1    0.60
20    2    0.028    2    1   1    0.65
21    1    -0.023    2    2   1    0.58
22    2    -0.023    1    2   1    1.02
23    1    0.018    1    1   1    1.58
24    1    0.018    1    1   1    0.82
25    1    0.014    1    1   1    0.73
26    1    -0.014    2    2   1    0.57
27    2    0.009    2    1   1    5.47
28    1    -0.009    2    2   1    0.67
29    1    -0.005    2    2   1    2.60
30    1    -0.005    2    2   1    1.31
31    1    0.005    2    2   0    0.95
32    1    -0.014    2    2   1    1.64
33    2    -0.014    1    2   1    2.06
34    2    0.009    2    1   1    2.33
35    2    -0.009    1    2   1    0.78
36    2    0.005    2    1   1    1.96
37    1    0.005    1    1   1    2.40
38    2    0.005    2    1   1    2.17
39    2    -0.005    1    2   1    1.10
40    1    -0.005    2    2   1    0.71
41    1    -0.005    2    2   1    4.85
42    1    0.005    1    1   1    2.52
43    1    0.005    1    1   1    0.84
44    1    -0.005    2    2   1    1.14
45    2    0.005    1    2   0    1.11
46    2    0.014    2    1   1    1.10
47    1    -0.014    2    2   1    0.78
48    2    0.009    2    1   1    1.31
49    1    0.009    1    1   1    0.98
50    1    -0.005    1    1   0    1.22
-------------------------
Final staircase threshold estimate (mean) is 0.0074
-------------------------
2    1    -0.009    2    2   1    3.77
18    1    0.000    2    2   0    1.26
7    1    -0.009    2    2   1    0.75
141    2    -0.018    1    2   1    0.72
11    1    -0.018    2    2   1    1.66
84    2    0.009    2    1   1    0.70
105    2    0.018    2    1   1    0.64
72    1    -0.009    2    2   1    0.78
142    2    -0.009    1    2   1    0.80
125    2    0.018    2    1   1    0.63
148    2    0.000    2    1   1    0.99
137    2    -0.009    1    2   1    0.61
114    2    0.009    2    1   1    0.75
32    1    -0.009    2    2   1    0.96
35    1    0.018    1    1   1    0.47
70    1    0.018    1    1   1    0.59
94    2    0.009    2    1   1    1.01
109    2    0.009    2    1   1    1.31
134    2    0.009    2    1   1    0.86
74    1    0.009    1    1   1    1.00
8    1    0.000    1    1   1    1.07
138    2    0.000    1    2   0    0.98
143    2    0.000    1    2   0    1.27
39    1    0.009    1    1   1    0.84
116    2    -0.018    1    2   1    0.61
44    1    0.009    1    1   1    0.76
5    1    0.018    1    1   1    0.73
47    1    -0.009    2    2   1    0.72
1    1    -0.018    2    2   1    2.16
61    1    -0.018    2    2   1    0.85
96    2    -0.018    1    2   1    0.56
103    2    0.000    1    2   0    0.95
122    2    -0.009    1    2   1    0.85
14    1    0.009    1    1   1    0.56
24    1    0.009    1    1   1    0.66
77    2    -0.009    1    2   1    0.90
55    1    0.018    1    1   1    1.15
81    2    -0.018    1    2   1    0.60
33    1    0.000    1    1   1    1.10
82    2    -0.009    1    2   1    0.99
90    2    0.018    2    1   1    0.79
53    1    0.000    2    2   0    0.98
28    1    0.000    2    2   0    2.72
150    2    0.018    2    1   1    0.69
99    2    0.009    2    1   1    0.61
113    2    0.000    1    2   0    1.11
130    2    0.018    2    1   1    0.76
56    1    -0.018    2    2   1    0.63
41    1    -0.018    2    2   1    0.56
98    2    0.000    1    2   0    1.79
30    1    0.018    1    1   1    0.74
117    2    -0.009    1    2   1    0.75
80    2    0.018    2    1   1    0.73
22    1    -0.009    2    2   1    0.62
129    2    0.009    2    1   1    0.66
19    1    0.009    1    1   1    0.53
75    2    0.018    2    1   1    0.73
89    2    0.009    2    1   1    0.87
66    1    -0.018    2    2   1    0.62
123    2    0.000    2    1   1    0.71
133    2    0.000    2    1   1    0.66
3    1    0.000    1    1   1    1.61
127    2    -0.009    2    1   0    0.35
40    1    0.018    1    1   1    5.02
93    2    0.000    2    1   1    1.57
145    2    0.018    2    1   1    0.64
52    1    -0.009    2    2   1    0.80
42    1    -0.009    2    2   1    0.78
4    1    0.009    1    1   1    1.05
12    1    -0.009    2    2   1    0.79
147    2    -0.009    1    2   1    0.71
140    2    0.018    2    1   1    0.67
111    2    -0.018    1    2   1    0.66
101    2    -0.018    1    2   1    0.72
120    2    0.018    2    1   1    0.65
62    1    -0.009    2    2   1    1.34
73    1    0.000    1    1   1    0.85
36    1    -0.018    2    2   1    0.63
97    2    -0.009    1    2   1    0.85
146    2    -0.018    1    2   1    0.82
95    2    0.018    2    1   1    0.77
48    1    0.000    1    1   1    1.17
54    1    0.009    1    1   1    0.97
25    1    0.018    1    1   1    0.75
43    1    0.000    2    2   0    0.84
69    1    0.009    1    1   1    0.61
112    2    -0.009    1    2   1    0.77
86    2    -0.018    1    2   1    0.62
118    2    0.000    1    2   0    2.28
63    1    0.000    1    1   1    1.19
17    1    -0.009    2    2   1    0.67
23    1    0.000    2    2   0    1.28
136    2    -0.018    1    2   1    0.52
46    1    -0.018    2    2   1    0.68
65    1    0.018    1    1   1    0.75
6    1    -0.018    2    2   1    0.43
104    2    0.009    2    1   1    0.67
107    2    -0.009    1    2   1    0.50
21    1    -0.018    2    2   1    0.73
29    1    0.009    1    1   1    0.60
85    2    0.018    2    1   1    0.57
51    1    -0.018    2    2   1    0.59
124    2    0.009    2    1   1    1.93
79    2    0.009    2    1   1    1.78
132    2    -0.009    1    2   1    0.66
100    2    0.018    2    1   1    0.67
135    2    0.018    2    1   1    0.83
38    1    0.000    1    1   1    0.96
67    1    -0.009    2    2   1    0.88
87    2    -0.009    1    2   1    1.12
126    2    -0.018    1    2   1    0.67
83    2    0.000    1    2   0    2.78
50    1    0.018    1    1   1    0.62
102    2    -0.009    1    2   1    1.02
59    1    0.009    1    1   1    1.20
37    1    -0.009    2    2   1    0.74
106    2    -0.018    1    2   1    0.65
92    2    -0.009    1    2   1    0.96
128    2    0.000    1    2   0    1.09
34    1    0.009    1    1   1    2.02
76    2    -0.018    1    2   1    1.06
16    1    -0.018    2    2   1    0.66
68    1    0.000    1    1   1    0.78
15    1    0.018    1    1   1    0.65
27    1    -0.009    2    2   1    0.84
115    2    0.018    2    1   1    0.59
13    1    0.000    1    1   1    0.69
91    2    -0.018    1    2   1    0.57
78    2    0.000    1    2   0    1.58
58    1    0.000    2    2   0    2.64
144    2    0.009    2    1   1    1.07
149    2    0.009    2    1   1    0.94
20    1    0.018    1    1   1    0.68
45    1    0.018    1    1   1    0.65
110    2    0.018    2    1   1    0.57
57    1    -0.009    2    2   1    0.94
64    1    0.009    1    1   1    1.42
71    1    -0.018    2    2   1    0.74
60    1    0.018    1    1   1    0.90
49    1    0.009    1    1   1    1.39
108    2    0.000    2    1   1    2.36
9    1    0.009    1    1   1    0.62
10    1    0.018    1    1   1    1.00
88    2    0.000    2    1   1    1.79
139    2    0.009    2    1   1    0.78
26    1    -0.018    2    2   1    0.72
131    2    -0.018    1    2   1    0.57
31    1    -0.018    2    2   1    0.66
121    2    -0.018    1    2   1    0.56
119    2    0.009    2    1   1    0.72
