--------------------------------
16-Feb-2015 11:06:07 
data from observer A12 
#occlusion2 expt 
reference disparity (degrees) 0.160000 

stim order disp kresp testresp correct time
1    1    -0.074    1    1   1    1.44
2    2    -0.069    2    1   1    0.65
3    1    -0.065    1    1   1    0.53
4    1    -0.060    1    1   1    0.63
5    2    0.055    1    2   1    0.80
6    1    -0.051    1    1   1    0.64
7    2    -0.046    2    1   1    0.55
8    1    0.042    2    2   1    0.58
9    2    -0.037    2    1   1    0.67
10    2    0.032    1    2   1    1.01
11    2    -0.028    2    1   1    0.55
12    2    0.023    2    1   0    1.04
13    2    -0.032    2    1   1    0.63
14    1    -0.032    1    1   1    0.64
15    2    -0.028    2    1   1    0.52
16    2    -0.028    2    1   1    0.75
17    2    -0.023    2    1   1    1.14
18    1    0.023    2    2   1    0.76
19    1    -0.018    1    1   1    1.76
20    2    -0.018    2    1   1    0.75
21    1    -0.014    1    1   1    0.64
22    1    0.014    2    2   1    1.61
23    1    -0.009    1    1   1    0.68
24    2    0.009    1    2   1    0.67
25    1    0.005    1    1   0    1.29
26    2    0.014    1    2   1    0.74
27    2    -0.014    2    1   1    1.54
28    2    0.009    1    2   1    0.89
29    1    0.009    2    2   1    1.23
30    1    0.005    2    2   1    1.16
31    1    -0.005    1    1   1    0.65
32    2    -0.005    1    2   0    1.30
33    1    0.014    2    2   1    0.85
34    1    0.014    1    1   0    0.96
35    1    -0.023    2    2   0    1.19
36    1    -0.032    1    1   1    0.70
37    2    -0.032    2    1   1    0.63
38    2    0.028    1    2   1    0.74
39    1    0.028    2    2   1    0.84
40    2    0.023    1    2   1    0.79
41    1    0.023    2    2   1    0.85
42    2    0.018    1    2   1    1.63
43    2    -0.018    2    1   1    0.77
44    1    0.014    2    2   1    0.76
45    1    0.014    2    2   1    2.37
46    1    -0.009    1    1   1    0.69
47    2    0.009    1    2   1    1.33
48    2    0.005    1    2   1    0.73
49    1    -0.005    1    1   1    0.86
50    1    0.005    2    2   1    2.85
-------------------------
Final staircase threshold estimate (mean) is 0.0120
-------------------------
95    2    0.032    1    2   0    4.11
30    1    0.032    2    2   0    1.05
56    1    -0.032    1    1   0    0.70
139    2    0.014    1    2   0    2.18
40    1    0.032    2    2   0    0.82
147    2    -0.014    2    1   0    0.70
12    1    -0.014    1    1   0    2.51
46    1    -0.032    1    1   0    3.31
103    2    0.000    2    1   1    3.08
143    2    0.000    2    1   1    1.70
45    1    0.032    2    2   0    0.82
19    1    0.014    2    2   0    1.17
146    2    -0.032    2    1   0    1.15
32    1    -0.014    1    1   0    1.40
100    2    0.032    1    2   0    3.25
89    2    0.014    1    2   0    1.06
20    1    0.032    2    2   0    0.79
133    2    0.000    2    1   1    5.90
118    2    0.000    1    2   0    6.45
18    1    0.000    2    2   0    3.10
107    2    -0.014    2    1   0    1.85
120    2    0.032    1    2   0    0.77
42    1    -0.014    1    1   0    2.64
86    2    -0.032    2    1   0    1.23
28    1    0.000    1    1   1    1.35
129    2    0.014    1    2   0    2.00
54    1    0.014    2    2   0    7.95
137    2    -0.014    2    1   0    6.42
21    1    -0.032    1    1   0    0.86
3    1    0.000    1    1   1    1.47
22    1    -0.014    1    1   0    1.22
116    2    -0.032    2    1   0    0.68
49    1    0.014    2    2   0    1.18
77    2    -0.014    2    1   0    1.04
141    2    -0.032    2    1   0    1.41
58    1    0.000    2    2   0    0.99
108    2    0.000    2    1   1    1.32
73    1    0.000    1    1   1    2.95
51    1    -0.032    1    1   0    1.65
4    1    0.014    2    2   0    1.10
16    1    -0.032    1    1   0    1.08
102    2    -0.014    1    2   1    6.80
105    2    0.032    1    2   0    1.04
31    1    -0.032    1    1   0    0.81
17    1    -0.014    1    1   0    1.84
52    1    -0.014    1    1   0    1.43
97    2    -0.014    2    1   0    2.33
88    2    0.000    1    2   0    0.70
63    1    0.000    1    1   1    2.40
60    1    0.032    2    2   0    0.76
117    2    -0.014    2    1   0    1.69
57    1    -0.014    1    1   0    1.36
113    2    0.000    2    1   1    0.87
122    2    -0.014    2    1   0    0.91
94    2    0.014    1    2   0    1.22
27    1    -0.014    1    1   0    0.82
135    2    0.032    1    2   0    0.83
134    2    0.014    1    2   0    0.85
50    1    0.032    2    2   0    0.78
128    2    0.000    2    1   1    2.51
35    1    0.032    2    2   0    1.05
13    1    0.000    1    1   1    0.65
70    1    0.032    2    2   0    0.72
37    1    -0.014    1    1   0    0.71
72    1    -0.014    1    1   0    0.68
80    2    0.032    1    2   0    0.61
136    2    -0.032    2    1   0    0.78
48    1    0.000    1    1   1    3.31
26    1    -0.032    1    1   0    0.88
59    1    0.014    2    2   0    1.12
5    1    0.032    2    2   0    2.39
79    2    0.014    1    2   0    1.91
131    2    -0.032    2    1   0    1.04
39    1    0.014    1    1   1    5.67
99    2    0.014    1    2   0    2.04
9    1    0.014    2    2   0    1.96
6    1    -0.032    1    1   0    1.06
130    2    0.032    1    2   0    1.02
132    2    -0.014    2    1   0    1.74
84    2    0.014    1    2   0    0.80
65    1    0.032    2    2   0    1.11
142    2    -0.014    2    1   0    0.82
62    1    -0.014    1    1   0    1.89
148    2    0.000    2    1   1    0.72
53    1    0.000    2    2   0    2.75
115    2    0.032    1    2   0    0.82
149    2    0.014    1    2   0    0.89
24    1    0.014    2    2   0    0.91
7    1    -0.014    1    1   0    1.40
145    2    0.032    1    2   0    8.34
2    1    -0.014    1    1   0    5.21
14    1    0.014    2    2   0    1.39
69    1    0.014    2    2   0    1.98
44    1    0.014    2    2   0    1.55
33    1    0.000    1    1   1    1.50
1    1    -0.032    1    1   0    0.86
138    2    0.000    1    2   0    1.01
71    1    -0.032    1    1   0    0.99
10    1    0.032    2    2   0    0.75
112    2    -0.014    2    1   0    1.32
111    2    -0.032    2    1   0    0.72
144    2    0.014    1    2   0    1.65
47    1    -0.014    1    1   0    0.74
119    2    0.014    1    2   0    1.21
114    2    0.014    1    2   0    0.67
90    2    0.032    1    2   0    0.82
23    1    0.000    1    1   1    2.08
83    2    0.000    1    2   0    0.78
67    1    -0.014    1    1   0    0.96
87    2    -0.014    1    2   1    1.82
41    1    -0.032    1    1   0    0.76
123    2    0.000    1    2   0    1.13
43    1    0.000    1    1   1    0.65
81    2    -0.032    2    1   0    0.64
98    2    0.000    2    1   1    0.59
150    2    0.032    1    2   0    0.66
74    1    0.014    2    2   0    0.56
101    2    -0.032    2    1   0    0.76
92    2    -0.014    2    1   0    1.63
15    1    0.032    2    2   0    2.86
25    1    0.032    2    2   0    0.67
78    2    0.000    1    2   0    0.99
76    2    -0.032    2    1   0    0.69
61    1    -0.032    1    1   0    0.81
75    2    0.032    1    2   0    1.14
124    2    0.014    1    2   0    0.68
96    2    -0.032    2    1   0    0.91
125    2    0.032    1    2   0    0.58
85    2    0.032    1    2   0    0.79
121    2    -0.032    2    1   0    0.62
140    2    0.032    1    2   0    0.76
127    2    -0.014    2    1   0    0.62
8    1    0.000    1    1   1    3.11
68    1    0.000    1    1   1    1.98
29    1    0.014    2    2   0    0.81
64    1    0.014    2    2   0    4.08
110    2    0.032    1    2   0    0.63
93    2    0.000    1    2   0    1.27
91    2    -0.032    2    1   0    1.04
34    1    0.014    2    2   0    1.09
126    2    -0.032    2    1   0    0.89
38    1    0.000    1    1   1    1.31
66    1    -0.032    1    1   0    0.74
36    1    -0.032    1    1   0    0.73
82    2    -0.014    2    1   0    1.09
109    2    0.014    1    2   0    2.84
104    2    0.014    1    2   0    1.86
106    2    -0.032    2    1   0    0.88
55    1    0.032    2    2   0    0.92
11    1    -0.032    1    1   0    0.65
