--------------------------------
29-Jul-2014 14:28:55 
data from observer A12 
#occlusion2 expt 
reference disparity (degrees) 0.160000 

stim order disp kresp testresp correct time
1    1    -0.074    2    2   1    5.56
2    2    0.069    2    1   1    2.21
3    1    0.065    1    1   1    0.72
4    1    -0.060    2    2   1    0.62
5    2    0.055    2    1   1    0.63
6    2    0.051    2    1   1    0.68
7    2    -0.046    1    2   1    0.87
8    2    -0.042    1    2   1    1.35
9    1    0.037    1    1   1    0.71
10    1    -0.032    2    2   1    0.77
11    2    0.028    2    1   1    0.82
12    2    0.023    1    2   0    0.97
13    1    0.032    2    2   0    1.04
14    2    -0.042    1    2   1    0.79
15    1    0.042    1    1   1    0.86
16    2    -0.037    1    2   1    8.44
17    1    -0.037    2    2   1    0.92
18    2    -0.032    1    2   1    12.33
19    1    0.032    1    1   1    2.16
20    1    -0.028    2    2   1    1.07
21    1    -0.028    1    1   0    0.66
22    1    0.037    1    1   1    1.13
23    1    -0.037    2    2   1    2.49
24    2    -0.032    1    2   1    0.64
25    2    -0.032    1    2   1    0.72
26    1    0.028    1    1   1    0.69
27    2    -0.028    1    2   1    0.53
28    2    -0.023    1    2   1    0.61
29    1    -0.023    2    2   1    0.70
30    1    -0.018    2    2   1    1.13
31    2    -0.018    1    2   1    1.01
32    2    0.014    2    1   1    0.86
33    1    -0.014    1    1   0    0.90
34    1    -0.023    2    2   1    0.69
35    2    0.023    2    1   1    0.66
36    2    0.018    2    1   1    0.61
37    1    0.018    1    1   1    0.85
38    2    0.014    1    2   0    0.70
39    1    -0.023    1    1   0    0.74
40    2    0.032    2    1   1    0.67
41    2    -0.032    1    2   1    0.78
42    2    -0.028    1    2   1    0.68
43    2    0.028    2    1   1    0.79
44    1    0.023    1    1   1    0.97
45    1    0.023    1    1   1    0.65
46    2    0.018    2    1   1    0.78
47    1    0.018    1    1   1    0.78
48    1    -0.014    2    2   1    0.62
49    1    -0.014    1    1   0    0.00
50    1    -0.023    2    2   1    0.60
-------------------------
Final staircase threshold estimate (mean) is 0.0222
-------------------------
68    1    0.000    1    1   1    1.84
23    1    0.000    1    1   1    0.69
122    2    -0.023    1    2   1    0.69
99    2    0.023    2    1   1    1.68
82    2    -0.023    1    2   1    0.67
134    2    0.023    2    1   1    0.53
102    2    -0.023    1    2   1    0.58
129    2    0.023    1    2   0    0.71
43    1    0.000    1    1   1    2.75
74    1    0.023    1    1   1    0.96
55    1    0.055    2    2   0    1.72
47    1    -0.023    2    2   1    2.02
107    2    -0.023    1    2   1    0.64
110    2    0.055    2    1   1    0.99
5    1    0.055    1    1   1    1.02
97    2    -0.023    1    2   1    2.81
139    2    0.023    2    1   1    0.83
45    1    0.055    1    1   1    0.91
145    2    0.055    2    1   1    0.84
121    2    -0.055    1    2   1    0.92
33    1    0.000    2    2   0    0.84
21    1    -0.055    2    2   1    0.74
39    1    0.023    1    1   1    0.97
120    2    0.055    2    1   1    0.54
104    2    0.023    2    1   1    1.05
128    2    0.000    1    2   0    0.55
149    2    0.023    2    1   1    0.47
106    2    -0.055    1    2   1    0.54
42    1    -0.023    2    2   1    0.63
112    2    -0.023    1    2   1    0.46
65    1    0.055    1    1   1    0.73
15    1    0.055    1    1   1    0.62
57    1    -0.023    1    1   0    0.94
127    2    -0.023    1    2   1    0.64
38    1    0.000    1    1   1    0.96
109    2    0.023    1    2   0    0.71
136    2    -0.055    1    2   1    0.58
119    2    0.023    2    1   1    0.69
22    1    -0.023    2    2   1    1.35
59    1    0.023    1    1   1    3.31
54    1    0.023    1    1   1    0.64
37    1    -0.023    2    2   1    1.00
4    1    0.023    2    2   0    0.92
61    1    -0.055    2    2   1    0.72
73    1    0.000    2    2   0    1.25
40    1    0.055    1    1   1    0.74
90    2    0.055    2    1   1    0.86
72    1    -0.023    2    2   1    0.73
49    1    0.023    1    1   1    0.67
113    2    0.000    1    2   0    0.78
36    1    -0.055    2    2   1    0.96
80    2    0.055    2    1   1    1.62
62    1    -0.023    2    2   1    3.97
105    2    0.055    2    1   1    0.68
6    1    -0.055    2    2   1    0.93
7    1    -0.023    2    2   1    3.09
140    2    0.055    2    1   1    0.80
118    2    0.000    1    2   0    1.12
3    1    0.000    1    1   1    1.11
117    2    -0.023    1    2   1    0.72
147    2    -0.023    1    2   1    1.98
19    1    0.023    1    1   1    1.91
150    2    0.055    2    1   1    5.20
28    1    0.000    1    1   1    1.62
78    2    0.000    1    2   0    0.77
46    1    -0.055    2    2   1    0.73
20    1    0.055    1    1   1    1.57
27    1    -0.023    2    2   1    0.60
116    2    -0.055    1    2   1    0.75
130    2    0.055    2    1   1    0.62
108    2    0.000    1    2   0    0.76
83    2    0.000    1    2   0    0.84
100    2    0.055    2    1   1    0.52
138    2    0.000    1    2   0    0.63
75    2    0.055    2    1   1    0.55
14    1    0.023    1    1   1    1.02
2    1    -0.023    2    2   1    0.68
8    1    0.000    1    1   1    2.82
44    1    0.023    1    1   1    0.66
111    2    -0.055    1    2   1    0.85
98    2    0.000    1    2   0    0.83
124    2    0.023    2    1   1    0.99
31    1    -0.055    2    2   1    0.75
94    2    0.023    2    1   1    1.25
86    2    -0.055    1    2   1    0.89
12    1    -0.023    1    1   0    0.96
18    1    0.000    2    2   0    1.49
137    2    -0.023    1    2   1    1.25
115    2    0.055    2    1   1    0.71
133    2    0.000    1    2   0    5.28
29    1    0.023    1    1   1    0.82
114    2    0.023    1    2   0    1.09
148    2    0.000    1    2   0    0.60
71    1    -0.055    2    2   1    0.90
17    1    -0.023    1    1   0    0.71
91    2    -0.055    1    2   1    0.70
50    1    0.055    1    1   1    0.62
77    2    -0.023    1    2   1    0.52
135    2    0.055    1    2   0    1.04
32    1    -0.023    2    2   1    1.07
93    2    0.000    1    2   0    2.12
63    1    0.000    1    1   1    6.44
30    1    0.055    1    1   1    1.93
25    1    0.055    1    1   1    0.94
87    2    -0.023    1    2   1    1.38
16    1    -0.055    2    2   1    0.76
56    1    -0.055    2    2   1    0.78
146    2    -0.055    1    2   1    0.67
35    1    0.055    1    1   1    1.05
1    1    -0.055    2    2   1    1.03
52    1    -0.023    2    2   1    0.73
51    1    -0.055    2    2   1    0.85
76    2    -0.055    1    2   1    0.57
96    2    -0.055    1    2   1    0.80
10    1    0.055    1    1   1    0.69
143    2    0.000    1    2   0    1.07
70    1    0.055    1    1   1    1.02
84    2    0.023    2    1   1    1.01
53    1    0.000    1    1   1    1.57
131    2    -0.055    1    2   1    0.81
85    2    0.055    2    1   1    0.73
60    1    0.055    1    1   1    1.12
48    1    0.000    1    1   1    1.48
125    2    0.055    2    1   1    0.88
67    1    -0.023    1    1   0    0.93
88    2    0.000    2    1   1    1.55
123    2    0.000    1    2   0    1.01
126    2    -0.055    1    2   1    0.83
34    1    0.023    1    1   1    0.74
141    2    -0.055    2    1   0    0.74
9    1    0.023    1    1   1    1.19
89    2    0.023    2    1   1    0.82
41    1    -0.055    2    2   1    0.73
11    1    -0.055    2    2   1    0.64
69    1    0.023    1    1   1    1.17
95    2    0.055    2    1   1    0.59
13    1    0.000    1    1   1    1.17
92    2    -0.023    1    2   1    0.73
26    1    -0.055    2    2   1    1.30
58    1    0.000    1    1   1    0.93
64    1    0.023    1    1   1    1.15
101    2    -0.055    1    2   1    0.87
142    2    -0.023    1    2   1    0.61
24    1    0.023    1    1   1    1.01
79    2    0.023    2    1   1    1.03
103    2    0.000    2    1   1    1.27
81    2    -0.055    1    2   1    0.66
66    1    -0.055    2    2   1    0.87
144    2    0.023    2    1   1    0.94
132    2    -0.023    1    2   1    0.67
