--------------------------------
29-Jul-2014 13:54:17 
data from observer A12 
#occlusion2 expt 
reference disparity (degrees) 0.160000 

stim order disp kresp testresp correct time
1    1    -0.074    2    2   1    1.77
2    1    -0.069    2    2   1    1.05
3    2    0.065    2    1   1    1.24
4    2    -0.060    2    1   0    1.37
5    1    -0.069    2    2   1    0.70
6    2    -0.069    2    1   0    1.09
7    2    0.079    2    1   1    1.03
8    2    0.079    2    1   1    2.23
9    2    -0.074    1    2   1    1.76
10    2    -0.074    1    2   1    0.86
11    2    -0.069    1    2   1    0.85
12    2    -0.069    1    2   1    2.28
13    1    0.065    1    1   1    1.31
14    1    -0.065    2    2   1    3.01
15    2    -0.060    1    2   1    1.59
16    1    -0.060    1    1   0    1.26
17    1    -0.069    1    1   0    1.85
18    1    0.079    1    1   1    1.15
19    2    0.079    1    2   0    0.90
20    2    -0.088    1    2   1    1.42
21    1    0.088    1    1   1    1.09
22    2    0.083    1    2   0    1.12
23    1    0.092    1    1   1    0.80
24    2    0.092    1    2   0    1.18
25    1    0.102    1    1   1    0.88
26    2    0.102    2    1   1    1.18
27    2    0.097    1    2   0    1.41
28    2    0.106    2    1   1    1.10
29    1    -0.106    2    2   1    0.96
30    1    -0.102    2    2   1    1.12
31    2    0.102    2    1   1    0.74
32    2    0.097    2    1   1    0.60
33    1    0.097    1    1   1    1.06
34    1    -0.092    2    2   1    1.20
35    2    -0.092    2    1   0    1.01
36    2    -0.102    1    2   1    0.88
37    1    0.102    1    1   1    0.72
38    1    -0.097    1    1   0    1.27
39    2    0.106    2    1   1    2.37
40    1    -0.106    2    2   1    1.24
41    1    0.102    1    1   1    0.75
42    2    0.102    1    2   0    0.90
43    1    0.111    1    1   1    0.61
44    2    0.111    2    1   1    3.45
45    1    -0.106    2    2   1    1.63
46    2    -0.106    1    2   1    1.45
47    2    0.102    2    1   1    1.01
48    2    -0.102    1    2   1    0.87
49    2    0.097    2    1   1    1.08
50    1    -0.097    2    2   1    1.44
-------------------------
Final staircase threshold estimate (mean) is 0.1034
-------------------------
132    2    -0.102    1    2   1    7.56
144    2    0.102    2    1   1    0.86
150    2    0.148    2    1   1    0.60
48    1    0.000    2    2   0    0.92
50    1    0.148    1    1   1    0.62
92    2    -0.102    1    2   1    1.02
57    1    -0.102    1    1   0    0.95
66    1    -0.148    2    2   1    0.80
135    2    0.148    2    1   1    2.33
43    1    0.000    1    1   1    0.83
128    2    0.000    1    2   0    1.06
85    2    0.148    2    1   1    0.84
131    2    -0.148    1    2   1    1.08
138    2    0.000    2    1   1    0.88
70    1    0.148    1    1   1    1.04
82    2    -0.102    1    2   1    0.84
38    1    0.000    1    1   1    0.66
71    1    -0.148    2    2   1    1.34
133    2    0.000    1    2   0    3.16
102    2    -0.102    1    2   1    1.53
127    2    -0.102    1    2   1    1.78
105    2    0.148    2    1   1    1.14
11    1    -0.148    2    2   1    0.57
61    1    -0.148    2    2   1    0.59
101    2    -0.148    1    2   1    1.23
141    2    -0.148    1    2   1    0.90
147    2    -0.102    1    2   1    0.70
47    1    -0.102    2    2   1    0.76
76    2    -0.148    1    2   1    2.14
78    2    0.000    1    2   0    6.17
93    2    0.000    1    2   0    1.10
37    1    -0.102    2    2   1    1.09
129    2    0.102    1    2   0    0.96
55    1    0.148    1    1   1    0.79
16    1    -0.148    2    2   1    1.80
72    1    -0.102    2    2   1    2.59
52    1    -0.102    2    2   1    1.01
91    2    -0.148    1    2   1    2.15
123    2    0.000    1    2   0    0.74
139    2    0.102    2    1   1    1.63
5    1    0.148    1    1   1    0.84
27    1    -0.102    2    2   1    1.23
149    2    0.102    2    1   1    1.19
53    1    0.000    1    1   1    3.76
29    1    0.102    1    1   1    0.86
23    1    0.000    1    1   1    0.68
60    1    0.148    1    1   1    0.69
18    1    0.000    1    1   1    1.01
22    1    -0.102    1    1   0    0.74
2    1    -0.102    2    2   1    0.80
58    1    0.000    1    1   1    1.12
24    1    0.102    1    1   1    0.93
8    1    0.000    1    1   1    0.92
39    1    0.102    1    1   1    0.77
15    1    0.148    1    1   1    0.79
90    2    0.148    2    1   1    0.87
114    2    0.102    2    1   1    2.32
140    2    0.148    2    1   1    1.18
84    2    0.102    2    1   1    1.40
94    2    0.102    2    1   1    0.80
104    2    0.102    2    1   1    0.92
26    1    -0.148    2    2   1    0.87
41    1    -0.148    2    2   1    0.83
98    2    0.000    1    2   0    2.40
10    1    0.148    1    1   1    0.70
122    2    -0.102    1    2   1    0.79
7    1    -0.102    2    2   1    1.35
74    1    0.102    1    1   1    1.36
88    2    0.000    2    1   1    1.72
32    1    -0.102    2    2   1    1.37
121    2    -0.148    1    2   1    0.65
96    2    -0.148    1    2   1    0.83
143    2    0.000    1    2   0    0.60
69    1    0.102    1    1   1    0.70
110    2    0.148    2    1   1    1.56
31    1    -0.148    2    2   1    1.11
14    1    0.102    2    2   0    0.99
13    1    0.000    2    2   0    1.73
113    2    0.000    2    1   1    1.60
130    2    0.148    1    2   0    0.89
19    1    0.102    1    1   1    0.77
80    2    0.148    2    1   1    1.14
20    1    0.148    1    1   1    0.86
25    1    0.148    1    1   1    0.65
33    1    0.000    1    1   1    0.64
49    1    0.102    1    1   1    0.73
137    2    -0.102    1    2   1    0.66
111    2    -0.148    1    2   1    1.05
89    2    0.102    2    1   1    1.02
3    1    0.000    1    1   1    1.06
109    2    0.102    2    1   1    1.06
40    1    0.148    1    1   1    0.80
62    1    -0.102    2    2   1    1.09
134    2    0.102    2    1   1    1.32
34    1    0.102    1    1   1    3.26
46    1    -0.148    2    2   1    1.80
107    2    -0.102    2    1   0    1.70
106    2    -0.148    2    1   0    1.29
97    2    -0.102    1    2   1    6.87
63    1    0.000    1    1   1    1.24
87    2    -0.102    2    1   0    0.61
9    1    0.102    1    1   1    0.57
136    2    -0.148    1    2   1    0.83
103    2    0.000    1    2   0    1.11
119    2    0.102    2    1   1    0.81
45    1    0.148    1    1   1    0.64
28    1    0.000    1    1   1    0.78
145    2    0.148    2    1   1    0.80
51    1    -0.148    2    2   1    0.91
6    1    -0.148    2    2   1    0.87
77    2    -0.102    1    2   1    0.80
120    2    0.148    2    1   1    2.77
142    2    -0.102    1    2   1    1.32
118    2    0.000    1    2   0    0.70
67    1    -0.102    2    2   1    0.95
100    2    0.148    2    1   1    0.73
73    1    0.000    1    1   1    2.82
56    1    -0.148    2    2   1    1.10
35    1    0.148    1    1   1    0.85
148    2    0.000    1    2   0    0.66
75    2    0.148    2    1   1    0.79
99    2    0.102    2    1   1    0.74
79    2    0.102    1    2   0    0.84
4    1    0.102    2    2   0    1.01
68    1    0.000    2    2   0    1.48
17    1    -0.102    2    2   1    1.11
64    1    0.102    2    2   0    0.82
95    2    0.148    2    1   1    0.64
36    1    -0.148    2    2   1    1.35
146    2    -0.148    1    2   1    1.06
124    2    0.102    2    1   1    0.66
117    2    -0.102    1    2   1    1.30
65    1    0.148    1    1   1    1.02
108    2    0.000    1    2   0    1.10
42    1    -0.102    1    1   0    0.77
83    2    0.000    1    2   0    0.81
125    2    0.148    2    1   1    0.93
126    2    -0.148    2    1   0    1.09
54    1    0.102    1    1   1    2.90
81    2    -0.148    1    2   1    2.89
30    1    0.148    1    1   1    0.90
21    1    -0.148    1    1   0    1.38
86    2    -0.148    1    2   1    3.08
59    1    0.102    1    1   1    3.37
1    1    -0.148    1    1   0    1.07
12    1    -0.102    2    2   1    1.56
112    2    -0.102    1    2   1    0.74
115    2    0.148    2    1   1    0.74
116    2    -0.148    1    2   1    0.97
44    1    0.102    1    1   1    0.71
