--------------------------------
29-Jul-2014 13:47:11 
data from observer A12 
#occlusion2 expt 
reference disparity (degrees) 0.160000 

stim order disp kresp testresp correct time
1    2    0.074    2    1   1    0.96
2    2    0.069    2    1   1    0.67
3    1    0.065    1    1   1    0.64
4    1    0.060    1    1   1    0.58
5    2    -0.055    1    2   1    0.53
6    2    -0.051    1    2   1    0.57
7    1    0.046    1    1   1    0.56
8    1    -0.042    2    2   1    0.62
9    2    0.037    2    1   1    0.43
10    2    -0.032    2    1   0    0.91
11    1    0.042    1    1   1    0.64
12    1    -0.042    2    2   1    0.53
13    2    0.037    2    1   1    0.55
14    2    -0.037    1    2   1    0.61
15    1    0.032    1    1   1    0.63
16    1    0.032    1    1   1    0.57
17    2    0.028    2    1   1    0.58
18    1    -0.028    2    2   1    0.91
19    1    0.023    1    1   1    0.72
20    2    0.023    2    1   1    0.72
21    1    0.018    1    1   1    1.01
22    1    0.018    1    1   1    0.61
23    1    0.014    1    1   1    0.72
24    1    -0.014    2    2   1    0.77
25    1    -0.009    2    2   1    1.07
26    2    -0.009    2    1   0    1.04
27    1    -0.018    2    2   1    1.06
28    1    -0.018    2    2   1    0.79
29    1    -0.014    2    2   1    0.63
30    2    0.014    2    1   1    1.47
31    1    0.009    1    1   1    2.75
32    1    0.009    1    1   1    0.63
33    2    -0.005    1    2   1    0.75
34    2    -0.005    1    2   1    0.64
35    2    -0.005    1    2   1    0.69
36    1    -0.005    2    2   1    0.74
37    2    -0.005    1    2   1    1.56
38    1    0.005    1    1   1    1.97
39    2    -0.005    1    2   1    0.93
40    2    -0.005    1    2   1    0.72
41    2    0.005    2    1   1    0.77
42    2    -0.005    1    2   1    1.71
43    1    0.005    1    1   1    0.73
44    2    0.005    2    1   1    1.39
45    1    -0.005    1    1   0    1.05
46    2    0.014    2    1   1    1.30
47    2    -0.014    1    2   1    0.96
48    2    -0.009    2    1   0    0.90
49    1    0.018    2    2   0    0.97
50    1    0.028    1    1   1    0.56
-------------------------
Final staircase threshold estimate (mean) is 0.0106
-------------------------
103    2    0.000    1    2   0    2.33
64    1    0.009    1    1   1    0.65
111    2    -0.028    1    2   1    0.70
94    2    0.009    2    1   1    1.37
73    1    0.000    2    2   0    0.83
53    1    0.000    2    2   0    0.37
79    2    0.009    2    1   1    0.69
118    2    0.000    2    1   1    0.72
68    1    0.000    2    2   0    0.49
27    1    -0.009    2    2   1    0.60
89    2    0.009    2    1   1    0.72
32    1    -0.009    1    1   0    2.19
145    2    0.028    2    1   1    1.01
98    2    0.000    1    2   0    1.81
122    2    -0.009    1    2   1    0.81
29    1    0.009    1    1   1    0.55
17    1    -0.009    2    2   1    1.16
18    1    0.000    1    1   1    0.94
72    1    -0.009    2    2   1    0.84
47    1    -0.009    2    2   1    1.85
78    2    0.000    2    1   1    0.73
142    2    -0.009    1    2   1    0.72
56    1    -0.028    2    2   1    0.91
69    1    0.009    1    1   1    0.72
147    2    -0.009    2    1   0    0.73
42    1    -0.009    2    2   1    1.77
7    1    -0.009    2    2   1    1.33
148    2    0.000    1    2   0    0.93
6    1    -0.028    2    2   1    0.75
95    2    0.028    1    2   0    0.30
74    1    0.009    1    1   1    1.12
143    2    0.000    1    2   0    0.92
88    2    0.000    2    1   1    0.61
128    2    0.000    2    1   1    1.10
38    1    0.000    2    2   0    0.89
90    2    0.028    2    1   1    0.63
125    2    0.028    2    1   1    0.59
71    1    -0.028    2    2   1    0.67
121    2    -0.028    1    2   1    0.75
123    2    0.000    1    2   0    1.77
58    1    0.000    1    1   1    3.92
48    1    0.000    1    1   1    1.05
106    2    -0.028    1    2   1    0.81
4    1    0.009    1    1   1    0.58
133    2    0.000    1    2   0    0.66
8    1    0.000    1    1   1    1.00
113    2    0.000    1    2   0    0.65
141    2    -0.028    1    2   1    0.60
15    1    0.028    1    1   1    0.71
22    1    -0.009    2    2   1    3.97
36    1    -0.028    2    2   1    1.09
138    2    0.000    1    2   0    2.36
140    2    0.028    2    1   1    3.11
83    2    0.000    1    2   0    2.07
105    2    0.028    2    1   1    0.83
45    1    0.028    1    1   1    1.38
84    2    0.009    2    1   1    1.22
97    2    -0.009    1    2   1    0.71
20    1    0.028    1    1   1    1.02
24    1    0.009    1    1   1    0.79
117    2    -0.009    1    2   1    0.63
62    1    -0.009    1    1   0    0.98
65    1    0.028    1    1   1    0.53
100    2    0.028    2    1   1    0.85
54    1    0.009    1    1   1    0.86
43    1    0.000    1    1   1    0.90
134    2    0.009    2    1   1    1.06
3    1    0.000    2    2   0    0.98
96    2    -0.028    1    2   1    1.55
139    2    0.009    1    2   0    2.93
129    2    0.009    2    1   1    1.74
14    1    0.009    1    1   1    0.51
86    2    -0.028    1    2   1    0.69
61    1    -0.028    2    2   1    0.71
41    1    -0.028    2    2   1    0.74
107    2    -0.009    2    1   0    0.84
28    1    0.000    2    2   0    1.20
137    2    -0.009    2    1   0    0.66
5    1    0.028    2    2   0    1.73
126    2    -0.028    1    2   1    1.90
81    2    -0.028    1    2   1    0.63
66    1    -0.028    1    1   0    0.48
144    2    0.009    2    1   1    0.52
82    2    -0.009    2    1   0    1.08
1    1    -0.028    2    2   1    0.63
75    2    0.028    2    1   1    0.94
33    1    0.000    2    2   0    0.94
34    1    0.009    2    2   0    0.53
91    2    -0.028    1    2   1    0.86
110    2    0.028    2    1   1    0.74
102    2    -0.009    1    2   1    1.36
13    1    0.000    2    2   0    1.34
21    1    -0.028    2    2   1    0.97
131    2    -0.028    1    2   1    0.65
44    1    0.009    2    2   0    1.37
37    1    -0.009    2    2   1    0.95
116    2    -0.028    2    1   0    1.14
10    1    0.028    1    1   1    1.14
130    2    0.028    2    1   1    0.68
67    1    -0.009    2    2   1    1.10
108    2    0.000    2    1   1    1.08
57    1    -0.009    2    2   1    1.31
104    2    0.009    2    1   1    2.61
70    1    0.028    1    1   1    0.69
50    1    0.028    1    1   1    0.63
101    2    -0.028    1    2   1    0.48
39    1    0.009    1    1   1    0.80
120    2    0.028    2    1   1    0.92
92    2    -0.009    2    1   0    1.15
132    2    -0.009    2    1   0    1.08
80    2    0.028    2    1   1    0.80
150    2    0.028    2    1   1    0.82
35    1    0.028    1    1   1    0.83
115    2    0.028    2    1   1    0.55
40    1    0.028    1    1   1    0.63
23    1    0.000    1    1   1    0.97
149    2    0.009    2    1   1    2.62
25    1    0.028    1    1   1    0.92
30    1    0.028    1    1   1    1.72
55    1    0.028    1    1   1    0.81
19    1    0.009    1    1   1    0.61
87    2    -0.009    1    2   1    0.32
16    1    -0.028    2    2   1    1.38
51    1    -0.028    2    2   1    0.97
9    1    0.009    1    1   1    0.88
77    2    -0.009    2    1   0    0.64
12    1    -0.009    2    2   1    0.95
112    2    -0.009    1    2   1    0.75
135    2    0.028    2    1   1    0.75
109    2    0.009    2    1   1    1.31
99    2    0.009    2    1   1    1.70
52    1    -0.009    2    2   1    1.17
114    2    0.009    1    2   0    5.06
46    1    -0.028    1    1   0    1.12
60    1    0.028    1    1   1    1.28
59    1    0.009    1    1   1    2.58
76    2    -0.028    1    2   1    0.72
124    2    0.009    2    1   1    1.05
85    2    0.028    2    1   1    1.78
127    2    -0.009    1    2   1    1.67
31    1    -0.028    2    2   1    1.64
146    2    -0.028    1    2   1    0.60
136    2    -0.028    1    2   1    0.94
49    1    0.009    2    2   0    1.06
93    2    0.000    2    1   1    2.99
63    1    0.000    1    1   1    1.06
11    1    -0.028    2    2   1    1.53
2    1    -0.009    1    1   0    1.04
26    1    -0.028    2    2   1    0.71
119    2    0.009    2    1   1    0.99
