--------------------------------
16-Feb-2015 11:14:14 
data from observer A12 
#occlusion2 expt 
reference disparity (degrees) 0.160000 

stim order disp kresp testresp correct time
1    1    -0.074    1    1   1    1.77
2    2    -0.069    2    1   1    0.64
3    2    0.065    1    2   1    0.51
4    1    0.060    2    2   1    0.59
5    2    0.055    1    2   1    0.72
6    2    0.051    1    2   1    0.78
7    2    0.046    1    2   1    1.02
8    1    -0.042    1    1   1    1.30
9    1    0.037    2    2   1    0.54
10    1    0.032    2    2   1    0.72
11    2    0.028    1    2   1    0.49
12    2    -0.023    2    1   1    0.52
13    1    -0.018    1    1   1    0.64
14    1    0.014    2    2   1    0.45
15    2    0.009    1    2   1    0.62
16    1    0.005    2    2   1    0.47
17    1    -0.005    2    2   0    0.61
18    2    0.014    1    2   1    1.00
19    1    -0.014    1    1   1    0.89
20    2    -0.009    1    2   0    1.21
21    2    -0.018    2    1   1    0.67
22    2    -0.018    2    1   1    0.66
23    1    -0.014    1    1   1    1.07
24    2    -0.014    2    1   1    0.66
25    2    -0.009    2    1   1    1.03
26    2    -0.009    1    2   0    0.74
27    1    -0.018    1    1   1    0.82
28    1    0.018    2    2   1    0.60
29    2    0.014    1    2   1    0.63
30    1    -0.014    1    1   1    1.24
31    2    0.009    1    2   1    0.80
32    1    -0.009    1    1   1    0.73
33    1    -0.005    1    1   1    0.75
34    2    -0.005    1    2   0    0.74
35    2    -0.014    2    1   1    0.66
36    1    0.014    1    1   0    0.69
37    1    -0.023    1    1   1    0.62
38    1    -0.023    1    1   1    0.86
39    2    0.018    1    2   1    0.69
40    2    0.018    1    2   1    0.77
41    1    -0.014    1    1   1    0.83
42    2    -0.014    2    1   1    0.91
43    2    0.009    1    2   1    0.61
44    1    0.009    2    2   1    0.52
45    2    0.005    1    2   1    0.73
46    2    0.005    2    1   0    1.48
47    1    0.014    2    2   1    1.72
48    1    0.014    2    2   1    1.48
49    2    0.009    1    2   1    1.39
50    2    0.009    1    2   1    0.95
-------------------------
Final staircase threshold estimate (mean) is 0.0102
-------------------------
28    1    0.000    1    1   1    3.23
35    1    0.028    2    2   0    0.68
135    2    0.028    1    2   0    0.84
44    1    0.009    2    2   0    0.94
20    1    0.028    2    2   0    0.83
60    1    0.028    2    2   0    0.97
122    2    -0.009    1    2   1    2.82
57    1    -0.009    1    1   0    2.88
91    2    -0.028    2    1   0    0.79
110    2    0.028    1    2   0    1.29
58    1    0.000    1    1   1    1.69
113    2    0.000    1    2   0    3.25
131    2    -0.028    2    1   0    0.80
54    1    0.009    2    2   0    1.08
125    2    0.028    1    2   0    0.80
36    1    -0.028    1    1   0    0.75
87    2    -0.009    2    1   0    2.77
59    1    0.009    2    2   0    1.09
14    1    0.009    1    1   1    1.68
5    1    0.028    2    2   0    0.75
140    2    0.028    1    2   0    1.02
150    2    0.028    1    2   0    0.67
83    2    0.000    1    2   0    2.88
45    1    0.028    2    2   0    0.81
42    1    -0.009    1    1   0    0.86
69    1    0.009    2    2   0    1.17
50    1    0.028    2    2   0    0.73
51    1    -0.028    1    1   0    1.02
39    1    0.009    2    2   0    1.16
62    1    -0.009    1    1   0    0.84
30    1    0.028    2    2   0    0.99
10    1    0.028    2    2   0    0.72
127    2    -0.009    2    1   0    1.51
105    2    0.028    1    2   0    0.75
141    2    -0.028    2    1   0    2.54
11    1    -0.028    1    1   0    0.58
101    2    -0.028    2    1   0    0.93
146    2    -0.028    2    1   0    0.65
18    1    0.000    1    1   1    1.33
61    1    -0.028    1    1   0    0.84
77    2    -0.009    2    1   0    1.08
114    2    0.009    1    2   0    0.81
27    1    -0.009    1    1   0    0.80
97    2    -0.009    2    1   0    1.05
6    1    -0.028    1    1   0    0.74
72    1    -0.009    1    1   0    0.72
79    2    0.009    1    2   0    0.68
121    2    -0.028    2    1   0    0.73
52    1    -0.009    1    1   0    0.55
137    2    -0.009    1    2   1    0.78
7    1    -0.009    2    2   1    1.09
92    2    -0.009    2    1   0    1.02
64    1    0.009    2    2   0    0.86
107    2    -0.009    2    1   0    0.88
124    2    0.009    1    2   0    0.82
99    2    0.009    1    2   0    2.02
86    2    -0.028    2    1   0    0.79
76    2    -0.028    2    1   0    1.19
29    1    0.009    1    1   1    1.29
40    1    0.028    2    2   0    25.63
31    1    -0.028    1    1   0    0.65
111    2    -0.028    2    1   0    0.80
49    1    0.009    2    2   0    1.01
115    2    0.028    1    2   0    1.01
143    2    0.000    1    2   0    0.97
130    2    0.028    1    2   0    0.69
66    1    -0.028    1    1   0    0.85
133    2    0.000    1    2   0    1.44
23    1    0.000    1    1   1    1.16
32    1    -0.009    1    1   0    0.69
2    1    -0.009    1    1   0    0.68
88    2    0.000    2    1   1    2.69
102    2    -0.009    2    1   0    0.99
95    2    0.028    1    2   0    0.86
25    1    0.028    2    2   0    0.98
55    1    0.028    2    2   0    0.85
118    2    0.000    1    2   0    1.28
106    2    -0.028    2    1   0    0.73
70    1    0.028    2    2   0    0.73
33    1    0.000    2    2   0    1.33
47    1    -0.009    1    1   0    4.14
17    1    -0.009    1    1   0    2.82
126    2    -0.028    2    1   0    0.58
120    2    0.028    1    2   0    0.65
65    1    0.028    2    2   0    1.56
3    1    0.000    1    1   1    0.69
74    1    0.009    2    2   0    0.70
89    2    0.009    1    2   0    0.82
37    1    -0.009    1    1   0    0.79
136    2    -0.028    2    1   0    0.87
46    1    -0.028    1    1   0    0.51
48    1    0.000    1    1   1    1.36
24    1    0.009    2    2   0    0.55
104    2    0.009    2    1   1    0.71
94    2    0.009    1    2   0    0.76
1    1    -0.028    1    1   0    0.67
34    1    0.009    1    1   1    4.07
53    1    0.000    1    1   1    0.93
67    1    -0.009    1    1   0    2.27
109    2    0.009    1    2   0    0.95
43    1    0.000    2    2   0    3.01
8    1    0.000    1    1   1    1.22
73    1    0.000    2    2   0    0.63
19    1    0.009    2    2   0    2.56
71    1    -0.028    1    1   0    0.64
21    1    -0.028    1    1   0    2.53
112    2    -0.009    2    1   0    2.23
82    2    -0.009    1    2   1    2.04
123    2    0.000    1    2   0    3.19
119    2    0.009    1    2   0    0.89
144    2    0.009    1    2   0    0.79
142    2    -0.009    2    1   0    0.94
90    2    0.028    1    2   0    0.84
9    1    0.009    2    2   0    2.55
145    2    0.028    1    2   0    0.60
98    2    0.000    1    2   0    0.87
149    2    0.009    1    2   0    1.44
134    2    0.009    1    2   0    1.35
132    2    -0.009    2    1   0    1.56
84    2    0.009    2    1   1    1.13
16    1    -0.028    1    1   0    2.29
56    1    -0.028    1    1   0    0.93
117    2    -0.009    2    1   0    0.91
139    2    0.009    1    2   0    1.13
147    2    -0.009    2    1   0    0.82
26    1    -0.028    1    1   0    1.60
38    1    0.000    1    1   1    0.75
103    2    0.000    1    2   0    0.87
116    2    -0.028    2    1   0    1.14
93    2    0.000    1    2   0    0.73
138    2    0.000    1    2   0    0.75
75    2    0.028    1    2   0    0.60
129    2    0.009    1    2   0    0.74
63    1    0.000    1    1   1    1.10
96    2    -0.028    2    1   0    0.75
22    1    -0.009    1    1   0    1.18
78    2    0.000    2    1   1    0.77
100    2    0.028    1    2   0    0.74
68    1    0.000    1    1   1    1.05
4    1    0.009    2    2   0    1.34
13    1    0.000    1    1   1    0.83
81    2    -0.028    2    1   0    33.58
12    1    -0.009    1    1   0    0.57
15    1    0.028    2    2   0    0.58
85    2    0.028    1    2   0    0.55
128    2    0.000    2    1   1    1.12
41    1    -0.028    1    1   0    0.51
108    2    0.000    1    2   0    1.91
80    2    0.028    1    2   0    0.73
148    2    0.000    2    1   1    0.81
