--------------------------------
29-Jul-2014 14:22:12 
data from observer A12 
#occlusion2 expt 
reference disparity (degrees) 0.160000 

stim order disp kresp testresp correct time
1    1    0.074    1    1   1    1.45
2    1    0.069    1    1   1    1.36
3    2    0.065    2    1   1    5.96
4    1    0.060    1    1   1    0.66
5    1    0.055    1    1   1    0.61
6    1    -0.051    2    2   1    0.52
7    1    0.046    1    1   1    0.67
8    1    0.042    2    2   0    1.20
9    1    0.051    2    2   0    1.60
10    1    0.060    1    1   1    1.32
11    1    -0.060    2    2   1    0.88
12    1    0.055    1    1   1    0.98
13    2    0.055    2    1   1    0.73
14    1    -0.051    2    2   1    0.74
15    2    -0.051    1    2   1    0.52
16    1    -0.046    2    2   1    0.62
17    2    0.046    2    1   1    1.02
18    1    -0.042    2    2   1    0.59
19    2    0.042    2    1   1    1.07
20    2    0.037    2    1   1    1.00
21    2    0.037    2    1   1    0.76
22    2    0.032    2    1   1    0.85
23    2    0.032    2    1   1    1.00
24    2    0.028    2    1   1    0.78
25    2    0.028    2    1   1    0.77
26    1    -0.023    2    2   1    0.73
27    1    0.023    1    1   1    0.61
28    1    0.018    1    1   1    0.64
29    1    -0.018    2    2   1    0.90
30    2    0.014    1    2   0    2.07
31    2    -0.023    2    1   0    1.01
32    1    0.032    1    1   1    0.88
33    2    0.032    2    1   1    0.59
34    1    0.028    1    1   1    0.65
35    2    0.028    2    1   1    0.69
36    1    0.023    1    1   1    0.95
37    2    0.023    2    1   1    1.83
38    2    0.018    2    1   1    1.94
39    1    0.018    1    1   1    2.58
40    1    -0.014    2    2   1    3.02
41    2    0.014    1    2   0    1.82
42    1    -0.023    2    2   1    0.93
43    1    0.023    1    1   1    0.80
44    2    0.018    2    1   1    1.08
45    1    -0.018    2    2   1    1.94
46    2    -0.014    1    2   1    0.70
47    1    0.014    1    1   1    0.66
48    2    0.009    2    1   1    1.87
49    2    0.009    2    1   1    1.21
50    2    0.005    2    1   1    1.79
-------------------------
Final staircase threshold estimate (mean) is 0.0148
-------------------------
73    1    0.000    2    2   0    2.49
12    1    -0.014    1    1   0    1.17
14    1    0.014    1    1   1    0.96
122    2    -0.014    1    2   1    0.77
134    2    0.014    2    1   1    1.39
10    1    0.037    1    1   1    1.20
147    2    -0.014    1    2   1    0.92
123    2    0.000    1    2   0    1.29
113    2    0.000    2    1   1    0.71
111    2    -0.037    1    2   1    0.77
57    1    -0.014    2    2   1    0.73
132    2    -0.014    2    1   0    0.78
51    1    -0.037    2    2   1    0.72
38    1    0.000    2    2   0    1.25
29    1    0.014    1    1   1    0.66
45    1    0.037    1    1   1    0.73
9    1    0.014    1    1   1    1.60
58    1    0.000    2    2   0    1.17
49    1    0.014    1    1   1    0.94
32    1    -0.014    2    2   1    1.36
91    2    -0.037    1    2   1    0.72
43    1    0.000    1    1   1    1.11
44    1    0.014    1    1   1    0.67
55    1    0.037    1    1   1    0.72
86    2    -0.037    1    2   1    0.65
80    2    0.037    2    1   1    0.65
117    2    -0.014    1    2   1    0.80
140    2    0.037    2    1   1    0.45
67    1    -0.014    2    2   1    0.60
105    2    0.037    2    1   1    0.59
16    1    -0.037    2    2   1    0.66
137    2    -0.014    1    2   1    0.83
13    1    0.000    1    1   1    0.74
112    2    -0.014    1    2   1    0.74
62    1    -0.014    2    2   1    0.62
120    2    0.037    2    1   1    0.60
139    2    0.014    2    1   1    0.84
144    2    0.014    2    1   1    0.68
130    2    0.037    2    1   1    0.53
107    2    -0.014    1    2   1    0.87
148    2    0.000    1    2   0    1.35
68    1    0.000    1    1   1    1.14
79    2    0.014    2    1   1    0.83
40    1    0.037    1    1   1    0.82
115    2    0.037    2    1   1    0.28
50    1    0.037    1    1   1    5.41
39    1    0.014    1    1   1    1.45
34    1    0.014    2    2   0    0.79
53    1    0.000    2    2   0    1.43
21    1    -0.037    2    2   1    1.82
65    1    0.037    1    1   1    1.20
83    2    0.000    1    2   0    8.80
82    2    -0.014    2    1   0    0.74
119    2    0.014    2    1   1    1.47
33    1    0.000    2    2   0    0.99
90    2    0.037    2    1   1    2.13
146    2    -0.037    1    2   1    2.62
5    1    0.037    2    2   0    0.78
2    1    -0.014    1    1   0    0.43
76    2    -0.037    2    1   0    0.56
110    2    0.037    2    1   1    1.42
84    2    0.014    2    1   1    0.94
135    2    0.037    2    1   1    0.86
37    1    -0.014    2    2   1    0.69
108    2    0.000    2    1   1    0.57
116    2    -0.037    1    2   1    0.62
20    1    0.037    1    1   1    0.56
36    1    -0.037    2    2   1    0.52
30    1    0.037    1    1   1    0.49
59    1    0.014    1    1   1    0.70
27    1    -0.014    1    1   0    1.40
28    1    0.000    1    1   1    1.14
56    1    -0.037    2    2   1    0.65
124    2    0.014    2    1   1    0.97
100    2    0.037    2    1   1    0.89
97    2    -0.014    1    2   1    0.70
47    1    -0.014    2    2   1    0.64
11    1    -0.037    2    2   1    0.70
94    2    0.014    2    1   1    0.81
35    1    0.037    1    1   1    0.67
72    1    -0.014    1    1   0    0.75
136    2    -0.037    1    2   1    0.59
69    1    0.014    1    1   1    0.89
31    1    -0.037    2    2   1    0.50
127    2    -0.014    1    2   1    0.80
61    1    -0.037    2    2   1    0.58
126    2    -0.037    1    2   1    0.62
141    2    -0.037    1    2   1    0.64
63    1    0.000    1    1   1    0.67
103    2    0.000    1    2   0    0.69
114    2    0.014    1    2   0    1.06
88    2    0.000    1    2   0    1.44
128    2    0.000    2    1   1    1.32
52    1    -0.014    2    2   1    0.69
42    1    -0.014    2    2   1    0.66
143    2    0.000    1    2   0    1.51
99    2    0.014    1    2   0    1.29
78    2    0.000    1    2   0    1.19
22    1    -0.014    2    2   1    1.46
101    2    -0.037    1    2   1    0.54
87    2    -0.014    1    2   1    0.69
64    1    0.014    1    1   1    0.78
41    1    -0.037    2    2   1    0.94
54    1    0.014    1    1   1    0.56
60    1    0.037    1    1   1    0.72
93    2    0.000    1    2   0    0.58
6    1    -0.037    1    1   0    0.35
46    1    -0.037    2    2   1    0.69
95    2    0.037    2    1   1    0.70
106    2    -0.037    1    2   1    0.60
96    2    -0.037    1    2   1    0.76
85    2    0.037    2    1   1    0.74
18    1    0.000    1    1   1    0.62
109    2    0.014    1    2   0    0.98
15    1    0.037    1    1   1    0.68
75    2    0.037    2    1   1    0.71
121    2    -0.037    1    2   1    0.63
138    2    0.000    1    2   0    0.86
98    2    0.000    1    2   0    0.93
66    1    -0.037    2    2   1    0.84
133    2    0.000    1    2   0    1.09
19    1    0.014    1    1   1    1.24
71    1    -0.037    1    1   0    0.93
104    2    0.014    1    2   0    0.99
89    2    0.014    2    1   1    0.69
48    1    0.000    2    2   0    0.45
26    1    -0.037    2    2   1    0.35
23    1    0.000    2    2   0    2.24
92    2    -0.014    1    2   1    1.67
81    2    -0.037    1    2   1    0.64
70    1    0.037    1    1   1    0.62
150    2    0.037    2    1   1    0.60
24    1    0.014    1    1   1    0.59
77    2    -0.014    1    2   1    0.69
3    1    0.000    1    1   1    1.00
118    2    0.000    1    2   0    3.09
131    2    -0.037    1    2   1    0.74
4    1    0.014    1    1   1    0.86
25    1    0.037    1    1   1    0.60
8    1    0.000    1    1   1    1.20
149    2    0.014    1    2   0    1.25
7    1    -0.014    2    2   1    0.94
145    2    0.037    2    1   1    0.77
129    2    0.014    2    1   1    0.73
125    2    0.037    2    1   1    0.97
142    2    -0.014    1    2   1    0.71
74    1    0.014    1    1   1    0.73
17    1    -0.014    2    2   1    0.86
102    2    -0.014    1    2   1    0.88
1    1    -0.037    2    2   1    0.88
