--------------------------------
16-Feb-2015 10:50:00 
data from observer A12 
#occlusion2 expt 
reference disparity (degrees) 0.160000 

stim order disp kresp testresp correct time
1    2    0.074    1    2   1    3.53
2    2    0.069    1    2   1    2.41
3    1    -0.065    1    1   1    1.14
4    1    -0.060    2    2   0    1.12
5    2    0.069    1    2   1    2.12
6    1    -0.069    1    1   1    0.90
7    1    0.065    2    2   1    0.68
8    2    -0.065    2    1   1    0.74
9    1    0.060    2    2   1    0.71
10    1    0.060    2    2   1    1.35
11    2    0.055    1    2   1    1.00
12    2    -0.055    2    1   1    0.56
13    1    -0.051    1    1   1    0.59
14    2    0.051    1    2   1    0.96
15    2    -0.046    2    1   1    0.86
16    2    0.046    1    2   1    0.64
17    1    -0.042    1    1   1    0.60
18    2    0.042    1    2   1    1.26
19    1    0.037    2    2   1    1.78
20    1    0.037    2    2   1    1.09
21    1    -0.032    1    1   1    1.32
22    1    0.032    2    2   1    1.21
23    2    -0.028    2    1   1    0.75
24    2    0.028    1    2   1    1.26
25    2    -0.023    2    1   1    0.70
26    2    -0.023    2    1   1    2.84
27    1    -0.018    1    1   1    1.24
28    1    -0.018    2    2   0    0.67
29    1    -0.028    1    1   1    1.25
30    1    -0.028    2    2   0    0.55
31    1    0.037    2    2   1    0.93
32    1    0.037    2    2   1    1.58
33    2    -0.032    2    1   1    0.90
34    2    -0.032    2    1   1    0.64
35    2    0.028    1    2   1    0.77
36    1    -0.028    1    1   1    1.34
37    2    0.023    1    2   1    1.97
38    1    0.023    2    2   1    1.38
39    1    -0.018    2    2   0    5.95
40    1    0.028    2    2   1    1.61
41    2    -0.028    1    2   0    2.56
42    1    0.037    2    2   1    2.45
43    2    0.037    1    2   1    1.02
44    1    -0.032    1    1   1    1.78
45    2    0.032    1    2   1    0.64
46    2    -0.028    2    1   1    0.82
47    2    0.028    1    2   1    1.44
48    1    0.023    2    2   1    1.13
49    2    0.023    1    2   1    1.07
50    1    -0.018    1    1   1    1.19
-------------------------
Final staircase threshold estimate (mean) is 0.0286
-------------------------
95    2    0.069    1    2   0    23.69
127    2    -0.028    2    1   0    0.84
19    1    0.028    2    2   0    0.61
11    1    -0.069    1    1   0    1.24
69    1    0.028    2    2   0    1.61
101    2    -0.069    2    1   0    1.43
9    1    0.028    2    2   0    2.44
90    2    0.069    1    2   0    2.32
86    2    -0.069    2    1   0    1.57
56    1    -0.069    1    1   0    1.33
48    1    0.000    2    2   0    2.97
80    2    0.069    1    2   0    1.90
111    2    -0.069    2    1   0    1.37
144    2    0.028    1    2   0    2.21
55    1    0.069    2    2   0    1.47
143    2    0.000    2    1   1    1.15
70    1    0.069    2    2   0    0.87
59    1    0.028    2    2   0    1.85
14    1    0.028    2    2   0    1.88
68    1    0.000    2    2   0    2.34
5    1    0.069    2    2   0    0.86
12    1    -0.028    1    1   0    0.97
107    2    -0.028    2    1   0    1.17
46    1    -0.069    2    2   1    1.07
73    1    0.000    2    2   0    2.20
25    1    0.069    2    2   0    0.90
84    2    0.028    1    2   0    1.09
125    2    0.069    1    2   0    0.86
105    2    0.069    1    2   0    0.77
47    1    -0.028    1    1   0    0.83
15    1    0.069    2    2   0    1.00
133    2    0.000    2    1   1    1.25
114    2    0.028    1    2   0    1.45
93    2    0.000    1    2   0    4.18
28    1    0.000    1    1   1    3.30
64    1    0.028    1    1   1    1.41
108    2    0.000    2    1   1    0.61
110    2    0.069    1    2   0    1.10
103    2    0.000    2    1   1    1.09
118    2    0.000    1    2   0    2.30
83    2    0.000    2    1   1    2.77
40    1    0.069    2    2   0    3.20
43    1    0.000    1    1   1    1.16
29    1    0.028    2    2   0    2.92
129    2    0.028    1    2   0    1.23
119    2    0.028    1    2   0    1.07
35    1    0.069    1    1   1    1.36
18    1    0.000    1    1   1    1.09
38    1    0.000    1    1   1    2.19
88    2    0.000    1    2   0    1.81
71    1    -0.069    2    2   1    0.77
1    1    -0.069    1    1   0    1.01
76    2    -0.069    2    1   0    0.83
63    1    0.000    1    1   1    1.05
128    2    0.000    1    2   0    0.77
139    2    0.028    1    2   0    1.26
145    2    0.069    1    2   0    1.33
3    1    0.000    1    1   1    1.30
89    2    0.028    1    2   0    1.34
22    1    -0.028    1    1   0    2.24
41    1    -0.069    1    1   0    1.84
78    2    0.000    1    2   0    1.35
36    1    -0.069    1    1   0    0.88
116    2    -0.069    2    1   0    1.01
146    2    -0.069    1    2   1    0.88
74    1    0.028    2    2   0    2.14
37    1    -0.028    1    1   0    1.81
85    2    0.069    1    2   0    1.20
2    1    -0.028    1    1   0    1.67
100    2    0.069    1    2   0    2.69
42    1    -0.028    1    1   0    1.67
138    2    0.000    2    1   1    1.77
117    2    -0.028    2    1   0    1.25
120    2    0.069    2    1   1    1.43
98    2    0.000    1    2   0    2.73
72    1    -0.028    1    1   0    2.47
142    2    -0.028    2    1   0    3.98
13    1    0.000    2    2   0    1.26
91    2    -0.069    2    1   0    1.08
121    2    -0.069    2    1   0    1.03
135    2    0.069    2    1   1    2.10
109    2    0.028    1    2   0    2.45
52    1    -0.028    1    1   0    2.85
62    1    -0.028    1    1   0    2.65
132    2    -0.028    2    1   0    2.61
92    2    -0.028    2    1   0    1.34
31    1    -0.069    1    1   0    0.86
26    1    -0.069    1    1   0    1.16
53    1    0.000    2    2   0    3.02
99    2    0.028    1    2   0    3.54
130    2    0.069    1    2   0    1.30
66    1    -0.069    1    1   0    1.84
6    1    -0.069    1    1   0    0.96
82    2    -0.028    2    1   0    1.23
57    1    -0.028    1    1   0    2.11
67    1    -0.028    2    2   1    0.76
32    1    -0.028    2    2   1    1.12
102    2    -0.028    2    1   0    0.76
149    2    0.028    1    2   0    1.14
49    1    0.028    2    2   0    2.70
7    1    -0.028    1    1   0    1.18
106    2    -0.069    2    1   0    0.88
134    2    0.028    1    2   0    0.70
60    1    0.069    2    2   0    0.70
65    1    0.069    2    2   0    0.70
51    1    -0.069    1    1   0    1.69
45    1    0.069    2    2   0    1.58
4    1    0.028    2    2   0    0.90
137    2    -0.028    2    1   0    0.53
21    1    -0.069    2    2   1    0.54
54    1    0.028    2    2   0    1.70
115    2    0.069    1    2   0    2.74
17    1    -0.028    1    1   0    0.92
96    2    -0.069    2    1   0    0.94
141    2    -0.069    2    1   0    0.78
75    2    0.069    1    2   0    2.24
112    2    -0.028    1    2   1    0.80
136    2    -0.069    2    1   0    0.67
150    2    0.069    1    2   0    0.83
124    2    0.028    1    2   0    0.99
23    1    0.000    2    2   0    0.72
61    1    -0.069    1    1   0    0.89
33    1    0.000    1    1   1    0.65
77    2    -0.028    2    1   0    0.79
147    2    -0.028    2    1   0    1.17
39    1    0.028    2    2   0    2.47
140    2    0.069    1    2   0    0.74
97    2    -0.028    2    1   0    0.72
113    2    0.000    1    2   0    1.47
58    1    0.000    1    1   1    0.70
16    1    -0.069    1    1   0    0.64
34    1    0.028    1    1   1    1.17
148    2    0.000    1    2   0    0.90
94    2    0.028    1    2   0    1.44
24    1    0.028    2    2   0    0.85
79    2    0.028    1    2   0    1.55
81    2    -0.069    2    1   0    0.76
87    2    -0.028    2    1   0    0.97
8    1    0.000    1    1   1    2.14
30    1    0.069    2    2   0    1.01
131    2    -0.069    2    1   0    0.71
126    2    -0.069    2    1   0    0.67
10    1    0.069    2    2   0    0.77
27    1    -0.028    1    1   0    1.98
122    2    -0.028    2    1   0    0.75
50    1    0.069    2    2   0    0.61
20    1    0.069    2    2   0    0.58
44    1    0.028    2    2   0    0.59
123    2    0.000    1    2   0    1.36
104    2    0.028    1    2   0    0.64
