--------------------------------
16-Feb-2015 10:58:35 
data from observer A12 
#occlusion2 expt 
reference disparity (degrees) 0.160000 

stim order disp kresp testresp correct time
1    1    0.074    2    2   1    1.16
2    2    -0.069    2    1   1    0.72
3    1    0.065    2    2   1    0.67
4    1    -0.060    1    1   1    0.71
5    1    0.055    2    2   1    0.76
6    1    -0.051    1    1   1    0.52
7    2    0.046    1    2   1    0.74
8    2    -0.042    2    1   1    0.52
9    1    -0.037    1    1   1    0.48
10    1    0.032    2    2   1    0.50
11    2    -0.028    2    1   1    0.55
12    1    0.023    2    2   1    0.74
13    1    0.018    2    2   1    0.93
14    2    -0.014    2    1   1    0.59
15    2    -0.009    1    2   0    2.06
16    1    0.018    1    1   0    1.28
17    1    -0.028    1    1   1    0.71
18    1    0.028    2    2   1    0.57
19    2    0.023    2    1   0    0.54
20    2    -0.032    2    1   1    0.55
21    1    0.032    2    2   1    0.62
22    2    -0.028    1    2   0    0.51
23    2    0.037    1    2   1    0.59
24    2    0.037    1    2   1    0.54
25    2    0.032    1    2   1    0.65
26    2    -0.032    2    1   1    1.04
27    2    0.028    1    2   1    0.63
28    2    0.028    1    2   1    0.64
29    2    0.023    1    2   1    0.69
30    1    0.023    2    2   1    0.69
31    1    -0.018    1    1   1    0.79
32    2    -0.018    2    1   1    1.12
33    2    0.014    1    2   1    0.62
34    1    0.014    2    2   1    1.16
35    1    -0.009    1    1   1    0.66
36    2    0.009    1    2   1    0.90
37    1    -0.005    1    1   1    0.68
38    2    -0.005    2    1   1    0.53
39    1    -0.005    1    1   1    0.73
40    1    0.005    2    2   1    1.81
41    1    0.005    1    1   0    1.20
42    2    0.014    1    2   1    0.61
43    1    0.014    2    2   1    1.81
44    2    0.009    1    2   1    2.27
45    1    -0.009    1    1   1    1.95
46    1    0.005    1    1   0    1.35
47    2    -0.014    2    1   1    1.11
48    1    0.014    2    2   1    1.14
49    2    0.009    1    2   1    0.94
50    2    -0.009    1    2   0    0.78
-------------------------
Final staircase threshold estimate (mean) is 0.0102
-------------------------
71    1    -0.023    1    1   0    1.75
110    2    0.028    1    2   0    0.60
84    2    0.009    1    2   0    2.60
27    1    -0.009    1    1   0    0.65
26    1    -0.023    1    1   0    1.09
10    1    0.028    2    2   0    0.81
67    1    -0.009    1    1   0    0.94
40    1    0.028    2    2   0    0.83
138    2    0.000    1    2   0    1.18
16    1    -0.023    1    1   0    0.78
12    1    -0.009    1    1   0    1.43
79    2    0.009    1    2   0    1.25
126    2    -0.023    2    1   0    0.71
136    2    -0.023    2    1   0    1.14
143    2    0.000    2    1   1    2.04
69    1    0.009    2    2   0    1.67
112    2    -0.009    2    1   0    2.06
139    2    0.009    1    2   0    0.90
107    2    -0.009    1    2   1    0.90
141    2    -0.023    1    2   1    1.67
105    2    0.028    1    2   0    0.77
68    1    0.000    1    1   1    1.07
90    2    0.028    1    2   0    0.87
122    2    -0.009    2    1   0    0.98
7    1    -0.009    1    1   0    1.28
52    1    -0.009    1    1   0    0.76
88    2    0.000    1    2   0    0.71
147    2    -0.009    2    1   0    0.88
57    1    -0.009    2    2   1    0.74
41    1    -0.023    1    1   0    0.48
23    1    0.000    2    2   0    1.12
130    2    0.028    1    2   0    0.65
8    1    0.000    1    1   1    1.38
22    1    -0.009    1    1   0    0.67
3    1    0.000    1    1   1    1.97
73    1    0.000    1    1   1    2.15
38    1    0.000    2    2   0    1.96
148    2    0.000    2    1   1    1.40
140    2    0.028    1    2   0    0.67
45    1    0.028    2    2   0    1.02
75    2    0.028    1    2   0    0.58
81    2    -0.023    2    1   0    0.61
66    1    -0.023    1    1   0    0.79
123    2    0.000    2    1   1    0.49
111    2    -0.023    2    1   0    0.70
137    2    -0.009    1    2   1    1.71
135    2    0.028    1    2   0    0.71
18    1    0.000    2    2   0    1.01
96    2    -0.023    2    1   0    0.62
56    1    -0.023    1    1   0    0.78
2    1    -0.009    1    1   0    1.43
95    2    0.028    1    2   0    0.76
77    2    -0.009    2    1   0    1.08
50    1    0.028    2    2   0    0.81
60    1    0.028    2    2   0    0.70
100    2    0.028    1    2   0    2.18
129    2    0.009    1    2   0    0.92
91    2    -0.023    2    1   0    1.08
125    2    0.028    1    2   0    1.09
34    1    0.009    2    2   0    0.69
48    1    0.000    1    1   1    2.32
150    2    0.028    1    2   0    0.99
87    2    -0.009    2    1   0    1.49
9    1    0.009    1    1   1    1.90
102    2    -0.009    1    2   1    2.90
43    1    0.000    1    1   1    1.32
146    2    -0.023    2    1   0    0.85
29    1    0.009    2    2   0    0.94
120    2    0.028    1    2   0    0.75
132    2    -0.009    1    2   1    3.23
128    2    0.000    1    2   0    0.69
61    1    -0.023    1    1   0    0.74
118    2    0.000    1    2   0    2.53
94    2    0.009    1    2   0    1.36
24    1    0.009    2    2   0    1.96
133    2    0.000    1    2   0    0.77
134    2    0.009    1    2   0    0.76
15    1    0.028    2    2   0    1.02
32    1    -0.009    1    1   0    0.69
25    1    0.028    2    2   0    0.50
119    2    0.009    1    2   0    0.52
58    1    0.000    2    2   0    0.50
54    1    0.009    1    1   1    2.73
124    2    0.009    1    2   0    1.44
131    2    -0.023    2    1   0    1.37
13    1    0.000    2    2   0    0.81
55    1    0.028    2    2   0    1.41
51    1    -0.023    1    1   0    0.69
113    2    0.000    1    2   0    0.60
31    1    -0.023    1    1   0    0.77
53    1    0.000    1    1   1    0.89
47    1    -0.009    1    1   0    2.18
114    2    0.009    1    2   0    0.74
37    1    -0.009    1    1   0    0.79
11    1    -0.023    1    1   0    1.50
14    1    0.009    1    1   1    2.33
109    2    0.009    1    2   0    2.06
85    2    0.028    1    2   0    1.02
106    2    -0.023    2    1   0    1.65
80    2    0.028    1    2   0    0.98
108    2    0.000    1    2   0    0.70
30    1    0.028    2    2   0    1.39
121    2    -0.023    2    1   0    1.60
70    1    0.028    2    2   0    0.73
103    2    0.000    1    2   0    1.06
1    1    -0.023    1    1   0    0.65
116    2    -0.023    2    1   0    0.59
86    2    -0.023    2    1   0    1.21
104    2    0.009    1    2   0    1.00
101    2    -0.023    2    1   0    1.05
28    1    0.000    2    2   0    1.52
89    2    0.009    1    2   0    1.51
97    2    -0.009    1    2   1    2.52
44    1    0.009    2    2   0    2.67
115    2    0.028    2    1   1    1.27
78    2    0.000    2    1   1    0.96
59    1    0.009    2    2   0    2.56
72    1    -0.009    1    1   0    0.84
82    2    -0.009    2    1   0    1.28
35    1    0.028    2    2   0    1.07
149    2    0.009    2    1   1    1.44
63    1    0.000    1    1   1    2.72
145    2    0.028    2    1   1    0.77
127    2    -0.009    1    2   1    3.40
4    1    0.009    2    2   0    0.92
6    1    -0.023    1    1   0    0.63
64    1    0.009    2    2   0    1.17
39    1    0.009    1    1   1    4.27
17    1    -0.009    1    1   0    1.03
92    2    -0.009    1    2   1    0.71
5    1    0.028    2    2   0    0.82
142    2    -0.009    2    1   0    1.26
83    2    0.000    1    2   0    2.52
62    1    -0.009    2    2   1    2.02
93    2    0.000    2    1   1    1.58
99    2    0.009    1    2   0    2.55
20    1    0.028    2    2   0    0.82
74    1    0.009    1    1   1    0.64
98    2    0.000    1    2   0    0.98
42    1    -0.009    1    1   0    0.64
144    2    0.009    1    2   0    0.64
49    1    0.009    1    1   1    0.78
117    2    -0.009    1    2   1    0.64
65    1    0.028    2    2   0    1.19
19    1    0.009    1    1   1    0.71
76    2    -0.023    2    1   0    1.24
33    1    0.000    1    1   1    0.67
21    1    -0.023    1    1   0    0.90
46    1    -0.023    1    1   0    2.42
36    1    -0.023    1    1   0    1.37
