--------------------------------
08-Aug-2014 15:37:57 
data from observer A13 
#occlusion2 expt 
reference disparity (degrees) 0.160000 

stim order disp kresp testresp correct time
1    2    0.074    1    2   1    1.55
2    1    0.069    2    2   1    0.64
3    1    0.065    2    2   1    0.84
4    2    0.060    1    2   1    0.58
5    2    -0.055    2    1   1    0.60
6    1    0.051    2    2   1    0.77
7    2    -0.046    2    1   1    0.70
8    1    -0.042    1    1   1    0.71
9    1    -0.037    1    1   1    0.76
10    1    -0.032    1    1   1    0.64
11    2    -0.028    2    1   1    0.80
12    1    0.023    1    1   0    0.66
13    2    -0.032    2    1   1    0.94
14    2    -0.032    2    1   1    2.03
15    2    -0.028    2    1   1    2.73
16    1    -0.028    1    1   1    1.01
17    1    -0.023    1    1   1    0.66
18    2    0.023    1    2   1    1.28
19    2    -0.018    1    2   0    1.41
20    1    -0.028    1    1   1    0.67
21    2    -0.028    2    1   1    0.61
22    1    -0.023    1    1   1    0.77
23    1    0.023    1    1   0    3.73
24    1    -0.032    1    1   1    1.29
25    2    0.032    1    2   1    4.30
26    2    0.028    1    2   1    1.09
27    1    -0.028    1    1   1    0.87
28    2    0.023    1    2   1    1.90
29    1    -0.023    1    1   1    3.65
30    2    -0.018    2    1   1    1.16
31    2    -0.018    2    1   1    0.96
32    2    -0.014    2    1   1    3.49
33    2    -0.014    1    2   0    1.34
34    2    0.023    2    1   0    0.59
35    1    -0.032    2    2   0    1.27
36    2    -0.042    1    2   0    2.03
37    2    -0.051    2    1   1    2.39
38    1    0.051    1    1   0    8.13
39    1    0.060    2    2   1    1.53
40    2    -0.060    1    2   0    0.66
41    1    0.069    1    1   0    0.62
42    2    -0.079    2    1   1    0.70
43    1    0.079    2    2   1    0.99
44    1    -0.074    2    2   0    1.12
45    2    -0.083    1    2   0    0.40
46    2    0.092    2    1   0    0.37
47    2    0.102    1    2   1    0.50
48    1    -0.102    2    2   0    0.22
49    1    -0.111    1    1   1    0.29
50    1    -0.111    2    2   0    0.39
-------------------------
Final staircase threshold estimate (mean) is 0.0900
-------------------------
102    2    -0.092    2    1   0    1.19
65    1    0.148    2    2   0    0.60
101    2    -0.148    2    1   0    1.46
124    2    0.092    1    2   0    1.29
143    2    0.000    1    2   0    1.08
24    1    0.092    2    2   0    0.81
12    1    -0.092    1    1   0    2.62
25    1    0.148    2    2   0    0.87
68    1    0.000    2    2   0    1.54
110    2    0.148    1    2   0    0.67
80    2    0.148    1    2   0    0.67
27    1    -0.092    1    1   0    1.41
93    2    0.000    2    1   1    0.76
82    2    -0.092    2    1   0    1.05
85    2    0.148    1    2   0    0.90
114    2    0.092    1    2   0    0.68
94    2    0.092    2    1   1    0.77
54    1    0.092    2    2   0    0.74
100    2    0.148    1    2   0    0.80
1    1    -0.148    1    1   0    0.80
3    1    0.000    1    1   1    1.91
91    2    -0.148    2    1   0    2.78
79    2    0.092    1    2   0    4.69
71    1    -0.148    1    1   0    0.85
52    1    -0.092    1    1   0    0.76
74    1    0.092    2    2   0    0.61
62    1    -0.092    1    1   0    0.70
69    1    0.092    2    2   0    0.54
144    2    0.092    1    2   0    2.14
117    2    -0.092    2    1   0    3.52
97    2    -0.092    2    1   0    0.99
135    2    0.148    1    2   0    1.24
90    2    0.148    1    2   0    0.83
45    1    0.148    2    2   0    1.63
141    2    -0.148    2    1   0    0.99
111    2    -0.148    2    1   0    0.88
98    2    0.000    1    2   0    2.63
57    1    -0.092    2    2   1    2.29
72    1    -0.092    1    1   0    1.67
119    2    0.092    1    2   0    3.49
31    1    -0.148    1    1   0    1.57
83    2    0.000    2    1   1    2.96
17    1    -0.092    2    2   1    3.99
106    2    -0.148    2    1   0    3.10
50    1    0.148    2    2   0    0.85
108    2    0.000    1    2   0    1.41
130    2    0.148    1    2   0    1.14
48    1    0.000    1    1   1    1.01
26    1    -0.148    1    1   0    4.01
112    2    -0.092    2    1   0    1.84
37    1    -0.092    1    1   0    7.26
16    1    -0.148    2    2   1    1.27
10    1    0.148    2    2   0    1.63
115    2    0.148    1    2   0    0.65
134    2    0.092    1    2   0    0.99
28    1    0.000    2    2   0    0.48
146    2    -0.148    2    1   0    0.63
96    2    -0.148    2    1   0    4.03
40    1    0.148    2    2   0    1.51
125    2    0.148    1    2   0    0.92
34    1    0.092    2    2   0    0.68
77    2    -0.092    2    1   0    1.30
47    1    -0.092    1    1   0    6.42
123    2    0.000    1    2   0    1.13
75    2    0.148    1    2   0    0.63
89    2    0.092    1    2   0    3.07
4    1    0.092    2    2   0    1.50
140    2    0.148    1    2   0    2.45
46    1    -0.148    1    1   0    0.91
120    2    0.148    1    2   0    0.67
142    2    -0.092    2    1   0    0.69
38    1    0.000    1    1   1    0.64
78    2    0.000    2    1   1    0.61
6    1    -0.148    1    1   0    0.60
53    1    0.000    1    1   1    0.89
103    2    0.000    1    2   0    0.83
109    2    0.092    2    1   1    0.94
76    2    -0.148    2    1   0    4.10
55    1    0.148    2    2   0    2.76
99    2    0.092    1    2   0    1.01
51    1    -0.148    2    2   1    1.18
145    2    0.148    1    2   0    2.25
107    2    -0.092    2    1   0    0.67
86    2    -0.148    2    1   0    1.22
149    2    0.092    2    1   1    2.06
7    1    -0.092    1    1   0    0.95
150    2    0.148    1    2   0    0.93
128    2    0.000    1    2   0    3.67
44    1    0.092    2    2   0    0.79
58    1    0.000    1    1   1    2.14
66    1    -0.148    1    1   0    0.97
42    1    -0.092    1    1   0    0.69
19    1    0.092    2    2   0    0.78
39    1    0.092    2    2   0    1.52
41    1    -0.148    2    2   1    1.31
133    2    0.000    1    2   0    0.39
63    1    0.000    1    1   1    1.09
137    2    -0.092    2    1   0    0.76
33    1    0.000    1    1   1    0.88
11    1    -0.148    1    1   0    0.87
121    2    -0.148    2    1   0    1.14
73    1    0.000    1    1   1    3.98
122    2    -0.092    2    1   0    1.05
92    2    -0.092    2    1   0    0.71
95    2    0.148    1    2   0    1.29
18    1    0.000    2    2   0    0.62
64    1    0.092    2    2   0    0.87
56    1    -0.148    2    2   1    1.01
5    1    0.148    2    2   0    0.87
118    2    0.000    2    1   1    4.12
29    1    0.092    1    1   1    0.73
138    2    0.000    2    1   1    0.45
8    1    0.000    1    1   1    0.94
147    2    -0.092    2    1   0    4.20
61    1    -0.148    1    1   0    1.33
113    2    0.000    1    2   0    6.63
84    2    0.092    2    1   1    0.55
43    1    0.000    2    2   0    1.04
35    1    0.148    2    2   0    1.13
148    2    0.000    2    1   1    3.21
126    2    -0.148    2    1   0    3.98
129    2    0.092    1    2   0    0.91
59    1    0.092    2    2   0    2.50
20    1    0.148    2    2   0    0.93
131    2    -0.148    2    1   0    1.64
87    2    -0.092    2    1   0    1.66
30    1    0.148    2    2   0    0.56
139    2    0.092    1    2   0    0.55
14    1    0.092    2    2   0    0.40
132    2    -0.092    1    2   1    0.33
13    1    0.000    2    2   0    0.62
60    1    0.148    2    2   0    0.71
23    1    0.000    2    2   0    0.63
32    1    -0.092    1    1   0    0.36
49    1    0.092    2    2   0    0.46
127    2    -0.092    1    2   1    0.73
104    2    0.092    2    1   1    0.51
70    1    0.148    2    2   0    0.90
116    2    -0.148    1    2   1    0.97
81    2    -0.148    2    1   0    1.12
67    1    -0.092    1    1   0    1.12
88    2    0.000    2    1   1    0.78
21    1    -0.148    2    2   1    1.08
105    2    0.148    2    1   1    1.70
9    1    0.092    1    1   1    0.53
2    1    -0.092    1    1   0    2.34
22    1    -0.092    1    1   0    1.11
36    1    -0.148    1    1   0    0.63
15    1    0.148    2    2   0    3.26
136    2    -0.148    2    1   0    2.39
