--------------------------------
08-Aug-2014 14:09:46 
data from observer A13 
#occlusion2 expt 
reference disparity (degrees) 0.160000 

stim order disp kresp testresp correct time
1    1    -0.074    2    2   1    2.73
2    1    -0.069    2    2   1    5.85
3    1    0.065    1    1   1    0.66
4    1    -0.060    2    2   1    0.53
5    1    0.055    1    1   1    0.63
6    1    0.051    1    1   1    0.96
7    1    -0.046    2    2   1    0.61
8    1    0.042    1    1   1    0.64
9    1    -0.037    2    2   1    1.39
10    1    -0.032    2    2   1    0.63
11    2    0.028    2    1   1    0.75
12    2    -0.023    1    2   1    0.70
13    2    0.018    2    1   1    0.55
14    2    -0.014    1    2   1    0.68
15    2    0.009    2    1   1    0.97
16    1    -0.005    1    1   0    0.68
17    1    -0.014    2    2   1    0.32
18    1    -0.014    2    2   1    0.78
19    1    0.009    2    2   0    0.41
20    2    0.018    1    2   0    0.56
21    2    -0.028    2    1   0    0.69
22    1    -0.037    2    2   1    0.60
23    1    -0.037    2    2   1    0.65
24    2    -0.032    1    2   1    0.71
25    2    -0.032    1    2   1    0.76
26    1    -0.028    2    2   1    0.66
27    1    -0.028    2    2   1    1.11
28    2    -0.023    1    2   1    0.68
29    1    0.023    1    1   1    0.71
30    2    -0.018    1    2   1    0.76
31    2    -0.018    1    2   1    0.78
32    1    0.014    1    1   1    0.86
33    1    0.014    1    1   1    1.08
34    1    0.009    1    1   1    1.11
35    1    -0.009    1    1   0    1.40
36    1    0.018    1    1   1    0.97
37    1    -0.018    2    2   1    0.86
38    2    -0.014    1    2   1    0.83
39    2    -0.014    1    2   1    1.27
40    1    -0.009    2    2   1    4.17
41    2    -0.009    2    1   0    5.06
42    1    0.018    1    1   1    1.68
43    1    -0.018    2    2   1    1.13
44    1    -0.014    2    2   1    4.78
45    1    -0.014    2    2   1    2.75
46    1    0.009    1    1   1    0.57
47    2    0.009    2    1   1    0.65
48    1    0.005    2    2   0    0.88
49    1    0.014    1    1   1    0.49
50    1    -0.014    2    2   1    0.33
-------------------------
Final staircase threshold estimate (mean) is 0.0125
-------------------------
141    2    -0.032    1    2   1    0.79
130    2    0.032    2    1   1    0.55
52    1    -0.014    2    2   1    0.57
91    2    -0.032    1    2   1    0.59
73    1    0.000    1    1   1    1.19
107    2    -0.014    1    2   1    0.64
48    1    0.000    1    1   1    3.90
54    1    0.014    2    2   0    3.82
106    2    -0.032    1    2   1    0.61
114    2    0.014    2    1   1    2.31
142    2    -0.014    1    2   1    0.72
108    2    0.000    2    1   1    1.78
9    1    0.014    1    1   1    0.57
81    2    -0.032    1    2   1    0.60
118    2    0.000    2    1   1    0.64
135    2    0.032    2    1   1    0.62
119    2    0.014    2    1   1    0.61
23    1    0.000    2    2   0    0.70
101    2    -0.032    1    2   1    0.67
11    1    -0.032    2    2   1    0.44
128    2    0.000    1    2   0    0.55
2    1    -0.014    2    2   1    0.72
125    2    0.032    2    1   1    0.76
92    2    -0.014    1    2   1    0.74
148    2    0.000    2    1   1    0.76
150    2    0.032    1    2   0    0.53
24    1    0.014    1    1   1    1.82
140    2    0.032    2    1   1    0.66
123    2    0.000    2    1   1    1.13
49    1    0.014    1    1   1    1.09
25    1    0.032    1    1   1    0.75
15    1    0.032    1    1   1    1.47
17    1    -0.014    2    2   1    0.69
59    1    0.014    1    1   1    0.68
35    1    0.032    1    1   1    0.88
28    1    0.000    2    2   0    1.85
8    1    0.000    2    2   0    1.07
71    1    -0.032    1    1   0    3.78
19    1    0.014    1    1   1    1.10
72    1    -0.014    2    2   1    0.88
117    2    -0.014    1    2   1    0.68
134    2    0.014    2    1   1    1.26
104    2    0.014    2    1   1    1.03
121    2    -0.032    1    2   1    0.75
120    2    0.032    2    1   1    0.62
67    1    -0.014    2    2   1    0.98
53    1    0.000    1    1   1    0.44
89    2    0.014    2    1   1    0.33
144    2    0.014    1    2   0    0.37
95    2    0.032    2    1   1    0.49
36    1    -0.032    2    2   1    1.18
143    2    0.000    2    1   1    2.07
84    2    0.014    1    2   0    3.37
43    1    0.000    1    1   1    1.98
21    1    -0.032    2    2   1    0.60
13    1    0.000    1    1   1    2.00
116    2    -0.032    1    2   1    1.05
139    2    0.014    2    1   1    5.93
26    1    -0.032    2    2   1    1.00
42    1    -0.014    2    2   1    0.54
70    1    0.032    1    1   1    1.51
146    2    -0.032    1    2   1    0.81
133    2    0.000    2    1   1    0.78
77    2    -0.014    1    2   1    0.39
115    2    0.032    2    1   1    0.28
111    2    -0.032    1    2   1    0.34
27    1    -0.014    2    2   1    0.37
10    1    0.032    1    1   1    1.07
60    1    0.032    2    2   0    0.73
88    2    0.000    2    1   1    0.76
31    1    -0.032    2    2   1    0.85
82    2    -0.014    1    2   1    1.08
14    1    0.014    1    1   1    1.17
64    1    0.014    1    1   1    2.49
66    1    -0.032    2    2   1    1.24
1    1    -0.032    2    2   1    1.38
46    1    -0.032    2    2   1    0.68
145    2    0.032    2    1   1    0.41
124    2    0.014    2    1   1    2.58
3    1    0.000    2    2   0    1.07
61    1    -0.032    2    2   1    2.01
109    2    0.014    2    1   1    0.76
45    1    0.032    1    1   1    1.00
57    1    -0.014    2    2   1    1.03
112    2    -0.014    1    2   1    0.91
76    2    -0.032    1    2   1    1.00
40    1    0.032    1    1   1    3.29
51    1    -0.032    2    2   1    1.65
58    1    0.000    2    2   0    1.12
113    2    0.000    1    2   0    0.69
44    1    0.014    2    2   0    0.75
41    1    -0.032    2    2   1    1.40
20    1    0.032    1    1   1    1.21
103    2    0.000    2    1   1    1.13
100    2    0.032    2    1   1    0.91
86    2    -0.032    1    2   1    0.77
99    2    0.014    2    1   1    0.80
78    2    0.000    2    1   1    0.79
47    1    -0.014    1    1   0    1.13
137    2    -0.014    2    1   0    0.82
63    1    0.000    1    1   1    0.94
29    1    0.014    2    2   0    0.45
83    2    0.000    1    2   0    0.61
56    1    -0.032    2    2   1    1.06
80    2    0.032    2    1   1    2.02
94    2    0.014    2    1   1    1.41
131    2    -0.032    1    2   1    0.77
22    1    -0.014    2    2   1    0.69
68    1    0.000    2    2   0    0.84
16    1    -0.032    1    1   0    0.40
12    1    -0.014    2    2   1    0.50
38    1    0.000    1    1   1    0.65
37    1    -0.014    2    2   1    0.79
5    1    0.032    1    1   1    0.54
18    1    0.000    1    1   1    1.78
138    2    0.000    2    1   1    0.40
149    2    0.014    1    2   0    0.47
55    1    0.032    2    2   0    0.40
33    1    0.000    1    1   1    0.43
75    2    0.032    2    1   1    0.38
32    1    -0.014    2    2   1    0.84
97    2    -0.014    1    2   1    0.76
96    2    -0.032    2    1   0    1.13
62    1    -0.014    1    1   0    1.19
136    2    -0.032    1    2   1    1.49
65    1    0.032    1    1   1    0.75
129    2    0.014    2    1   1    6.94
132    2    -0.014    1    2   1    0.84
110    2    0.032    2    1   1    0.56
90    2    0.032    2    1   1    0.78
98    2    0.000    1    2   0    2.72
102    2    -0.014    1    2   1    5.21
126    2    -0.032    1    2   1    0.95
85    2    0.032    2    1   1    0.68
50    1    0.032    1    1   1    1.13
127    2    -0.014    1    2   1    1.17
7    1    -0.014    2    2   1    1.68
87    2    -0.014    1    2   1    1.02
122    2    -0.014    1    2   1    1.50
147    2    -0.014    1    2   1    3.11
105    2    0.032    2    1   1    0.76
30    1    0.032    1    1   1    0.84
93    2    0.000    2    1   1    3.25
39    1    0.014    1    1   1    0.88
6    1    -0.032    2    2   1    0.39
69    1    0.014    1    1   1    0.55
74    1    0.014    1    1   1    0.58
4    1    0.014    1    1   1    0.92
79    2    0.014    2    1   1    0.53
34    1    0.014    1    1   1    1.23
