--------------------------------
08-Aug-2014 14:00:25 
data from observer A13 
#occlusion2 expt 
reference disparity (degrees) 0.160000 

stim order disp kresp testresp correct time
1    1    -0.074    2    2   1    3.21
2    2    0.069    2    1   1    0.87
3    2    -0.065    1    2   1    1.03
4    2    -0.060    1    2   1    1.47
5    1    0.055    1    1   1    1.89
6    1    -0.051    2    2   1    1.33
7    1    -0.046    2    2   1    0.62
8    1    -0.042    2    2   1    0.65
9    1    0.037    1    1   1    1.51
10    2    0.032    2    1   1    1.46
11    1    -0.028    2    2   1    2.11
12    1    0.023    1    1   1    1.16
13    1    -0.018    2    2   1    2.10
14    2    -0.014    1    2   1    1.77
15    2    -0.009    1    2   1    1.45
16    1    0.005    2    2   0    3.52
17    2    0.014    2    1   1    0.81
18    2    0.014    2    1   1    0.85
19    1    -0.009    2    2   1    0.80
20    2    0.009    2    1   1    2.33
21    2    0.005    2    1   1    3.28
22    1    -0.005    2    2   1    0.97
23    1    -0.005    1    1   0    5.24
24    1    -0.014    2    2   1    1.67
25    1    0.014    1    1   1    0.91
26    2    0.009    2    1   1    1.01
27    2    0.009    2    1   1    7.01
28    1    -0.005    1    1   0    0.89
29    2    0.014    2    1   1    2.16
30    1    0.014    1    1   1    2.20
31    1    0.009    1    1   1    0.81
32    1    0.009    1    1   1    1.08
33    1    -0.005    2    2   1    1.31
34    2    0.005    1    2   0    1.19
35    1    -0.014    2    2   1    0.65
36    1    -0.014    2    2   1    0.65
37    1    -0.009    2    2   1    1.34
38    2    0.009    2    1   1    1.17
39    2    0.005    2    1   1    0.98
40    1    -0.005    1    1   0    1.14
41    2    -0.014    1    2   1    1.34
42    2    0.014    2    1   1    0.70
43    1    0.009    1    1   1    1.33
44    1    -0.009    2    2   1    1.38
45    1    0.005    2    2   0    1.02
46    1    -0.014    1    1   0    0.56
47    1    0.023    2    2   0    0.68
48    1    0.032    1    1   1    1.64
49    1    0.032    1    1   1    1.72
50    2    -0.028    1    2   1    0.79
-------------------------
Final staircase threshold estimate (mean) is 0.0180
-------------------------
120    2    0.046    2    1   1    2.38
87    2    -0.018    1    2   1    0.62
81    2    -0.046    2    1   0    0.62
74    1    0.018    1    1   1    0.69
121    2    -0.046    1    2   1    0.77
117    2    -0.018    1    2   1    0.70
73    1    0.000    2    2   0    3.33
31    1    -0.046    2    2   1    1.78
33    1    0.000    1    1   1    2.31
60    1    0.046    1    1   1    2.94
101    2    -0.046    2    1   0    3.43
92    2    -0.018    1    2   1    1.85
69    1    0.018    1    1   1    3.00
112    2    -0.018    1    2   1    0.81
27    1    -0.018    2    2   1    3.61
43    1    0.000    2    2   0    2.35
39    1    0.018    1    1   1    2.32
46    1    -0.046    2    2   1    0.77
141    2    -0.046    1    2   1    1.02
2    1    -0.018    2    2   1    2.74
37    1    -0.018    2    2   1    0.98
66    1    -0.046    2    2   1    0.75
68    1    0.000    1    1   1    1.04
93    2    0.000    2    1   1    0.94
12    1    -0.018    2    2   1    0.65
83    2    0.000    2    1   1    0.60
77    2    -0.018    1    2   1    0.68
125    2    0.046    2    1   1    0.57
15    1    0.046    1    1   1    0.70
145    2    0.046    2    1   1    0.65
34    1    0.018    1    1   1    0.87
82    2    -0.018    2    1   0    0.36
14    1    0.018    1    1   1    1.04
122    2    -0.018    1    2   1    6.59
146    2    -0.046    1    2   1    2.11
150    2    0.046    2    1   1    0.60
25    1    0.046    1    1   1    0.73
149    2    0.018    2    1   1    1.09
42    1    -0.018    2    2   1    4.05
22    1    -0.018    2    2   1    4.39
17    1    -0.018    2    2   1    2.68
13    1    0.000    2    2   0    4.25
104    2    0.018    2    1   1    2.48
140    2    0.046    2    1   1    1.38
118    2    0.000    2    1   1    3.74
135    2    0.046    2    1   1    2.97
123    2    0.000    1    2   0    5.73
138    2    0.000    1    2   0    3.29
91    2    -0.046    1    2   1    3.33
35    1    0.046    2    2   0    2.96
55    1    0.046    1    1   1    1.45
47    1    -0.018    1    1   0    3.85
7    1    -0.018    2    2   1    2.62
126    2    -0.046    1    2   1    1.59
8    1    0.000    2    2   0    4.96
36    1    -0.046    2    2   1    1.11
114    2    0.018    2    1   1    0.66
59    1    0.018    1    1   1    2.16
3    1    0.000    1    1   1    0.74
111    2    -0.046    1    2   1    1.37
97    2    -0.018    1    2   1    1.57
99    2    0.018    2    1   1    3.31
48    1    0.000    2    2   0    3.49
90    2    0.046    2    1   1    0.88
1    1    -0.046    2    2   1    0.75
115    2    0.046    1    2   0    0.67
84    2    0.018    2    1   1    0.32
107    2    -0.018    1    2   1    0.56
78    2    0.000    2    1   1    2.20
105    2    0.046    1    2   0    9.01
129    2    0.018    1    2   0    2.79
71    1    -0.046    1    1   0    2.54
79    2    0.018    2    1   1    1.81
64    1    0.018    1    1   1    0.75
75    2    0.046    1    2   0    1.69
26    1    -0.046    1    1   0    1.27
109    2    0.018    2    1   1    0.92
148    2    0.000    2    1   1    1.96
95    2    0.046    2    1   1    2.01
144    2    0.018    1    2   0    3.38
80    2    0.046    2    1   1    1.30
62    1    -0.018    2    2   1    0.89
132    2    -0.018    1    2   1    0.88
20    1    0.046    2    2   0    1.25
53    1    0.000    1    1   1    3.07
23    1    0.000    2    2   0    1.50
143    2    0.000    2    1   1    1.06
24    1    0.018    1    1   1    4.53
70    1    0.046    1    1   1    1.53
102    2    -0.018    1    2   1    1.63
41    1    -0.046    2    2   1    2.29
30    1    0.046    1    1   1    1.20
5    1    0.046    2    2   0    0.93
96    2    -0.046    1    2   1    0.84
11    1    -0.046    1    1   0    1.27
94    2    0.018    2    1   1    1.01
116    2    -0.046    1    2   1    2.45
127    2    -0.018    2    1   0    0.66
16    1    -0.046    1    1   0    1.21
67    1    -0.018    2    2   1    1.73
52    1    -0.018    1    1   0    1.19
85    2    0.046    1    2   0    5.13
49    1    0.018    1    1   1    6.41
142    2    -0.018    1    2   1    4.19
63    1    0.000    2    2   0    1.29
40    1    0.046    1    1   1    0.71
76    2    -0.046    1    2   1    0.90
72    1    -0.018    2    2   1    3.56
9    1    0.018    2    2   0    2.50
124    2    0.018    1    2   0    1.76
139    2    0.018    2    1   1    1.54
57    1    -0.018    2    2   1    5.56
98    2    0.000    2    1   1    0.88
119    2    0.018    1    2   0    0.60
108    2    0.000    2    1   1    0.37
28    1    0.000    2    2   0    0.73
147    2    -0.018    1    2   1    0.69
103    2    0.000    2    1   1    1.15
45    1    0.046    2    2   0    0.83
88    2    0.000    2    1   1    0.97
128    2    0.000    2    1   1    0.72
54    1    0.018    1    1   1    1.89
89    2    0.018    2    1   1    0.75
19    1    0.018    2    2   0    1.48
4    1    0.018    1    1   1    0.82
106    2    -0.046    1    2   1    6.68
29    1    0.018    1    1   1    1.34
50    1    0.046    1    1   1    3.30
21    1    -0.046    2    2   1    1.33
110    2    0.046    2    1   1    0.84
137    2    -0.018    1    2   1    0.94
134    2    0.018    2    1   1    0.71
100    2    0.046    2    1   1    0.61
56    1    -0.046    2    2   1    0.62
10    1    0.046    1    1   1    0.84
61    1    -0.046    2    2   1    0.41
58    1    0.000    2    2   0    1.63
133    2    0.000    1    2   0    0.58
130    2    0.046    2    1   1    5.70
131    2    -0.046    1    2   1    1.89
86    2    -0.046    2    1   0    4.16
113    2    0.000    2    1   1    1.01
32    1    -0.018    2    2   1    1.53
38    1    0.000    1    1   1    3.26
44    1    0.018    2    2   0    3.72
6    1    -0.046    2    2   1    0.64
51    1    -0.046    2    2   1    0.53
18    1    0.000    1    1   1    0.91
65    1    0.046    2    2   0    0.75
136    2    -0.046    1    2   1    0.61
