--------------------------------
08-Aug-2014 15:19:17 
data from observer A13 
#occlusion2 expt 
reference disparity (degrees) 0.160000 

stim order disp kresp testresp correct time
1    1    -0.074    2    2   0    11.51
2    2    -0.083    2    1   1    3.91
3    2    0.079    1    2   1    3.28
4    2    0.079    1    2   1    4.02
5    1    0.074    2    2   1    0.58
6    1    -0.074    2    2   0    11.17
7    2    0.083    2    1   0    2.82
8    2    0.092    1    2   1    0.97
9    2    -0.092    1    2   0    2.09
10    1    0.102    2    2   1    3.88
11    2    -0.102    1    2   0    0.86
12    2    0.111    2    1   0    0.68
13    1    -0.120    2    2   0    0.91
14    2    -0.129    1    2   0    0.88
15    1    0.139    2    2   1    6.02
16    2    -0.139    1    2   0    2.40
17    1    0.148    1    1   0    4.44
18    2    0.148    1    2   1    6.75
19    1    -0.148    1    1   1    3.53
20    2    0.143    1    2   1    1.94
21    1    0.143    2    2   1    1.37
22    2    0.139    1    2   1    1.66
23    2    0.139    1    2   1    3.67
24    1    -0.134    1    1   1    2.63
25    1    0.134    2    2   1    1.72
26    1    0.129    1    1   0    15.37
27    2    0.139    2    1   0    4.55
28    1    -0.148    2    2   0    5.42
29    1    -0.148    2    2   0    2.96
30    1    -0.148    2    2   0    1.96
31    2    0.148    2    1   0    3.34
32    1    0.148    1    1   0    3.70
33    1    0.148    1    1   0    11.21
34    1    -0.148    2    2   0    4.35
35    1    -0.148    2    2   0    1.07
36    1    0.148    1    1   0    0.90
37    1    0.148    1    1   0    1.02
38    1    0.148    1    1   0    1.30
39    2    0.148    2    1   0    0.79
40    1    -0.148    2    2   0    1.14
41    2    -0.148    1    2   0    0.70
42    2    0.148    2    1   0    0.66
43    2    -0.148    1    2   0    0.98
44    2    -0.148    1    2   0    2.36
45    2    0.148    2    1   0    0.72
46    2    -0.148    1    2   0    0.79
47    1    0.148    1    1   0    1.26
48    1    -0.148    2    2   0    0.74
49    1    0.148    1    1   0    1.23
50    2    -0.148    1    2   0    0.97
-------------------------
Final staircase threshold estimate (mean) is 0.1478
-------------------------
14    1    0.143    1    1   1    1.63
125    2    0.148    2    1   1    0.54
111    2    -0.148    1    2   1    0.84
29    1    0.143    1    1   1    0.65
119    2    0.143    2    1   1    1.14
33    1    0.000    2    2   0    9.25
49    1    0.143    1    1   1    0.94
136    2    -0.148    1    2   1    2.73
105    2    0.148    2    1   1    3.74
39    1    0.143    1    1   1    2.20
99    2    0.143    2    1   1    2.38
144    2    0.143    2    1   1    2.30
67    1    -0.143    2    2   1    3.63
133    2    0.000    2    1   1    8.28
15    1    0.148    1    1   1    7.74
124    2    0.143    2    1   1    1.59
24    1    0.143    1    1   1    2.46
110    2    0.148    2    1   1    0.79
55    1    0.148    1    1   1    0.81
148    2    0.000    2    1   1    0.51
2    1    -0.143    2    2   1    0.82
19    1    0.143    1    1   1    0.75
59    1    0.143    1    1   1    0.95
149    2    0.143    2    1   1    0.92
22    1    -0.143    2    2   1    1.76
72    1    -0.143    1    1   0    4.94
103    2    0.000    1    2   0    11.95
75    2    0.148    1    2   0    4.52
123    2    0.000    1    2   0    3.01
42    1    -0.143    1    1   0    1.30
86    2    -0.148    2    1   0    2.86
139    2    0.143    1    2   0    1.29
90    2    0.148    1    2   0    1.00
25    1    0.148    2    2   0    0.75
112    2    -0.143    2    1   0    0.68
108    2    0.000    2    1   1    0.83
52    1    -0.143    1    1   0    0.79
109    2    0.143    1    2   0    3.12
54    1    0.143    2    2   0    0.73
120    2    0.148    1    2   0    1.20
60    1    0.148    2    2   0    1.29
40    1    0.148    2    2   0    0.82
91    2    -0.148    2    1   0    0.62
8    1    0.000    1    1   1    1.33
100    2    0.148    1    2   0    0.78
131    2    -0.148    2    1   0    0.83
95    2    0.148    1    2   0    1.10
132    2    -0.143    2    1   0    3.45
63    1    0.000    1    1   1    1.97
127    2    -0.143    2    1   0    0.80
130    2    0.148    1    2   0    1.06
150    2    0.148    1    2   0    5.93
135    2    0.148    1    2   0    0.76
104    2    0.143    1    2   0    1.39
80    2    0.148    1    2   0    4.46
140    2    0.148    1    2   0    1.06
64    1    0.143    2    2   0    0.92
137    2    -0.143    2    1   0    3.13
17    1    -0.143    1    1   0    4.58
122    2    -0.143    2    1   0    0.87
51    1    -0.148    1    1   0    4.79
32    1    -0.143    1    1   0    0.84
23    1    0.000    2    2   0    0.79
85    2    0.148    1    2   0    0.63
118    2    0.000    2    1   1    0.48
48    1    0.000    1    1   1    0.33
36    1    -0.148    1    1   0    0.77
65    1    0.148    2    2   0    0.54
47    1    -0.143    1    1   0    0.65
77    2    -0.143    2    1   0    0.51
66    1    -0.148    1    1   0    0.57
41    1    -0.148    2    2   1    0.42
37    1    -0.143    1    1   0    0.64
107    2    -0.143    2    1   0    0.83
121    2    -0.148    2    1   0    1.07
129    2    0.143    1    2   0    0.62
117    2    -0.143    2    1   0    0.61
30    1    0.148    2    2   0    0.61
3    1    0.000    1    1   1    7.35
73    1    0.000    1    1   1    2.10
141    2    -0.148    2    1   0    1.93
74    1    0.143    2    2   0    2.14
38    1    0.000    1    1   1    7.49
5    1    0.148    2    2   0    4.96
142    2    -0.143    2    1   0    5.36
106    2    -0.148    2    1   0    4.53
31    1    -0.148    1    1   0    1.11
16    1    -0.148    1    1   0    3.32
20    1    0.148    2    2   0    0.95
114    2    0.143    1    2   0    0.70
18    1    0.000    1    1   1    0.71
84    2    0.143    1    2   0    4.99
26    1    -0.148    1    1   0    1.33
9    1    0.143    2    2   0    2.78
6    1    -0.148    1    1   0    0.69
116    2    -0.148    2    1   0    2.92
76    2    -0.148    2    1   0    0.67
113    2    0.000    2    1   1    2.40
70    1    0.148    2    2   0    0.88
12    1    -0.143    1    1   0    0.76
34    1    0.143    2    2   0    0.64
35    1    0.148    2    2   0    0.60
53    1    0.000    2    2   0    5.64
78    2    0.000    1    2   0    0.88
79    2    0.143    1    2   0    0.90
88    2    0.000    2    1   1    0.39
128    2    0.000    1    2   0    0.32
1    1    -0.148    2    2   1    0.28
93    2    0.000    2    1   1    0.70
28    1    0.000    1    1   1    0.47
4    1    0.143    2    2   0    0.35
10    1    0.148    1    1   1    0.29
147    2    -0.143    2    1   0    0.28
89    2    0.143    1    2   0    0.74
82    2    -0.143    2    1   0    0.48
50    1    0.148    2    2   0    0.37
69    1    0.143    1    1   1    0.30
134    2    0.143    2    1   1    0.32
143    2    0.000    2    1   1    1.14
126    2    -0.148    1    2   1    0.57
62    1    -0.143    1    1   0    0.41
97    2    -0.143    1    2   1    0.98
81    2    -0.148    2    1   0    0.79
145    2    0.148    2    1   1    1.29
61    1    -0.148    2    2   1    0.51
44    1    0.143    1    1   1    0.26
96    2    -0.148    2    1   0    0.28
11    1    -0.148    1    1   0    3.44
101    2    -0.148    2    1   0    1.61
57    1    -0.143    1    1   0    1.13
138    2    0.000    1    2   0    2.49
58    1    0.000    2    2   0    0.81
21    1    -0.148    1    1   0    0.52
46    1    -0.148    1    1   0    1.45
94    2    0.143    2    1   1    0.49
98    2    0.000    1    2   0    1.31
92    2    -0.143    1    2   1    0.87
27    1    -0.143    1    1   0    1.00
45    1    0.148    2    2   0    1.05
146    2    -0.148    1    2   1    0.80
115    2    0.148    1    2   0    0.62
56    1    -0.148    1    1   0    0.67
68    1    0.000    1    1   1    0.61
102    2    -0.143    1    2   1    0.58
7    1    -0.143    1    1   0    0.70
13    1    0.000    1    1   1    0.67
71    1    -0.148    1    1   0    1.14
87    2    -0.143    2    1   0    0.81
83    2    0.000    1    2   0    0.61
43    1    0.000    1    1   1    1.64
