--------------------------------
08-Aug-2014 13:51:00 
data from observer A13 
#occlusion2 expt 
reference disparity (degrees) 0.160000 

stim order disp kresp testresp correct time
1    2    0.074    2    1   1    1.21
2    2    0.069    2    1   1    2.28
3    2    0.065    2    1   1    0.85
4    2    0.060    2    1   1    0.65
5    2    -0.055    1    2   1    0.72
6    1    -0.051    2    2   1    0.56
7    1    0.046    1    1   1    1.15
8    2    0.042    2    1   1    0.75
9    1    0.037    1    1   1    1.11
10    1    -0.032    2    2   1    0.98
11    1    -0.028    2    2   1    1.99
12    2    -0.023    1    2   1    2.59
13    2    0.018    2    1   1    0.90
14    2    -0.014    1    2   1    1.51
15    2    0.009    2    1   1    0.68
16    2    -0.005    1    2   1    5.76
17    2    0.005    2    1   1    0.82
18    1    -0.005    2    2   1    0.90
19    2    0.005    2    1   1    1.24
20    2    0.005    2    1   1    0.75
21    1    -0.005    1    1   0    1.68
22    1    0.014    1    1   1    1.59
23    1    -0.014    2    2   1    0.84
24    2    0.009    2    1   1    1.82
25    2    0.009    2    1   1    2.13
26    1    0.005    2    2   0    1.66
27    1    -0.014    2    2   1    1.80
28    1    -0.014    2    2   1    2.14
29    2    -0.009    1    2   1    5.13
30    2    -0.009    1    2   1    4.05
31    1    0.005    2    2   0    1.25
32    1    0.014    1    1   1    0.89
33    2    -0.014    1    2   1    1.23
34    1    0.009    2    2   0    2.97
35    2    0.018    2    1   1    0.70
36    1    -0.018    2    2   1    1.13
37    2    0.014    2    1   1    1.08
38    1    0.014    1    1   1    1.34
39    2    0.009    2    1   1    0.64
40    2    -0.009    2    1   0    2.23
41    1    0.018    1    1   1    0.71
42    2    -0.018    1    2   1    1.08
43    1    -0.014    2    2   1    0.72
44    1    0.014    1    1   1    1.19
45    1    0.009    2    2   0    2.68
46    1    0.018    2    2   0    4.10
47    2    0.028    2    1   1    0.79
48    1    0.028    1    1   1    0.70
49    2    0.023    2    1   1    0.57
50    2    -0.023    1    2   1    0.94
-------------------------
Final staircase threshold estimate (mean) is 0.0194
-------------------------
148    2    0.000    2    1   1    3.29
128    2    0.000    2    1   1    0.87
98    2    0.000    2    1   1    0.72
18    1    0.000    2    2   0    0.72
33    1    0.000    2    2   0    1.04
102    2    -0.018    1    2   1    0.69
109    2    0.018    2    1   1    0.60
108    2    0.000    2    1   1    0.86
95    2    0.051    2    1   1    0.68
81    2    -0.051    1    2   1    0.58
134    2    0.018    2    1   1    0.59
25    1    0.051    1    1   1    0.51
123    2    0.000    2    1   1    0.56
19    1    0.018    1    1   1    0.48
71    1    -0.051    2    2   1    0.72
60    1    0.051    1    1   1    0.98
67    1    -0.018    2    2   1    0.73
11    1    -0.051    2    2   1    2.59
16    1    -0.051    2    2   1    0.61
63    1    0.000    2    2   0    0.78
75    2    0.051    2    1   1    0.64
143    2    0.000    2    1   1    3.09
44    1    0.018    1    1   1    0.84
41    1    -0.051    2    2   1    0.79
96    2    -0.051    1    2   1    0.63
73    1    0.000    2    2   0    10.98
94    2    0.018    2    1   1    0.60
27    1    -0.018    2    2   1    0.77
51    1    -0.051    2    2   1    0.95
149    2    0.018    2    1   1    0.72
7    1    -0.018    2    2   1    2.20
57    1    -0.018    2    2   1    1.14
131    2    -0.051    1    2   1    1.28
135    2    0.051    2    1   1    0.67
121    2    -0.051    1    2   1    0.73
6    1    -0.051    2    2   1    0.67
23    1    0.000    1    1   1    4.38
82    2    -0.018    2    1   0    1.34
3    1    0.000    1    1   1    1.36
133    2    0.000    2    1   1    0.55
104    2    0.018    2    1   1    1.35
42    1    -0.018    2    2   1    2.18
74    1    0.018    1    1   1    1.87
100    2    0.051    2    1   1    1.29
86    2    -0.051    1    2   1    2.77
116    2    -0.051    1    2   1    2.47
31    1    -0.051    2    2   1    1.32
142    2    -0.018    1    2   1    1.10
76    2    -0.051    1    2   1    1.14
105    2    0.051    2    1   1    0.89
61    1    -0.051    2    2   1    3.84
93    2    0.000    2    1   1    10.21
97    2    -0.018    1    2   1    0.86
37    1    -0.018    2    2   1    0.86
103    2    0.000    2    1   1    3.09
132    2    -0.018    1    2   1    9.88
140    2    0.051    2    1   1    0.55
45    1    0.051    1    1   1    0.78
124    2    0.018    2    1   1    0.63
139    2    0.018    2    1   1    2.55
54    1    0.018    1    1   1    2.41
69    1    0.018    2    2   0    1.18
55    1    0.051    1    1   1    1.02
1    1    -0.051    2    2   1    0.76
107    2    -0.018    1    2   1    4.29
13    1    0.000    2    2   0    1.85
32    1    -0.018    2    2   1    1.05
5    1    0.051    1    1   1    0.73
48    1    0.000    2    2   0    1.03
72    1    -0.018    2    2   1    0.97
136    2    -0.051    1    2   1    0.91
126    2    -0.051    1    2   1    0.73
146    2    -0.051    1    2   1    0.63
56    1    -0.051    2    2   1    0.73
43    1    0.000    2    2   0    4.20
59    1    0.018    1    1   1    2.18
147    2    -0.018    1    2   1    1.67
40    1    0.051    1    1   1    2.66
119    2    0.018    2    1   1    0.86
137    2    -0.018    1    2   1    0.78
78    2    0.000    1    2   0    2.34
117    2    -0.018    1    2   1    1.13
34    1    0.018    1    1   1    2.56
110    2    0.051    2    1   1    0.72
21    1    -0.051    2    2   1    0.89
70    1    0.051    1    1   1    0.97
39    1    0.018    1    1   1    0.78
80    2    0.051    2    1   1    0.57
38    1    0.000    2    2   0    3.48
46    1    -0.051    2    2   1    0.83
90    2    0.051    2    1   1    1.35
17    1    -0.018    2    2   1    1.10
92    2    -0.018    1    2   1    1.81
127    2    -0.018    1    2   1    0.84
88    2    0.000    2    1   1    9.87
112    2    -0.018    1    2   1    4.21
28    1    0.000    2    2   0    4.26
52    1    -0.018    2    2   1    7.25
24    1    0.018    1    1   1    0.87
22    1    -0.018    2    2   1    3.43
118    2    0.000    2    1   1    2.09
26    1    -0.051    2    2   1    0.72
64    1    0.018    1    1   1    1.08
14    1    0.018    1    1   1    1.64
89    2    0.018    2    1   1    0.81
120    2    0.051    2    1   1    0.59
10    1    0.051    1    1   1    0.61
77    2    -0.018    1    2   1    1.09
30    1    0.051    1    1   1    1.13
49    1    0.018    1    1   1    3.25
2    1    -0.018    2    2   1    0.68
144    2    0.018    2    1   1    0.99
66    1    -0.051    2    2   1    0.68
36    1    -0.051    2    2   1    0.66
65    1    0.051    1    1   1    0.83
130    2    0.051    2    1   1    0.75
9    1    0.018    1    1   1    1.28
115    2    0.051    2    1   1    0.95
50    1    0.051    1    1   1    5.39
111    2    -0.051    1    2   1    2.26
129    2    0.018    1    2   0    6.75
53    1    0.000    1    1   1    1.03
150    2    0.051    2    1   1    0.59
106    2    -0.051    1    2   1    0.72
114    2    0.018    2    1   1    0.99
79    2    0.018    2    1   1    2.32
91    2    -0.051    1    2   1    2.03
47    1    -0.018    2    2   1    1.17
62    1    -0.018    2    2   1    0.99
58    1    0.000    2    2   0    1.22
12    1    -0.018    2    2   1    0.69
138    2    0.000    1    2   0    2.31
8    1    0.000    1    1   1    4.97
84    2    0.018    2    1   1    0.92
4    1    0.018    1    1   1    0.88
15    1    0.051    1    1   1    0.83
20    1    0.051    1    1   1    10.34
83    2    0.000    1    2   0    3.99
145    2    0.051    2    1   1    0.63
113    2    0.000    2    1   1    6.62
141    2    -0.051    1    2   1    0.58
101    2    -0.051    1    2   1    1.44
68    1    0.000    2    2   0    0.74
99    2    0.018    2    1   1    0.60
29    1    0.018    1    1   1    1.99
122    2    -0.018    1    2   1    2.98
125    2    0.051    2    1   1    1.47
87    2    -0.018    1    2   1    1.04
35    1    0.051    1    1   1    1.13
85    2    0.051    2    1   1    0.66
