--------------------------------
08-Aug-2014 14:17:00 
data from observer A13 
#occlusion2 expt 
reference disparity (degrees) 0.160000 

stim order disp kresp testresp correct time
1    1    -0.074    2    2   1    2.77
2    1    -0.069    2    2   1    1.46
3    2    0.065    2    1   1    0.58
4    2    0.060    2    1   1    0.62
5    2    -0.055    1    2   1    0.62
6    1    0.051    1    1   1    0.95
7    1    0.046    1    1   1    0.70
8    1    0.042    1    1   1    2.37
9    1    -0.037    2    2   1    0.70
10    2    0.032    2    1   1    7.04
11    1    0.028    1    1   1    1.10
12    2    -0.023    1    2   1    1.44
13    2    0.018    2    1   1    2.03
14    2    0.014    2    1   1    0.84
15    2    -0.009    1    2   1    1.09
16    2    0.005    2    1   1    0.61
17    1    -0.005    2    2   1    0.76
18    1    -0.005    2    2   1    2.15
19    2    0.005    2    1   1    2.45
20    1    0.005    2    2   0    0.82
21    2    -0.014    1    2   1    0.42
22    2    0.014    2    1   1    0.47
23    2    0.009    2    1   1    0.56
24    1    -0.009    1    1   0    0.55
25    2    -0.018    2    1   0    0.34
26    2    -0.028    1    2   1    1.20
27    2    0.028    2    1   1    0.60
28    2    -0.023    1    2   1    1.58
29    2    -0.023    2    1   0    0.86
30    2    -0.032    2    1   0    0.75
31    1    0.042    1    1   1    2.27
32    1    -0.042    2    2   1    1.52
33    2    -0.037    1    2   1    3.11
34    2    0.037    2    1   1    0.97
35    2    0.032    1    2   0    0.97
36    1    0.042    2    2   0    0.61
37    2    -0.051    1    2   1    0.67
38    1    0.051    1    1   1    3.29
39    2    0.046    2    1   1    0.65
40    1    -0.046    2    2   1    2.50
41    1    0.042    1    1   1    4.77
42    2    -0.042    1    2   1    1.77
43    2    0.037    2    1   1    0.63
44    1    0.037    1    1   1    0.84
45    1    -0.032    1    1   0    4.92
46    1    0.042    1    1   1    0.69
47    1    0.042    2    2   0    0.64
48    1    -0.051    2    2   1    0.69
49    2    0.051    2    1   1    1.11
50    2    -0.046    1    2   1    0.61
-------------------------
Final staircase threshold estimate (mean) is 0.0420
-------------------------
54    1    0.042    1    1   1    1.00
70    1    0.106    1    1   1    0.77
59    1    0.042    1    1   1    2.58
37    1    -0.042    2    2   1    0.68
12    1    -0.042    2    2   1    0.64
145    2    0.106    2    1   1    0.59
87    2    -0.042    1    2   1    1.14
72    1    -0.042    2    2   1    0.75
13    1    0.000    1    1   1    2.77
114    2    0.042    2    1   1    0.53
78    2    0.000    2    1   1    1.29
95    2    0.106    2    1   1    0.59
76    2    -0.106    1    2   1    0.72
92    2    -0.042    1    2   1    0.95
133    2    0.000    2    1   1    0.95
61    1    -0.106    2    2   1    0.60
138    2    0.000    2    1   1    6.28
10    1    0.106    1    1   1    1.15
50    1    0.106    1    1   1    0.78
141    2    -0.106    1    2   1    1.04
14    1    0.042    1    1   1    2.35
149    2    0.042    2    1   1    1.47
94    2    0.042    2    1   1    1.12
68    1    0.000    2    2   0    3.78
19    1    0.042    1    1   1    0.88
45    1    0.106    1    1   1    1.08
27    1    -0.042    2    2   1    0.78
134    2    0.042    2    1   1    2.34
9    1    0.042    1    1   1    1.04
44    1    0.042    1    1   1    1.28
74    1    0.042    1    1   1    1.57
120    2    0.106    2    1   1    1.04
150    2    0.106    2    1   1    1.29
77    2    -0.042    1    2   1    0.60
17    1    -0.042    2    2   1    0.66
3    1    0.000    2    2   0    0.89
99    2    0.042    2    1   1    0.84
147    2    -0.042    1    2   1    0.85
33    1    0.000    2    2   0    0.79
66    1    -0.106    2    2   1    0.98
53    1    0.000    2    2   0    0.61
130    2    0.106    2    1   1    0.68
125    2    0.106    2    1   1    0.76
69    1    0.042    1    1   1    0.87
119    2    0.042    2    1   1    0.66
55    1    0.106    1    1   1    1.69
46    1    -0.106    2    2   1    1.92
136    2    -0.106    1    2   1    3.93
36    1    -0.106    2    2   1    0.73
142    2    -0.042    1    2   1    0.77
22    1    -0.042    2    2   1    0.55
31    1    -0.106    2    2   1    2.94
86    2    -0.106    1    2   1    0.87
21    1    -0.106    2    2   1    0.46
135    2    0.106    2    1   1    0.62
124    2    0.042    2    1   1    0.68
35    1    0.106    1    1   1    0.61
26    1    -0.106    2    2   1    1.12
18    1    0.000    2    2   0    0.70
43    1    0.000    2    2   0    1.09
16    1    -0.106    2    2   1    3.06
98    2    0.000    1    2   0    2.65
93    2    0.000    2    1   1    0.80
90    2    0.106    2    1   1    0.84
106    2    -0.106    1    2   1    1.33
71    1    -0.106    2    2   1    1.73
137    2    -0.042    1    2   1    2.64
40    1    0.106    1    1   1    2.49
30    1    0.106    1    1   1    1.06
148    2    0.000    1    2   0    1.86
89    2    0.042    2    1   1    0.47
29    1    0.042    1    1   1    0.30
111    2    -0.106    2    1   0    0.48
112    2    -0.042    1    2   1    0.57
6    1    -0.106    2    2   1    0.51
48    1    0.000    1    1   1    0.41
139    2    0.042    2    1   1    0.59
52    1    -0.042    2    2   1    0.74
34    1    0.042    1    1   1    0.66
65    1    0.106    1    1   1    0.81
2    1    -0.042    1    1   0    0.68
28    1    0.000    2    2   0    1.23
24    1    0.042    1    1   1    0.90
117    2    -0.042    1    2   1    0.66
51    1    -0.106    2    2   1    0.78
132    2    -0.042    1    2   1    0.86
11    1    -0.106    2    2   1    0.81
109    2    0.042    2    1   1    1.32
62    1    -0.042    2    2   1    1.91
121    2    -0.106    1    2   1    0.97
107    2    -0.042    2    1   0    0.80
140    2    0.106    2    1   1    0.93
38    1    0.000    2    2   0    1.41
131    2    -0.106    1    2   1    1.60
96    2    -0.106    1    2   1    0.62
80    2    0.106    2    1   1    0.56
110    2    0.106    2    1   1    0.65
101    2    -0.106    1    2   1    0.87
7    1    -0.042    2    2   1    0.66
1    1    -0.106    2    2   1    0.58
127    2    -0.042    1    2   1    0.50
23    1    0.000    2    2   0    0.53
116    2    -0.106    1    2   1    0.44
88    2    0.000    2    1   1    0.39
60    1    0.106    1    1   1    0.32
126    2    -0.106    1    2   1    0.45
79    2    0.042    2    1   1    0.53
118    2    0.000    1    2   0    0.42
20    1    0.106    2    2   0    0.49
25    1    0.106    1    1   1    0.15
113    2    0.000    1    2   0    0.63
67    1    -0.042    2    2   1    0.64
8    1    0.000    1    1   1    0.56
85    2    0.106    2    1   1    0.39
123    2    0.000    1    2   0    0.38
63    1    0.000    2    2   0    0.39
83    2    0.000    1    2   0    0.40
15    1    0.106    1    1   1    0.61
56    1    -0.106    2    2   1    0.58
108    2    0.000    1    2   0    1.82
49    1    0.042    2    2   0    1.05
64    1    0.042    2    2   0    3.09
47    1    -0.042    1    1   0    0.99
73    1    0.000    2    2   0    0.80
128    2    0.000    1    2   0    2.79
41    1    -0.106    1    1   0    1.21
91    2    -0.106    2    1   0    1.04
75    2    0.106    2    1   1    1.18
146    2    -0.106    1    2   1    2.06
39    1    0.042    2    2   0    1.14
144    2    0.042    1    2   0    0.78
57    1    -0.042    1    1   0    0.75
102    2    -0.042    2    1   0    0.30
115    2    0.106    1    2   0    0.35
100    2    0.106    2    1   1    1.06
82    2    -0.042    2    1   0    1.66
4    1    0.042    1    1   1    1.14
97    2    -0.042    1    2   1    0.73
81    2    -0.106    2    1   0    0.60
129    2    0.042    2    1   1    0.78
122    2    -0.042    2    1   0    0.60
104    2    0.042    2    1   1    1.59
103    2    0.000    2    1   1    2.70
42    1    -0.042    2    2   1    1.67
5    1    0.106    1    1   1    1.56
32    1    -0.042    1    1   0    3.18
143    2    0.000    1    2   0    1.34
58    1    0.000    2    2   0    0.76
105    2    0.106    2    1   1    0.77
84    2    0.042    2    1   1    0.98
