--------------------------------
08-Aug-2014 15:09:50 
data from observer A13 
#occlusion2 expt 
reference disparity (degrees) 0.160000 

stim order disp kresp testresp correct time
1    1    -0.074    1    1   1    4.36
2    1    0.069    2    2   1    0.59
3    2    -0.065    2    1   1    0.53
4    1    0.060    2    2   1    0.65
5    1    -0.055    1    1   1    0.55
6    1    -0.051    1    1   1    0.59
7    1    0.046    2    2   1    0.51
8    1    -0.042    1    1   1    0.52
9    2    -0.037    2    1   1    0.72
10    2    0.032    1    2   1    0.59
11    1    0.028    1    1   0    0.54
12    2    -0.037    2    1   1    0.29
13    1    0.037    2    2   1    0.74
14    2    0.032    1    2   1    0.61
15    2    0.032    1    2   1    1.61
16    1    -0.028    1    1   1    0.68
17    1    -0.028    2    2   0    0.60
18    2    -0.037    2    1   1    0.76
19    2    -0.037    2    1   1    0.54
20    1    0.032    1    1   0    0.30
21    2    -0.042    2    1   1    2.13
22    2    -0.042    2    1   1    0.64
23    2    0.037    1    2   1    3.63
24    1    -0.037    1    1   1    0.89
25    1    0.032    2    2   1    0.65
26    1    0.032    2    2   1    1.16
27    2    0.028    1    2   1    0.62
28    1    0.028    2    2   1    0.42
29    1    0.023    2    2   1    0.52
30    2    0.023    1    2   1    0.65
31    2    0.018    2    1   0    0.33
32    1    -0.028    1    1   1    0.34
33    1    0.028    2    2   1    0.46
34    1    -0.023    1    1   1    0.42
35    2    0.023    1    2   1    0.45
36    2    -0.018    2    1   1    0.64
37    2    -0.018    2    1   1    1.14
38    2    0.014    1    2   1    0.68
39    2    -0.014    2    1   1    7.45
40    1    0.009    2    2   1    1.08
41    1    0.009    1    1   0    0.80
42    2    0.018    1    2   1    0.71
43    1    -0.018    1    1   1    2.69
44    1    -0.014    1    1   1    1.21
45    2    -0.014    2    1   1    1.47
46    2    0.009    1    2   1    0.67
47    2    -0.009    2    1   1    0.96
48    2    0.005    1    2   1    1.16
49    1    0.005    1    1   0    0.64
50    2    -0.014    2    1   1    0.86
-------------------------
Final staircase threshold estimate (mean) is 0.0115
-------------------------
103    2    0.000    2    1   1    2.02
2    1    -0.009    1    1   0    0.67
13    1    0.000    2    2   0    0.42
114    2    0.009    1    2   0    0.34
23    1    0.000    2    2   0    1.44
122    2    -0.009    2    1   0    1.35
115    2    0.028    1    2   0    0.56
52    1    -0.009    1    1   0    3.26
138    2    0.000    2    1   1    0.38
48    1    0.000    1    1   1    0.41
106    2    -0.028    2    1   0    0.71
43    1    0.000    1    1   1    0.52
53    1    0.000    1    1   1    0.60
51    1    -0.028    2    2   1    0.37
110    2    0.028    1    2   0    0.60
140    2    0.028    2    1   1    0.72
150    2    0.028    2    1   1    1.04
5    1    0.028    2    2   0    2.53
59    1    0.009    2    2   0    1.06
147    2    -0.009    2    1   0    3.29
93    2    0.000    1    2   0    0.62
22    1    -0.009    1    1   0    1.31
67    1    -0.009    1    1   0    1.87
42    1    -0.009    2    2   1    6.76
73    1    0.000    1    1   1    0.81
135    2    0.028    1    2   0    2.27
149    2    0.009    1    2   0    2.20
57    1    -0.009    2    2   1    1.10
92    2    -0.009    1    2   1    0.62
10    1    0.028    2    2   0    0.54
81    2    -0.028    2    1   0    0.69
32    1    -0.009    1    1   0    1.26
50    1    0.028    2    2   0    0.93
105    2    0.028    1    2   0    0.65
69    1    0.009    2    2   0    0.74
99    2    0.009    2    1   1    0.96
27    1    -0.009    1    1   0    0.64
80    2    0.028    2    1   1    0.33
94    2    0.009    1    2   0    0.65
15    1    0.028    2    2   0    0.56
120    2    0.028    1    2   0    0.30
86    2    -0.028    2    1   0    0.62
68    1    0.000    2    2   0    1.40
54    1    0.009    1    1   1    0.33
19    1    0.009    2    2   0    0.32
97    2    -0.009    1    2   1    0.30
142    2    -0.009    2    1   0    0.38
3    1    0.000    1    1   1    0.38
133    2    0.000    1    2   0    3.98
7    1    -0.009    1    1   0    2.75
79    2    0.009    1    2   0    2.93
95    2    0.028    1    2   0    1.38
33    1    0.000    2    2   0    3.10
56    1    -0.028    1    1   0    4.09
9    1    0.009    2    2   0    3.46
25    1    0.028    1    1   1    1.74
11    1    -0.028    2    2   1    0.50
144    2    0.009    1    2   0    1.08
70    1    0.028    2    2   0    2.47
75    2    0.028    1    2   0    0.66
139    2    0.009    1    2   0    0.78
71    1    -0.028    1    1   0    0.69
40    1    0.028    2    2   0    1.18
104    2    0.009    1    2   0    0.73
87    2    -0.009    1    2   1    1.27
20    1    0.028    1    1   1    1.33
55    1    0.028    2    2   0    0.72
16    1    -0.028    1    1   0    0.82
137    2    -0.009    2    1   0    2.30
112    2    -0.009    1    2   1    0.76
63    1    0.000    2    2   0    0.84
8    1    0.000    1    1   1    0.75
64    1    0.009    2    2   0    7.56
124    2    0.009    1    2   0    1.45
77    2    -0.009    2    1   0    1.49
108    2    0.000    1    2   0    1.49
148    2    0.000    1    2   0    6.83
130    2    0.028    1    2   0    1.03
134    2    0.009    1    2   0    1.75
62    1    -0.009    1    1   0    2.35
85    2    0.028    1    2   0    0.84
131    2    -0.028    2    1   0    0.93
116    2    -0.028    1    2   1    0.74
101    2    -0.028    2    1   0    0.70
31    1    -0.028    1    1   0    0.82
17    1    -0.009    1    1   0    1.35
41    1    -0.028    1    1   0    1.57
30    1    0.028    2    2   0    0.75
132    2    -0.009    1    2   1    0.82
125    2    0.028    2    1   1    0.36
136    2    -0.028    1    2   1    0.36
66    1    -0.028    2    2   1    0.78
44    1    0.009    2    2   0    1.40
109    2    0.009    1    2   0    1.35
119    2    0.009    1    2   0    1.55
72    1    -0.009    1    1   0    3.00
28    1    0.000    1    1   1    3.65
36    1    -0.028    1    1   0    1.02
100    2    0.028    1    2   0    2.68
143    2    0.000    1    2   0    1.22
111    2    -0.028    2    1   0    1.08
29    1    0.009    2    2   0    1.18
98    2    0.000    1    2   0    1.67
47    1    -0.009    1    1   0    1.55
141    2    -0.028    2    1   0    1.76
113    2    0.000    2    1   1    3.00
14    1    0.009    2    2   0    2.07
12    1    -0.009    1    1   0    0.69
58    1    0.000    2    2   0    0.60
121    2    -0.028    1    2   1    0.69
37    1    -0.009    1    1   0    0.43
76    2    -0.028    2    1   0    0.50
45    1    0.028    2    2   0    0.35
38    1    0.000    1    1   1    0.89
24    1    0.009    1    1   1    4.56
118    2    0.000    2    1   1    1.15
74    1    0.009    2    2   0    1.68
4    1    0.009    1    1   1    0.95
6    1    -0.028    2    2   1    0.36
123    2    0.000    2    1   1    6.99
34    1    0.009    1    1   1    0.98
96    2    -0.028    2    1   0    1.09
60    1    0.028    2    2   0    1.32
49    1    0.009    2    2   0    0.50
88    2    0.000    1    2   0    0.45
145    2    0.028    1    2   0    0.66
127    2    -0.009    1    2   1    2.19
78    2    0.000    2    1   1    0.68
129    2    0.009    2    1   1    3.42
146    2    -0.028    2    1   0    0.73
18    1    0.000    2    2   0    1.58
117    2    -0.009    2    1   0    1.38
46    1    -0.028    1    1   0    1.44
90    2    0.028    1    2   0    2.32
65    1    0.028    2    2   0    1.23
102    2    -0.009    2    1   0    1.73
61    1    -0.028    1    1   0    1.73
1    1    -0.028    1    1   0    1.55
89    2    0.009    2    1   1    2.35
107    2    -0.009    2    1   0    2.97
21    1    -0.028    2    2   1    3.66
126    2    -0.028    2    1   0    5.70
84    2    0.009    2    1   1    2.60
39    1    0.009    1    1   1    0.90
128    2    0.000    2    1   1    1.36
91    2    -0.028    1    2   1    2.75
83    2    0.000    1    2   0    2.88
82    2    -0.009    2    1   0    0.72
35    1    0.028    2    2   0    1.43
26    1    -0.028    1    1   0    2.17
