--------------------------------
08-Aug-2014 15:29:56 
data from observer A13 
#occlusion2 expt 
reference disparity (degrees) 0.160000 

stim order disp kresp testresp correct time
1    1    0.074    2    2   1    8.82
2    2    -0.069    2    1   1    0.74
3    1    -0.065    1    1   1    0.55
4    1    -0.060    1    1   1    0.57
5    1    -0.055    1    1   1    0.74
6    1    0.051    2    2   1    0.58
7    2    -0.046    2    1   1    0.81
8    1    0.042    2    2   1    0.97
9    1    0.037    2    2   1    0.70
10    1    0.032    2    2   1    0.61
11    2    -0.028    2    1   1    0.67
12    1    -0.023    1    1   1    0.85
13    1    -0.018    1    1   1    1.01
14    1    -0.014    1    1   1    1.18
15    2    0.009    1    2   1    1.01
16    1    0.005    1    1   0    2.47
17    1    0.014    2    2   1    0.97
18    1    -0.014    1    1   1    0.75
19    1    -0.009    1    1   1    1.44
20    2    -0.009    2    1   1    0.92
21    2    0.005    1    2   1    0.97
22    2    -0.005    2    1   1    1.26
23    1    0.005    2    2   1    3.39
24    1    -0.005    1    1   1    0.70
25    2    0.005    1    2   1    1.37
26    2    0.005    2    1   0    14.80
27    2    0.014    1    2   1    0.93
28    2    -0.014    1    2   0    2.19
29    1    -0.023    1    1   1    0.80
30    2    -0.023    2    1   1    2.52
31    1    -0.018    1    1   1    0.68
32    1    -0.018    2    2   0    1.02
33    2    0.028    1    2   1    0.95
34    1    0.028    2    2   1    0.79
35    1    0.023    1    1   0    6.40
36    1    -0.032    1    1   1    0.81
37    1    0.032    2    2   1    0.64
38    1    -0.028    1    1   1    0.48
39    1    0.028    2    2   1    0.70
40    2    -0.023    1    2   0    0.33
41    2    0.032    2    1   0    0.33
42    1    -0.042    1    1   1    0.33
43    1    -0.042    2    2   0    0.34
44    1    -0.051    1    1   1    0.25
45    2    0.051    2    1   0    0.27
46    2    -0.060    1    2   0    0.13
47    2    -0.069    2    1   1    0.63
48    2    -0.069    1    2   0    0.88
49    1    0.079    2    2   1    0.54
50    2    -0.079    1    2   0    0.37
-------------------------
Final staircase threshold estimate (mean) is 0.0573
-------------------------
139    2    0.055    1    2   0    3.59
100    2    0.143    1    2   0    3.79
75    2    0.143    1    2   0    0.64
133    2    0.000    1    2   0    8.05
145    2    0.143    1    2   0    0.97
28    1    0.000    2    2   0    1.40
135    2    0.143    1    2   0    0.57
117    2    -0.055    2    1   0    0.87
16    1    -0.143    1    1   0    0.63
34    1    0.055    2    2   0    1.05
58    1    0.000    1    1   1    0.77
47    1    -0.055    1    1   0    1.87
46    1    -0.143    1    1   0    0.72
31    1    -0.143    1    1   0    0.88
101    2    -0.143    2    1   0    3.27
4    1    0.055    2    2   0    3.25
27    1    -0.055    1    1   0    2.27
96    2    -0.143    2    1   0    0.53
148    2    0.000    1    2   0    0.76
40    1    0.143    2    2   0    1.20
140    2    0.143    1    2   0    0.44
76    2    -0.143    2    1   0    0.67
61    1    -0.143    1    1   0    0.34
124    2    0.055    1    2   0    0.71
144    2    0.055    2    1   1    0.37
136    2    -0.143    1    2   1    0.62
54    1    0.055    2    2   0    3.31
20    1    0.143    2    2   0    1.61
32    1    -0.055    1    1   0    1.57
11    1    -0.143    2    2   1    0.71
110    2    0.143    1    2   0    0.99
150    2    0.143    1    2   0    3.26
65    1    0.143    2    2   0    0.61
73    1    0.000    1    1   1    0.47
79    2    0.055    2    1   1    0.96
23    1    0.000    1    1   1    0.37
95    2    0.143    2    1   1    0.38
94    2    0.055    1    2   0    0.70
53    1    0.000    2    2   0    1.30
57    1    -0.055    1    1   0    0.51
149    2    0.055    1    2   0    0.75
98    2    0.000    2    1   1    0.37
37    1    -0.055    1    1   0    0.35
50    1    0.143    2    2   0    0.40
44    1    0.055    2    2   0    0.54
49    1    0.055    1    1   1    3.20
141    2    -0.143    2    1   0    0.32
70    1    0.143    2    2   0    1.78
15    1    0.143    1    1   1    3.45
130    2    0.143    1    2   0    0.58
18    1    0.000    2    2   0    1.89
109    2    0.055    2    1   1    1.79
60    1    0.143    2    2   0    3.27
114    2    0.055    1    2   0    2.05
138    2    0.000    1    2   0    2.70
83    2    0.000    1    2   0    3.01
123    2    0.000    2    1   1    0.68
113    2    0.000    1    2   0    0.80
118    2    0.000    2    1   1    2.07
6    1    -0.143    2    2   1    0.78
68    1    0.000    1    1   1    0.74
62    1    -0.055    1    1   0    1.77
108    2    0.000    2    1   1    2.39
106    2    -0.143    2    1   0    0.73
63    1    0.000    1    1   1    0.78
91    2    -0.143    2    1   0    0.63
67    1    -0.055    1    1   0    13.39
147    2    -0.055    2    1   0    0.81
48    1    0.000    2    2   0    4.08
66    1    -0.143    1    1   0    0.97
84    2    0.055    1    2   0    1.17
92    2    -0.055    2    1   0    0.74
115    2    0.143    1    2   0    0.74
59    1    0.055    2    2   0    0.69
69    1    0.055    2    2   0    0.79
88    2    0.000    1    2   0    1.39
30    1    0.143    2    2   0    0.86
129    2    0.055    1    2   0    1.08
87    2    -0.055    1    2   1    1.31
26    1    -0.143    2    2   1    0.62
64    1    0.055    2    2   0    1.05
99    2    0.055    2    1   1    2.17
131    2    -0.143    2    1   0    1.78
126    2    -0.143    2    1   0    1.12
107    2    -0.055    2    1   0    0.60
1    1    -0.143    1    1   0    0.57
93    2    0.000    2    1   1    4.34
10    1    0.143    2    2   0    0.69
42    1    -0.055    1    1   0    1.09
5    1    0.143    2    2   0    0.56
121    2    -0.143    2    1   0    0.63
72    1    -0.055    1    1   0    0.43
132    2    -0.055    2    1   0    0.65
41    1    -0.143    1    1   0    0.54
3    1    0.000    2    2   0    0.78
17    1    -0.055    1    1   0    0.30
12    1    -0.055    1    1   0    0.58
120    2    0.143    1    2   0    0.39
9    1    0.055    1    1   1    0.43
52    1    -0.055    1    1   0    0.59
103    2    0.000    1    2   0    0.44
142    2    -0.055    2    1   0    0.41
97    2    -0.055    1    2   1    0.52
105    2    0.143    1    2   0    0.82
137    2    -0.055    2    1   0    1.18
45    1    0.143    2    2   0    2.84
127    2    -0.055    2    1   0    0.67
13    1    0.000    2    2   0    1.81
134    2    0.055    2    1   1    0.82
82    2    -0.055    2    1   0    1.13
25    1    0.143    2    2   0    0.69
55    1    0.143    2    2   0    2.71
14    1    0.055    2    2   0    0.83
143    2    0.000    2    1   1    2.47
24    1    0.055    2    2   0    1.40
119    2    0.055    1    2   0    1.44
122    2    -0.055    2    1   0    1.09
78    2    0.000    2    1   1    2.43
116    2    -0.143    2    1   0    0.87
90    2    0.143    1    2   0    4.33
38    1    0.000    2    2   0    0.92
39    1    0.055    2    2   0    6.32
35    1    0.143    2    2   0    1.59
77    2    -0.055    2    1   0    5.45
2    1    -0.055    1    1   0    1.25
19    1    0.055    2    2   0    0.71
128    2    0.000    2    1   1    0.99
33    1    0.000    2    2   0    0.81
29    1    0.055    1    1   1    0.43
80    2    0.143    1    2   0    0.55
85    2    0.143    1    2   0    0.56
89    2    0.055    1    2   0    0.63
36    1    -0.143    1    1   0    0.75
111    2    -0.143    2    1   0    0.86
56    1    -0.143    1    1   0    0.55
8    1    0.000    1    1   1    1.48
112    2    -0.055    2    1   0    0.75
22    1    -0.055    1    1   0    0.79
104    2    0.055    1    2   0    0.85
71    1    -0.143    1    1   0    0.69
7    1    -0.055    1    1   0    1.48
81    2    -0.143    2    1   0    1.30
125    2    0.143    1    2   0    0.70
146    2    -0.143    2    1   0    0.60
21    1    -0.143    1    1   0    0.48
74    1    0.055    2    2   0    0.68
102    2    -0.055    1    2   1    0.37
51    1    -0.143    2    2   1    0.68
86    2    -0.143    1    2   1    0.47
43    1    0.000    2    2   0    0.46
