--------------------------------
20-Sep-2014 10:06:46 
data from observer A14 
#occlusion2 expt 
reference disparity (degrees) 0.160000 

stim order disp kresp testresp correct time
1    1    -0.074    2    2   1    13.78
2    1    -0.069    2    2   1    1.95
3    2    -0.065    1    2   1    3.86
4    2    -0.060    1    2   1    2.58
5    1    0.055    1    1   1    1.52
6    1    0.051    1    1   1    1.27
7    2    0.046    2    1   1    0.66
8    1    0.042    1    1   1    0.98
9    1    0.037    1    1   1    0.59
10    1    -0.032    2    2   1    1.57
11    2    0.028    2    1   1    1.31
12    1    -0.023    1    1   0    0.76
13    2    -0.032    1    2   1    0.86
14    1    -0.032    2    2   1    1.01
15    1    -0.028    2    2   1    0.72
16    1    -0.028    2    2   1    1.04
17    1    0.023    2    2   0    2.70
18    1    -0.032    2    2   1    1.01
19    2    -0.032    1    2   1    0.73
20    1    -0.028    2    2   1    0.89
21    1    0.028    2    2   0    0.77
22    1    -0.037    2    2   1    0.79
23    2    0.037    2    1   1    0.84
24    1    -0.032    2    2   1    0.72
25    1    0.032    1    1   1    1.13
26    2    0.028    2    1   1    1.31
27    1    -0.028    2    2   1    0.83
28    2    0.023    2    1   1    0.74
29    2    0.023    2    1   1    0.79
30    1    0.018    1    1   1    0.84
31    1    -0.018    2    2   1    1.58
32    2    0.014    2    1   1    2.08
33    2    0.014    1    2   0    1.08
34    1    -0.023    2    2   1    0.74
35    1    0.023    1    1   1    0.45
36    2    0.018    2    1   1    2.29
37    1    0.018    2    2   0    1.48
38    2    -0.028    1    2   1    0.74
39    1    -0.028    2    2   1    1.02
40    1    0.023    1    1   1    0.61
41    2    -0.023    1    2   1    1.07
42    1    -0.018    2    2   1    1.71
43    1    0.018    1    1   1    0.61
44    2    -0.014    1    2   1    0.80
45    2    -0.014    1    2   1    0.99
46    1    -0.009    1    1   0    2.99
47    2    -0.018    1    2   1    0.78
48    2    -0.018    1    2   1    0.62
49    2    0.014    2    1   1    0.87
50    1    -0.014    2    2   1    4.47
-------------------------
Final staircase threshold estimate (mean) is 0.0162
-------------------------
37    1    -0.014    2    2   1    2.56
150    2    0.042    2    1   1    0.89
112    2    -0.014    2    1   0    2.52
141    2    -0.042    1    2   1    0.69
41    1    -0.042    2    2   1    0.90
62    1    -0.014    2    2   1    2.83
121    2    -0.042    1    2   1    0.66
74    1    0.014    1    1   1    0.76
22    1    -0.014    2    2   1    1.47
61    1    -0.042    2    2   1    0.57
57    1    -0.014    2    2   1    0.69
72    1    -0.014    2    2   1    1.79
55    1    0.042    1    1   1    5.59
89    2    0.014    2    1   1    3.81
32    1    -0.014    2    2   1    0.98
81    2    -0.042    1    2   1    0.96
129    2    0.014    2    1   1    0.62
131    2    -0.042    1    2   1    0.73
51    1    -0.042    2    2   1    0.50
66    1    -0.042    2    2   1    0.58
56    1    -0.042    2    2   1    0.62
143    2    0.000    2    1   1    2.24
59    1    0.014    1    1   1    1.21
68    1    0.000    2    2   0    0.65
31    1    -0.042    2    2   1    1.72
45    1    0.042    1    1   1    1.13
116    2    -0.042    1    2   1    2.83
50    1    0.042    1    1   1    1.09
124    2    0.014    2    1   1    0.80
11    1    -0.042    2    2   1    0.72
46    1    -0.042    2    2   1    0.76
115    2    0.042    2    1   1    1.04
127    2    -0.014    1    2   1    0.86
12    1    -0.014    2    2   1    0.79
33    1    0.000    1    1   1    1.05
65    1    0.042    2    2   0    1.15
96    2    -0.042    2    1   0    3.79
108    2    0.000    2    1   1    2.49
100    2    0.042    2    1   1    2.25
9    1    0.014    1    1   1    5.34
67    1    -0.014    2    2   1    1.23
87    2    -0.014    1    2   1    1.01
27    1    -0.014    2    2   1    0.64
122    2    -0.014    1    2   1    6.00
138    2    0.000    2    1   1    3.62
2    1    -0.014    2    2   1    1.58
25    1    0.042    1    1   1    1.17
113    2    0.000    2    1   1    1.88
102    2    -0.014    1    2   1    0.67
147    2    -0.014    1    2   1    0.69
133    2    0.000    1    2   0    0.73
42    1    -0.014    2    2   1    0.49
82    2    -0.014    2    1   0    0.71
73    1    0.000    1    1   1    0.73
93    2    0.000    1    2   0    0.70
3    1    0.000    2    2   0    1.43
15    1    0.042    1    1   1    0.68
30    1    0.042    1    1   1    0.82
104    2    0.014    2    1   1    0.70
76    2    -0.042    1    2   1    0.67
139    2    0.014    2    1   1    0.83
123    2    0.000    1    2   0    1.03
29    1    0.014    2    2   0    0.69
48    1    0.000    1    1   1    0.70
79    2    0.014    2    1   1    0.63
136    2    -0.042    1    2   1    0.52
58    1    0.000    2    2   0    0.64
105    2    0.042    2    1   1    0.65
75    2    0.042    2    1   1    0.61
135    2    0.042    2    1   1    0.73
69    1    0.014    1    1   1    0.70
21    1    -0.042    2    2   1    0.49
14    1    0.014    2    2   0    0.86
99    2    0.014    2    1   1    0.74
19    1    0.014    1    1   1    0.65
97    2    -0.014    1    2   1    0.61
63    1    0.000    1    1   1    0.70
18    1    0.000    1    1   1    0.79
20    1    0.042    1    1   1    0.66
145    2    0.042    2    1   1    0.73
132    2    -0.014    1    2   1    0.61
119    2    0.014    2    1   1    0.56
16    1    -0.042    2    2   1    0.66
86    2    -0.042    1    2   1    1.01
101    2    -0.042    1    2   1    0.89
148    2    0.000    1    2   0    0.91
49    1    0.014    1    1   1    0.68
118    2    0.000    2    1   1    0.76
71    1    -0.042    2    2   1    0.59
91    2    -0.042    1    2   1    6.35
120    2    0.042    2    1   1    1.13
10    1    0.042    1    1   1    0.60
114    2    0.014    2    1   1    0.65
144    2    0.014    2    1   1    0.60
47    1    -0.014    2    2   1    0.58
146    2    -0.042    1    2   1    0.51
6    1    -0.042    2    2   1    0.50
13    1    0.000    1    1   1    0.93
36    1    -0.042    2    2   1    0.63
106    2    -0.042    2    1   0    0.70
43    1    0.000    2    2   0    0.58
117    2    -0.014    1    2   1    0.59
85    2    0.042    2    1   1    0.54
125    2    0.042    2    1   1    0.49
23    1    0.000    1    1   1    0.74
34    1    0.014    1    1   1    0.65
44    1    0.014    1    1   1    0.62
90    2    0.042    2    1   1    0.63
128    2    0.000    1    2   0    0.78
110    2    0.042    2    1   1    0.58
94    2    0.014    2    1   1    0.60
17    1    -0.014    1    1   0    0.56
103    2    0.000    1    2   0    0.59
8    1    0.000    1    1   1    0.63
53    1    0.000    1    1   1    0.61
40    1    0.042    1    1   1    0.78
64    1    0.014    1    1   1    0.55
35    1    0.042    1    1   1    0.66
134    2    0.014    2    1   1    0.59
149    2    0.014    2    1   1    0.60
78    2    0.000    2    1   1    0.69
52    1    -0.014    2    2   1    0.73
92    2    -0.014    1    2   1    0.48
95    2    0.042    2    1   1    0.60
130    2    0.042    2    1   1    0.51
109    2    0.014    2    1   1    0.52
38    1    0.000    2    2   0    2.52
126    2    -0.042    1    2   1    0.62
137    2    -0.014    1    2   1    1.38
28    1    0.000    2    2   0    0.63
80    2    0.042    1    2   0    1.42
60    1    0.042    1    1   1    0.62
70    1    0.042    1    1   1    0.83
84    2    0.014    2    1   1    0.50
39    1    0.014    1    1   1    0.52
83    2    0.000    1    2   0    0.56
54    1    0.014    1    1   1    0.54
88    2    0.000    2    1   1    0.64
1    1    -0.042    2    2   1    0.70
5    1    0.042    1    1   1    0.61
111    2    -0.042    1    2   1    0.64
140    2    0.042    2    1   1    0.69
26    1    -0.042    2    2   1    1.67
107    2    -0.014    1    2   1    0.84
142    2    -0.014    1    2   1    0.55
98    2    0.000    1    2   0    0.60
4    1    0.014    1    1   1    0.63
7    1    -0.014    2    2   1    0.58
24    1    0.014    1    1   1    0.79
77    2    -0.014    2    1   0    0.87
