--------------------------------
20-Sep-2014 10:27:43 
data from observer A14 
#occlusion2 expt 
reference disparity (degrees) 0.160000 

stim order disp kresp testresp correct time
1    1    -0.074    1    1   0    8.11
2    1    0.083    2    2   0    7.36
3    1    -0.092    1    1   0    2.98
4    2    -0.102    1    2   1    5.26
5    1    -0.097    2    2   1    4.28
6    2    0.097    2    1   1    1.01
7    1    -0.092    1    1   0    1.00
8    1    -0.102    1    1   0    1.51
9    2    -0.111    2    1   0    0.88
10    1    0.120    1    1   1    1.04
11    1    -0.120    2    2   1    1.16
12    2    0.115    1    2   0    2.20
13    2    -0.125    1    2   1    2.45
14    1    0.125    1    1   1    8.22
15    1    0.120    1    1   1    1.06
16    2    -0.120    1    2   1    0.81
17    2    -0.115    1    2   1    2.46
18    2    0.115    1    2   0    3.80
19    2    0.125    1    2   0    4.03
20    1    0.134    1    1   1    1.49
21    2    0.134    1    2   0    0.79
22    2    0.143    1    2   0    2.41
23    2    0.148    2    1   1    1.13
24    1    -0.148    1    1   0    0.81
25    2    -0.148    1    2   1    2.80
26    1    0.148    1    1   1    1.25
27    2    0.143    1    2   0    1.17
28    1    0.148    1    1   1    1.13
29    2    0.148    2    1   1    1.88
30    2    -0.143    1    2   1    5.84
31    1    0.143    1    1   1    1.46
32    1    -0.139    2    2   1    1.49
33    2    0.139    2    1   1    1.77
34    1    0.134    2    2   0    1.61
35    2    0.143    2    1   1    0.70
36    2    0.143    2    1   1    8.83
37    2    -0.139    2    1   0    1.25
38    1    -0.148    2    2   1    4.52
39    2    0.148    2    1   1    0.61
40    2    0.143    1    2   0    1.07
41    1    -0.148    2    2   1    1.01
42    2    -0.148    1    2   1    0.36
43    2    0.143    1    2   0    1.64
44    1    -0.148    1    1   0    0.96
45    2    -0.148    1    2   1    5.43
46    1    -0.148    2    2   1    1.32
47    1    0.143    1    1   1    0.79
48    2    0.143    2    1   1    0.98
49    1    0.139    1    1   1    1.45
50    2    -0.139    1    2   1    4.99
-------------------------
Final staircase threshold estimate (mean) is 0.1445
-------------------------
98    2    0.000    1    2   0    3.24
29    1    0.143    1    1   1    0.75
100    2    0.148    2    1   1    0.75
39    1    0.143    1    1   1    0.87
131    2    -0.148    1    2   1    0.91
43    1    0.000    1    1   1    0.73
45    1    0.148    1    1   1    0.92
87    2    -0.143    2    1   0    1.32
116    2    -0.148    2    1   0    1.19
80    2    0.148    2    1   1    1.39
128    2    0.000    1    2   0    1.03
83    2    0.000    2    1   1    0.74
89    2    0.143    2    1   1    0.74
12    1    -0.143    1    1   0    0.64
67    1    -0.143    1    1   0    2.49
124    2    0.143    2    1   1    0.79
74    1    0.143    2    2   0    0.98
120    2    0.148    1    2   0    0.73
34    1    0.143    1    1   1    1.31
101    2    -0.148    2    1   0    1.04
102    2    -0.143    1    2   1    1.80
138    2    0.000    1    2   0    1.33
119    2    0.143    1    2   0    1.29
136    2    -0.148    2    1   0    0.99
5    1    0.148    1    1   1    0.56
85    2    0.148    2    1   1    0.77
59    1    0.143    1    1   1    0.65
86    2    -0.148    1    2   1    0.84
76    2    -0.148    2    1   0    0.84
91    2    -0.148    1    2   1    2.82
23    1    0.000    2    2   0    1.14
115    2    0.148    2    1   1    1.52
17    1    -0.143    1    1   0    0.70
21    1    -0.148    1    1   0    1.58
135    2    0.148    2    1   1    1.11
148    2    0.000    1    2   0    0.83
28    1    0.000    1    1   1    1.34
20    1    0.148    2    2   0    1.18
104    2    0.143    1    2   0    2.35
79    2    0.143    2    1   1    0.91
129    2    0.143    2    1   1    1.86
42    1    -0.143    1    1   0    1.64
140    2    0.148    1    2   0    1.09
106    2    -0.148    2    1   0    0.97
68    1    0.000    1    1   1    1.07
3    1    0.000    2    2   0    1.20
15    1    0.148    1    1   1    0.61
111    2    -0.148    1    2   1    1.37
94    2    0.143    2    1   1    0.88
25    1    0.148    1    1   1    0.67
18    1    0.000    1    1   1    0.83
81    2    -0.148    1    2   1    0.53
1    1    -0.148    2    2   1    0.80
46    1    -0.148    2    2   1    1.44
9    1    0.143    1    1   1    0.91
105    2    0.148    1    2   0    1.33
84    2    0.143    2    1   1    1.09
36    1    -0.148    1    1   0    0.85
103    2    0.000    2    1   1    1.17
107    2    -0.143    1    2   1    0.77
38    1    0.000    1    1   1    0.68
62    1    -0.143    1    1   0    1.38
63    1    0.000    2    2   0    1.53
56    1    -0.148    1    1   0    0.72
19    1    0.143    1    1   1    1.17
108    2    0.000    1    2   0    0.77
132    2    -0.143    1    2   1    1.62
60    1    0.148    1    1   1    1.76
58    1    0.000    1    1   1    0.74
69    1    0.143    1    1   1    0.74
127    2    -0.143    1    2   1    0.61
26    1    -0.148    1    1   0    0.84
11    1    -0.148    2    2   1    1.78
144    2    0.143    2    1   1    4.45
66    1    -0.148    2    2   1    3.39
2    1    -0.143    2    2   1    0.88
93    2    0.000    1    2   0    0.60
41    1    -0.148    2    2   1    0.79
32    1    -0.143    2    2   1    0.63
33    1    0.000    1    1   1    0.78
24    1    0.143    1    1   1    0.54
65    1    0.148    1    1   1    0.50
55    1    0.148    1    1   1    0.54
133    2    0.000    2    1   1    1.37
40    1    0.148    1    1   1    0.61
149    2    0.143    2    1   1    0.64
61    1    -0.148    2    2   1    1.77
10    1    0.148    1    1   1    0.56
49    1    0.143    1    1   1    0.50
78    2    0.000    1    2   0    0.61
121    2    -0.148    2    1   0    0.92
141    2    -0.148    1    2   1    0.55
117    2    -0.143    1    2   1    1.30
90    2    0.148    2    1   1    0.63
37    1    -0.143    1    1   0    0.96
70    1    0.148    2    2   0    2.98
109    2    0.143    2    1   1    0.92
99    2    0.143    2    1   1    0.84
137    2    -0.143    1    2   1    1.04
52    1    -0.143    2    2   1    0.69
92    2    -0.143    1    2   1    0.84
53    1    0.000    2    2   0    0.83
57    1    -0.143    2    2   1    1.00
31    1    -0.148    2    2   1    1.14
14    1    0.143    1    1   1    0.79
118    2    0.000    1    2   0    0.77
88    2    0.000    1    2   0    0.77
22    1    -0.143    2    2   1    0.63
71    1    -0.148    1    1   0    1.74
51    1    -0.148    2    2   1    3.50
125    2    0.148    2    1   1    0.69
130    2    0.148    2    1   1    0.61
4    1    0.143    1    1   1    0.53
113    2    0.000    2    1   1    1.13
8    1    0.000    2    2   0    1.01
6    1    -0.148    2    2   1    0.98
64    1    0.143    1    1   1    0.83
145    2    0.148    2    1   1    0.58
50    1    0.148    1    1   1    0.54
47    1    -0.143    2    2   1    0.49
150    2    0.148    2    1   1    0.97
110    2    0.148    2    1   1    0.78
7    1    -0.143    2    2   1    1.94
122    2    -0.143    1    2   1    0.75
82    2    -0.143    1    2   1    0.00
123    2    0.000    2    1   1    2.49
142    2    -0.143    1    2   1    0.69
96    2    -0.148    1    2   1    0.92
114    2    0.143    2    1   1    0.64
13    1    0.000    1    1   1    0.71
143    2    0.000    1    2   0    1.17
95    2    0.148    2    1   1    0.78
44    1    0.143    1    1   1    0.60
112    2    -0.143    1    2   1    0.72
147    2    -0.143    1    2   1    0.61
126    2    -0.148    1    2   1    1.09
30    1    0.148    1    1   1    0.61
146    2    -0.148    1    2   1    0.62
27    1    -0.143    2    2   1    1.22
73    1    0.000    1    1   1    0.69
97    2    -0.143    1    2   1    0.71
54    1    0.143    1    1   1    0.77
75    2    0.148    2    1   1    0.71
134    2    0.143    2    1   1    1.22
16    1    -0.148    2    2   1    0.97
77    2    -0.143    1    2   1    0.59
48    1    0.000    2    2   0    0.79
139    2    0.143    2    1   1    1.11
72    1    -0.143    2    2   1    0.94
35    1    0.148    1    1   1    0.79
