--------------------------------
13-Sep-2014 12:21:27 
data from observer A14 
#occlusion2 expt 
reference disparity (degrees) 0.160000 

stim order disp kresp testresp correct time
1    2    0.074    1    2   1    5.58
2    1    -0.069    1    1   1    2.35
3    1    0.065    2    2   1    0.78
4    1    0.060    2    2   1    0.71
5    2    -0.055    2    1   1    1.49
6    1    0.051    1    1   0    0.85
7    1    -0.060    1    1   1    0.75
8    2    0.060    1    2   1    0.77
9    2    -0.055    2    1   1    3.18
10    2    -0.055    2    1   1    1.02
11    2    0.051    1    2   1    0.70
12    2    -0.051    2    1   1    0.72
13    2    0.046    1    2   1    0.70
14    2    -0.046    2    1   1    0.60
15    2    -0.042    2    1   1    1.52
16    1    -0.042    1    1   1    0.89
17    1    0.037    2    2   1    0.70
18    1    0.037    2    2   1    1.22
19    2    0.032    1    2   1    0.83
20    1    -0.032    1    1   1    0.59
21    2    0.028    1    2   1    0.58
22    1    -0.028    1    1   1    0.53
23    1    -0.023    1    1   1    0.55
24    1    -0.023    1    1   1    0.56
25    2    0.018    1    2   1    0.69
26    2    -0.018    2    1   1    1.03
27    1    -0.014    1    1   1    1.07
28    2    0.014    1    2   1    0.79
29    1    -0.009    1    1   1    0.74
30    1    0.009    2    2   1    2.70
31    2    0.005    1    2   1    0.87
32    2    -0.005    1    2   0    0.81
33    2    0.014    1    2   1    2.98
34    1    0.014    2    2   1    0.75
35    2    -0.009    2    1   1    1.29
36    2    0.009    1    2   1    0.64
37    1    0.005    1    1   0    3.43
38    2    -0.014    2    1   1    0.67
39    2    0.014    1    2   1    0.63
40    1    -0.009    1    1   1    0.97
41    2    -0.009    2    1   1    1.21
42    2    -0.005    1    2   0    0.93
43    2    -0.014    2    1   1    0.94
44    2    -0.014    2    1   1    0.84
45    2    -0.009    1    2   0    0.76
46    1    -0.018    1    1   1    0.71
47    1    0.018    2    2   1    0.71
48    2    0.014    1    2   1    0.83
49    2    0.014    1    2   1    0.58
50    1    0.009    2    2   1    0.81
-------------------------
Final staircase threshold estimate (mean) is 0.0125
-------------------------
131    2    -0.032    2    1   0    4.27
150    2    0.032    1    2   0    0.76
127    2    -0.014    2    1   0    0.65
10    1    0.032    2    2   0    0.71
88    2    0.000    1    2   0    0.69
112    2    -0.014    2    1   0    0.68
93    2    0.000    1    2   0    0.78
55    1    0.032    2    2   0    1.20
89    2    0.014    1    2   0    0.79
141    2    -0.032    2    1   0    1.09
5    1    0.032    2    2   0    1.97
40    1    0.032    2    2   0    0.86
76    2    -0.032    2    1   0    5.12
144    2    0.014    1    2   0    0.94
28    1    0.000    1    1   1    0.84
134    2    0.014    1    2   0    0.72
96    2    -0.032    2    1   0    0.81
74    1    0.014    1    1   1    1.38
113    2    0.000    1    2   0    0.87
115    2    0.032    1    2   0    1.04
114    2    0.014    1    2   0    0.77
25    1    0.032    2    2   0    0.80
17    1    -0.014    1    1   0    0.71
109    2    0.014    1    2   0    0.65
11    1    -0.032    1    1   0    0.61
90    2    0.032    1    2   0    0.56
139    2    0.014    1    2   0    0.47
148    2    0.000    2    1   1    4.99
24    1    0.014    2    2   0    1.30
23    1    0.000    1    1   1    1.23
91    2    -0.032    2    1   0    0.69
99    2    0.014    1    2   0    0.52
30    1    0.032    2    2   0    0.63
56    1    -0.032    1    1   0    0.62
123    2    0.000    1    2   0    1.39
111    2    -0.032    2    1   0    0.99
87    2    -0.014    1    2   1    0.89
34    1    0.014    2    2   0    0.60
9    1    0.014    2    2   0    3.39
97    2    -0.014    2    1   0    1.47
122    2    -0.014    2    1   0    1.56
125    2    0.032    1    2   0    0.79
117    2    -0.014    2    1   0    0.83
47    1    -0.014    1    1   0    1.18
98    2    0.000    1    2   0    2.08
146    2    -0.032    2    1   0    1.00
102    2    -0.014    2    1   0    1.76
45    1    0.032    2    2   0    2.90
126    2    -0.032    2    1   0    2.09
22    1    -0.014    1    1   0    0.79
100    2    0.032    1    2   0    1.88
16    1    -0.032    1    1   0    0.58
70    1    0.032    2    2   0    0.76
69    1    0.014    2    2   0    0.89
133    2    0.000    1    2   0    0.86
121    2    -0.032    2    1   0    0.55
63    1    0.000    1    1   1    0.66
142    2    -0.014    1    2   1    0.74
18    1    0.000    1    1   1    1.42
14    1    0.014    1    1   1    1.11
64    1    0.014    2    2   0    1.07
136    2    -0.032    2    1   0    1.41
38    1    0.000    1    1   1    0.58
140    2    0.032    1    2   0    0.63
149    2    0.014    1    2   0    0.66
65    1    0.032    2    2   0    0.62
51    1    -0.032    1    1   0    0.71
43    1    0.000    1    1   1    1.09
59    1    0.014    1    1   1    0.61
75    2    0.032    1    2   0    0.64
52    1    -0.014    1    1   0    0.68
84    2    0.014    1    2   0    0.56
27    1    -0.014    1    1   0    0.65
67    1    -0.014    1    1   0    0.64
83    2    0.000    1    2   0    0.61
94    2    0.014    1    2   0    0.62
3    1    0.000    1    1   1    1.72
6    1    -0.032    1    1   0    1.33
32    1    -0.014    1    1   0    0.87
137    2    -0.014    1    2   1    1.14
2    1    -0.014    1    1   0    1.04
36    1    -0.032    1    1   0    0.77
135    2    0.032    1    2   0    0.87
21    1    -0.032    1    1   0    0.70
72    1    -0.014    1    1   0    0.50
124    2    0.014    1    2   0    0.56
33    1    0.000    1    1   1    0.57
104    2    0.014    1    2   0    1.58
105    2    0.032    1    2   0    1.54
19    1    0.014    2    2   0    2.72
37    1    -0.014    1    1   0    0.69
128    2    0.000    1    2   0    0.82
41    1    -0.032    1    1   0    0.69
147    2    -0.014    2    1   0    2.23
53    1    0.000    1    1   1    1.32
46    1    -0.032    1    1   0    1.10
7    1    -0.014    1    1   0    1.29
92    2    -0.014    2    1   0    1.43
20    1    0.032    2    2   0    1.30
132    2    -0.014    2    1   0    0.63
119    2    0.014    1    2   0    0.76
44    1    0.014    2    2   0    1.83
80    2    0.032    1    2   0    0.84
77    2    -0.014    2    1   0    0.69
145    2    0.032    1    2   0    0.66
62    1    -0.014    1    1   0    1.45
95    2    0.032    1    2   0    1.20
66    1    -0.032    1    1   0    0.78
81    2    -0.032    2    1   0    0.69
29    1    0.014    2    2   0    0.93
78    2    0.000    1    2   0    0.68
26    1    -0.032    1    1   0    0.60
39    1    0.014    1    1   1    0.68
143    2    0.000    2    1   1    0.70
106    2    -0.032    2    1   0    0.64
8    1    0.000    1    1   1    0.66
73    1    0.000    1    1   1    0.96
12    1    -0.014    1    1   0    0.71
107    2    -0.014    2    1   0    1.08
103    2    0.000    1    2   0    0.98
35    1    0.032    2    2   0    0.66
110    2    0.032    1    2   0    0.70
49    1    0.014    2    2   0    1.62
48    1    0.000    1    1   1    0.69
101    2    -0.032    2    1   0    0.92
31    1    -0.032    1    1   0    0.43
85    2    0.032    1    2   0    0.58
60    1    0.032    2    2   0    0.59
86    2    -0.032    2    1   0    0.64
54    1    0.014    2    2   0    0.72
130    2    0.032    1    2   0    0.63
82    2    -0.014    2    1   0    0.69
1    1    -0.032    1    1   0    1.19
42    1    -0.014    1    1   0    2.08
120    2    0.032    1    2   0    1.41
138    2    0.000    1    2   0    0.82
4    1    0.014    1    1   1    2.69
71    1    -0.032    1    1   0    0.98
108    2    0.000    1    2   0    2.02
79    2    0.014    1    2   0    0.94
61    1    -0.032    1    1   0    0.96
116    2    -0.032    2    1   0    0.67
118    2    0.000    2    1   1    0.73
57    1    -0.014    1    1   0    1.39
58    1    0.000    1    1   1    3.20
68    1    0.000    1    1   1    0.82
50    1    0.032    2    2   0    1.02
129    2    0.014    1    2   0    0.81
13    1    0.000    1    1   1    0.72
15    1    0.032    2    2   0    0.91
