--------------------------------
20-Sep-2014 10:14:33 
data from observer A14 
#occlusion2 expt 
reference disparity (degrees) 0.160000 

stim order disp kresp testresp correct time
1    1    0.074    2    2   1    4.76
2    1    0.069    2    2   1    1.69
3    2    -0.065    1    2   0    1.38
4    1    0.074    2    2   1    3.21
5    1    -0.074    1    1   1    0.78
6    1    -0.069    2    2   0    0.82
7    2    -0.079    1    2   0    0.81
8    2    0.088    2    1   0    1.17
9    2    0.097    1    2   1    0.84
10    1    0.097    2    2   1    0.97
11    2    0.092    1    2   1    0.61
12    2    -0.092    2    1   1    0.94
13    2    0.088    1    2   1    0.53
14    2    -0.088    2    1   1    0.47
15    1    -0.083    1    1   1    0.47
16    1    0.083    2    2   1    1.05
17    2    -0.079    2    1   1    0.78
18    2    0.079    1    2   1    0.56
19    1    0.074    2    2   1    0.63
20    1    -0.074    1    1   1    0.55
21    1    -0.069    1    1   1    0.74
22    1    0.069    2    2   1    0.59
23    1    0.065    1    1   0    0.60
24    1    0.074    2    2   1    0.65
25    2    -0.074    1    2   0    0.55
26    2    0.083    1    2   1    0.64
27    1    -0.083    1    1   1    0.67
28    2    0.079    1    2   1    0.62
29    2    0.079    1    2   1    0.61
30    2    0.074    1    2   1    0.57
31    2    0.074    1    2   1    0.57
32    2    0.069    1    2   1    0.64
33    2    0.069    1    2   1    0.54
34    1    0.065    2    2   1    0.90
35    2    0.065    1    2   1    0.51
36    1    0.060    2    2   1    0.73
37    2    0.060    1    2   1    0.67
38    1    0.055    2    2   1    0.46
39    1    0.055    2    2   1    0.89
40    2    -0.051    2    1   1    0.67
41    1    0.051    2    2   1    0.63
42    1    -0.046    1    1   1    0.46
43    1    0.046    2    2   1    0.54
44    2    -0.042    1    2   0    0.43
45    1    0.051    1    1   0    1.37
46    1    -0.060    1    1   1    3.56
47    2    0.060    1    2   1    0.70
48    1    0.055    2    2   1    0.54
49    2    0.055    1    2   1    0.60
50    2    -0.051    2    1   1    0.77
-------------------------
Final staircase threshold estimate (mean) is 0.0517
-------------------------
58    1    0.000    1    1   1    1.81
95    2    0.129    1    2   0    0.60
132    2    -0.051    2    1   0    0.53
80    2    0.129    1    2   0    0.44
62    1    -0.051    1    1   0    0.65
112    2    -0.051    1    2   1    0.85
22    1    -0.051    1    1   0    0.76
130    2    0.129    1    2   0    0.75
84    2    0.051    1    2   0    0.64
103    2    0.000    1    2   0    0.65
50    1    0.129    2    2   0    0.71
54    1    0.051    2    2   0    0.94
44    1    0.051    2    2   0    0.63
33    1    0.000    1    1   1    0.69
92    2    -0.051    2    1   0    1.83
3    1    0.000    1    1   1    0.48
110    2    0.129    1    2   0    0.59
64    1    0.051    2    2   0    1.02
68    1    0.000    1    1   1    0.84
128    2    0.000    1    2   0    1.00
57    1    -0.051    1    1   0    0.67
120    2    0.129    1    2   0    0.67
71    1    -0.129    1    1   0    0.76
109    2    0.051    1    2   0    0.73
91    2    -0.129    2    1   0    0.54
43    1    0.000    1    1   1    0.80
25    1    0.129    2    2   0    0.57
74    1    0.051    2    2   0    1.03
135    2    0.129    1    2   0    0.46
31    1    -0.129    2    2   1    0.54
124    2    0.051    1    2   0    0.55
20    1    0.129    2    2   0    0.53
147    2    -0.051    2    1   0    0.65
16    1    -0.129    1    1   0    0.76
144    2    0.051    1    2   0    0.93
10    1    0.129    2    2   0    0.56
19    1    0.051    2    2   0    0.69
38    1    0.000    1    1   1    0.61
56    1    -0.129    1    1   0    0.74
59    1    0.051    2    2   0    0.54
6    1    -0.129    1    1   0    0.62
81    2    -0.129    2    1   0    0.47
52    1    -0.051    1    1   0    0.58
45    1    0.129    2    2   0    0.62
23    1    0.000    1    1   1    1.82
53    1    0.000    1    1   1    0.80
125    2    0.129    1    2   0    1.94
48    1    0.000    1    1   1    1.50
122    2    -0.051    2    1   0    0.80
121    2    -0.129    2    1   0    2.44
105    2    0.129    1    2   0    0.93
83    2    0.000    1    2   0    2.26
142    2    -0.051    2    1   0    1.01
86    2    -0.129    1    2   1    0.83
107    2    -0.051    2    1   0    1.05
116    2    -0.129    2    1   0    1.44
102    2    -0.051    2    1   0    3.84
46    1    -0.129    1    1   0    0.65
118    2    0.000    2    1   1    3.71
51    1    -0.129    1    1   0    0.66
150    2    0.129    2    1   1    0.54
70    1    0.129    2    2   0    0.75
14    1    0.051    2    2   0    0.64
126    2    -0.129    2    1   0    1.71
79    2    0.051    1    2   0    0.52
141    2    -0.129    2    1   0    0.85
47    1    -0.051    1    1   0    0.87
9    1    0.051    2    2   0    0.43
148    2    0.000    1    2   0    0.53
115    2    0.129    1    2   0    0.73
119    2    0.051    1    2   0    0.76
131    2    -0.129    2    1   0    0.59
146    2    -0.129    2    1   0    1.73
4    1    0.051    2    2   0    1.49
143    2    0.000    1    2   0    0.71
77    2    -0.051    2    1   0    0.68
37    1    -0.051    1    1   0    0.95
28    1    0.000    1    1   1    0.93
69    1    0.051    2    2   0    0.64
41    1    -0.129    1    1   0    0.82
85    2    0.129    1    2   0    0.74
97    2    -0.051    2    1   0    1.32
34    1    0.051    2    2   0    0.61
75    2    0.129    1    2   0    0.76
88    2    0.000    1    2   0    0.78
17    1    -0.051    1    1   0    0.69
98    2    0.000    1    2   0    0.88
60    1    0.129    2    2   0    0.77
137    2    -0.051    2    1   0    0.77
8    1    0.000    1    1   1    0.48
139    2    0.051    1    2   0    0.72
72    1    -0.051    1    1   0    0.71
24    1    0.051    2    2   0    0.93
55    1    0.129    2    2   0    0.57
32    1    -0.051    1    1   0    0.48
73    1    0.000    1    1   1    0.60
99    2    0.051    1    2   0    0.76
26    1    -0.129    1    1   0    0.49
94    2    0.051    1    2   0    0.74
29    1    0.051    2    2   0    0.69
39    1    0.051    2    2   0    0.83
5    1    0.129    2    2   0    0.95
136    2    -0.129    2    1   0    0.97
113    2    0.000    1    2   0    0.67
49    1    0.051    2    2   0    0.91
78    2    0.000    2    1   1    1.93
134    2    0.051    1    2   0    0.86
149    2    0.051    1    2   0    0.70
127    2    -0.051    2    1   0    0.79
13    1    0.000    1    1   1    1.07
114    2    0.051    1    2   0    0.71
104    2    0.051    1    2   0    0.85
87    2    -0.051    2    1   0    0.65
133    2    0.000    1    2   0    0.61
11    1    -0.129    1    1   0    0.58
7    1    -0.051    1    1   0    0.73
100    2    0.129    1    2   0    0.69
30    1    0.129    2    2   0    1.50
27    1    -0.051    1    1   0    0.64
66    1    -0.129    1    1   0    0.74
82    2    -0.051    2    1   0    0.64
89    2    0.051    1    2   0    0.72
90    2    0.129    1    2   0    0.65
93    2    0.000    2    1   1    0.94
108    2    0.000    1    2   0    0.77
65    1    0.129    2    2   0    1.56
35    1    0.129    2    2   0    0.57
106    2    -0.129    2    1   0    1.57
138    2    0.000    1    2   0    1.15
101    2    -0.129    2    1   0    0.72
61    1    -0.129    1    1   0    0.54
129    2    0.051    1    2   0    0.72
111    2    -0.129    2    1   0    0.61
123    2    0.000    1    2   0    0.69
96    2    -0.129    2    1   0    0.55
12    1    -0.051    1    1   0    0.63
140    2    0.129    1    2   0    0.64
63    1    0.000    1    1   1    1.44
40    1    0.129    2    2   0    0.51
67    1    -0.051    1    1   0    0.52
36    1    -0.129    1    1   0    0.62
21    1    -0.129    1    1   0    0.63
145    2    0.129    1    2   0    0.85
15    1    0.129    2    2   0    0.60
18    1    0.000    2    2   0    1.66
1    1    -0.129    1    1   0    0.62
2    1    -0.051    1    1   0    2.24
42    1    -0.051    1    1   0    1.01
117    2    -0.051    2    1   0    0.49
76    2    -0.129    2    1   0    0.57
