--------------------------------
20-Sep-2014 10:20:46 
data from observer A14 
#occlusion2 expt 
reference disparity (degrees) 0.160000 

stim order disp kresp testresp correct time
1    2    0.074    2    1   1    7.95
2    2    -0.069    1    2   1    3.14
3    2    -0.065    1    2   1    1.88
4    1    0.060    1    1   1    1.07
5    1    -0.055    2    2   1    0.71
6    1    0.051    1    1   1    1.14
7    1    0.046    1    1   1    0.77
8    1    -0.042    2    2   1    0.87
9    1    0.037    1    1   1    1.78
10    1    0.032    1    1   1    1.37
11    2    0.028    2    1   1    0.83
12    2    -0.023    1    2   1    0.71
13    2    -0.018    1    2   1    0.78
14    1    0.014    1    1   1    1.42
15    2    0.009    1    2   0    1.02
16    2    -0.018    1    2   1    0.78
17    2    -0.018    1    2   1    0.71
18    2    -0.014    1    2   1    0.70
19    1    -0.014    2    2   1    0.69
20    1    0.009    2    2   0    0.75
21    2    -0.018    1    2   1    0.65
22    2    0.018    1    2   0    0.74
23    1    0.028    1    1   1    0.97
24    2    -0.028    1    2   1    0.71
25    2    -0.023    1    2   1    0.68
26    1    -0.023    2    2   1    0.64
27    2    0.018    2    1   1    0.72
28    1    -0.018    2    2   1    0.61
29    2    -0.014    1    2   1    0.52
30    2    -0.014    1    2   1    0.62
31    1    -0.009    1    1   0    1.12
32    2    -0.018    1    2   1    0.60
33    2    0.018    2    1   1    0.61
34    1    0.014    1    1   1    0.57
35    2    0.014    2    1   1    0.72
36    2    0.009    1    2   0    0.59
37    1    -0.018    2    2   1    0.64
38    2    -0.018    1    2   1    0.90
39    2    0.014    2    1   1    0.99
40    2    -0.014    1    2   1    0.66
41    2    -0.009    1    2   1    2.32
42    2    0.009    2    1   1    3.34
43    1    0.005    1    1   1    1.60
44    2    0.005    1    2   0    1.93
45    1    -0.014    2    2   1    2.03
46    2    0.014    1    2   0    1.01
47    2    -0.023    1    2   1    0.68
48    2    -0.023    1    2   1    0.69
49    1    0.018    1    1   1    0.68
50    1    -0.018    1    1   0    0.66
-------------------------
Final staircase threshold estimate (mean) is 0.0139
-------------------------
60    1    0.037    1    1   1    2.02
22    1    -0.014    2    2   1    2.60
61    1    -0.037    2    2   1    0.78
43    1    0.000    1    1   1    0.59
67    1    -0.014    2    2   1    0.68
4    1    0.014    2    2   0    0.63
89    2    0.014    1    2   0    0.77
79    2    0.014    2    1   1    0.72
1    1    -0.037    2    2   1    1.02
58    1    0.000    1    1   1    0.86
55    1    0.037    1    1   1    1.82
95    2    0.037    2    1   1    0.71
91    2    -0.037    1    2   1    0.52
3    1    0.000    2    2   0    0.58
52    1    -0.014    1    1   0    1.05
147    2    -0.014    1    2   1    1.18
38    1    0.000    1    1   1    0.96
131    2    -0.037    1    2   1    0.74
73    1    0.000    2    2   0    1.11
110    2    0.037    1    2   0    0.73
138    2    0.000    1    2   0    0.76
144    2    0.014    2    1   1    1.27
132    2    -0.014    1    2   1    1.46
94    2    0.014    2    1   1    1.08
150    2    0.037    2    1   1    0.84
135    2    0.037    2    1   1    0.62
13    1    0.000    2    2   0    0.53
48    1    0.000    2    2   0    2.70
32    1    -0.014    1    1   0    0.90
104    2    0.014    2    1   1    1.21
76    2    -0.037    1    2   1    0.92
44    1    0.014    1    1   1    0.84
115    2    0.037    2    1   1    0.74
133    2    0.000    1    2   0    0.51
27    1    -0.014    2    2   1    0.76
42    1    -0.014    1    1   0    1.21
21    1    -0.037    2    2   1    0.70
92    2    -0.014    1    2   1    0.68
35    1    0.037    1    1   1    0.86
25    1    0.037    1    1   1    0.72
6    1    -0.037    2    2   1    0.74
28    1    0.000    1    1   1    4.45
85    2    0.037    2    1   1    0.82
97    2    -0.014    1    2   1    0.64
78    2    0.000    1    2   0    1.07
72    1    -0.014    2    2   1    1.30
108    2    0.000    1    2   0    1.52
10    1    0.037    1    1   1    0.70
113    2    0.000    1    2   0    0.62
77    2    -0.014    1    2   1    0.62
45    1    0.037    1    1   1    0.59
7    1    -0.014    2    2   1    0.82
109    2    0.014    2    1   1    0.58
119    2    0.014    2    1   1    1.23
64    1    0.014    2    2   0    1.43
98    2    0.000    2    1   1    1.08
84    2    0.014    2    1   1    0.73
120    2    0.037    2    1   1    0.66
20    1    0.037    1    1   1    0.56
33    1    0.000    2    2   0    0.79
74    1    0.014    1    1   1    0.60
102    2    -0.014    1    2   1    0.58
70    1    0.037    1    1   1    0.48
122    2    -0.014    1    2   1    0.54
23    1    0.000    2    2   0    2.13
51    1    -0.037    2    2   1    1.55
54    1    0.014    1    1   1    0.70
90    2    0.037    2    1   1    0.84
112    2    -0.014    1    2   1    0.66
148    2    0.000    2    1   1    0.98
65    1    0.037    1    1   1    0.58
80    2    0.037    2    1   1    0.51
145    2    0.037    2    1   1    0.62
26    1    -0.037    2    2   1    0.79
149    2    0.014    2    1   1    0.80
96    2    -0.037    1    2   1    0.52
126    2    -0.037    1    2   1    0.55
41    1    -0.037    2    2   1    0.71
146    2    -0.037    1    2   1    0.92
143    2    0.000    1    2   0    0.87
123    2    0.000    1    2   0    0.96
142    2    -0.014    1    2   1    0.74
128    2    0.000    1    2   0    0.75
5    1    0.037    1    1   1    0.73
2    1    -0.014    2    2   1    0.77
71    1    -0.037    2    2   1    0.71
107    2    -0.014    1    2   1    0.68
17    1    -0.014    2    2   1    0.75
15    1    0.037    1    1   1    0.52
105    2    0.037    2    1   1    0.67
37    1    -0.014    2    2   1    0.79
46    1    -0.037    2    2   1    0.70
57    1    -0.014    2    2   1    1.35
127    2    -0.014    1    2   1    0.81
103    2    0.000    1    2   0    0.58
24    1    0.014    1    1   1    0.88
29    1    0.014    1    1   1    0.73
40    1    0.037    1    1   1    1.60
106    2    -0.037    1    2   1    0.65
101    2    -0.037    1    2   1    0.80
63    1    0.000    1    1   1    0.78
86    2    -0.037    1    2   1    0.63
124    2    0.014    2    1   1    0.70
69    1    0.014    1    1   1    0.73
18    1    0.000    1    1   1    0.72
137    2    -0.014    1    2   1    0.72
83    2    0.000    1    2   0    0.64
8    1    0.000    1    1   1    1.46
68    1    0.000    1    1   1    0.65
19    1    0.014    1    1   1    0.72
134    2    0.014    2    1   1    0.67
49    1    0.014    1    1   1    0.64
66    1    -0.037    2    2   1    0.63
14    1    0.014    1    1   1    0.72
114    2    0.014    2    1   1    0.67
99    2    0.014    2    1   1    0.81
111    2    -0.037    1    2   1    0.65
53    1    0.000    1    1   1    0.69
117    2    -0.014    1    2   1    1.33
39    1    0.014    2    2   0    0.75
81    2    -0.037    1    2   1    0.76
100    2    0.037    2    1   1    0.88
116    2    -0.037    1    2   1    0.82
118    2    0.000    1    2   0    0.82
139    2    0.014    1    2   0    1.07
9    1    0.014    1    1   1    0.80
31    1    -0.037    2    2   1    0.74
121    2    -0.037    1    2   1    0.58
130    2    0.037    2    1   1    0.70
56    1    -0.037    2    2   1    1.18
87    2    -0.014    1    2   1    0.69
93    2    0.000    2    1   1    1.31
50    1    0.037    1    1   1    1.59
34    1    0.014    2    2   0    1.73
30    1    0.037    1    1   1    1.67
82    2    -0.014    1    2   1    0.76
59    1    0.014    1    1   1    1.21
140    2    0.037    2    1   1    0.57
16    1    -0.037    2    2   1    0.96
75    2    0.037    2    1   1    0.55
88    2    0.000    2    1   1    0.61
129    2    0.014    1    2   0    0.98
12    1    -0.014    2    2   1    0.95
125    2    0.037    1    2   0    0.98
141    2    -0.037    2    1   0    2.09
11    1    -0.037    2    2   1    1.09
36    1    -0.037    2    2   1    0.59
136    2    -0.037    1    2   1    0.65
47    1    -0.014    2    2   1    0.74
62    1    -0.014    2    2   1    0.71
