--------------------------------
20-Sep-2014 10:35:38 
data from observer A14 
#occlusion2 expt 
reference disparity (degrees) 0.160000 

stim order disp kresp testresp correct time
1    2    0.074    2    1   1    4.62
2    1    0.069    1    1   1    0.72
3    1    -0.065    2    2   1    0.58
4    2    -0.060    1    2   1    0.61
5    1    0.055    1    1   1    3.33
6    1    -0.051    2    2   1    0.72
7    1    0.046    1    1   1    0.45
8    2    -0.042    1    2   1    0.59
9    1    0.037    1    1   1    0.67
10    2    -0.032    1    2   1    0.73
11    2    -0.028    1    2   1    2.84
12    2    0.023    2    1   1    0.75
13    1    -0.018    2    2   1    3.56
14    1    -0.014    2    2   1    1.89
15    1    -0.009    1    1   0    0.73
16    2    -0.018    1    2   1    0.80
17    2    -0.018    1    2   1    0.64
18    2    0.014    2    1   1    4.45
19    2    -0.014    1    2   1    0.74
20    1    0.009    1    1   1    0.75
21    2    -0.009    1    2   1    0.75
22    2    -0.005    1    2   1    0.76
23    1    -0.005    2    2   1    1.03
24    1    -0.005    2    2   1    0.79
25    1    0.005    2    2   0    0.63
26    2    -0.014    1    2   1    0.59
27    2    -0.014    1    2   1    0.60
28    2    -0.009    1    2   1    0.60
29    1    0.009    1    1   1    2.77
30    1    0.005    1    1   1    1.06
31    2    -0.005    1    2   1    0.73
32    1    -0.005    2    2   1    0.98
33    1    0.005    1    1   1    3.19
34    1    0.005    1    1   1    0.60
35    2    0.005    2    1   1    0.98
36    1    0.005    1    1   1    1.09
37    2    -0.005    1    2   1    1.00
38    2    -0.005    1    2   1    3.38
39    2    -0.005    1    2   1    1.35
40    1    -0.005    2    2   1    1.22
41    1    -0.005    1    1   0    0.79
42    2    -0.014    1    2   1    1.37
43    1    -0.014    2    2   1    0.94
44    2    -0.009    1    2   1    1.21
45    2    0.009    2    1   1    0.54
46    1    -0.005    2    2   1    0.74
47    1    0.005    1    1   1    0.77
48    1    0.005    1    1   1    0.86
49    2    0.005    1    2   0    0.68
50    2    -0.014    1    2   1    0.56
-------------------------
Final staircase threshold estimate (mean) is 0.0083
-------------------------
115    2    0.023    2    1   1    2.71
99    2    0.009    2    1   1    1.79
144    2    0.009    2    1   1    0.67
94    2    0.009    1    2   0    0.61
23    1    0.000    2    2   0    0.57
127    2    -0.009    1    2   1    0.62
83    2    0.000    2    1   1    1.31
46    1    -0.023    2    2   1    1.11
76    2    -0.023    1    2   1    0.61
45    1    0.023    1    1   1    0.58
139    2    0.009    2    1   1    0.69
18    1    0.000    1    1   1    0.53
90    2    0.023    2    1   1    0.56
29    1    0.009    1    1   1    0.63
54    1    0.009    1    1   1    0.65
132    2    -0.009    1    2   1    0.57
21    1    -0.023    2    2   1    0.67
26    1    -0.023    2    2   1    0.78
125    2    0.023    2    1   1    0.83
20    1    0.023    1    1   1    0.61
145    2    0.023    2    1   1    0.57
56    1    -0.023    2    2   1    0.67
103    2    0.000    1    2   0    0.66
114    2    0.009    2    1   1    0.95
150    2    0.023    2    1   1    0.76
140    2    0.023    2    1   1    0.65
130    2    0.023    2    1   1    0.97
63    1    0.000    1    1   1    0.62
60    1    0.023    1    1   1    0.64
69    1    0.009    1    1   1    3.54
7    1    -0.009    2    2   1    0.79
19    1    0.009    1    1   1    0.73
88    2    0.000    1    2   0    0.63
38    1    0.000    1    1   1    0.66
57    1    -0.009    2    2   1    2.31
34    1    0.009    1    1   1    0.67
59    1    0.009    1    1   1    1.04
9    1    0.009    1    1   1    3.62
79    2    0.009    2    1   1    1.55
86    2    -0.023    1    2   1    0.71
15    1    0.023    1    1   1    0.56
133    2    0.000    1    2   0    0.65
72    1    -0.009    2    2   1    2.63
44    1    0.009    1    1   1    0.75
73    1    0.000    2    2   0    0.65
36    1    -0.023    2    2   1    0.85
80    2    0.023    2    1   1    0.59
55    1    0.023    1    1   1    0.99
126    2    -0.023    1    2   1    2.60
112    2    -0.009    1    2   1    2.37
81    2    -0.023    1    2   1    2.89
6    1    -0.023    2    2   1    0.85
58    1    0.000    1    1   1    1.03
93    2    0.000    1    2   0    0.61
49    1    0.009    2    2   0    0.70
13    1    0.000    1    1   1    0.59
16    1    -0.023    2    2   1    0.91
108    2    0.000    1    2   0    2.15
52    1    -0.009    2    2   1    0.76
101    2    -0.023    1    2   1    0.91
48    1    0.000    1    1   1    0.74
141    2    -0.023    1    2   1    0.76
8    1    0.000    1    1   1    0.84
146    2    -0.023    1    2   1    0.65
131    2    -0.023    1    2   1    1.63
78    2    0.000    1    2   0    0.94
10    1    0.023    1    1   1    0.68
32    1    -0.009    2    2   1    0.81
3    1    0.000    1    1   1    0.66
27    1    -0.009    1    1   0    0.73
75    2    0.023    2    1   1    0.72
98    2    0.000    2    1   1    2.25
25    1    0.023    1    1   1    0.75
40    1    0.023    1    1   1    0.55
17    1    -0.009    2    2   1    1.66
50    1    0.023    1    1   1    0.69
148    2    0.000    2    1   1    1.70
12    1    -0.009    2    2   1    4.79
66    1    -0.023    2    2   1    0.80
135    2    0.023    2    1   1    0.66
128    2    0.000    1    2   0    0.91
117    2    -0.009    2    1   0    0.54
118    2    0.000    1    2   0    0.51
116    2    -0.023    2    1   0    0.59
41    1    -0.023    2    2   1    0.72
68    1    0.000    2    2   0    0.79
110    2    0.023    2    1   1    0.68
4    1    0.009    1    1   1    0.80
111    2    -0.023    1    2   1    0.68
28    1    0.000    1    1   1    0.69
96    2    -0.023    1    2   1    0.69
123    2    0.000    1    2   0    0.62
53    1    0.000    1    1   1    0.65
92    2    -0.009    1    2   1    0.72
2    1    -0.009    2    2   1    0.78
89    2    0.009    1    2   0    0.65
11    1    -0.023    2    2   1    0.59
61    1    -0.023    2    2   1    0.56
137    2    -0.009    1    2   1    0.57
1    1    -0.023    2    2   1    0.56
31    1    -0.023    2    2   1    0.61
87    2    -0.009    1    2   1    0.55
119    2    0.009    2    1   1    0.68
109    2    0.009    1    2   0    0.61
113    2    0.000    1    2   0    0.71
84    2    0.009    2    1   1    4.81
102    2    -0.009    1    2   1    0.59
129    2    0.009    2    1   1    0.60
142    2    -0.009    1    2   1    0.86
65    1    0.023    1    1   1    0.70
149    2    0.009    2    1   1    0.59
107    2    -0.009    1    2   1    0.69
147    2    -0.009    1    2   1    1.07
136    2    -0.023    2    1   0    0.72
43    1    0.000    1    1   1    0.69
106    2    -0.023    1    2   1    1.18
77    2    -0.009    1    2   1    1.04
134    2    0.009    2    1   1    0.66
82    2    -0.009    1    2   1    2.45
62    1    -0.009    2    2   1    0.84
47    1    -0.009    2    2   1    0.80
104    2    0.009    2    1   1    0.83
35    1    0.023    2    2   0    1.92
24    1    0.009    2    2   0    2.17
74    1    0.009    2    2   0    2.30
97    2    -0.009    1    2   1    0.89
95    2    0.023    2    1   1    0.67
70    1    0.023    2    2   0    0.57
71    1    -0.023    2    2   1    0.66
33    1    0.000    2    2   0    0.55
85    2    0.023    2    1   1    0.62
14    1    0.009    2    2   0    0.63
22    1    -0.009    2    2   1    1.93
51    1    -0.023    2    2   1    0.68
143    2    0.000    2    1   1    0.85
138    2    0.000    2    1   1    0.60
64    1    0.009    2    2   0    0.62
122    2    -0.009    1    2   1    0.68
105    2    0.023    2    1   1    0.61
5    1    0.023    1    1   1    0.88
100    2    0.023    2    1   1    0.80
124    2    0.009    2    1   1    1.06
120    2    0.023    2    1   1    1.33
37    1    -0.009    1    1   0    0.98
121    2    -0.023    1    2   1    0.66
39    1    0.009    1    1   1    0.64
91    2    -0.023    1    2   1    0.57
67    1    -0.009    2    2   1    0.62
30    1    0.023    1    1   1    0.55
42    1    -0.009    2    2   1    0.55
