--------------------------------
13-Sep-2014 12:12:56 
data from observer A14 
#occlusion2 expt 
reference disparity (degrees) 0.160000 

stim order disp kresp testresp correct time
1    2    -0.074    1    2   0    17.09
2    2    0.083    2    1   0    7.57
3    1    0.092    1    1   0    7.76
4    1    -0.102    2    2   0    1.31
5    2    -0.111    1    2   0    1.10
6    2    -0.120    2    1   1    10.22
7    1    -0.115    2    2   0    6.58
8    1    -0.125    2    2   0    1.83
9    2    0.134    2    1   0    0.94
10    1    0.143    1    1   0    4.93
11    1    -0.148    2    2   0    3.23
12    1    0.148    1    1   0    4.38
13    1    0.148    1    1   0    2.41
14    2    -0.148    1    2   0    3.45
15    1    0.148    1    1   0    4.05
16    2    -0.148    1    2   0    1.20
17    2    -0.148    1    2   0    2.13
18    2    0.148    2    1   0    0.59
19    2    0.148    2    1   0    0.58
20    1    0.148    1    1   0    0.94
21    1    0.148    1    1   0    0.67
22    1    0.148    1    1   0    1.50
23    2    -0.148    1    2   0    0.85
24    1    -0.148    2    2   0    0.87
25    2    0.148    2    1   0    0.60
26    2    -0.148    1    2   0    0.74
27    1    0.148    1    1   0    0.62
28    2    -0.148    1    2   0    0.80
29    2    -0.148    1    2   0    0.89
30    2    -0.148    1    2   0    0.64
31    1    0.148    1    1   0    0.64
32    2    0.148    1    2   1    0.93
33    1    0.148    1    1   0    0.83
34    2    -0.148    1    2   0    3.25
35    1    -0.148    2    2   0    1.39
36    2    0.148    2    1   0    1.58
37    2    0.148    2    1   0    1.09
38    1    0.148    1    1   0    5.20
39    2    -0.148    1    2   0    2.01
40    2    -0.148    1    2   0    4.28
41    1    0.148    1    1   0    1.13
42    1    0.148    2    2   1    6.62
43    1    -0.148    2    2   0    0.80
44    2    -0.148    1    2   0    0.60
45    1    0.148    1    1   0    0.58
46    2    -0.148    1    2   0    0.56
47    2    0.148    2    1   0    0.89
48    2    0.148    2    1   0    0.52
49    2    0.148    2    1   0    0.48
50    1    0.148    1    1   0    0.53
-------------------------
Final staircase threshold estimate (mean) is 0.1478
-------------------------
136    2    -0.148    1    2   1    3.86
111    2    -0.148    1    2   1    0.56
105    2    0.148    2    1   1    0.62
149    2    0.143    2    1   1    0.58
69    1    0.143    1    1   1    0.49
23    1    0.000    1    1   1    2.81
21    1    -0.148    1    1   0    0.77
63    1    0.000    1    1   1    9.54
42    1    -0.143    2    2   1    3.23
119    2    0.143    2    1   1    1.86
87    2    -0.143    1    2   1    2.31
38    1    0.000    2    2   0    4.17
83    2    0.000    2    1   1    1.77
51    1    -0.148    1    1   0    2.71
58    1    0.000    1    1   1    2.39
120    2    0.148    2    1   1    0.75
80    2    0.148    2    1   1    0.85
73    1    0.000    1    1   1    3.13
26    1    -0.148    2    2   1    1.12
28    1    0.000    2    2   0    0.65
124    2    0.143    2    1   1    0.78
12    1    -0.143    2    2   1    1.05
130    2    0.148    2    1   1    0.84
90    2    0.148    2    1   1    1.56
68    1    0.000    2    2   0    1.17
137    2    -0.143    1    2   1    0.95
40    1    0.148    1    1   1    1.00
22    1    -0.143    2    2   1    1.02
61    1    -0.148    2    2   1    1.35
19    1    0.143    1    1   1    0.62
132    2    -0.143    1    2   1    0.94
34    1    0.143    1    1   1    0.92
103    2    0.000    2    1   1    1.55
3    1    0.000    1    1   1    0.72
41    1    -0.148    2    2   1    0.75
31    1    -0.148    2    2   1    4.58
88    2    0.000    1    2   0    1.81
138    2    0.000    1    2   0    3.60
2    1    -0.143    2    2   1    1.05
142    2    -0.143    1    2   1    2.74
16    1    -0.148    2    2   1    1.06
129    2    0.143    2    1   1    1.30
72    1    -0.143    2    2   1    1.63
96    2    -0.148    1    2   1    0.80
141    2    -0.148    1    2   1    0.88
4    1    0.143    2    2   0    0.99
97    2    -0.143    1    2   1    2.64
52    1    -0.143    2    2   1    1.91
106    2    -0.148    1    2   1    1.24
115    2    0.148    2    1   1    1.53
108    2    0.000    1    2   0    4.20
33    1    0.000    2    2   0    2.28
50    1    0.148    1    1   1    1.29
125    2    0.148    2    1   1    1.52
45    1    0.148    1    1   1    1.22
39    1    0.143    1    1   1    0.73
74    1    0.143    1    1   1    0.83
127    2    -0.143    1    2   1    1.07
95    2    0.148    2    1   1    0.83
8    1    0.000    2    2   0    0.59
14    1    0.143    1    1   1    0.70
92    2    -0.143    1    2   1    0.70
49    1    0.143    1    1   1    0.73
27    1    -0.143    2    2   1    0.57
135    2    0.148    2    1   1    0.58
143    2    0.000    1    2   0    3.16
67    1    -0.143    2    2   1    1.02
100    2    0.148    2    1   1    0.76
110    2    0.148    2    1   1    0.66
5    1    0.148    2    2   0    0.67
101    2    -0.148    1    2   1    0.79
99    2    0.143    2    1   1    0.62
54    1    0.143    1    1   1    0.93
59    1    0.143    1    1   1    1.30
82    2    -0.143    1    2   1    0.83
116    2    -0.148    1    2   1    0.59
85    2    0.148    2    1   1    0.58
66    1    -0.148    2    2   1    0.59
146    2    -0.148    1    2   1    0.76
7    1    -0.143    2    2   1    0.73
56    1    -0.148    2    2   1    0.68
18    1    0.000    1    1   1    1.43
53    1    0.000    1    1   1    0.77
29    1    0.143    1    1   1    0.74
150    2    0.148    2    1   1    0.62
64    1    0.143    1    1   1    0.62
60    1    0.148    1    1   1    0.52
112    2    -0.143    1    2   1    0.68
140    2    0.148    2    1   1    0.56
113    2    0.000    2    1   1    0.59
62    1    -0.143    2    2   1    0.81
13    1    0.000    1    1   1    2.51
109    2    0.143    2    1   1    0.63
48    1    0.000    1    1   1    0.80
37    1    -0.143    2    2   1    1.32
147    2    -0.143    1    2   1    1.09
11    1    -0.148    2    2   1    0.76
91    2    -0.148    1    2   1    0.71
55    1    0.148    1    1   1    0.79
81    2    -0.148    1    2   1    1.36
114    2    0.143    2    1   1    0.72
121    2    -0.148    1    2   1    1.09
89    2    0.143    2    1   1    1.30
94    2    0.143    2    1   1    0.85
77    2    -0.143    1    2   1    0.60
35    1    0.148    1    1   1    0.47
131    2    -0.148    1    2   1    0.57
126    2    -0.148    1    2   1    0.53
20    1    0.148    2    2   0    0.53
117    2    -0.143    1    2   1    0.60
17    1    -0.143    2    2   1    0.61
148    2    0.000    1    2   0    0.64
6    1    -0.148    2    2   1    0.68
134    2    0.143    1    2   0    0.50
47    1    -0.143    2    2   1    0.69
70    1    0.148    1    1   1    0.60
122    2    -0.143    1    2   1    0.82
93    2    0.000    1    2   0    1.57
107    2    -0.143    1    2   1    0.97
1    1    -0.148    2    2   1    0.99
86    2    -0.148    1    2   1    0.65
44    1    0.143    2    2   0    0.64
71    1    -0.148    2    2   1    0.80
57    1    -0.143    2    2   1    0.60
75    2    0.148    2    1   1    1.43
46    1    -0.148    2    2   1    1.97
25    1    0.148    1    1   1    0.85
76    2    -0.148    1    2   1    2.44
65    1    0.148    1    1   1    0.76
128    2    0.000    1    2   0    5.10
133    2    0.000    1    2   0    3.77
139    2    0.143    2    1   1    0.71
104    2    0.143    2    1   1    0.57
24    1    0.143    1    1   1    0.67
118    2    0.000    2    1   1    0.53
84    2    0.143    2    1   1    0.56
43    1    0.000    2    2   0    0.63
144    2    0.143    2    1   1    0.68
9    1    0.143    2    2   0    0.88
98    2    0.000    2    1   1    0.91
145    2    0.148    2    1   1    0.99
79    2    0.143    2    1   1    0.98
102    2    -0.143    1    2   1    1.04
30    1    0.148    1    1   1    0.64
78    2    0.000    1    2   0    0.39
10    1    0.148    1    1   1    0.50
36    1    -0.148    2    2   1    0.54
123    2    0.000    1    2   0    0.71
32    1    -0.143    1    1   0    1.24
15    1    0.148    1    1   1    0.93
