--------------------------------
13-Sep-2014 11:53:18 
data from observer A14 
#occlusion2 expt 
reference disparity (degrees) 0.160000 

stim order disp kresp testresp correct time
1    2    0.074    2    1   0    45.02
2    1    -0.083    2    2   0    3.28
3    2    -0.092    1    2   0    4.36
4    2    -0.102    2    1   1    1.46
5    1    -0.097    2    2   0    1.18
6    1    0.106    1    1   0    1.19
7    1    0.115    1    1   0    5.09
8    2    -0.125    1    2   0    4.29
9    2    -0.134    1    2   0    2.69
10    2    0.143    2    1   0    4.14
11    1    0.148    1    1   0    1.22
12    1    -0.148    2    2   0    1.65
13    2    -0.148    1    2   0    3.93
14    2    0.148    2    1   0    3.04
15    1    -0.148    1    1   1    1.63
16    1    0.148    1    1   0    3.29
17    1    0.148    1    1   0    2.07
18    2    0.148    2    1   0    3.95
19    1    -0.148    2    2   0    0.97
20    1    0.148    1    1   0    3.33
21    2    0.148    2    1   0    3.84
22    1    -0.148    2    2   0    1.51
23    2    -0.148    1    2   0    1.85
24    1    -0.148    2    2   0    1.96
25    2    -0.148    1    2   0    0.71
26    2    0.148    2    1   0    0.55
27    2    0.148    2    1   0    0.66
28    1    -0.148    2    2   0    2.28
29    1    0.148    1    1   0    1.29
30    2    -0.148    1    2   0    0.79
31    2    0.148    2    1   0    1.48
32    2    0.148    2    1   0    1.68
33    1    0.148    1    1   0    0.99
34    2    0.148    2    1   0    3.82
35    2    0.148    2    1   0    4.45
36    1    0.148    2    2   1    1.33
37    2    -0.148    1    2   0    1.93
38    1    -0.148    2    2   0    1.62
39    1    -0.148    2    2   0    1.53
40    2    -0.148    1    2   0    1.42
41    1    -0.148    2    2   0    0.81
42    1    -0.148    2    2   0    1.65
43    1    -0.148    2    2   0    0.87
44    1    -0.148    2    2   0    1.58
45    2    -0.148    1    2   0    2.67
46    2    0.148    2    1   0    1.27
47    1    -0.148    2    2   0    1.86
48    2    -0.148    1    2   0    0.73
49    2    -0.148    1    2   0    1.87
50    2    0.148    2    1   0    1.45
-------------------------
Final staircase threshold estimate (mean) is 0.1478
-------------------------
17    1    -0.143    2    2   1    19.29
40    1    0.148    1    1   1    2.60
78    2    0.000    1    2   0    2.98
46    1    -0.148    2    2   1    2.90
4    1    0.143    1    1   1    1.06
50    1    0.148    1    1   1    1.65
60    1    0.148    1    1   1    3.44
113    2    0.000    1    2   0    9.29
139    2    0.143    2    1   1    1.81
84    2    0.143    2    1   1    0.87
135    2    0.148    2    1   1    2.48
110    2    0.148    2    1   1    2.54
99    2    0.143    2    1   1    3.68
76    2    -0.148    1    2   1    3.80
33    1    0.000    1    1   1    2.64
124    2    0.143    2    1   1    1.94
123    2    0.000    1    2   0    4.56
59    1    0.143    1    1   1    2.67
30    1    0.148    1    1   1    2.23
74    1    0.143    1    1   1    1.84
150    2    0.148    2    1   1    2.32
34    1    0.143    1    1   1    1.58
71    1    -0.148    2    2   1    1.36
9    1    0.143    1    1   1    1.95
98    2    0.000    1    2   0    1.14
14    1    0.143    1    1   1    1.18
65    1    0.148    2    2   0    1.56
16    1    -0.148    2    2   1    1.72
143    2    0.000    1    2   0    1.60
66    1    -0.148    2    2   1    2.12
35    1    0.148    1    1   1    2.10
148    2    0.000    2    1   1    2.70
87    2    -0.143    2    1   0    1.37
105    2    0.148    2    1   1    3.31
81    2    -0.148    1    2   1    6.08
94    2    0.143    2    1   1    3.24
7    1    -0.143    2    2   1    1.52
8    1    0.000    2    2   0    1.62
100    2    0.148    2    1   1    1.14
134    2    0.143    2    1   1    1.29
39    1    0.143    1    1   1    2.55
125    2    0.148    2    1   1    2.78
70    1    0.148    1    1   1    1.80
6    1    -0.148    2    2   1    2.08
92    2    -0.143    1    2   1    0.96
42    1    -0.143    2    2   1    1.69
62    1    -0.143    2    2   1    1.35
141    2    -0.148    1    2   1    1.50
23    1    0.000    2    2   0    1.19
130    2    0.148    2    1   1    0.49
129    2    0.143    1    2   0    0.30
18    1    0.000    2    2   0    0.30
120    2    0.148    2    1   1    1.46
149    2    0.143    2    1   1    1.88
111    2    -0.148    1    2   1    1.55
1    1    -0.148    2    2   1    2.72
67    1    -0.143    2    2   1    1.79
32    1    -0.143    2    2   1    1.29
15    1    0.148    1    1   1    1.25
57    1    -0.143    2    2   1    4.10
73    1    0.000    2    2   0    3.62
69    1    0.143    1    1   1    1.03
45    1    0.148    1    1   1    1.86
145    2    0.148    2    1   1    2.00
72    1    -0.143    2    2   1    1.18
108    2    0.000    2    1   1    0.84
2    1    -0.143    2    2   1    0.81
37    1    -0.143    2    2   1    1.09
75    2    0.148    1    2   0    0.79
22    1    -0.143    2    2   1    1.28
144    2    0.143    2    1   1    0.64
82    2    -0.143    1    2   1    2.07
51    1    -0.148    2    2   1    0.83
121    2    -0.148    1    2   1    1.01
85    2    0.148    2    1   1    1.40
24    1    0.143    1    1   1    0.92
31    1    -0.148    2    2   1    1.10
91    2    -0.148    1    2   1    0.79
112    2    -0.143    1    2   1    0.93
126    2    -0.148    2    1   0    0.92
116    2    -0.148    1    2   1    1.17
41    1    -0.148    2    2   1    0.66
21    1    -0.148    2    2   1    0.94
3    1    0.000    1    1   1    1.13
5    1    0.148    1    1   1    2.21
115    2    0.148    2    1   1    1.26
83    2    0.000    2    1   1    6.60
79    2    0.143    1    2   0    0.76
106    2    -0.148    2    1   0    1.57
27    1    -0.143    2    2   1    0.82
58    1    0.000    1    1   1    2.98
52    1    -0.143    2    2   1    3.40
140    2    0.148    2    1   1    1.33
137    2    -0.143    1    2   1    2.04
63    1    0.000    2    2   0    3.51
97    2    -0.143    2    1   0    3.28
77    2    -0.143    2    1   0    2.65
96    2    -0.148    1    2   1    0.64
20    1    0.148    1    1   1    1.07
133    2    0.000    2    1   1    1.40
86    2    -0.148    2    1   0    1.69
29    1    0.143    2    2   0    1.82
55    1    0.148    1    1   1    2.52
47    1    -0.143    2    2   1    2.23
36    1    -0.148    2    2   1    2.93
147    2    -0.143    2    1   0    3.02
53    1    0.000    2    2   0    1.76
38    1    0.000    1    1   1    3.07
19    1    0.143    2    2   0    4.95
103    2    0.000    2    1   1    3.83
128    2    0.000    1    2   0    1.14
54    1    0.143    1    1   1    3.43
104    2    0.143    2    1   1    4.46
114    2    0.143    1    2   0    4.93
56    1    -0.148    1    1   0    2.38
13    1    0.000    2    2   0    1.50
93    2    0.000    1    2   0    1.07
28    1    0.000    1    1   1    1.33
122    2    -0.143    2    1   0    1.69
25    1    0.148    2    2   0    2.09
26    1    -0.148    1    1   0    1.70
119    2    0.143    1    2   0    0.99
80    2    0.148    2    1   1    0.43
107    2    -0.143    1    2   1    0.48
12    1    -0.143    2    2   1    0.06
146    2    -0.148    1    2   1    2.32
142    2    -0.143    2    1   0    0.84
117    2    -0.143    2    1   0    1.09
88    2    0.000    1    2   0    2.60
48    1    0.000    1    1   1    2.25
136    2    -0.148    2    1   0    1.17
90    2    0.148    1    2   0    1.54
131    2    -0.148    2    1   0    1.02
101    2    -0.148    1    2   1    1.16
118    2    0.000    2    1   1    0.86
44    1    0.143    1    1   1    0.77
102    2    -0.143    2    1   0    0.92
132    2    -0.143    1    2   1    1.01
68    1    0.000    2    2   0    0.94
11    1    -0.148    1    1   0    0.79
43    1    0.000    2    2   0    0.59
138    2    0.000    1    2   0    0.64
10    1    0.148    2    2   0    0.55
95    2    0.148    1    2   0    0.45
64    1    0.143    2    2   0    0.39
89    2    0.143    1    2   0    0.37
49    1    0.143    2    2   0    0.49
127    2    -0.143    2    1   0    0.76
61    1    -0.148    1    1   0    1.13
109    2    0.143    2    1   1    0.56
