--------------------------------
16-Sep-2014 11:18:07 
data from observer A15 
#occlusion2 expt 
reference disparity (degrees) 0.160000 

stim order disp kresp testresp correct time
1    1    -0.074    2    2   1    1.37
2    2    -0.069    1    2   1    0.68
3    1    0.065    1    1   1    0.81
4    2    0.060    2    1   1    0.90
5    1    -0.055    2    2   1    0.76
6    1    -0.051    2    2   1    0.76
7    1    -0.046    2    2   1    1.01
8    2    0.042    2    1   1    0.90
9    2    -0.037    1    2   1    1.18
10    2    -0.032    1    2   1    1.14
11    1    0.028    1    1   1    1.61
12    1    -0.023    2    2   1    0.79
13    2    0.018    2    1   1    0.93
14    2    -0.014    1    2   1    0.91
15    2    0.009    2    1   1    1.26
16    1    -0.005    2    2   1    1.74
17    1    -0.005    1    1   0    0.87
18    2    -0.014    1    2   1    2.08
19    2    0.014    2    1   1    1.45
20    1    -0.009    1    1   0    0.27
21    1    0.018    1    1   1    2.69
22    2    -0.018    1    2   1    1.05
23    1    0.014    2    2   0    1.21
24    2    -0.023    1    2   1    1.29
25    2    -0.023    1    2   1    1.07
26    2    -0.018    2    1   0    1.75
27    2    0.028    2    1   1    3.05
28    2    0.028    2    1   1    0.82
29    2    -0.023    1    2   1    0.93
30    2    0.023    2    1   1    1.17
31    1    0.018    1    1   1    0.79
32    1    0.018    2    2   0    1.60
33    1    0.028    1    1   1    2.29
34    1    0.028    1    1   1    1.72
35    2    0.023    2    1   1    0.78
36    1    -0.023    2    2   1    0.79
37    2    -0.018    1    2   1    1.43
38    1    -0.018    2    2   1    0.89
39    2    0.014    2    1   1    0.67
40    1    0.014    1    1   1    1.12
41    1    0.009    1    1   1    1.42
42    2    0.009    2    1   1    0.82
43    2    0.005    2    1   1    1.76
44    2    -0.005    1    2   1    1.49
45    2    -0.005    2    1   0    0.66
46    2    -0.014    2    1   0    2.40
47    1    -0.023    2    2   1    0.86
48    1    -0.023    2    2   1    0.79
49    1    -0.018    2    2   1    1.13
50    1    -0.018    2    2   1    2.77
-------------------------
Final staircase threshold estimate (mean) is 0.0129
-------------------------
22    1    -0.014    1    1   0    5.73
115    2    0.032    2    1   1    0.76
67    1    -0.014    2    2   1    1.30
73    1    0.000    1    1   1    1.68
133    2    0.000    1    2   0    2.42
40    1    0.032    1    1   1    3.23
35    1    0.032    2    2   0    1.39
131    2    -0.032    1    2   1    1.19
37    1    -0.014    2    2   1    1.43
128    2    0.000    1    2   0    1.88
5    1    0.032    1    1   1    1.35
119    2    0.014    2    1   1    2.13
41    1    -0.032    2    2   1    2.12
99    2    0.014    1    2   0    2.62
100    2    0.032    2    1   1    1.10
111    2    -0.032    1    2   1    0.86
84    2    0.014    2    1   1    1.03
6    1    -0.032    2    2   1    2.46
121    2    -0.032    1    2   1    0.91
139    2    0.014    2    1   1    1.23
66    1    -0.032    2    2   1    1.13
10    1    0.032    1    1   1    0.87
53    1    0.000    2    2   0    3.61
16    1    -0.032    2    2   1    2.39
23    1    0.000    1    1   1    1.51
47    1    -0.014    2    2   1    1.22
108    2    0.000    1    2   0    2.36
46    1    -0.032    2    2   1    1.61
68    1    0.000    2    2   0    1.41
141    2    -0.032    1    2   1    0.77
95    2    0.032    2    1   1    0.76
101    2    -0.032    1    2   1    1.34
65    1    0.032    2    2   0    2.26
18    1    0.000    2    2   0    1.64
129    2    0.014    2    1   1    1.56
85    2    0.032    2    1   1    1.02
130    2    0.032    2    1   1    3.32
77    2    -0.014    1    2   1    1.11
118    2    0.000    2    1   1    2.04
136    2    -0.032    1    2   1    0.79
60    1    0.032    1    1   1    1.22
120    2    0.032    2    1   1    0.75
24    1    0.014    1    1   1    0.77
127    2    -0.014    1    2   1    1.20
28    1    0.000    2    2   0    1.71
15    1    0.032    1    1   1    0.69
97    2    -0.014    1    2   1    0.93
72    1    -0.014    2    2   1    1.39
112    2    -0.014    1    2   1    0.79
138    2    0.000    2    1   1    1.96
150    2    0.032    2    1   1    0.88
27    1    -0.014    2    2   1    0.84
96    2    -0.032    1    2   1    0.74
49    1    0.014    1    1   1    1.03
1    1    -0.032    2    2   1    0.84
48    1    0.000    1    1   1    2.50
45    1    0.032    1    1   1    1.39
11    1    -0.032    2    2   1    0.77
44    1    0.014    1    1   1    1.61
13    1    0.000    2    2   0    0.87
124    2    0.014    2    1   1    2.02
71    1    -0.032    1    1   0    1.46
87    2    -0.014    1    2   1    1.32
135    2    0.032    2    1   1    1.24
123    2    0.000    1    2   0    4.26
21    1    -0.032    2    2   1    1.22
126    2    -0.032    1    2   1    0.92
38    1    0.000    2    2   0    3.62
29    1    0.014    1    1   1    0.86
76    2    -0.032    1    2   1    1.02
52    1    -0.014    2    2   1    1.60
88    2    0.000    1    2   0    3.41
81    2    -0.032    1    2   1    0.90
39    1    0.014    2    2   0    0.94
122    2    -0.014    1    2   1    2.81
51    1    -0.032    2    2   1    0.80
2    1    -0.014    1    1   0    2.56
94    2    0.014    2    1   1    1.21
63    1    0.000    1    1   1    0.93
32    1    -0.014    2    2   1    1.25
70    1    0.032    1    1   1    0.75
110    2    0.032    2    1   1    0.93
43    1    0.000    1    1   1    1.00
69    1    0.014    2    2   0    0.86
140    2    0.032    2    1   1    0.80
98    2    0.000    1    2   0    1.72
92    2    -0.014    2    1   0    1.21
36    1    -0.032    2    2   1    0.81
26    1    -0.032    2    2   1    0.85
134    2    0.014    1    2   0    1.19
61    1    -0.032    2    2   1    0.86
33    1    0.000    1    1   1    1.21
147    2    -0.014    1    2   1    2.34
75    2    0.032    2    1   1    0.88
116    2    -0.032    1    2   1    0.93
7    1    -0.014    2    2   1    0.79
137    2    -0.014    2    1   0    1.66
57    1    -0.014    2    2   1    2.23
143    2    0.000    1    2   0    1.74
17    1    -0.014    2    2   1    2.89
55    1    0.032    1    1   1    0.86
12    1    -0.014    2    2   1    1.41
149    2    0.014    1    2   0    0.86
3    1    0.000    1    1   1    1.06
132    2    -0.014    1    2   1    1.01
148    2    0.000    2    1   1    2.65
104    2    0.014    1    2   0    1.94
34    1    0.014    2    2   0    2.24
62    1    -0.014    2    2   1    1.53
20    1    0.032    1    1   1    0.87
145    2    0.032    2    1   1    0.82
8    1    0.000    1    1   1    1.75
91    2    -0.032    1    2   1    1.18
50    1    0.032    1    1   1    1.96
117    2    -0.014    1    2   1    2.79
78    2    0.000    2    1   1    2.20
146    2    -0.032    1    2   1    1.06
103    2    0.000    2    1   1    1.25
74    1    0.014    1    1   1    2.33
86    2    -0.032    1    2   1    1.38
79    2    0.014    2    1   1    1.21
114    2    0.014    2    1   1    3.22
56    1    -0.032    2    2   1    3.32
83    2    0.000    1    2   0    1.04
144    2    0.014    2    1   1    1.56
64    1    0.014    1    1   1    2.13
80    2    0.032    2    1   1    1.65
14    1    0.014    1    1   1    0.90
19    1    0.014    1    1   1    0.95
25    1    0.032    2    2   0    3.62
142    2    -0.014    1    2   1    0.95
54    1    0.014    1    1   1    1.59
125    2    0.032    2    1   1    1.25
4    1    0.014    1    1   1    1.09
113    2    0.000    2    1   1    1.63
30    1    0.032    1    1   1    1.17
93    2    0.000    2    1   1    1.54
42    1    -0.014    1    1   0    1.17
31    1    -0.032    2    2   1    0.86
102    2    -0.014    1    2   1    1.02
89    2    0.014    2    1   1    2.58
109    2    0.014    2    1   1    3.12
90    2    0.032    2    1   1    1.36
105    2    0.032    2    1   1    1.88
82    2    -0.014    1    2   1    2.86
59    1    0.014    1    1   1    1.03
58    1    0.000    1    1   1    1.09
107    2    -0.014    2    1   0    1.17
9    1    0.014    2    2   0    2.20
106    2    -0.032    1    2   1    1.03
