--------------------------------
16-Sep-2014 12:37:15 
data from observer A15 
#occlusion2 expt 
reference disparity (degrees) 0.160000 

stim order disp kresp testresp correct time
1    2    0.074    1    2   1    1.76
2    1    -0.069    1    1   1    2.07
3    1    0.065    2    2   1    0.81
4    2    -0.060    2    1   1    0.72
5    2    -0.055    2    1   1    0.91
6    2    -0.051    2    1   1    0.85
7    2    -0.046    2    1   1    0.90
8    2    -0.042    2    1   1    2.69
9    1    -0.037    1    1   1    1.61
10    1    0.032    2    2   1    0.92
11    1    0.028    2    2   1    2.12
12    2    0.023    1    2   1    1.51
13    1    0.018    2    2   1    1.17
14    2    -0.014    1    2   0    3.20
15    2    -0.023    2    1   1    0.91
16    1    -0.023    1    1   1    0.92
17    1    0.018    2    2   1    1.55
18    2    0.018    1    2   1    1.64
19    1    0.014    1    1   0    4.33
20    1    0.023    2    2   1    2.00
21    2    0.023    1    2   1    1.33
22    1    -0.018    1    1   1    1.15
23    1    -0.018    1    1   1    4.34
24    1    -0.014    1    1   1    2.97
25    1    0.014    2    2   1    0.93
26    1    0.009    1    1   0    1.79
27    1    0.018    2    2   1    0.90
28    2    -0.018    2    1   1    0.95
29    1    0.014    1    1   0    1.32
30    1    0.023    2    2   1    2.62
31    2    -0.023    2    1   1    4.34
32    2    0.018    1    2   1    1.13
33    1    0.018    2    2   1    1.43
34    2    0.014    1    2   1    0.84
35    2    0.014    1    2   1    2.48
36    1    -0.009    1    1   1    4.00
37    2    0.009    2    1   0    1.26
38    2    -0.018    2    1   1    0.98
39    2    0.018    1    2   1    1.26
40    1    -0.014    2    2   0    1.30
41    1    0.023    2    2   1    1.08
42    2    0.023    1    2   1    0.86
43    1    -0.018    2    2   0    1.64
44    2    -0.028    2    1   1    0.80
45    2    0.028    1    2   1    1.35
46    2    0.023    1    2   1    1.44
47    1    -0.023    1    1   1    1.29
48    2    0.018    1    2   1    1.63
49    2    0.018    1    2   1    4.90
50    2    -0.014    2    1   1    4.99
-------------------------
Final staircase threshold estimate (mean) is 0.0217
-------------------------
123    2    0.000    2    1   1    4.10
16    1    -0.055    1    1   0    1.08
1    1    -0.055    1    1   0    1.23
92    2    -0.023    2    1   0    0.89
113    2    0.000    1    2   0    2.31
25    1    0.055    2    2   0    0.67
119    2    0.023    1    2   0    1.92
17    1    -0.023    2    2   1    1.64
59    1    0.023    2    2   0    0.78
139    2    0.023    1    2   0    1.20
78    2    0.000    2    1   1    2.47
83    2    0.000    1    2   0    1.79
7    1    -0.023    2    2   1    2.41
89    2    0.023    2    1   1    1.19
138    2    0.000    2    1   1    2.50
98    2    0.000    2    1   1    2.75
131    2    -0.055    2    1   0    1.10
124    2    0.023    1    2   0    4.87
47    1    -0.023    1    1   0    2.82
3    1    0.000    1    1   1    1.58
130    2    0.055    1    2   0    1.04
102    2    -0.023    2    1   0    0.90
76    2    -0.055    2    1   0    0.97
77    2    -0.023    2    1   0    1.58
24    1    0.023    2    2   0    1.98
52    1    -0.023    1    1   0    1.17
103    2    0.000    2    1   1    0.92
88    2    0.000    2    1   1    1.52
10    1    0.055    2    2   0    3.07
63    1    0.000    2    2   0    4.05
69    1    0.023    2    2   0    3.22
135    2    0.055    1    2   0    1.34
117    2    -0.023    2    1   0    2.17
141    2    -0.055    2    1   0    2.54
56    1    -0.055    1    1   0    1.30
137    2    -0.023    2    1   0    0.93
118    2    0.000    1    2   0    2.23
11    1    -0.055    1    1   0    4.10
5    1    0.055    2    2   0    1.10
126    2    -0.055    2    1   0    4.84
22    1    -0.023    1    1   0    1.40
46    1    -0.055    1    1   0    2.02
87    2    -0.023    2    1   0    2.85
136    2    -0.055    2    1   0    4.36
58    1    0.000    2    2   0    1.73
93    2    0.000    1    2   0    1.06
147    2    -0.023    2    1   0    2.10
101    2    -0.055    2    1   0    0.74
13    1    0.000    2    2   0    2.81
94    2    0.023    1    2   0    1.35
43    1    0.000    2    2   0    1.15
9    1    0.023    2    2   0    1.25
38    1    0.000    2    2   0    2.40
18    1    0.000    2    2   0    1.26
6    1    -0.055    1    1   0    1.54
125    2    0.055    1    2   0    1.98
74    1    0.023    2    2   0    1.00
105    2    0.055    1    2   0    1.26
12    1    -0.023    2    2   1    2.87
72    1    -0.023    1    1   0    1.75
51    1    -0.055    1    1   0    1.69
57    1    -0.023    1    1   0    3.45
120    2    0.055    2    1   1    0.79
84    2    0.023    2    1   1    1.01
34    1    0.023    2    2   0    2.23
31    1    -0.055    1    1   0    0.94
70    1    0.055    2    2   0    1.40
140    2    0.055    1    2   0    1.33
62    1    -0.023    1    1   0    7.24
91    2    -0.055    2    1   0    0.83
68    1    0.000    2    2   0    1.68
132    2    -0.023    2    1   0    1.13
144    2    0.023    1    2   0    4.38
49    1    0.023    2    2   0    0.85
97    2    -0.023    2    1   0    1.68
60    1    0.055    2    2   0    2.19
133    2    0.000    2    1   1    2.45
99    2    0.023    1    2   0    1.28
67    1    -0.023    1    1   0    4.30
107    2    -0.023    2    1   0    1.13
121    2    -0.055    2    1   0    1.10
55    1    0.055    2    2   0    1.91
111    2    -0.055    2    1   0    1.46
21    1    -0.055    1    1   0    0.99
112    2    -0.023    2    1   0    0.98
110    2    0.055    1    2   0    2.21
15    1    0.055    2    2   0    0.77
53    1    0.000    2    2   0    1.53
73    1    0.000    1    1   1    0.92
90    2    0.055    1    2   0    2.51
116    2    -0.055    2    1   0    4.06
134    2    0.023    1    2   0    1.42
14    1    0.023    2    2   0    1.02
79    2    0.023    1    2   0    1.60
145    2    0.055    1    2   0    1.15
143    2    0.000    1    2   0    3.20
100    2    0.055    1    2   0    1.13
26    1    -0.055    1    1   0    1.68
122    2    -0.023    2    1   0    1.55
82    2    -0.023    2    1   0    2.05
75    2    0.055    1    2   0    1.25
39    1    0.023    2    2   0    1.08
27    1    -0.023    1    1   0    2.45
29    1    0.023    2    2   0    1.57
66    1    -0.055    1    1   0    2.30
19    1    0.023    1    1   1    1.85
8    1    0.000    2    2   0    1.02
95    2    0.055    1    2   0    2.22
81    2    -0.055    2    1   0    1.37
65    1    0.055    2    2   0    2.68
41    1    -0.055    1    1   0    1.41
20    1    0.055    2    2   0    0.94
108    2    0.000    1    2   0    2.06
48    1    0.000    2    2   0    0.86
4    1    0.023    1    1   1    2.31
106    2    -0.055    2    1   0    0.74
96    2    -0.055    2    1   0    0.85
44    1    0.023    1    1   1    1.29
150    2    0.055    1    2   0    1.10
86    2    -0.055    2    1   0    0.71
35    1    0.055    2    2   0    1.32
85    2    0.055    1    2   0    1.13
80    2    0.055    1    2   0    0.92
61    1    -0.055    1    1   0    1.98
23    1    0.000    2    2   0    1.62
64    1    0.023    1    1   1    2.12
149    2    0.023    1    2   0    0.98
36    1    -0.055    1    1   0    1.18
28    1    0.000    1    1   1    1.73
115    2    0.055    1    2   0    1.08
148    2    0.000    1    2   0    4.34
54    1    0.023    1    1   1    4.01
42    1    -0.023    1    1   0    3.23
37    1    -0.023    1    1   0    1.01
128    2    0.000    1    2   0    1.63
114    2    0.023    1    2   0    2.07
40    1    0.055    1    1   1    1.81
30    1    0.055    2    2   0    4.84
127    2    -0.023    2    1   0    1.83
109    2    0.023    1    2   0    1.15
129    2    0.023    1    2   0    0.90
32    1    -0.023    1    1   0    2.09
50    1    0.055    2    2   0    1.01
146    2    -0.055    2    1   0    1.48
33    1    0.000    1    1   1    1.67
45    1    0.055    2    2   0    0.81
2    1    -0.023    1    1   0    1.02
71    1    -0.055    1    1   0    2.08
142    2    -0.023    2    1   0    0.83
104    2    0.023    1    2   0    1.52
