--------------------------------
16-Sep-2014 12:02:17 
data from observer A15 
#occlusion2 expt 
reference disparity (degrees) 0.160000 

stim order disp kresp testresp correct time
1    2    0.074    1    2   1    3.84
2    1    -0.069    1    1   1    3.84
3    2    -0.065    2    1   1    0.73
4    1    -0.060    1    1   1    1.10
5    1    -0.055    2    2   0    1.40
6    2    -0.065    2    1   1    1.07
7    1    -0.065    1    1   1    3.48
8    2    0.060    2    1   0    1.37
9    1    -0.069    1    1   1    4.06
10    2    -0.069    2    1   1    1.81
11    2    -0.065    2    1   1    1.43
12    2    -0.065    2    1   1    0.97
13    1    0.060    2    2   1    1.49
14    2    0.060    1    2   1    1.31
15    1    0.055    2    2   1    0.96
16    2    -0.055    2    1   1    1.29
17    2    -0.051    2    1   1    1.29
18    2    0.051    1    2   1    1.68
19    1    -0.046    1    1   1    2.08
20    1    -0.046    1    1   1    0.95
21    2    -0.042    2    1   1    0.82
22    2    -0.042    2    1   1    1.04
23    2    0.037    1    2   1    1.46
24    2    -0.037    2    1   1    0.90
25    2    -0.032    2    1   1    1.23
26    1    -0.032    1    1   1    0.77
27    1    0.028    2    2   1    0.70
28    2    0.028    1    2   1    2.28
29    2    0.023    1    2   1    1.79
30    1    0.023    2    2   1    0.89
31    1    0.018    2    2   1    0.79
32    1    0.018    2    2   1    0.85
33    1    -0.014    2    2   0    3.48
34    1    -0.023    2    2   0    1.36
35    1    0.032    2    2   1    0.99
36    2    0.032    1    2   1    2.15
37    2    0.028    1    2   1    1.85
38    1    0.028    2    2   1    3.17
39    2    0.023    1    2   1    1.57
40    1    -0.023    1    1   1    2.75
41    2    0.018    2    1   0    5.60
42    2    -0.028    2    1   1    1.28
43    2    0.028    1    2   1    4.57
44    1    0.023    2    2   1    1.46
45    2    -0.023    2    1   1    1.27
46    2    0.018    1    2   1    2.27
47    2    -0.018    2    1   1    1.43
48    1    0.014    2    2   1    2.64
49    1    0.014    2    2   1    2.07
50    2    -0.009    1    2   0    2.87
-------------------------
Final staircase threshold estimate (mean) is 0.0194
-------------------------
133    2    0.000    2    1   1    7.66
30    1    0.046    2    2   0    0.91
24    1    0.018    2    2   0    1.26
19    1    0.018    2    2   0    2.75
101    2    -0.046    2    1   0    1.38
106    2    -0.046    2    1   0    0.98
2    1    -0.018    2    2   1    3.56
81    2    -0.046    2    1   0    0.84
112    2    -0.018    2    1   0    2.04
147    2    -0.018    2    1   0    2.23
93    2    0.000    2    1   1    3.45
114    2    0.018    1    2   0    2.97
78    2    0.000    2    1   1    1.50
55    1    0.046    2    2   0    1.98
45    1    0.046    2    2   0    1.23
96    2    -0.046    2    1   0    1.40
127    2    -0.018    2    1   0    1.56
134    2    0.018    1    2   0    1.66
92    2    -0.018    2    1   0    2.43
98    2    0.000    2    1   1    4.23
42    1    -0.018    2    2   1    1.09
128    2    0.000    2    1   1    3.54
46    1    -0.046    1    1   0    1.46
17    1    -0.018    1    1   0    4.42
9    1    0.018    2    2   0    3.52
14    1    0.018    2    2   0    3.79
68    1    0.000    2    2   0    3.10
70    1    0.046    2    2   0    1.57
63    1    0.000    2    2   0    2.87
140    2    0.046    1    2   0    1.10
107    2    -0.018    2    1   0    1.17
20    1    0.046    2    2   0    1.26
84    2    0.018    1    2   0    2.27
149    2    0.018    2    1   1    4.62
83    2    0.000    2    1   1    4.31
110    2    0.046    1    2   0    1.47
53    1    0.000    2    2   0    2.14
50    1    0.046    2    2   0    4.25
121    2    -0.046    2    1   0    1.62
59    1    0.018    2    2   0    1.11
47    1    -0.018    1    1   0    1.96
28    1    0.000    2    2   0    2.70
124    2    0.018    1    2   0    5.08
32    1    -0.018    1    1   0    4.47
36    1    -0.046    1    1   0    3.66
115    2    0.046    1    2   0    3.07
33    1    0.000    2    2   0    5.14
150    2    0.046    1    2   0    1.11
23    1    0.000    2    2   0    1.58
105    2    0.046    1    2   0    2.78
57    1    -0.018    2    2   1    1.45
89    2    0.018    2    1   1    2.75
85    2    0.046    1    2   0    1.23
75    2    0.046    1    2   0    2.82
119    2    0.018    1    2   0    4.29
82    2    -0.018    2    1   0    1.26
62    1    -0.018    2    2   1    1.70
61    1    -0.046    1    1   0    4.02
71    1    -0.046    1    1   0    2.75
79    2    0.018    1    2   0    6.80
129    2    0.018    1    2   0    6.65
38    1    0.000    1    1   1    1.12
48    1    0.000    2    2   0    2.72
18    1    0.000    1    1   1    5.55
73    1    0.000    2    2   0    2.96
104    2    0.018    2    1   1    2.60
90    2    0.046    1    2   0    4.93
26    1    -0.046    1    1   0    3.60
10    1    0.046    2    2   0    1.22
148    2    0.000    2    1   1    4.27
12    1    -0.018    1    1   0    3.59
87    2    -0.018    2    1   0    6.01
117    2    -0.018    2    1   0    1.17
141    2    -0.046    2    1   0    1.17
31    1    -0.046    1    1   0    0.90
67    1    -0.018    1    1   0    2.83
1    1    -0.046    1    1   0    2.70
143    2    0.000    2    1   1    1.56
49    1    0.018    2    2   0    3.97
118    2    0.000    2    1   1    3.00
145    2    0.046    1    2   0    1.04
39    1    0.018    2    2   0    1.54
108    2    0.000    1    2   0    2.88
77    2    -0.018    2    1   0    1.21
4    1    0.018    2    2   0    1.44
109    2    0.018    2    1   1    8.37
69    1    0.018    2    2   0    1.95
54    1    0.018    2    2   0    1.26
41    1    -0.046    1    1   0    1.51
144    2    0.018    2    1   1    15.58
7    1    -0.018    1    1   0    0.87
100    2    0.046    1    2   0    7.66
37    1    -0.018    2    2   1    3.87
6    1    -0.046    1    1   0    0.75
122    2    -0.018    2    1   0    0.99
116    2    -0.046    2    1   0    0.90
97    2    -0.018    2    1   0    1.70
111    2    -0.046    2    1   0    1.06
131    2    -0.046    2    1   0    1.53
21    1    -0.046    1    1   0    1.15
58    1    0.000    1    1   1    3.20
56    1    -0.046    1    1   0    2.14
132    2    -0.018    2    1   0    1.11
60    1    0.046    2    2   0    1.21
130    2    0.046    1    2   0    1.25
5    1    0.046    2    2   0    0.88
29    1    0.018    2    2   0    1.55
15    1    0.046    2    2   0    1.19
99    2    0.018    1    2   0    1.86
76    2    -0.046    2    1   0    0.95
94    2    0.018    1    2   0    2.40
64    1    0.018    2    2   0    1.05
44    1    0.018    2    2   0    2.53
146    2    -0.046    2    1   0    0.91
137    2    -0.018    1    2   1    4.46
35    1    0.046    2    2   0    1.19
13    1    0.000    1    1   1    1.11
135    2    0.046    1    2   0    1.07
120    2    0.046    1    2   0    1.75
126    2    -0.046    2    1   0    0.87
142    2    -0.018    1    2   1    4.08
52    1    -0.018    2    2   1    2.15
102    2    -0.018    2    1   0    1.62
88    2    0.000    2    1   1    6.54
125    2    0.046    1    2   0    1.21
65    1    0.046    2    2   0    3.74
51    1    -0.046    1    1   0    3.07
43    1    0.000    2    2   0    1.30
136    2    -0.046    2    1   0    0.93
11    1    -0.046    1    1   0    0.79
3    1    0.000    2    2   0    0.80
72    1    -0.018    1    1   0    1.15
22    1    -0.018    1    1   0    3.04
25    1    0.046    2    2   0    1.06
27    1    -0.018    1    1   0    0.74
16    1    -0.046    1    1   0    1.60
139    2    0.018    2    1   1    1.00
123    2    0.000    2    1   1    4.17
86    2    -0.046    2    1   0    0.87
80    2    0.046    1    2   0    1.16
74    1    0.018    2    2   0    1.08
66    1    -0.046    1    1   0    1.37
95    2    0.046    1    2   0    3.24
113    2    0.000    2    1   1    2.74
138    2    0.000    2    1   1    0.85
91    2    -0.046    2    1   0    0.84
34    1    0.018    1    1   1    3.04
8    1    0.000    2    2   0    2.84
40    1    0.046    2    2   0    0.90
103    2    0.000    1    2   0    2.94
