--------------------------------
16-Sep-2014 12:27:08 
data from observer A15 
#occlusion2 expt 
reference disparity (degrees) 0.160000 

stim order disp kresp testresp correct time
1    1    0.074    2    2   1    3.43
2    1    0.069    2    2   1    1.00
3    1    -0.065    1    1   1    1.86
4    1    -0.060    2    2   0    1.25
5    2    0.069    2    1   0    4.23
6    2    -0.079    1    2   0    1.12
7    1    -0.088    2    2   0    4.83
8    2    -0.097    2    1   1    1.21
9    1    0.097    2    2   1    1.93
10    2    -0.092    1    2   0    1.31
11    2    0.102    2    1   0    0.72
12    1    -0.111    1    1   1    0.82
13    1    -0.111    1    1   1    1.14
14    2    -0.106    2    1   1    1.11
15    1    0.106    2    2   1    3.23
16    2    -0.102    2    1   1    1.26
17    2    0.102    1    2   1    1.29
18    1    -0.097    1    1   1    0.96
19    2    -0.097    1    2   0    2.93
20    2    0.106    1    2   1    2.20
21    1    0.106    2    2   1    1.43
22    1    0.102    2    2   1    2.12
23    1    -0.102    1    1   1    3.17
24    1    -0.097    1    1   1    4.16
25    2    -0.097    2    1   1    2.30
26    2    -0.092    2    1   1    2.71
27    1    0.092    2    2   1    5.84
28    2    -0.088    2    1   1    4.44
29    1    -0.088    1    1   1    1.78
30    2    -0.083    2    1   1    2.18
31    2    0.083    1    2   1    1.49
32    1    -0.079    1    1   1    2.31
33    1    0.079    2    2   1    1.56
34    1    0.074    2    2   1    1.48
35    2    -0.074    2    1   1    1.50
36    1    -0.069    1    1   1    1.17
37    1    0.069    2    2   1    1.66
38    1    0.065    2    2   1    3.24
39    2    -0.065    1    2   0    3.78
40    1    -0.074    1    1   1    2.11
41    2    -0.074    2    1   1    1.93
42    2    0.069    1    2   1    0.99
43    2    0.069    1    2   1    2.24
44    1    0.065    1    1   0    3.27
45    1    -0.074    1    1   1    3.13
46    2    0.074    1    2   1    1.76
47    2    0.069    1    2   1    1.39
48    2    -0.069    2    1   1    1.65
49    1    0.065    2    2   1    2.30
50    2    0.065    1    2   1    2.37
-------------------------
Final staircase threshold estimate (mean) is 0.0693
-------------------------
93    2    0.000    1    2   0    3.75
83    2    0.000    2    1   1    1.61
100    2    0.148    1    2   0    0.80
33    1    0.000    2    2   0    1.01
103    2    0.000    1    2   0    0.98
123    2    0.000    2    1   1    3.17
45    1    0.148    2    2   0    3.53
80    2    0.148    1    2   0    1.08
147    2    -0.069    2    1   0    2.25
90    2    0.148    1    2   0    0.95
9    1    0.069    2    2   0    2.16
28    1    0.000    2    2   0    4.72
61    1    -0.148    1    1   0    0.97
145    2    0.148    1    2   0    1.08
51    1    -0.148    1    1   0    1.07
102    2    -0.069    2    1   0    1.50
71    1    -0.148    1    1   0    0.92
12    1    -0.069    1    1   0    1.60
29    1    0.069    2    2   0    1.02
2    1    -0.069    1    1   0    2.25
58    1    0.000    2    2   0    3.78
117    2    -0.069    2    1   0    0.94
120    2    0.148    1    2   0    0.97
135    2    0.148    1    2   0    2.58
37    1    -0.069    1    1   0    1.33
55    1    0.148    2    2   0    0.87
143    2    0.000    1    2   0    5.17
57    1    -0.069    1    1   0    0.98
6    1    -0.148    1    1   0    0.74
22    1    -0.069    1    1   0    0.84
43    1    0.000    1    1   1    0.92
46    1    -0.148    1    1   0    1.16
136    2    -0.148    2    1   0    0.99
7    1    -0.069    1    1   0    0.82
65    1    0.148    2    2   0    1.08
54    1    0.069    1    1   1    2.68
42    1    -0.069    1    1   0    0.90
10    1    0.148    2    2   0    1.30
139    2    0.069    1    2   0    1.82
107    2    -0.069    2    1   0    0.98
124    2    0.069    1    2   0    0.91
76    2    -0.148    2    1   0    2.03
40    1    0.148    2    2   0    1.99
16    1    -0.148    1    1   0    1.08
141    2    -0.148    2    1   0    0.68
4    1    0.069    2    2   0    4.43
59    1    0.069    1    1   1    4.07
140    2    0.148    1    2   0    1.33
78    2    0.000    1    2   0    2.92
89    2    0.069    1    2   0    2.92
1    1    -0.148    1    1   0    2.36
69    1    0.069    2    2   0    3.93
98    2    0.000    1    2   0    5.39
60    1    0.148    2    2   0    3.69
125    2    0.148    1    2   0    1.03
96    2    -0.148    2    1   0    0.89
128    2    0.000    1    2   0    1.17
101    2    -0.148    2    1   0    1.10
131    2    -0.148    2    1   0    1.00
21    1    -0.148    1    1   0    1.02
23    1    0.000    2    2   0    6.94
73    1    0.000    1    1   1    0.78
150    2    0.148    1    2   0    1.07
99    2    0.069    1    2   0    1.82
142    2    -0.069    2    1   0    3.18
31    1    -0.148    1    1   0    0.76
88    2    0.000    2    1   1    8.55
70    1    0.148    2    2   0    1.21
97    2    -0.069    2    1   0    0.98
36    1    -0.148    1    1   0    0.94
20    1    0.148    2    2   0    1.65
24    1    0.069    2    2   0    2.66
15    1    0.148    2    2   0    1.43
113    2    0.000    1    2   0    0.93
110    2    0.148    1    2   0    0.97
41    1    -0.148    1    1   0    1.90
3    1    0.000    2    2   0    1.52
8    1    0.000    2    2   0    2.15
32    1    -0.069    1    1   0    2.36
63    1    0.000    1    1   1    2.07
104    2    0.069    1    2   0    1.12
119    2    0.069    1    2   0    2.26
48    1    0.000    1    1   1    2.15
30    1    0.148    2    2   0    3.11
34    1    0.069    2    2   0    1.10
49    1    0.069    1    1   1    5.41
77    2    -0.069    2    1   0    6.11
13    1    0.000    1    1   1    4.29
105    2    0.148    1    2   0    1.62
27    1    -0.069    1    1   0    2.13
137    2    -0.069    2    1   0    3.57
126    2    -0.148    2    1   0    1.17
35    1    0.148    2    2   0    1.14
11    1    -0.148    1    1   0    0.88
132    2    -0.069    2    1   0    1.85
19    1    0.069    2    2   0    4.12
56    1    -0.148    1    1   0    1.78
95    2    0.148    1    2   0    0.95
67    1    -0.069    1    1   0    1.53
115    2    0.148    1    2   0    0.82
74    1    0.069    2    2   0    0.92
94    2    0.069    1    2   0    1.57
62    1    -0.069    1    1   0    0.99
86    2    -0.148    2    1   0    1.07
129    2    0.069    1    2   0    3.00
109    2    0.069    1    2   0    1.50
26    1    -0.148    1    1   0    1.01
108    2    0.000    1    2   0    3.07
75    2    0.148    1    2   0    0.85
106    2    -0.148    2    1   0    0.99
68    1    0.000    1    1   1    2.41
144    2    0.069    1    2   0    2.05
38    1    0.000    2    2   0    2.13
114    2    0.069    1    2   0    0.72
17    1    -0.069    1    1   0    2.59
138    2    0.000    2    1   1    2.00
82    2    -0.069    2    1   0    2.00
112    2    -0.069    1    2   1    2.00
148    2    0.000    2    1   1    1.04
39    1    0.069    1    1   1    2.05
79    2    0.069    2    1   1    1.77
44    1    0.069    1    1   1    1.91
122    2    -0.069    2    1   0    0.98
149    2    0.069    1    2   0    0.98
5    1    0.148    2    2   0    1.67
25    1    0.148    2    2   0    3.94
85    2    0.148    1    2   0    0.91
118    2    0.000    1    2   0    1.65
92    2    -0.069    2    1   0    2.94
134    2    0.069    1    2   0    3.64
52    1    -0.069    1    1   0    1.33
72    1    -0.069    1    1   0    1.15
87    2    -0.069    2    1   0    1.39
84    2    0.069    1    2   0    1.11
14    1    0.069    2    2   0    2.83
146    2    -0.148    2    1   0    2.23
53    1    0.000    1    1   1    2.13
111    2    -0.148    2    1   0    1.34
133    2    0.000    1    2   0    4.61
66    1    -0.148    1    1   0    1.82
127    2    -0.069    2    1   0    1.01
50    1    0.148    2    2   0    1.17
18    1    0.000    1    1   1    4.59
121    2    -0.148    2    1   0    2.64
130    2    0.148    1    2   0    1.82
47    1    -0.069    1    1   0    3.47
116    2    -0.148    2    1   0    0.72
64    1    0.069    2    2   0    1.20
81    2    -0.148    2    1   0    2.59
91    2    -0.148    2    1   0    2.67
