--------------------------------
16-Sep-2014 11:10:00 
data from observer A15 
#occlusion2 expt 
reference disparity (degrees) 0.160000 

stim order disp kresp testresp correct time
1    2    0.074    2    1   1    1.39
2    2    0.069    2    1   1    1.65
3    2    0.065    2    1   1    0.83
4    1    -0.060    2    2   1    1.05
5    2    -0.055    1    2   1    0.83
6    1    -0.051    2    2   1    0.70
7    1    -0.046    2    2   1    1.34
8    1    0.042    1    1   1    1.31
9    2    0.037    2    1   1    0.83
10    1    0.032    1    1   1    1.77
11    2    -0.028    1    2   1    1.88
12    1    -0.023    2    2   1    0.83
13    2    0.018    2    1   1    0.75
14    2    -0.014    2    1   0    1.26
15    2    -0.023    1    2   1    0.84
16    2    0.023    2    1   1    0.88
17    2    0.018    2    1   1    1.04
18    1    -0.018    2    2   1    0.95
19    1    -0.014    2    2   1    1.25
20    2    0.014    1    2   0    1.09
21    2    -0.023    2    1   0    1.55
22    2    0.032    2    1   1    0.70
23    1    -0.032    2    2   1    0.66
24    2    0.028    2    1   1    0.72
25    1    -0.028    2    2   1    0.74
26    2    -0.023    1    2   1    0.85
27    2    0.023    2    1   1    0.76
28    2    0.018    2    1   1    1.08
29    2    -0.018    2    1   0    0.71
30    2    0.028    2    1   1    0.76
31    2    0.028    2    1   1    1.23
32    2    0.023    1    2   0    1.40
33    1    -0.032    2    2   1    0.81
34    1    -0.032    2    2   1    0.86
35    1    0.028    1    1   1    1.12
36    2    0.028    2    1   1    0.82
37    1    0.023    1    1   1    1.24
38    2    0.023    2    1   1    0.60
39    1    0.018    1    1   1    0.89
40    1    -0.018    2    2   1    0.84
41    2    0.014    1    2   0    1.17
42    2    -0.023    2    1   0    0.98
43    2    -0.032    1    2   1    0.90
44    2    -0.032    2    1   0    0.44
45    1    0.042    1    1   1    0.55
46    1    0.042    1    1   1    1.22
47    1    -0.037    2    2   1    0.80
48    2    -0.037    1    2   1    0.94
49    2    0.032    2    1   1    0.80
50    1    0.032    1    1   1    0.60
-------------------------
Final staircase threshold estimate (mean) is 0.0323
-------------------------
150    2    0.079    2    1   1    3.02
83    2    0.000    2    1   1    2.08
103    2    0.000    2    1   1    0.86
119    2    0.032    2    1   1    0.80
117    2    -0.032    1    2   1    1.00
26    1    -0.079    2    2   1    0.65
47    1    -0.032    2    2   1    1.05
14    1    0.032    1    1   1    1.37
108    2    0.000    2    1   1    0.79
84    2    0.032    2    1   1    0.70
67    1    -0.032    2    2   1    0.73
90    2    0.079    2    1   1    0.77
79    2    0.032    2    1   1    0.99
56    1    -0.079    2    2   1    0.80
115    2    0.079    2    1   1    1.10
12    1    -0.032    2    2   1    1.59
36    1    -0.079    2    2   1    0.81
51    1    -0.079    2    2   1    0.72
135    2    0.079    2    1   1    0.66
76    2    -0.079    1    2   1    0.82
130    2    0.079    2    1   1    0.87
16    1    -0.079    2    2   1    1.36
80    2    0.079    2    1   1    0.81
138    2    0.000    2    1   1    1.55
85    2    0.079    2    1   1    0.98
58    1    0.000    1    1   1    0.81
3    1    0.000    2    2   0    0.88
38    1    0.000    2    2   0    1.28
106    2    -0.079    1    2   1    0.97
45    1    0.079    1    1   1    1.84
101    2    -0.079    1    2   1    2.49
64    1    0.032    1    1   1    1.81
124    2    0.032    2    1   1    0.92
146    2    -0.079    1    2   1    1.25
19    1    0.032    1    1   1    1.35
23    1    0.000    2    2   0    1.07
24    1    0.032    1    1   1    1.01
125    2    0.079    2    1   1    0.90
32    1    -0.032    2    2   1    1.10
134    2    0.032    2    1   1    0.76
93    2    0.000    2    1   1    1.64
149    2    0.032    2    1   1    0.67
100    2    0.079    2    1   1    0.69
92    2    -0.032    1    2   1    0.96
148    2    0.000    2    1   1    1.64
142    2    -0.032    1    2   1    1.16
41    1    -0.079    2    2   1    0.73
55    1    0.079    1    1   1    1.19
72    1    -0.032    2    2   1    0.68
40    1    0.079    1    1   1    0.74
128    2    0.000    2    1   1    0.93
96    2    -0.079    1    2   1    0.99
59    1    0.032    1    1   1    1.29
114    2    0.032    2    1   1    0.77
22    1    -0.032    2    2   1    0.84
71    1    -0.079    2    2   1    0.78
17    1    -0.032    2    2   1    0.80
31    1    -0.079    2    2   1    0.98
8    1    0.000    2    2   0    3.32
65    1    0.079    1    1   1    0.97
143    2    0.000    2    1   1    1.03
75    2    0.079    2    1   1    0.79
69    1    0.032    1    1   1    1.04
132    2    -0.032    2    1   0    2.51
102    2    -0.032    1    2   1    0.74
110    2    0.079    2    1   1    0.60
136    2    -0.079    1    2   1    1.24
139    2    0.032    2    1   1    0.76
116    2    -0.079    1    2   1    1.05
35    1    0.079    1    1   1    0.74
87    2    -0.032    1    2   1    1.23
95    2    0.079    2    1   1    2.01
89    2    0.032    2    1   1    0.83
82    2    -0.032    1    2   1    0.75
53    1    0.000    2    2   0    0.77
123    2    0.000    2    1   1    1.40
43    1    0.000    2    2   0    1.58
62    1    -0.032    2    2   1    0.83
4    1    0.032    1    1   1    1.32
107    2    -0.032    2    1   0    1.98
15    1    0.079    1    1   1    0.80
39    1    0.032    1    1   1    0.75
111    2    -0.079    1    2   1    0.98
88    2    0.000    2    1   1    0.63
37    1    -0.032    2    2   1    0.74
112    2    -0.032    1    2   1    1.03
94    2    0.032    2    1   1    0.80
131    2    -0.079    1    2   1    0.92
11    1    -0.079    2    2   1    0.85
105    2    0.079    2    1   1    0.56
54    1    0.032    1    1   1    0.66
28    1    0.000    1    1   1    1.38
99    2    0.032    2    1   1    0.66
60    1    0.079    1    1   1    0.77
5    1    0.079    1    1   1    0.82
78    2    0.000    2    1   1    1.69
137    2    -0.032    1    2   1    3.16
140    2    0.079    2    1   1    0.61
97    2    -0.032    1    2   1    1.29
7    1    -0.032    2    2   1    0.66
46    1    -0.079    2    2   1    1.21
49    1    0.032    1    1   1    2.00
113    2    0.000    2    1   1    1.19
27    1    -0.032    2    2   1    1.13
66    1    -0.079    2    2   1    0.85
145    2    0.079    2    1   1    0.77
21    1    -0.079    2    2   1    2.19
74    1    0.032    1    1   1    1.03
42    1    -0.032    2    2   1    0.69
133    2    0.000    2    1   1    1.73
77    2    -0.032    2    1   0    1.88
118    2    0.000    2    1   1    1.89
9    1    0.032    1    1   1    2.32
121    2    -0.079    1    2   1    1.09
29    1    0.032    1    1   1    0.93
68    1    0.000    2    2   0    0.77
129    2    0.032    2    1   1    0.75
126    2    -0.079    1    2   1    0.76
147    2    -0.032    1    2   1    1.91
25    1    0.079    1    1   1    1.20
44    1    0.032    2    2   0    1.31
1    1    -0.079    2    2   1    0.77
48    1    0.000    2    2   0    1.87
34    1    0.032    1    1   1    1.79
70    1    0.079    1    1   1    1.35
18    1    0.000    2    2   0    1.72
10    1    0.079    1    1   1    1.83
141    2    -0.079    1    2   1    1.48
57    1    -0.032    2    2   1    0.99
109    2    0.032    2    1   1    1.06
104    2    0.032    2    1   1    0.90
33    1    0.000    2    2   0    3.52
144    2    0.032    2    1   1    1.78
20    1    0.079    2    2   0    1.98
86    2    -0.079    1    2   1    0.87
91    2    -0.079    1    2   1    0.62
52    1    -0.032    2    2   1    0.80
6    1    -0.079    2    2   1    0.82
13    1    0.000    2    2   0    0.80
2    1    -0.032    2    2   1    1.59
122    2    -0.032    1    2   1    2.23
98    2    0.000    2    1   1    0.84
50    1    0.079    1    1   1    0.99
120    2    0.079    2    1   1    0.82
30    1    0.079    1    1   1    0.92
81    2    -0.079    1    2   1    0.73
73    1    0.000    2    2   0    1.04
63    1    0.000    2    2   0    1.66
127    2    -0.032    1    2   1    0.73
61    1    -0.079    2    2   1    0.68
