--------------------------------
16-Sep-2014 12:13:24 
data from observer A15 
#occlusion2 expt 
reference disparity (degrees) 0.160000 

stim order disp kresp testresp correct time
1    2    -0.074    2    1   1    3.81
2    1    -0.069    1    1   1    2.30
3    1    0.065    2    2   1    0.83
4    1    -0.060    1    1   1    1.66
5    1    0.055    2    2   1    0.69
6    2    0.051    1    2   1    0.96
7    2    -0.046    2    1   1    0.79
8    1    0.042    2    2   1    0.90
9    2    0.037    1    2   1    1.40
10    1    -0.032    1    1   1    2.06
11    1    0.028    2    2   1    1.93
12    1    0.023    2    2   1    1.32
13    2    -0.018    2    1   1    2.62
14    2    -0.014    2    1   1    1.56
15    2    0.009    1    2   1    1.91
16    1    0.005    2    2   1    1.03
17    1    -0.005    2    2   0    2.09
18    2    0.014    1    2   1    2.45
19    1    0.014    2    2   1    1.78
20    1    -0.009    1    1   1    1.26
21    2    -0.009    2    1   1    1.33
22    2    -0.005    1    2   0    1.80
23    2    0.014    1    2   1    1.55
24    2    -0.014    2    1   1    1.03
25    1    -0.009    1    1   1    1.05
26    1    0.009    2    2   1    2.43
27    2    -0.005    1    2   0    2.77
28    1    0.014    2    2   1    5.62
29    2    0.014    1    2   1    7.05
30    1    0.009    1    1   0    1.64
31    1    -0.018    1    1   1    2.46
32    2    0.018    1    2   1    5.42
33    2    -0.014    1    2   0    5.08
34    1    -0.023    1    1   1    2.73
35    2    -0.023    2    1   1    0.97
36    1    0.018    2    2   1    5.44
37    2    0.018    1    2   1    1.32
38    1    0.014    2    2   1    1.08
39    1    -0.014    1    1   1    1.27
40    1    0.009    2    2   1    2.29
41    1    -0.009    1    1   1    1.55
42    1    0.005    2    2   1    1.28
43    2    0.005    1    2   1    4.90
44    1    0.005    2    2   1    1.11
45    1    0.005    2    2   1    1.79
46    1    -0.005    1    1   1    1.17
47    1    -0.005    2    2   0    6.67
48    1    -0.014    1    1   1    8.54
49    2    -0.014    2    1   1    2.29
50    2    -0.009    2    1   1    1.33
-------------------------
Final staircase threshold estimate (mean) is 0.0074
-------------------------
30    1    0.018    2    2   0    4.53
105    2    0.018    1    2   0    1.23
12    1    -0.009    2    2   1    1.92
59    1    0.009    2    2   0    1.53
137    2    -0.009    2    1   0    1.41
21    1    -0.018    1    1   0    1.11
61    1    -0.018    1    1   0    2.12
14    1    0.009    2    2   0    1.48
33    1    0.000    2    2   0    2.62
45    1    0.018    2    2   0    0.90
101    2    -0.018    2    1   0    0.83
16    1    -0.018    1    1   0    1.77
119    2    0.009    2    1   1    1.66
35    1    0.018    2    2   0    1.23
126    2    -0.018    2    1   0    2.39
140    2    0.018    1    2   0    0.92
27    1    -0.009    2    2   1    4.28
34    1    0.009    2    2   0    1.98
113    2    0.000    2    1   1    3.32
145    2    0.018    1    2   0    0.79
38    1    0.000    2    2   0    0.83
13    1    0.000    1    1   1    4.44
9    1    0.009    2    2   0    3.51
7    1    -0.009    1    1   0    3.18
121    2    -0.018    2    1   0    1.81
60    1    0.018    2    2   0    5.19
5    1    0.018    2    2   0    2.09
148    2    0.000    1    2   0    4.35
143    2    0.000    2    1   1    1.73
104    2    0.009    2    1   1    1.02
44    1    0.009    2    2   0    1.21
22    1    -0.009    1    1   0    3.33
120    2    0.018    1    2   0    1.76
127    2    -0.009    2    1   0    1.15
130    2    0.018    1    2   0    1.92
81    2    -0.018    2    1   0    1.77
37    1    -0.009    2    2   1    7.01
43    1    0.000    2    2   0    6.43
73    1    0.000    1    1   1    7.86
52    1    -0.009    2    2   1    2.64
131    2    -0.018    2    1   0    5.01
78    2    0.000    2    1   1    2.30
2    1    -0.009    2    2   1    3.78
128    2    0.000    2    1   1    4.10
87    2    -0.009    2    1   0    2.63
72    1    -0.009    1    1   0    1.24
71    1    -0.018    1    1   0    4.87
1    1    -0.018    1    1   0    4.49
147    2    -0.009    2    1   0    1.16
86    2    -0.018    2    1   0    3.35
20    1    0.018    2    2   0    1.27
93    2    0.000    1    2   0    4.48
82    2    -0.009    1    2   1    4.20
6    1    -0.018    1    1   0    2.15
4    1    0.009    1    1   1    4.23
67    1    -0.009    1    1   0    3.57
115    2    0.018    1    2   0    3.01
97    2    -0.009    2    1   0    1.46
83    2    0.000    1    2   0    1.43
94    2    0.009    1    2   0    2.45
18    1    0.000    1    1   1    1.26
65    1    0.018    2    2   0    0.95
99    2    0.009    1    2   0    0.95
63    1    0.000    2    2   0    2.31
32    1    -0.009    2    2   1    1.36
48    1    0.000    1    1   1    1.57
66    1    -0.018    1    1   0    3.27
84    2    0.009    2    1   1    1.50
47    1    -0.009    2    2   1    3.22
95    2    0.018    2    1   1    1.18
123    2    0.000    2    1   1    6.78
144    2    0.009    1    2   0    4.65
39    1    0.009    2    2   0    5.05
85    2    0.018    1    2   0    4.02
24    1    0.009    1    1   1    4.70
100    2    0.018    2    1   1    3.06
141    2    -0.018    2    1   0    1.76
107    2    -0.009    2    1   0    2.86
138    2    0.000    2    1   1    1.11
55    1    0.018    2    2   0    2.20
3    1    0.000    2    2   0    1.66
91    2    -0.018    2    1   0    1.28
90    2    0.018    1    2   0    2.10
36    1    -0.018    1    1   0    4.83
41    1    -0.018    1    1   0    5.74
80    2    0.018    1    2   0    6.62
70    1    0.018    2    2   0    1.49
109    2    0.009    2    1   1    5.55
98    2    0.000    2    1   1    2.82
58    1    0.000    1    1   1    1.45
116    2    -0.018    2    1   0    1.44
133    2    0.000    1    2   0    0.88
117    2    -0.009    2    1   0    2.14
108    2    0.000    1    2   0    1.18
46    1    -0.018    2    2   1    1.38
112    2    -0.009    2    1   0    1.38
17    1    -0.009    1    1   0    2.13
125    2    0.018    1    2   0    1.79
103    2    0.000    1    2   0    1.30
124    2    0.009    2    1   1    1.21
53    1    0.000    2    2   0    3.28
132    2    -0.009    2    1   0    6.67
118    2    0.000    1    2   0    8.27
31    1    -0.018    1    1   0    1.90
10    1    0.018    2    2   0    1.04
42    1    -0.009    1    1   0    1.10
88    2    0.000    2    1   1    2.59
134    2    0.009    1    2   0    1.07
74    1    0.009    2    2   0    1.66
23    1    0.000    1    1   1    5.58
150    2    0.018    1    2   0    2.02
114    2    0.009    1    2   0    1.56
136    2    -0.018    2    1   0    0.95
110    2    0.018    1    2   0    2.16
29    1    0.009    2    2   0    1.05
92    2    -0.009    1    2   1    3.60
26    1    -0.018    2    2   1    1.34
146    2    -0.018    2    1   0    5.54
11    1    -0.018    1    1   0    1.43
54    1    0.009    2    2   0    2.18
51    1    -0.018    1    1   0    3.64
106    2    -0.018    2    1   0    1.48
75    2    0.018    1    2   0    5.47
64    1    0.009    1    1   1    1.46
79    2    0.009    2    1   1    1.09
102    2    -0.009    2    1   0    1.34
19    1    0.009    1    1   1    8.36
77    2    -0.009    2    1   0    0.91
15    1    0.018    2    2   0    6.78
56    1    -0.018    1    1   0    2.07
76    2    -0.018    2    1   0    1.96
8    1    0.000    1    1   1    12.01
135    2    0.018    2    1   1    3.34
49    1    0.009    1    1   1    4.94
25    1    0.018    2    2   0    0.92
69    1    0.009    1    1   1    4.90
111    2    -0.018    2    1   0    1.31
68    1    0.000    2    2   0    3.00
129    2    0.009    1    2   0    1.86
139    2    0.009    2    1   1    1.77
57    1    -0.009    2    2   1    3.18
122    2    -0.009    1    2   1    1.92
96    2    -0.018    2    1   0    1.09
40    1    0.018    2    2   0    8.35
142    2    -0.009    2    1   0    2.40
89    2    0.009    1    2   0    2.92
62    1    -0.009    2    2   1    2.85
50    1    0.018    2    2   0    5.52
28    1    0.000    1    1   1    3.52
149    2    0.009    2    1   1    8.87
