--------------------------------
16-Sep-2014 11:00:11 
data from observer A15 run 1
#occlusion2 expt 
reference disparity (degrees) 0.160000 

stim order disp kresp testresp correct time
1    1    -0.074    2    2   1    1.46
2    1    0.069    1    1   1    1.97
3    1    -0.065    2    2   1    0.76
4    1    0.060    1    1   1    1.04
5    2    0.055    2    1   1    0.78
6    1    -0.051    2    2   1    1.01
7    1    -0.046    2    2   1    1.23
8    2    0.042    2    1   1    1.42
9    2    0.037    2    1   1    1.38
10    1    0.032    1    1   1    1.18
11    2    0.028    2    1   1    0.91
12    1    0.023    1    1   1    2.08
13    2    0.018    2    1   1    1.12
14    2    0.014    2    1   1    0.95
15    2    0.009    2    1   1    1.76
16    1    -0.005    2    2   1    2.39
17    1    0.005    1    1   1    2.10
18    1    0.005    1    1   1    1.33
19    1    -0.005    2    2   1    2.37
20    2    0.005    2    1   1    1.41
21    2    -0.005    1    2   1    1.50
22    2    0.005    2    1   1    1.83
23    1    -0.005    2    2   1    1.17
24    2    -0.005    2    1   0    2.72
25    1    0.014    1    1   1    1.02
26    2    0.014    2    1   1    0.97
27    2    -0.009    1    2   1    1.57
28    1    -0.009    2    2   1    1.36
29    1    -0.005    2    2   1    2.13
30    1    -0.005    2    2   1    1.95
31    2    -0.005    1    2   1    1.28
32    1    -0.005    1    1   0    2.53
33    1    -0.014    1    1   0    1.62
34    2    0.023    2    1   1    1.60
35    1    0.023    1    1   1    0.93
36    2    -0.018    1    2   1    1.46
37    2    -0.018    1    2   1    2.38
38    2    -0.014    1    2   1    1.18
39    1    0.014    1    1   1    1.76
40    2    0.009    2    1   1    0.96
41    1    0.009    1    1   1    1.79
42    1    -0.005    2    2   1    1.51
43    2    -0.005    1    2   1    1.02
44    2    -0.005    1    2   1    2.15
45    1    -0.005    1    1   0    1.55
46    2    0.014    2    1   1    0.83
47    2    0.014    2    1   1    1.63
48    1    0.009    1    1   1    1.67
49    1    -0.009    2    2   1    1.70
50    1    -0.005    2    2   1    1.43
-------------------------
Final staircase threshold estimate (mean) is 0.0079
-------------------------
35    1    0.018    2    2   0    4.25
3    1    0.000    1    1   1    1.89
115    2    0.018    2    1   1    1.24
116    2    -0.018    1    2   1    0.92
7    1    -0.009    2    2   1    1.02
17    1    -0.009    2    2   1    1.28
70    1    0.018    1    1   1    0.95
96    2    -0.018    1    2   1    2.03
41    1    -0.018    2    2   1    1.20
145    2    0.018    2    1   1    2.10
128    2    0.000    1    2   0    1.89
92    2    -0.009    2    1   0    1.60
67    1    -0.009    1    1   0    2.33
56    1    -0.018    2    2   1    1.68
33    1    0.000    2    2   0    2.37
81    2    -0.018    1    2   1    0.82
80    2    0.018    2    1   1    2.47
16    1    -0.018    1    1   0    2.34
31    1    -0.018    2    2   1    2.17
107    2    -0.009    1    2   1    1.61
111    2    -0.018    1    2   1    1.24
28    1    0.000    1    1   1    1.74
110    2    0.018    2    1   1    0.85
55    1    0.018    1    1   1    2.73
22    1    -0.009    1    1   0    2.74
135    2    0.018    2    1   1    1.85
100    2    0.018    1    2   0    2.25
23    1    0.000    2    2   0    2.83
148    2    0.000    1    2   0    1.79
137    2    -0.009    2    1   0    1.68
105    2    0.018    2    1   1    1.91
44    1    0.009    1    1   1    2.34
62    1    -0.009    2    2   1    2.57
38    1    0.000    2    2   0    2.09
51    1    -0.018    1    1   0    2.23
57    1    -0.009    2    2   1    1.32
91    2    -0.018    1    2   1    3.27
132    2    -0.009    1    2   1    2.75
82    2    -0.009    1    2   1    1.44
27    1    -0.009    2    2   1    1.00
49    1    0.009    1    1   1    1.34
19    1    0.009    1    1   1    1.65
98    2    0.000    1    2   0    1.02
87    2    -0.009    1    2   1    3.12
131    2    -0.018    2    1   0    2.74
86    2    -0.018    1    2   1    2.14
77    2    -0.009    2    1   0    1.64
106    2    -0.018    2    1   0    2.58
68    1    0.000    1    1   1    1.62
125    2    0.018    1    2   0    2.68
24    1    0.009    2    2   0    1.06
144    2    0.009    2    1   1    2.74
121    2    -0.018    2    1   0    2.64
14    1    0.009    2    2   0    2.23
30    1    0.018    1    1   1    1.36
119    2    0.009    2    1   1    2.60
26    1    -0.018    2    2   1    2.80
2    1    -0.009    2    2   1    2.02
102    2    -0.009    1    2   1    2.01
29    1    0.009    2    2   0    2.13
65    1    0.018    1    1   1    2.97
130    2    0.018    1    2   0    0.81
140    2    0.018    1    2   0    1.48
149    2    0.009    2    1   1    1.43
32    1    -0.009    1    1   0    1.28
101    2    -0.018    2    1   0    2.20
39    1    0.009    2    2   0    2.00
8    1    0.000    1    1   1    2.47
118    2    0.000    2    1   1    2.07
78    2    0.000    1    2   0    1.73
112    2    -0.009    2    1   0    2.09
42    1    -0.009    1    1   0    1.81
142    2    -0.009    2    1   0    2.52
48    1    0.000    1    1   1    2.43
69    1    0.009    1    1   1    2.02
83    2    0.000    2    1   1    1.85
73    1    0.000    1    1   1    1.48
122    2    -0.009    2    1   0    1.77
114    2    0.009    1    2   0    0.88
72    1    -0.009    1    1   0    1.18
40    1    0.018    2    2   0    0.88
109    2    0.009    1    2   0    0.97
36    1    -0.018    2    2   1    1.73
63    1    0.000    2    2   0    1.26
15    1    0.018    2    2   0    2.16
9    1    0.009    2    2   0    2.50
97    2    -0.009    1    2   1    1.10
94    2    0.009    1    2   0    1.34
129    2    0.009    2    1   1    2.06
146    2    -0.018    2    1   0    1.85
20    1    0.018    2    2   0    1.88
54    1    0.009    2    2   0    1.64
34    1    0.009    1    1   1    3.49
53    1    0.000    1    1   1    2.11
90    2    0.018    2    1   1    1.93
43    1    0.000    2    2   0    1.13
12    1    -0.009    2    2   1    1.68
126    2    -0.018    2    1   0    1.61
4    1    0.009    1    1   1    1.27
108    2    0.000    2    1   1    3.55
104    2    0.009    1    2   0    0.81
10    1    0.018    2    2   0    1.53
60    1    0.018    2    2   0    2.61
85    2    0.018    2    1   1    1.69
123    2    0.000    2    1   1    1.39
11    1    -0.018    1    1   0    1.98
61    1    -0.018    2    2   1    1.38
71    1    -0.018    1    1   0    2.28
13    1    0.000    1    1   1    2.31
141    2    -0.018    1    2   1    2.43
50    1    0.018    2    2   0    0.99
150    2    0.018    1    2   0    1.81
79    2    0.009    1    2   0    2.63
133    2    0.000    1    2   0    1.79
136    2    -0.018    1    2   1    1.67
76    2    -0.018    2    1   0    2.29
120    2    0.018    2    1   1    3.02
37    1    -0.009    1    1   0    1.22
139    2    0.009    1    2   0    3.39
117    2    -0.009    1    2   1    2.46
143    2    0.000    2    1   1    0.96
64    1    0.009    1    1   1    0.86
103    2    0.000    2    1   1    1.08
99    2    0.009    1    2   0    1.18
74    1    0.009    2    2   0    2.61
45    1    0.018    2    2   0    0.94
5    1    0.018    1    1   1    1.28
93    2    0.000    1    2   0    1.38
47    1    -0.009    2    2   1    1.93
88    2    0.000    1    2   0    1.69
58    1    0.000    1    1   1    1.01
75    2    0.018    2    1   1    2.20
124    2    0.009    1    2   0    0.51
1    1    -0.018    2    2   1    2.45
113    2    0.000    2    1   1    1.83
147    2    -0.009    1    2   1    2.07
59    1    0.009    2    2   0    1.81
89    2    0.009    1    2   0    1.45
25    1    0.018    2    2   0    0.95
95    2    0.018    1    2   0    1.89
52    1    -0.009    2    2   1    0.99
21    1    -0.018    1    1   0    2.37
46    1    -0.018    2    2   1    0.76
6    1    -0.018    2    2   1    2.85
84    2    0.009    1    2   0    2.11
127    2    -0.009    2    1   0    0.97
18    1    0.000    2    2   0    0.95
66    1    -0.018    2    2   1    0.99
138    2    0.000    1    2   0    1.42
134    2    0.009    1    2   0    2.45
--------------------------------
06-Oct-2014 11:45:18 
data from observer A15 run 2
#occlusion2 expt 
reference disparity (degrees) 0.160000 

stim order disp kresp testresp correct time
1    1    0.074    1    1   1    3.71
2    1    0.069    1    1   1    2.55
3    1    0.065    2    2   0    2.36
4    2    -0.074    1    2   1    1.36
5    1    0.074    1    1   1    1.73
6    1    0.069    1    1   1    1.58
7    1    -0.069    2    2   1    0.96
8    2    0.065    2    1   1    1.38
9    1    -0.065    2    2   1    3.26
10    2    0.060    2    1   1    1.72
11    1    -0.060    2    2   1    4.05
12    2    0.055    2    1   1    2.23
13    2    -0.055    1    2   1    1.52
14    2    -0.051    1    2   1    3.52
15    1    -0.051    2    2   1    0.99
16    2    -0.046    1    2   1    3.66
17    1    -0.046    2    2   1    1.01
18    1    0.042    2    2   0    7.72
19    1    0.051    1    1   1    1.73
20    1    -0.051    2    2   1    1.11
21    1    -0.046    2    2   1    4.50
22    2    0.046    2    1   1    2.15
23    2    0.042    2    1   1    1.48
24    1    -0.042    2    2   1    3.90
25    1    -0.037    2    2   1    2.29
26    1    0.037    1    1   1    2.13
27    2    0.032    2    1   1    1.11
28    1    0.032    1    1   1    2.93
29    1    0.028    1    1   1    6.90
30    1    0.028    2    2   0    5.03
31    1    -0.037    2    2   1    3.18
32    2    0.037    2    1   1    3.03
33    1    0.032    1    1   1    3.75
34    2    0.032    2    1   1    2.50
35    1    -0.028    2    2   1    6.75
36    1    0.028    1    1   1    3.63
37    1    -0.023    2    2   1    1.54
38    2    -0.023    1    2   1    3.33
39    1    0.018    2    2   0    2.67
40    1    0.028    1    1   1    2.48
41    2    -0.028    2    1   0    4.22
42    1    -0.037    2    2   1    2.93
43    2    0.037    2    1   1    3.95
44    2    -0.032    1    2   1    2.34
45    1    -0.032    2    2   1    2.81
46    1    0.028    1    1   1    3.41
47    2    0.028    2    1   1    2.52
48    1    -0.023    2    2   1    5.11
49    2    0.023    2    1   1    2.46
50    2    -0.018    1    2   1    2.68
-------------------------
Final staircase threshold estimate (mean) is 0.0286
-------------------------
66    1    -0.069    2    2   1    2.77
21    1    -0.069    2    2   1    3.52
120    2    0.069    2    1   1    3.83
97    2    -0.028    1    2   1    2.47
80    2    0.069    2    1   1    2.23
132    2    -0.028    1    2   1    2.11
100    2    0.069    2    1   1    1.16
127    2    -0.028    1    2   1    1.93
41    1    -0.069    2    2   1    1.87
72    1    -0.028    2    2   1    2.82
53    1    0.000    2    2   0    5.46
45    1    0.069    1    1   1    1.13
105    2    0.069    2    1   1    0.67
108    2    0.000    1    2   0    5.18
3    1    0.000    1    1   1    4.60
95    2    0.069    2    1   1    1.14
137    2    -0.028    1    2   1    2.54
43    1    0.000    2    2   0    6.35
143    2    0.000    2    1   1    3.44
119    2    0.028    2    1   1    1.77
31    1    -0.069    2    2   1    1.12
19    1    0.028    1    1   1    3.27
37    1    -0.028    2    2   1    1.74
118    2    0.000    1    2   0    4.15
102    2    -0.028    1    2   1    5.29
126    2    -0.069    1    2   1    1.94
147    2    -0.028    1    2   1    5.23
104    2    0.028    2    1   1    1.65
40    1    0.069    1    1   1    2.75
110    2    0.069    2    1   1    2.70
63    1    0.000    2    2   0    8.09
13    1    0.000    1    1   1    6.49
55    1    0.069    1    1   1    1.89
125    2    0.069    2    1   1    2.27
36    1    -0.069    2    2   1    1.33
107    2    -0.028    1    2   1    7.98
134    2    0.028    2    1   1    3.98
117    2    -0.028    1    2   1    5.74
20    1    0.069    1    1   1    2.26
57    1    -0.028    2    2   1    1.24
52    1    -0.028    2    2   1    0.79
35    1    0.069    1    1   1    0.94
2    1    -0.028    2    2   1    1.03
59    1    0.028    1    1   1    1.72
71    1    -0.069    2    2   1    0.99
38    1    0.000    1    1   1    8.12
88    2    0.000    2    1   1    3.43
70    1    0.069    1    1   1    1.79
149    2    0.028    2    1   1    2.40
47    1    -0.028    2    2   1    2.05
111    2    -0.069    1    2   1    1.82
34    1    0.028    1    1   1    10.16
150    2    0.069    2    1   1    2.09
78    2    0.000    1    2   0    4.36
60    1    0.069    1    1   1    2.05
103    2    0.000    2    1   1    6.53
4    1    0.028    1    1   1    1.95
5    1    0.069    1    1   1    1.75
138    2    0.000    2    1   1    2.05
116    2    -0.069    1    2   1    1.29
1    1    -0.069    2    2   1    1.02
115    2    0.069    2    1   1    1.23
145    2    0.069    2    1   1    2.86
17    1    -0.028    2    2   1    3.32
148    2    0.000    1    2   0    4.07
26    1    -0.069    2    2   1    2.46
76    2    -0.069    1    2   1    1.88
44    1    0.028    1    1   1    6.85
18    1    0.000    1    1   1    10.84
25    1    0.069    1    1   1    1.75
114    2    0.028    2    1   1    1.03
128    2    0.000    2    1   1    3.93
106    2    -0.069    1    2   1    1.89
81    2    -0.069    1    2   1    2.55
98    2    0.000    2    1   1    4.05
136    2    -0.069    1    2   1    2.78
73    1    0.000    2    2   0    2.76
12    1    -0.028    2    2   1    3.92
6    1    -0.069    2    2   1    5.91
42    1    -0.028    2    2   1    1.50
109    2    0.028    2    1   1    5.18
96    2    -0.069    1    2   1    4.99
122    2    -0.028    1    2   1    7.98
29    1    0.028    1    1   1    3.51
92    2    -0.028    1    2   1    2.77
84    2    0.028    2    1   1    0.93
10    1    0.069    1    1   1    1.79
16    1    -0.069    2    2   1    1.02
135    2    0.069    2    1   1    0.93
113    2    0.000    2    1   1    3.02
131    2    -0.069    1    2   1    1.15
27    1    -0.028    2    2   1    1.30
112    2    -0.028    1    2   1    1.18
146    2    -0.069    1    2   1    1.59
69    1    0.028    1    1   1    2.60
15    1    0.069    1    1   1    0.98
89    2    0.028    2    1   1    1.08
48    1    0.000    2    2   0    2.50
75    2    0.069    2    1   1    0.90
133    2    0.000    1    2   0    4.57
30    1    0.069    1    1   1    1.05
91    2    -0.069    1    2   1    1.06
61    1    -0.069    2    2   1    0.93
28    1    0.000    2    2   0    1.47
23    1    0.000    2    2   0    4.56
85    2    0.069    2    1   1    0.71
14    1    0.028    1    1   1    1.21
54    1    0.028    1    1   1    2.15
144    2    0.028    2    1   1    0.96
33    1    0.000    2    2   0    5.45
50    1    0.069    1    1   1    1.13
49    1    0.028    1    1   1    4.31
74    1    0.028    1    1   1    1.85
94    2    0.028    2    1   1    0.87
8    1    0.000    2    2   0    5.23
141    2    -0.069    1    2   1    0.80
68    1    0.000    1    1   1    6.89
82    2    -0.028    1    2   1    1.17
51    1    -0.069    2    2   1    0.99
129    2    0.028    2    1   1    2.46
83    2    0.000    1    2   0    2.72
58    1    0.000    1    1   1    4.49
46    1    -0.069    2    2   1    0.78
123    2    0.000    2    1   1    2.23
65    1    0.069    1    1   1    0.98
86    2    -0.069    1    2   1    1.35
121    2    -0.069    1    2   1    1.36
124    2    0.028    2    1   1    0.92
32    1    -0.028    2    2   1    1.13
139    2    0.028    2    1   1    2.07
7    1    -0.028    2    2   1    1.02
87    2    -0.028    1    2   1    1.32
39    1    0.028    1    1   1    6.12
9    1    0.028    1    1   1    3.16
67    1    -0.028    2    2   1    0.86
93    2    0.000    2    1   1    7.63
11    1    -0.069    2    2   1    1.94
90    2    0.069    2    1   1    1.08
24    1    0.028    1    1   1    2.11
56    1    -0.069    2    2   1    0.75
62    1    -0.028    2    2   1    1.14
99    2    0.028    2    1   1    1.05
140    2    0.069    2    1   1    0.95
22    1    -0.028    2    2   1    0.98
77    2    -0.028    1    2   1    1.79
101    2    -0.069    1    2   1    1.86
79    2    0.028    2    1   1    0.96
64    1    0.028    1    1   1    2.21
142    2    -0.028    1    2   1    2.18
130    2    0.069    2    1   1    1.02
