--------------------------------
16-Sep-2014 11:26:51 
data from observer A15 
#occlusion2 expt 
reference disparity (degrees) 0.160000 

stim order disp kresp testresp correct time
1    1    -0.074    2    2   1    1.90
2    1    -0.069    2    2   1    1.07
3    1    0.065    1    1   1    0.66
4    2    0.060    2    1   1    0.60
5    2    0.055    2    1   1    0.75
6    2    -0.051    1    2   1    0.65
7    2    0.046    2    1   1    0.65
8    2    0.042    2    1   1    0.81
9    2    0.037    2    1   1    1.49
10    2    -0.032    1    2   1    0.69
11    2    0.028    2    1   1    0.82
12    1    -0.023    2    2   1    1.13
13    2    0.018    2    1   1    1.39
14    1    0.014    1    1   1    0.91
15    2    0.009    2    1   1    0.76
16    1    -0.005    2    2   1    1.46
17    1    -0.005    2    2   1    1.12
18    1    0.005    1    1   1    2.53
19    1    0.005    1    1   1    2.75
20    1    -0.005    2    2   1    1.28
21    1    0.005    1    1   1    1.56
22    2    -0.005    2    1   0    2.15
23    2    0.014    2    1   1    3.18
24    1    0.014    1    1   1    1.37
25    1    -0.009    2    2   1    0.83
26    1    -0.009    2    2   1    1.81
27    1    0.005    2    2   0    3.43
28    1    -0.014    2    2   1    1.26
29    1    0.014    1    1   1    1.55
30    1    0.009    2    2   0    0.97
31    2    -0.018    1    2   1    2.37
32    1    0.018    1    1   1    2.84
33    1    0.014    1    1   1    2.56
34    2    -0.014    1    2   1    4.06
35    1    -0.009    2    2   1    0.90
36    2    -0.009    1    2   1    1.00
37    1    0.005    2    2   0    2.04
38    2    -0.014    1    2   1    2.60
39    2    -0.014    2    1   0    2.22
40    2    0.023    2    1   1    0.86
41    2    0.023    2    1   1    0.84
42    1    0.018    1    1   1    3.40
43    1    -0.018    2    2   1    0.88
44    1    0.014    1    1   1    2.20
45    1    0.014    1    1   1    1.82
46    2    0.009    2    1   1    0.93
47    1    -0.009    2    2   1    0.87
48    1    -0.005    2    2   1    1.39
49    1    -0.005    2    2   1    1.07
50    1    -0.005    2    2   1    1.16
-------------------------
Final staircase threshold estimate (mean) is 0.0120
-------------------------
29    1    0.014    2    2   0    5.33
48    1    0.000    2    2   0    0.99
90    2    0.032    2    1   1    1.25
77    2    -0.014    1    2   1    3.44
25    1    0.032    1    1   1    1.36
10    1    0.032    1    1   1    2.77
63    1    0.000    2    2   0    3.68
56    1    -0.032    2    2   1    4.71
39    1    0.014    1    1   1    1.38
94    2    0.014    2    1   1    2.56
146    2    -0.032    1    2   1    1.87
114    2    0.014    2    1   1    1.93
140    2    0.032    2    1   1    1.28
78    2    0.000    2    1   1    3.08
129    2    0.014    2    1   1    2.65
82    2    -0.014    1    2   1    1.86
42    1    -0.014    2    2   1    3.02
85    2    0.032    2    1   1    1.83
92    2    -0.014    2    1   0    3.45
32    1    -0.014    2    2   1    5.45
11    1    -0.032    2    2   1    2.63
13    1    0.000    2    2   0    4.98
12    1    -0.014    2    2   1    5.15
135    2    0.032    2    1   1    3.45
7    1    -0.014    2    2   1    2.65
71    1    -0.032    2    2   1    0.92
37    1    -0.014    2    2   1    0.88
46    1    -0.032    2    2   1    1.06
121    2    -0.032    1    2   1    0.93
109    2    0.014    2    1   1    0.77
21    1    -0.032    2    2   1    0.91
9    1    0.014    1    1   1    1.22
131    2    -0.032    1    2   1    2.87
67    1    -0.014    2    2   1    1.52
139    2    0.014    2    1   1    0.87
147    2    -0.014    1    2   1    1.37
52    1    -0.014    2    2   1    0.87
49    1    0.014    1    1   1    1.80
20    1    0.032    1    1   1    1.37
68    1    0.000    2    2   0    2.29
138    2    0.000    2    1   1    2.00
23    1    0.000    1    1   1    1.07
64    1    0.014    2    2   0    1.36
50    1    0.032    1    1   1    1.04
126    2    -0.032    1    2   1    1.16
15    1    0.032    1    1   1    1.82
44    1    0.014    1    1   1    2.10
60    1    0.032    1    1   1    1.58
97    2    -0.014    1    2   1    2.77
24    1    0.014    1    1   1    1.45
125    2    0.032    2    1   1    0.91
102    2    -0.014    2    1   0    3.38
101    2    -0.032    1    2   1    0.90
91    2    -0.032    1    2   1    1.11
137    2    -0.014    2    1   0    1.29
116    2    -0.032    1    2   1    1.64
134    2    0.014    2    1   1    1.73
103    2    0.000    2    1   1    3.64
53    1    0.000    1    1   1    2.84
31    1    -0.032    2    2   1    1.58
19    1    0.014    1    1   1    7.09
119    2    0.014    2    1   1    0.92
83    2    0.000    2    1   1    7.01
40    1    0.032    1    1   1    0.82
145    2    0.032    2    1   1    0.70
57    1    -0.014    2    2   1    1.26
76    2    -0.032    1    2   1    0.65
73    1    0.000    2    2   0    1.78
142    2    -0.014    1    2   1    1.15
149    2    0.014    2    1   1    1.01
55    1    0.032    1    1   1    0.71
34    1    0.014    1    1   1    1.88
38    1    0.000    2    2   0    1.10
47    1    -0.014    2    2   1    1.21
80    2    0.032    2    1   1    1.11
74    1    0.014    1    1   1    0.88
58    1    0.000    2    2   0    3.95
96    2    -0.032    1    2   1    0.98
66    1    -0.032    2    2   1    0.93
144    2    0.014    2    1   1    1.06
51    1    -0.032    2    2   1    0.76
98    2    0.000    1    2   0    1.45
35    1    0.032    1    1   1    0.80
122    2    -0.014    1    2   1    1.57
33    1    0.000    2    2   0    1.26
148    2    0.000    1    2   0    1.70
22    1    -0.014    2    2   1    1.13
84    2    0.014    2    1   1    1.77
141    2    -0.032    1    2   1    0.95
2    1    -0.014    2    2   1    0.78
3    1    0.000    2    2   0    1.44
62    1    -0.014    2    2   1    2.17
26    1    -0.032    2    2   1    1.80
65    1    0.032    1    1   1    1.37
79    2    0.014    2    1   1    0.92
45    1    0.032    1    1   1    0.84
128    2    0.000    2    1   1    1.26
70    1    0.032    1    1   1    0.80
123    2    0.000    2    1   1    1.90
130    2    0.032    2    1   1    0.93
93    2    0.000    1    2   0    1.23
89    2    0.014    2    1   1    1.59
87    2    -0.014    1    2   1    4.35
30    1    0.032    1    1   1    1.67
17    1    -0.014    2    2   1    3.38
117    2    -0.014    1    2   1    2.82
115    2    0.032    2    1   1    0.98
104    2    0.014    2    1   1    4.05
43    1    0.000    1    1   1    3.20
95    2    0.032    2    1   1    0.96
99    2    0.014    2    1   1    1.65
75    2    0.032    2    1   1    2.07
124    2    0.014    2    1   1    1.34
72    1    -0.014    2    2   1    2.96
41    1    -0.032    2    2   1    1.21
4    1    0.014    1    1   1    1.01
54    1    0.014    1    1   1    2.00
143    2    0.000    2    1   1    3.36
106    2    -0.032    1    2   1    0.79
136    2    -0.032    1    2   1    1.23
120    2    0.032    2    1   1    1.76
112    2    -0.014    1    2   1    1.02
5    1    0.032    1    1   1    1.21
1    1    -0.032    2    2   1    0.98
132    2    -0.014    2    1   0    5.31
69    1    0.014    1    1   1    4.18
8    1    0.000    2    2   0    1.11
100    2    0.032    2    1   1    1.11
61    1    -0.032    2    2   1    3.27
59    1    0.014    1    1   1    1.33
28    1    0.000    2    2   0    1.48
110    2    0.032    2    1   1    1.96
105    2    0.032    2    1   1    1.25
133    2    0.000    1    2   0    5.61
108    2    0.000    2    1   1    3.35
18    1    0.000    1    1   1    2.19
113    2    0.000    2    1   1    3.14
107    2    -0.014    1    2   1    1.24
118    2    0.000    2    1   1    1.85
36    1    -0.032    2    2   1    0.98
6    1    -0.032    2    2   1    1.66
150    2    0.032    2    1   1    1.24
86    2    -0.032    1    2   1    1.32
88    2    0.000    2    1   1    2.43
127    2    -0.014    1    2   1    1.22
81    2    -0.032    1    2   1    2.24
14    1    0.014    1    1   1    8.28
16    1    -0.032    2    2   1    2.95
111    2    -0.032    1    2   1    1.47
27    1    -0.014    2    2   1    1.94
