--------------------------------
17-Oct-2014 10:29:28 
data from observer A16 
#occlusion2 expt 
reference disparity (degrees) 0.160000 

stim order disp kresp testresp correct time
1    1    0.074    1    1   1    4.41
2    2    -0.069    1    2   1    4.33
3    1    -0.065    2    2   1    1.28
4    1    0.060    2    2   0    1.00
5    1    -0.069    1    1   0    4.49
6    1    -0.079    2    2   1    0.75
7    1    0.079    1    1   1    0.94
8    1    0.074    1    1   1    0.87
9    2    0.074    2    1   1    1.02
10    2    0.069    2    1   1    1.00
11    2    -0.069    2    1   0    1.33
12    1    -0.079    2    2   1    1.71
13    2    -0.079    1    2   1    1.80
14    2    -0.074    1    2   1    1.43
15    2    0.074    2    1   1    0.80
16    1    -0.069    2    2   1    0.97
17    1    0.069    1    1   1    0.95
18    1    -0.065    2    2   1    0.91
19    1    -0.065    2    2   1    0.74
20    2    0.060    2    1   1    0.80
21    2    0.060    2    1   1    0.93
22    1    0.055    1    1   1    0.77
23    2    -0.055    2    1   0    1.48
24    1    -0.065    2    2   1    2.44
25    2    0.065    2    1   1    1.04
26    1    -0.060    2    2   1    1.19
27    2    0.060    2    1   1    0.64
28    2    -0.055    1    2   1    1.15
29    2    0.055    2    1   1    0.96
30    2    -0.051    1    2   1    2.90
31    1    -0.051    2    2   1    0.99
32    1    0.046    1    1   1    1.67
33    1    0.046    1    1   1    0.75
34    2    -0.042    1    2   1    0.82
35    2    -0.042    1    2   1    0.91
36    2    0.037    2    1   1    0.84
37    1    0.037    1    1   1    0.91
38    1    0.032    1    1   1    0.89
39    2    0.032    2    1   1    0.71
40    1    -0.028    2    2   1    0.79
41    1    -0.028    2    2   1    0.64
42    1    0.023    1    1   1    3.82
43    1    -0.023    2    2   1    0.78
44    2    0.018    2    1   1    0.62
45    1    0.018    1    1   1    1.75
46    2    0.014    2    1   1    0.71
47    1    -0.014    2    2   1    0.78
48    2    0.009    2    1   1    0.76
49    1    -0.009    2    2   1    1.35
50    2    0.005    2    1   1    1.47
-------------------------
Final staircase threshold estimate (mean) is 0.0162
-------------------------
146    2    -0.042    1    2   1    3.46
133    2    0.000    2    1   1    0.68
97    2    -0.014    1    2   1    0.75
96    2    -0.042    1    2   1    1.10
132    2    -0.014    1    2   1    3.40
136    2    -0.042    1    2   1    0.71
116    2    -0.042    1    2   1    1.24
15    1    0.042    1    1   1    1.54
39    1    0.014    1    1   1    0.62
140    2    0.042    2    1   1    0.63
59    1    0.014    1    1   1    2.48
131    2    -0.042    2    1   0    0.92
37    1    -0.014    2    2   1    0.80
99    2    0.014    2    1   1    0.61
9    1    0.014    1    1   1    1.44
12    1    -0.014    2    2   1    0.71
27    1    -0.014    2    2   1    0.78
63    1    0.000    2    2   0    0.82
148    2    0.000    2    1   1    0.84
82    2    -0.014    1    2   1    1.89
112    2    -0.014    1    2   1    0.82
35    1    0.042    1    1   1    1.00
128    2    0.000    2    1   1    0.71
115    2    0.042    2    1   1    0.65
130    2    0.042    2    1   1    0.70
88    2    0.000    1    2   0    2.59
91    2    -0.042    1    2   1    0.73
28    1    0.000    1    1   1    4.84
72    1    -0.014    2    2   1    1.99
139    2    0.014    2    1   1    1.93
110    2    0.042    2    1   1    0.78
75    2    0.042    2    1   1    1.36
85    2    0.042    2    1   1    0.68
31    1    -0.042    2    2   1    0.70
117    2    -0.014    1    2   1    1.04
125    2    0.042    2    1   1    0.56
67    1    -0.014    2    2   1    0.89
16    1    -0.042    2    2   1    0.63
81    2    -0.042    1    2   1    0.67
84    2    0.014    2    1   1    0.65
105    2    0.042    2    1   1    0.65
68    1    0.000    1    1   1    2.17
121    2    -0.042    1    2   1    0.65
79    2    0.014    1    2   0    3.27
94    2    0.014    2    1   1    0.73
33    1    0.000    1    1   1    2.31
44    1    0.014    1    1   1    0.81
141    2    -0.042    1    2   1    2.54
32    1    -0.014    2    2   1    2.14
78    2    0.000    2    1   1    1.51
83    2    0.000    2    1   1    0.71
17    1    -0.014    2    2   1    1.38
20    1    0.042    1    1   1    1.10
66    1    -0.042    2    2   1    0.58
74    1    0.014    1    1   1    0.50
122    2    -0.014    1    2   1    1.10
23    1    0.000    2    2   0    2.24
57    1    -0.014    2    2   1    1.53
42    1    -0.014    2    2   1    3.15
144    2    0.014    2    1   1    0.78
34    1    0.014    1    1   1    2.01
49    1    0.014    1    1   1    2.43
80    2    0.042    2    1   1    0.87
51    1    -0.042    2    2   1    1.55
5    1    0.042    1    1   1    1.24
2    1    -0.014    2    2   1    3.16
149    2    0.014    2    1   1    1.42
73    1    0.000    2    2   0    2.27
147    2    -0.014    1    2   1    1.01
126    2    -0.042    1    2   1    0.79
95    2    0.042    2    1   1    1.01
118    2    0.000    1    2   0    1.46
55    1    0.042    1    1   1    0.81
107    2    -0.014    1    2   1    0.99
62    1    -0.014    2    2   1    1.30
53    1    0.000    1    1   1    4.72
11    1    -0.042    2    2   1    1.04
150    2    0.042    2    1   1    1.06
90    2    0.042    2    1   1    0.67
69    1    0.014    1    1   1    1.62
46    1    -0.042    2    2   1    0.56
143    2    0.000    1    2   0    1.47
120    2    0.042    2    1   1    0.70
43    1    0.000    1    1   1    2.51
47    1    -0.014    2    2   1    0.92
29    1    0.014    1    1   1    0.83
52    1    -0.014    2    2   1    0.91
124    2    0.014    2    1   1    1.78
18    1    0.000    1    1   1    1.35
24    1    0.014    1    1   1    0.78
86    2    -0.042    1    2   1    0.90
93    2    0.000    1    2   0    1.11
108    2    0.000    1    2   0    0.80
7    1    -0.014    2    2   1    1.09
137    2    -0.014    1    2   1    0.80
100    2    0.042    2    1   1    1.80
70    1    0.042    1    1   1    0.68
92    2    -0.014    1    2   1    1.43
103    2    0.000    1    2   0    0.97
21    1    -0.042    2    2   1    0.55
1    1    -0.042    2    2   1    0.66
54    1    0.014    1    1   1    0.70
65    1    0.042    1    1   1    0.70
61    1    -0.042    2    2   1    0.84
142    2    -0.014    1    2   1    0.88
36    1    -0.042    2    2   1    0.63
76    2    -0.042    1    2   1    0.68
45    1    0.042    1    1   1    0.75
6    1    -0.042    2    2   1    0.55
101    2    -0.042    1    2   1    0.73
30    1    0.042    1    1   1    0.71
119    2    0.014    2    1   1    0.96
4    1    0.014    1    1   1    1.01
40    1    0.042    1    1   1    0.60
56    1    -0.042    2    2   1    0.59
102    2    -0.014    1    2   1    1.10
77    2    -0.014    1    2   1    0.71
98    2    0.000    2    1   1    0.95
129    2    0.014    2    1   1    0.64
64    1    0.014    1    1   1    0.79
14    1    0.014    1    1   1    0.67
123    2    0.000    1    2   0    1.18
48    1    0.000    2    2   0    1.87
41    1    -0.042    2    2   1    0.50
71    1    -0.042    2    2   1    0.51
10    1    0.042    1    1   1    0.65
26    1    -0.042    2    2   1    0.70
50    1    0.042    1    1   1    1.29
135    2    0.042    2    1   1    0.61
127    2    -0.014    1    2   1    0.79
38    1    0.000    1    1   1    1.04
3    1    0.000    2    2   0    0.95
25    1    0.042    1    1   1    1.26
89    2    0.014    2    1   1    0.62
58    1    0.000    2    2   0    0.74
145    2    0.042    2    1   1    0.73
19    1    0.014    1    1   1    0.62
113    2    0.000    1    2   0    0.95
109    2    0.014    2    1   1    0.54
104    2    0.014    2    1   1    0.64
87    2    -0.014    1    2   1    1.13
114    2    0.014    2    1   1    1.05
134    2    0.014    2    1   1    1.23
13    1    0.000    2    2   0    1.70
22    1    -0.014    2    2   1    0.98
138    2    0.000    1    2   0    1.01
8    1    0.000    1    1   1    1.56
111    2    -0.042    1    2   1    0.62
106    2    -0.042    1    2   1    0.63
60    1    0.042    1    1   1    0.54
