--------------------------------
17-Oct-2014 10:20:46 
data from observer  
#occlusion2 expt 
reference disparity (degrees) 0.160000 

stim order disp kresp testresp correct time
1    2    -0.074    1    2   1    1.13
2    1    0.069    1    1   1    0.66
3    1    0.065    1    1   1    0.70
4    1    0.060    1    1   1    0.52
5    2    0.055    2    1   1    0.55
6    1    0.051    1    1   1    0.63
7    1    0.046    1    1   1    0.68
8    2    0.042    2    1   1    0.66
9    1    0.037    1    1   1    0.66
10    2    -0.032    1    2   1    0.54
11    2    0.028    2    1   1    0.60
12    2    -0.023    1    2   1    0.64
13    1    -0.018    2    2   1    0.73
14    2    -0.014    1    2   1    0.56
15    1    -0.009    2    2   1    0.69
16    1    0.005    1    1   1    0.75
17    1    -0.005    2    2   1    2.45
18    2    -0.005    1    2   1    1.01
19    2    -0.005    1    2   1    1.67
20    2    0.005    1    2   0    1.62
21    1    0.014    1    1   1    1.02
22    2    0.014    2    1   1    2.99
23    1    -0.009    2    2   1    0.82
24    2    -0.009    2    1   0    2.25
25    2    -0.018    1    2   1    1.09
26    2    0.018    2    1   1    0.74
27    2    0.014    2    1   1    0.91
28    1    -0.014    2    2   1    1.58
29    1    -0.009    2    2   1    2.03
30    1    0.009    2    2   0    2.30
31    1    0.018    1    1   1    0.83
32    1    0.018    1    1   1    1.82
33    1    -0.014    2    2   1    1.21
34    1    -0.014    1    1   0    2.12
35    2    0.023    2    1   1    1.51
36    1    0.023    1    1   1    0.67
37    1    -0.018    2    2   1    1.55
38    2    0.018    2    1   1    1.61
39    2    -0.014    1    2   1    2.65
40    2    -0.014    1    2   1    2.04
41    2    0.009    2    1   1    1.13
42    2    -0.009    1    2   1    1.94
43    2    0.005    2    1   1    0.80
44    2    0.005    2    1   1    2.38
45    1    -0.005    2    2   1    1.99
46    1    -0.005    2    2   1    3.12
47    1    0.005    1    1   1    1.63
48    2    0.005    1    2   0    2.24
49    1    0.014    1    1   1    1.78
50    1    0.014    1    1   1    5.15
-------------------------
Final staircase threshold estimate (mean) is 0.0074
-------------------------
78    2    0.000    1    2   0    8.88
81    2    -0.018    1    2   1    0.86
16    1    -0.018    1    1   0    2.39
112    2    -0.009    1    2   1    0.63
142    2    -0.009    1    2   1    1.37
140    2    0.018    2    1   1    0.73
48    1    0.000    1    1   1    0.62
12    1    -0.009    1    1   0    1.44
113    2    0.000    1    2   0    1.45
96    2    -0.018    1    2   1    0.60
93    2    0.000    1    2   0    1.85
30    1    0.018    1    1   1    0.98
37    1    -0.009    1    1   0    2.23
51    1    -0.018    2    2   1    0.71
127    2    -0.009    1    2   1    0.93
91    2    -0.018    1    2   1    0.77
99    2    0.009    1    2   0    3.32
24    1    0.009    1    1   1    2.82
56    1    -0.018    2    2   1    1.66
131    2    -0.018    1    2   1    0.84
87    2    -0.009    2    1   0    2.96
123    2    0.000    2    1   1    2.14
98    2    0.000    1    2   0    2.38
32    1    -0.009    2    2   1    1.60
114    2    0.009    2    1   1    1.33
59    1    0.009    1    1   1    1.42
66    1    -0.018    2    2   1    0.73
54    1    0.009    1    1   1    1.41
15    1    0.018    1    1   1    0.89
115    2    0.018    2    1   1    0.95
76    2    -0.018    1    2   1    0.80
70    1    0.018    1    1   1    0.64
110    2    0.018    2    1   1    0.94
31    1    -0.018    2    2   1    0.91
38    1    0.000    1    1   1    1.47
148    2    0.000    2    1   1    1.00
41    1    -0.018    2    2   1    0.73
42    1    -0.009    2    2   1    1.63
128    2    0.000    2    1   1    4.06
137    2    -0.009    1    2   1    1.91
100    2    0.018    2    1   1    1.05
107    2    -0.009    1    2   1    2.58
133    2    0.000    1    2   0    2.57
39    1    0.009    1    1   1    0.82
150    2    0.018    2    1   1    0.91
101    2    -0.018    1    2   1    1.00
58    1    0.000    1    1   1    3.17
132    2    -0.009    1    2   1    1.09
129    2    0.009    2    1   1    1.61
135    2    0.018    2    1   1    1.42
88    2    0.000    1    2   0    3.11
73    1    0.000    2    2   0    2.48
4    1    0.009    1    1   1    0.91
86    2    -0.018    1    2   1    1.56
130    2    0.018    2    1   1    0.73
126    2    -0.018    1    2   1    1.52
119    2    0.009    2    1   1    1.74
109    2    0.009    2    1   1    2.30
145    2    0.018    2    1   1    0.89
117    2    -0.009    1    2   1    1.05
26    1    -0.018    2    2   1    2.74
8    1    0.000    1    1   1    2.52
5    1    0.018    1    1   1    0.79
10    1    0.018    1    1   1    0.72
125    2    0.018    2    1   1    0.73
95    2    0.018    2    1   1    0.79
67    1    -0.009    1    1   0    2.87
6    1    -0.018    2    2   1    1.12
79    2    0.009    2    1   1    3.61
34    1    0.009    1    1   1    0.80
55    1    0.018    1    1   1    0.62
71    1    -0.018    2    2   1    0.66
124    2    0.009    2    1   1    2.19
65    1    0.018    1    1   1    1.19
74    1    0.009    1    1   1    1.72
11    1    -0.018    2    2   1    2.24
52    1    -0.009    1    1   0    0.85
68    1    0.000    1    1   1    0.77
18    1    0.000    2    2   0    2.96
80    2    0.018    2    1   1    0.68
49    1    0.009    1    1   1    0.58
122    2    -0.009    1    2   1    1.52
147    2    -0.009    1    2   1    0.89
2    1    -0.009    2    2   1    2.54
1    1    -0.018    2    2   1    0.73
102    2    -0.009    1    2   1    1.77
139    2    0.009    1    2   0    1.94
111    2    -0.018    1    2   1    0.75
146    2    -0.018    1    2   1    0.71
20    1    0.018    1    1   1    0.74
9    1    0.009    1    1   1    0.93
27    1    -0.009    1    1   0    3.28
77    2    -0.009    1    2   1    0.81
89    2    0.009    2    1   1    3.59
44    1    0.009    1    1   1    0.76
28    1    0.000    1    1   1    2.74
19    1    0.009    1    1   1    2.36
23    1    0.000    1    1   1    2.90
36    1    -0.018    2    2   1    1.12
14    1    0.009    1    1   1    2.06
35    1    0.018    1    1   1    0.72
43    1    0.000    1    1   1    3.27
103    2    0.000    1    2   0    1.18
29    1    0.009    1    1   1    0.82
63    1    0.000    1    1   1    0.72
143    2    0.000    1    2   0    2.30
64    1    0.009    1    1   1    0.74
141    2    -0.018    1    2   1    1.08
45    1    0.018    1    1   1    0.69
61    1    -0.018    2    2   1    0.52
25    1    0.018    1    1   1    0.68
75    2    0.018    2    1   1    0.51
116    2    -0.018    1    2   1    0.58
47    1    -0.009    2    2   1    0.89
21    1    -0.018    2    2   1    0.57
3    1    0.000    2    2   0    1.24
92    2    -0.009    1    2   1    0.89
121    2    -0.018    1    2   1    0.59
57    1    -0.009    2    2   1    0.83
94    2    0.009    2    1   1    0.99
106    2    -0.018    1    2   1    0.77
17    1    -0.009    2    2   1    1.01
84    2    0.009    2    1   1    0.71
138    2    0.000    2    1   1    0.61
149    2    0.009    2    1   1    0.70
85    2    0.018    2    1   1    0.64
13    1    0.000    1    1   1    1.53
72    1    -0.009    2    2   1    0.75
134    2    0.009    2    1   1    0.53
62    1    -0.009    2    2   1    0.60
69    1    0.009    1    1   1    0.59
83    2    0.000    1    2   0    0.52
46    1    -0.018    2    2   1    0.59
120    2    0.018    2    1   1    0.68
97    2    -0.009    1    2   1    1.56
118    2    0.000    2    1   1    1.14
136    2    -0.018    1    2   1    0.71
144    2    0.009    2    1   1    0.65
22    1    -0.009    2    2   1    0.70
82    2    -0.009    1    2   1    0.78
40    1    0.018    1    1   1    0.74
50    1    0.018    1    1   1    1.10
33    1    0.000    1    1   1    0.76
7    1    -0.009    1    1   0    2.97
53    1    0.000    1    1   1    2.78
90    2    0.018    2    1   1    0.66
108    2    0.000    1    2   0    2.30
60    1    0.018    1    1   1    0.61
104    2    0.009    2    1   1    0.80
105    2    0.018    2    1   1    1.66
