--------------------------------
17-Oct-2014 11:16:53 
data from observer A16 
#occlusion2 expt 
reference disparity (degrees) 0.160000 

stim order disp kresp testresp correct time
1    2    0.074    1    2   1    0.87
2    2    0.069    1    2   1    0.78
3    1    0.065    2    2   1    0.82
4    2    -0.060    2    1   1    0.65
5    1    0.055    2    2   1    0.63
6    2    0.051    1    2   1    0.66
7    2    0.046    1    2   1    0.72
8    1    0.042    2    2   1    0.66
9    1    -0.037    1    1   1    0.62
10    1    -0.032    1    1   1    0.63
11    2    -0.028    2    1   1    0.60
12    2    -0.023    2    1   1    0.71
13    2    -0.018    2    1   1    0.67
14    1    0.014    2    2   1    0.68
15    2    -0.009    2    1   1    0.85
16    2    0.005    2    1   0    1.64
17    2    -0.014    2    1   1    0.72
18    1    -0.014    1    1   1    0.73
19    1    -0.009    2    2   0    0.86
20    1    0.018    2    2   1    0.56
21    1    0.018    2    2   1    0.61
22    2    0.014    1    2   1    0.69
23    2    0.014    1    2   1    1.53
24    2    0.009    1    2   1    1.24
25    1    -0.009    1    1   1    2.81
26    2    -0.005    1    2   0    1.87
27    1    -0.014    1    1   1    0.92
28    2    0.014    1    2   1    0.72
29    1    -0.009    1    1   1    0.58
30    2    0.009    1    2   1    1.03
31    1    -0.005    1    1   1    0.81
32    1    -0.005    2    2   0    2.26
33    2    -0.014    2    1   1    0.89
34    2    0.014    1    2   1    1.05
35    1    -0.009    2    2   0    2.41
36    1    -0.018    1    1   1    1.16
37    2    -0.018    2    1   1    0.74
38    2    0.014    1    2   1    0.83
39    1    -0.014    1    1   1    0.87
40    1    0.009    2    2   1    1.32
41    1    0.009    2    2   1    1.48
42    1    -0.005    1    1   1    0.83
43    2    -0.005    2    1   1    0.70
44    1    -0.005    1    1   1    1.84
45    1    -0.005    1    1   1    1.37
46    2    -0.005    2    1   1    1.07
47    2    -0.005    1    2   0    2.51
48    1    -0.014    1    1   1    0.89
49    1    -0.014    1    1   1    0.77
50    1    -0.009    1    1   1    2.42
-------------------------
Final staircase threshold estimate (mean) is 0.0074
-------------------------
93    2    0.000    2    1   1    12.04
16    1    -0.018    1    1   0    0.62
78    2    0.000    2    1   1    1.81
38    1    0.000    2    2   0    2.40
97    2    -0.009    2    1   0    1.30
147    2    -0.009    2    1   0    0.77
33    1    0.000    1    1   1    1.96
63    1    0.000    2    2   0    1.87
7    1    -0.009    1    1   0    0.95
96    2    -0.018    2    1   0    0.63
3    1    0.000    1    1   1    2.02
135    2    0.018    1    2   0    0.74
36    1    -0.018    1    1   0    0.63
87    2    -0.009    2    1   0    1.13
37    1    -0.009    1    1   0    0.77
53    1    0.000    1    1   1    0.92
145    2    0.018    1    2   0    0.73
81    2    -0.018    2    1   0    0.64
122    2    -0.009    2    1   0    1.77
61    1    -0.018    1    1   0    0.61
35    1    0.018    2    2   0    0.61
47    1    -0.009    1    1   0    0.69
22    1    -0.009    1    1   0    0.85
113    2    0.000    1    2   0    1.66
59    1    0.009    2    2   0    1.47
94    2    0.009    1    2   0    1.16
129    2    0.009    1    2   0    0.79
84    2    0.009    1    2   0    0.68
69    1    0.009    2    2   0    2.49
83    2    0.000    1    2   0    1.02
13    1    0.000    1    1   1    1.87
23    1    0.000    1    1   1    1.76
126    2    -0.018    2    1   0    1.26
112    2    -0.009    2    1   0    1.47
19    1    0.009    2    2   0    1.31
105    2    0.018    1    2   0    0.77
133    2    0.000    2    1   1    2.51
70    1    0.018    2    2   0    0.75
100    2    0.018    1    2   0    1.21
72    1    -0.009    1    1   0    1.68
118    2    0.000    2    1   1    1.11
106    2    -0.018    2    1   0    1.00
18    1    0.000    2    2   0    1.07
110    2    0.018    1    2   0    1.01
15    1    0.018    2    2   0    0.76
137    2    -0.009    2    1   0    1.63
74    1    0.009    2    2   0    1.18
6    1    -0.018    1    1   0    0.69
125    2    0.018    1    2   0    0.80
17    1    -0.009    1    1   0    1.38
55    1    0.018    2    2   0    0.99
27    1    -0.009    1    1   0    0.88
58    1    0.000    1    1   1    0.71
44    1    0.009    2    2   0    1.68
31    1    -0.018    1    1   0    0.70
62    1    -0.009    1    1   0    0.68
99    2    0.009    1    2   0    1.27
79    2    0.009    1    2   0    0.66
12    1    -0.009    1    1   0    1.23
20    1    0.018    2    2   0    0.64
77    2    -0.009    2    1   0    1.65
128    2    0.000    1    2   0    2.05
88    2    0.000    1    2   0    0.87
103    2    0.000    1    2   0    1.16
65    1    0.018    2    2   0    1.32
146    2    -0.018    2    1   0    1.75
14    1    0.009    2    2   0    2.59
50    1    0.018    2    2   0    1.90
80    2    0.018    1    2   0    0.65
119    2    0.009    1    2   0    0.64
140    2    0.018    1    2   0    1.17
104    2    0.009    1    2   0    0.72
148    2    0.000    1    2   0    1.58
25    1    0.018    2    2   0    1.20
127    2    -0.009    2    1   0    3.99
56    1    -0.018    1    1   0    0.98
52    1    -0.009    1    1   0    0.80
120    2    0.018    1    2   0    1.68
91    2    -0.018    2    1   0    1.71
131    2    -0.018    2    1   0    1.87
5    1    0.018    2    2   0    2.36
134    2    0.009    1    2   0    0.66
71    1    -0.018    1    1   0    0.66
24    1    0.009    2    2   0    0.91
46    1    -0.018    1    1   0    0.53
136    2    -0.018    2    1   0    0.48
85    2    0.018    1    2   0    0.51
86    2    -0.018    2    1   0    0.80
40    1    0.018    2    2   0    1.49
123    2    0.000    1    2   0    0.83
21    1    -0.018    1    1   0    0.63
67    1    -0.009    1    1   0    0.83
141    2    -0.018    1    2   1    0.86
68    1    0.000    2    2   0    0.63
98    2    0.000    1    2   0    0.93
150    2    0.018    1    2   0    0.76
144    2    0.009    1    2   0    0.84
111    2    -0.018    2    1   0    0.91
89    2    0.009    2    1   1    3.12
54    1    0.009    2    2   0    3.12
57    1    -0.009    1    1   0    0.77
42    1    -0.009    1    1   0    1.48
143    2    0.000    1    2   0    2.00
34    1    0.009    2    2   0    1.71
124    2    0.009    1    2   0    1.88
149    2    0.009    1    2   0    1.33
49    1    0.009    2    2   0    1.67
132    2    -0.009    2    1   0    1.17
102    2    -0.009    2    1   0    1.31
138    2    0.000    2    1   1    3.67
114    2    0.009    1    2   0    0.79
92    2    -0.009    2    1   0    0.64
51    1    -0.018    1    1   0    0.83
32    1    -0.009    1    1   0    1.02
142    2    -0.009    2    1   0    0.90
26    1    -0.018    1    1   0    0.60
43    1    0.000    1    1   1    0.77
139    2    0.009    1    2   0    1.90
116    2    -0.018    2    1   0    1.47
41    1    -0.018    1    1   0    0.85
30    1    0.018    2    2   0    0.75
10    1    0.018    2    2   0    1.59
109    2    0.009    1    2   0    0.92
1    1    -0.018    1    1   0    0.55
8    1    0.000    1    1   1    1.62
4    1    0.009    2    2   0    0.78
28    1    0.000    2    2   0    0.80
48    1    0.000    1    1   1    0.84
76    2    -0.018    2    1   0    0.71
117    2    -0.009    2    1   0    1.68
11    1    -0.018    1    1   0    0.65
45    1    0.018    2    2   0    0.54
107    2    -0.009    2    1   0    0.63
130    2    0.018    1    2   0    0.69
9    1    0.009    2    2   0    0.74
95    2    0.018    1    2   0    0.94
101    2    -0.018    2    1   0    0.56
115    2    0.018    2    1   1    0.55
29    1    0.009    2    2   0    3.40
108    2    0.000    1    2   0    0.66
64    1    0.009    1    1   1    2.62
121    2    -0.018    2    1   0    0.98
73    1    0.000    1    1   1    0.71
2    1    -0.009    1    1   0    0.66
75    2    0.018    1    2   0    0.87
39    1    0.009    2    2   0    1.04
82    2    -0.009    2    1   0    1.03
66    1    -0.018    1    1   0    0.91
60    1    0.018    2    2   0    0.79
90    2    0.018    1    2   0    0.74
