--------------------------------
17-Oct-2014 11:32:57 
data from observer A16 
#occlusion2 expt 
reference disparity (degrees) 0.160000 

stim order disp kresp testresp correct time
1    1    -0.074    1    1   1    0.98
2    2    -0.069    2    1   1    0.49
3    1    -0.065    1    1   1    1.10
4    1    0.060    2    2   1    0.51
5    2    -0.055    2    1   1    0.51
6    2    0.051    1    2   1    0.50
7    2    0.046    1    2   1    0.54
8    1    -0.042    1    1   1    0.52
9    2    -0.037    2    1   1    0.59
10    2    -0.032    2    1   1    0.75
11    2    -0.028    2    1   1    0.61
12    2    0.023    1    2   1    0.62
13    1    -0.018    1    1   1    0.73
14    2    0.014    1    2   1    0.69
15    2    0.009    1    2   1    0.79
16    1    -0.005    1    1   1    1.05
17    1    0.005    2    2   1    2.09
18    2    -0.005    2    1   1    2.39
19    2    -0.005    2    1   1    0.64
20    2    0.005    2    1   0    1.80
21    2    -0.014    2    1   1    0.64
22    2    -0.014    2    1   1    1.48
23    1    -0.009    1    1   1    1.13
24    1    0.009    2    2   1    2.11
25    1    -0.005    1    1   1    1.07
26    2    -0.005    1    2   0    3.01
27    1    0.014    2    2   1    0.74
28    2    -0.014    2    1   1    1.41
29    1    -0.009    1    1   1    0.76
30    2    0.009    1    2   1    0.60
31    1    -0.005    1    1   1    1.43
32    2    0.005    2    1   0    1.61
33    2    -0.014    2    1   1    0.83
34    2    -0.014    2    1   1    1.49
35    2    -0.009    2    1   1    0.89
36    1    0.009    2    2   1    1.13
37    2    0.005    1    2   1    2.18
38    2    -0.005    2    1   1    0.97
39    1    -0.005    1    1   1    0.72
40    1    0.005    2    2   1    3.43
41    1    0.005    2    2   1    1.64
42    1    -0.005    1    1   1    1.48
43    1    -0.005    1    1   1    1.75
44    2    0.005    1    2   1    0.65
45    1    0.005    2    2   1    1.31
46    2    -0.005    1    2   0    1.39
47    1    -0.014    1    1   1    0.81
48    1    0.014    2    2   1    1.11
49    1    -0.009    1    1   1    0.85
50    2    0.009    1    2   1    0.78
-------------------------
Final staircase threshold estimate (mean) is 0.0074
-------------------------
61    1    -0.018    1    1   0    5.88
34    1    0.009    2    2   0    0.82
75    2    0.018    1    2   0    0.75
31    1    -0.018    1    1   0    0.87
28    1    0.000    1    1   1    3.20
16    1    -0.018    1    1   0    0.57
48    1    0.000    1    1   1    0.55
84    2    0.009    1    2   0    2.42
23    1    0.000    1    1   1    0.78
65    1    0.018    2    2   0    0.78
22    1    -0.009    1    1   0    0.60
90    2    0.018    1    2   0    0.64
3    1    0.000    2    2   0    2.69
89    2    0.009    1    2   0    0.79
113    2    0.000    2    1   1    0.98
69    1    0.009    2    2   0    0.90
43    1    0.000    2    2   0    1.77
82    2    -0.009    2    1   0    3.14
95    2    0.018    1    2   0    1.02
124    2    0.009    1    2   0    1.00
70    1    0.018    2    2   0    0.55
110    2    0.018    1    2   0    1.10
17    1    -0.009    1    1   0    0.66
148    2    0.000    2    1   1    3.09
101    2    -0.018    2    1   0    1.54
83    2    0.000    2    1   1    1.22
2    1    -0.009    1    1   0    0.72
99    2    0.009    2    1   1    1.02
138    2    0.000    2    1   1    0.58
32    1    -0.009    1    1   0    0.62
112    2    -0.009    2    1   0    0.67
85    2    0.018    1    2   0    0.67
100    2    0.018    1    2   0    0.63
104    2    0.009    1    2   0    1.44
134    2    0.009    1    2   0    1.22
114    2    0.009    2    1   1    0.75
118    2    0.000    2    1   1    1.53
8    1    0.000    2    2   0    1.12
106    2    -0.018    2    1   0    1.65
119    2    0.009    1    2   0    2.39
67    1    -0.009    1    1   0    1.08
81    2    -0.018    2    1   0    0.67
122    2    -0.009    2    1   0    0.92
13    1    0.000    2    2   0    1.26
72    1    -0.009    1    1   0    0.91
136    2    -0.018    2    1   0    1.10
21    1    -0.018    1    1   0    0.75
51    1    -0.018    1    1   0    1.07
121    2    -0.018    2    1   0    1.66
9    1    0.009    2    2   0    1.65
1    1    -0.018    1    1   0    1.35
94    2    0.009    1    2   0    0.83
42    1    -0.009    1    1   0    0.88
20    1    0.018    2    2   0    0.76
127    2    -0.009    2    1   0    0.65
126    2    -0.018    2    1   0    0.64
133    2    0.000    2    1   1    1.66
47    1    -0.009    1    1   0    1.42
26    1    -0.018    1    1   0    0.78
27    1    -0.009    1    1   0    2.04
50    1    0.018    2    2   0    0.65
49    1    0.009    2    2   0    0.74
29    1    0.009    2    2   0    0.67
46    1    -0.018    1    1   0    1.00
12    1    -0.009    1    1   0    1.32
143    2    0.000    1    2   0    1.30
147    2    -0.009    2    1   0    0.63
97    2    -0.009    2    1   0    0.66
54    1    0.009    2    2   0    1.08
68    1    0.000    2    2   0    3.20
107    2    -0.009    2    1   0    1.39
6    1    -0.018    1    1   0    0.85
117    2    -0.009    2    1   0    0.69
11    1    -0.018    1    1   0    0.78
77    2    -0.009    2    1   0    1.15
141    2    -0.018    2    1   0    1.41
35    1    0.018    2    2   0    1.53
96    2    -0.018    2    1   0    1.16
18    1    0.000    2    2   0    1.89
149    2    0.009    1    2   0    1.38
73    1    0.000    2    2   0    2.91
38    1    0.000    1    1   1    0.78
92    2    -0.009    2    1   0    1.74
74    1    0.009    2    2   0    3.52
115    2    0.018    1    2   0    0.70
64    1    0.009    1    1   1    1.12
5    1    0.018    2    2   0    0.74
129    2    0.009    2    1   1    0.69
66    1    -0.018    1    1   0    0.87
40    1    0.018    2    2   0    0.82
79    2    0.009    1    2   0    0.66
62    1    -0.009    1    1   0    1.24
24    1    0.009    1    1   1    0.76
14    1    0.009    2    2   0    0.57
109    2    0.009    1    2   0    1.07
132    2    -0.009    1    2   1    1.54
56    1    -0.018    1    1   0    0.70
142    2    -0.009    1    2   1    0.62
55    1    0.018    2    2   0    0.61
135    2    0.018    1    2   0    0.60
111    2    -0.018    2    1   0    2.22
130    2    0.018    1    2   0    1.11
145    2    0.018    1    2   0    0.69
53    1    0.000    1    1   1    0.60
125    2    0.018    1    2   0    0.60
105    2    0.018    1    2   0    0.68
116    2    -0.018    2    1   0    0.65
44    1    0.009    2    2   0    1.38
59    1    0.009    2    2   0    0.64
10    1    0.018    2    2   0    0.64
45    1    0.018    2    2   0    0.58
4    1    0.009    2    2   0    1.64
103    2    0.000    2    1   1    0.91
58    1    0.000    2    2   0    1.75
87    2    -0.009    2    1   0    1.92
146    2    -0.018    2    1   0    0.70
41    1    -0.018    1    1   0    2.03
93    2    0.000    2    1   1    2.57
7    1    -0.009    1    1   0    3.58
139    2    0.009    1    2   0    1.95
71    1    -0.018    1    1   0    0.68
15    1    0.018    2    2   0    0.72
128    2    0.000    2    1   1    1.21
33    1    0.000    2    2   0    2.04
36    1    -0.018    1    1   0    0.65
25    1    0.018    2    2   0    0.66
39    1    0.009    2    2   0    0.58
131    2    -0.018    2    1   0    0.68
150    2    0.018    1    2   0    0.99
30    1    0.018    2    2   0    0.68
86    2    -0.018    2    1   0    1.47
80    2    0.018    1    2   0    0.88
76    2    -0.018    2    1   0    0.72
60    1    0.018    2    2   0    0.67
120    2    0.018    1    2   0    0.82
19    1    0.009    2    2   0    0.67
123    2    0.000    2    1   1    1.94
37    1    -0.009    1    1   0    0.81
52    1    -0.009    2    2   1    1.11
98    2    0.000    1    2   0    0.73
140    2    0.018    1    2   0    0.80
88    2    0.000    2    1   1    0.86
108    2    0.000    2    1   1    0.57
102    2    -0.009    2    1   0    0.42
144    2    0.009    1    2   0    0.73
63    1    0.000    2    2   0    1.24
137    2    -0.009    2    1   0    0.79
91    2    -0.018    2    1   0    0.76
78    2    0.000    2    1   1    1.07
57    1    -0.009    1    1   0    0.85
