--------------------------------
17-Oct-2014 10:37:58 
data from observer A16 
#occlusion2 expt 
reference disparity (degrees) 0.160000 

stim order disp kresp testresp correct time
1    1    -0.074    2    2   1    1.63
2    1    0.069    1    1   1    0.87
3    1    0.065    1    1   1    1.01
4    1    0.060    1    1   1    1.12
5    2    -0.055    1    2   1    0.62
6    1    0.051    1    1   1    0.95
7    1    0.046    1    1   1    1.16
8    2    -0.042    1    2   1    0.85
9    2    0.037    2    1   1    0.77
10    1    0.032    1    1   1    0.72
11    2    0.028    2    1   1    0.68
12    2    0.023    2    1   1    0.70
13    1    -0.018    2    2   1    0.63
14    2    0.014    2    1   1    0.89
15    2    -0.009    1    2   1    1.70
16    2    0.005    1    2   0    2.65
17    1    -0.014    2    2   1    0.71
18    1    0.014    1    1   1    0.76
19    2    0.009    2    1   1    1.27
20    1    -0.009    2    2   1    3.44
21    2    -0.005    1    2   1    0.67
22    2    0.005    2    1   1    0.79
23    2    0.005    2    1   1    1.31
24    1    -0.005    2    2   1    0.66
25    2    0.005    2    1   1    0.84
26    2    0.005    2    1   1    1.42
27    2    -0.005    1    2   1    0.92
28    2    -0.005    1    2   1    0.61
29    1    -0.005    2    2   1    0.67
30    1    -0.005    2    2   1    1.05
31    1    -0.005    2    2   1    0.76
32    1    0.005    2    2   0    2.62
33    2    0.014    2    1   1    0.72
34    2    0.014    2    1   1    0.71
35    2    0.009    2    1   1    0.78
36    2    0.009    2    1   1    0.98
37    1    -0.005    2    2   1    0.81
38    1    -0.005    2    2   1    0.81
39    1    -0.005    2    2   1    0.84
40    2    0.005    2    1   1    0.67
41    2    0.005    2    1   1    0.94
42    1    0.005    2    2   0    0.92
43    1    -0.014    2    2   1    0.98
44    2    0.014    2    1   1    0.77
45    1    0.009    1    1   1    1.02
46    1    0.009    1    1   1    1.15
47    2    0.005    2    1   1    0.70
48    1    -0.005    2    2   1    1.70
49    2    0.005    2    1   1    1.24
50    2    0.005    2    1   1    2.46
-------------------------
Final staircase threshold estimate (mean) is 0.0074
-------------------------
8    1    0.000    1    1   1    16.69
136    2    -0.018    1    2   1    0.82
135    2    0.018    2    1   1    0.68
44    1    0.009    1    1   1    0.74
90    2    0.018    2    1   1    0.95
36    1    -0.018    2    2   1    0.76
117    2    -0.009    1    2   1    0.92
126    2    -0.018    1    2   1    0.80
64    1    0.009    1    1   1    1.59
110    2    0.018    2    1   1    0.68
132    2    -0.009    1    2   1    1.25
4    1    0.009    1    1   1    0.69
24    1    0.009    1    1   1    0.79
23    1    0.000    2    2   0    0.86
68    1    0.000    1    1   1    1.63
40    1    0.018    1    1   1    0.58
130    2    0.018    2    1   1    0.81
63    1    0.000    2    2   0    2.29
60    1    0.018    1    1   1    0.78
16    1    -0.018    2    2   1    0.59
9    1    0.009    1    1   1    0.74
74    1    0.009    1    1   1    1.02
53    1    0.000    1    1   1    1.12
150    2    0.018    2    1   1    0.84
129    2    0.009    2    1   1    1.61
87    2    -0.009    1    2   1    0.89
15    1    0.018    1    1   1    0.91
98    2    0.000    1    2   0    1.81
70    1    0.018    1    1   1    0.82
140    2    0.018    2    1   1    1.48
47    1    -0.009    2    2   1    2.70
142    2    -0.009    1    2   1    0.64
43    1    0.000    1    1   1    0.82
92    2    -0.009    1    2   1    0.72
38    1    0.000    1    1   1    0.65
100    2    0.018    1    2   0    1.02
20    1    0.018    1    1   1    0.77
2    1    -0.009    2    2   1    0.74
128    2    0.000    2    1   1    0.79
26    1    -0.018    2    2   1    1.11
77    2    -0.009    1    2   1    1.50
22    1    -0.009    2    2   1    0.87
65    1    0.018    1    1   1    0.78
3    1    0.000    1    1   1    1.35
112    2    -0.009    1    2   1    0.78
116    2    -0.018    1    2   1    0.66
37    1    -0.009    2    2   1    0.80
82    2    -0.009    1    2   1    0.56
11    1    -0.018    2    2   1    0.67
99    2    0.009    2    1   1    0.67
41    1    -0.018    2    2   1    0.56
71    1    -0.018    2    2   1    0.71
21    1    -0.018    2    2   1    0.51
58    1    0.000    1    1   1    1.50
108    2    0.000    1    2   0    1.39
72    1    -0.009    2    2   1    0.67
32    1    -0.009    2    2   1    0.78
120    2    0.018    2    1   1    0.55
48    1    0.000    1    1   1    1.54
51    1    -0.018    2    2   1    1.93
66    1    -0.018    2    2   1    2.07
80    2    0.018    2    1   1    1.24
10    1    0.018    1    1   1    1.32
138    2    0.000    1    2   0    2.87
127    2    -0.009    1    2   1    0.96
109    2    0.009    2    1   1    1.36
115    2    0.018    2    1   1    1.17
56    1    -0.018    2    2   1    0.94
94    2    0.009    2    1   1    0.57
61    1    -0.018    2    2   1    1.05
124    2    0.009    2    1   1    1.21
5    1    0.018    1    1   1    0.79
96    2    -0.018    1    2   1    0.74
79    2    0.009    2    1   1    2.12
25    1    0.018    1    1   1    0.96
76    2    -0.018    1    2   1    0.79
145    2    0.018    2    1   1    1.89
84    2    0.009    2    1   1    2.29
50    1    0.018    1    1   1    1.93
149    2    0.009    2    1   1    0.98
17    1    -0.009    2    2   1    0.84
29    1    0.009    1    1   1    1.03
18    1    0.000    1    1   1    1.51
97    2    -0.009    1    2   1    0.80
52    1    -0.009    2    2   1    1.43
46    1    -0.018    2    2   1    1.26
6    1    -0.018    2    2   1    1.62
91    2    -0.018    1    2   1    0.59
103    2    0.000    1    2   0    1.95
39    1    0.009    1    1   1    1.65
147    2    -0.009    1    2   1    0.76
106    2    -0.018    1    2   1    0.73
123    2    0.000    1    2   0    0.85
62    1    -0.009    2    2   1    1.23
86    2    -0.018    1    2   1    0.54
1    1    -0.018    2    2   1    0.54
19    1    0.009    1    1   1    0.71
134    2    0.009    2    1   1    1.32
119    2    0.009    2    1   1    0.60
30    1    0.018    1    1   1    0.72
28    1    0.000    1    1   1    0.73
122    2    -0.009    1    2   1    1.35
59    1    0.009    1    1   1    0.90
7    1    -0.009    2    2   1    0.75
49    1    0.009    1    1   1    2.06
93    2    0.000    1    2   0    1.86
57    1    -0.009    2    2   1    1.91
67    1    -0.009    2    2   1    0.97
85    2    0.018    2    1   1    1.15
148    2    0.000    1    2   0    3.01
95    2    0.018    2    1   1    0.86
107    2    -0.009    1    2   1    0.66
111    2    -0.018    1    2   1    0.89
141    2    -0.018    1    2   1    1.96
81    2    -0.018    1    2   1    1.60
54    1    0.009    1    1   1    1.18
55    1    0.018    1    1   1    0.67
88    2    0.000    1    2   0    1.10
35    1    0.018    1    1   1    0.85
139    2    0.009    1    2   0    1.20
113    2    0.000    1    2   0    2.79
101    2    -0.018    1    2   1    0.73
137    2    -0.009    1    2   1    0.93
42    1    -0.009    1    1   0    3.86
89    2    0.009    1    2   0    1.00
125    2    0.018    2    1   1    0.97
75    2    0.018    2    1   1    1.11
104    2    0.009    2    1   1    1.00
34    1    0.009    1    1   1    0.83
78    2    0.000    1    2   0    1.69
131    2    -0.018    1    2   1    0.59
69    1    0.009    1    1   1    0.55
146    2    -0.018    1    2   1    0.71
33    1    0.000    1    1   1    1.47
118    2    0.000    2    1   1    1.65
13    1    0.000    1    1   1    0.79
144    2    0.009    2    1   1    0.88
12    1    -0.009    2    2   1    2.39
14    1    0.009    2    2   0    1.78
133    2    0.000    2    1   1    0.99
121    2    -0.018    1    2   1    1.91
83    2    0.000    2    1   1    0.74
73    1    0.000    1    1   1    0.98
102    2    -0.009    1    2   1    1.13
31    1    -0.018    2    2   1    0.89
105    2    0.018    2    1   1    1.67
114    2    0.009    2    1   1    0.98
27    1    -0.009    2    2   1    1.55
143    2    0.000    2    1   1    0.61
45    1    0.018    1    1   1    0.62
