--------------------------------
17-Oct-2014 11:40:17 
data from observer A16 
#occlusion2 expt 
reference disparity (degrees) 0.160000 

stim order disp kresp testresp correct time
1    2    0.074    1    2   1    0.79
2    1    -0.069    1    1   1    0.66
3    1    -0.065    1    1   1    0.54
4    1    -0.060    1    1   1    0.53
5    1    0.055    2    2   1    0.47
6    1    -0.051    1    1   1    0.49
7    1    0.046    2    2   1    0.44
8    1    0.042    2    2   1    0.48
9    2    -0.037    2    1   1    0.50
10    1    -0.032    1    1   1    0.59
11    2    -0.028    2    1   1    0.52
12    2    0.023    1    2   1    0.64
13    1    0.018    2    2   1    0.52
14    1    0.014    2    2   1    0.56
15    2    0.009    1    2   1    0.57
16    2    0.005    2    1   0    0.51
17    1    0.014    2    2   1    0.55
18    1    -0.014    1    1   1    0.67
19    1    -0.009    2    2   0    0.71
20    1    -0.018    1    1   1    0.78
21    2    0.018    1    2   1    1.60
22    1    -0.014    1    1   1    1.53
23    1    0.014    2    2   1    0.65
24    1    -0.009    1    1   1    0.94
25    1    -0.009    1    1   1    2.34
26    2    0.005    1    2   1    0.65
27    2    0.005    2    1   0    1.89
28    1    -0.014    1    1   1    0.80
29    1    0.014    2    2   1    0.79
30    1    0.009    2    2   1    0.78
31    1    -0.009    2    2   0    1.39
32    1    0.018    2    2   1    0.75
33    2    -0.018    2    1   1    1.05
34    1    0.014    2    2   1    0.84
35    1    -0.014    1    1   1    2.71
36    1    0.009    2    2   1    0.69
37    2    0.009    1    2   1    1.58
38    2    0.005    2    1   0    0.72
39    2    0.014    1    2   1    0.69
40    2    0.014    1    2   1    0.65
41    2    -0.009    2    1   1    0.57
42    2    -0.009    2    1   1    0.54
43    2    -0.005    2    1   1    1.49
44    2    0.005    2    1   0    0.48
45    2    0.014    1    2   1    2.62
46    1    -0.014    1    1   1    1.05
47    1    0.009    2    2   1    0.82
48    2    0.009    1    2   1    1.93
49    2    -0.005    2    1   1    0.61
50    1    -0.005    2    2   0    0.62
-------------------------
Final staircase threshold estimate (mean) is 0.0083
-------------------------
137    2    -0.009    2    1   0    3.27
103    2    0.000    2    1   1    0.63
91    2    -0.023    2    1   0    0.94
53    1    0.000    2    2   0    1.29
84    2    0.009    2    1   1    0.58
146    2    -0.023    2    1   0    0.60
16    1    -0.023    1    1   0    0.75
92    2    -0.009    2    1   0    0.70
39    1    0.009    2    2   0    0.77
22    1    -0.009    1    1   0    0.72
114    2    0.009    2    1   1    0.69
47    1    -0.009    2    2   1    0.71
75    2    0.023    1    2   0    1.10
77    2    -0.009    2    1   0    0.54
106    2    -0.023    2    1   0    0.64
23    1    0.000    1    1   1    3.33
76    2    -0.023    2    1   0    1.06
2    1    -0.009    1    1   0    0.63
48    1    0.000    2    2   0    1.49
32    1    -0.009    1    1   0    0.63
7    1    -0.009    1    1   0    1.38
85    2    0.023    1    2   0    0.63
8    1    0.000    1    1   1    1.54
105    2    0.023    1    2   0    1.59
102    2    -0.009    2    1   0    4.13
109    2    0.009    1    2   0    0.63
120    2    0.023    1    2   0    0.77
36    1    -0.023    1    1   0    0.59
19    1    0.009    2    2   0    0.95
108    2    0.000    2    1   1    0.59
121    2    -0.023    2    1   0    0.55
54    1    0.009    2    2   0    1.16
24    1    0.009    2    2   0    1.12
89    2    0.009    2    1   1    3.34
58    1    0.000    2    2   0    1.60
143    2    0.000    2    1   1    1.17
1    1    -0.023    1    1   0    0.65
127    2    -0.009    2    1   0    0.84
96    2    -0.023    2    1   0    0.90
30    1    0.023    2    2   0    0.79
68    1    0.000    2    2   0    0.68
26    1    -0.023    1    1   0    1.97
74    1    0.009    2    2   0    0.69
72    1    -0.009    2    2   1    1.12
28    1    0.000    2    2   0    1.34
115    2    0.023    1    2   0    2.47
145    2    0.023    1    2   0    0.79
141    2    -0.023    2    1   0    0.66
17    1    -0.009    2    2   1    1.88
133    2    0.000    2    1   1    0.71
20    1    0.023    2    2   0    0.58
35    1    0.023    2    2   0    0.74
60    1    0.023    2    2   0    0.54
150    2    0.023    1    2   0    0.84
135    2    0.023    1    2   0    0.93
88    2    0.000    1    2   0    2.37
144    2    0.009    1    2   0    3.11
94    2    0.009    2    1   1    2.01
49    1    0.009    2    2   0    0.91
11    1    -0.023    1    1   0    0.83
131    2    -0.023    2    1   0    1.01
139    2    0.009    2    1   1    0.87
64    1    0.009    2    2   0    1.05
34    1    0.009    2    2   0    0.84
6    1    -0.023    1    1   0    2.64
38    1    0.000    2    2   0    1.77
61    1    -0.023    2    2   1    0.74
43    1    0.000    2    2   0    2.26
52    1    -0.009    2    2   1    1.50
18    1    0.000    1    1   1    0.69
110    2    0.023    1    2   0    0.88
3    1    0.000    2    2   0    0.67
73    1    0.000    2    2   0    2.54
37    1    -0.009    2    2   1    1.73
57    1    -0.009    1    1   0    2.58
125    2    0.023    1    2   0    0.88
132    2    -0.009    2    1   0    0.69
13    1    0.000    2    2   0    0.64
70    1    0.023    2    2   0    0.67
90    2    0.023    1    2   0    1.58
149    2    0.009    1    2   0    0.60
119    2    0.009    1    2   0    1.52
130    2    0.023    1    2   0    0.78
51    1    -0.023    1    1   0    0.39
56    1    -0.023    1    1   0    0.81
126    2    -0.023    2    1   0    0.67
79    2    0.009    1    2   0    1.47
147    2    -0.009    2    1   0    1.87
97    2    -0.009    2    1   0    0.66
25    1    0.023    2    2   0    0.55
65    1    0.023    2    2   0    2.92
99    2    0.009    2    1   1    2.34
140    2    0.023    2    1   1    0.64
5    1    0.023    1    1   1    0.40
124    2    0.009    2    1   1    0.68
67    1    -0.009    2    2   1    0.74
31    1    -0.023    1    1   0    1.49
46    1    -0.023    1    1   0    2.77
113    2    0.000    2    1   1    2.15
107    2    -0.009    2    1   0    0.67
69    1    0.009    2    2   0    0.73
86    2    -0.023    2    1   0    0.63
112    2    -0.009    2    1   0    0.69
122    2    -0.009    2    1   0    1.54
27    1    -0.009    2    2   1    0.54
12    1    -0.009    1    1   0    2.12
14    1    0.009    2    2   0    2.25
29    1    0.009    2    2   0    0.60
138    2    0.000    2    1   1    1.89
42    1    -0.009    2    2   1    1.04
50    1    0.023    2    2   0    1.54
95    2    0.023    1    2   0    0.88
129    2    0.009    1    2   0    2.40
80    2    0.023    1    2   0    1.30
63    1    0.000    2    2   0    1.92
44    1    0.009    2    2   0    0.66
128    2    0.000    2    1   1    0.58
82    2    -0.009    2    1   0    1.32
62    1    -0.009    1    1   0    2.54
148    2    0.000    2    1   1    0.63
117    2    -0.009    2    1   0    3.69
81    2    -0.023    2    1   0    0.67
87    2    -0.009    2    1   0    0.93
4    1    0.009    2    2   0    0.65
45    1    0.023    2    2   0    1.62
40    1    0.023    2    2   0    0.53
21    1    -0.023    2    2   1    1.17
118    2    0.000    2    1   1    4.00
98    2    0.000    2    1   1    0.88
41    1    -0.023    1    1   0    2.63
104    2    0.009    2    1   1    1.71
142    2    -0.009    2    1   0    1.08
100    2    0.023    1    2   0    0.58
55    1    0.023    2    2   0    0.63
93    2    0.000    1    2   0    0.76
116    2    -0.023    2    1   0    0.75
83    2    0.000    2    1   1    0.55
33    1    0.000    2    2   0    1.49
123    2    0.000    2    1   1    1.09
111    2    -0.023    2    1   0    1.60
59    1    0.009    2    2   0    0.75
66    1    -0.023    1    1   0    0.67
136    2    -0.023    2    1   0    0.82
10    1    0.023    2    2   0    0.60
71    1    -0.023    2    2   1    4.36
15    1    0.023    2    2   0    0.62
9    1    0.009    2    2   0    0.55
134    2    0.009    1    2   0    1.53
101    2    -0.023    2    1   0    2.25
78    2    0.000    2    1   1    0.55
