--------------------------------
17-Oct-2014 11:24:24 
data from observer A16 
#occlusion2 expt 
reference disparity (degrees) 0.160000 

stim order disp kresp testresp correct time
1    2    -0.074    2    1   1    5.58
2    1    0.069    2    2   1    3.10
3    2    0.065    1    2   1    0.83
4    2    -0.060    2    1   1    0.66
5    1    -0.055    1    1   1    2.03
6    2    0.051    1    2   1    2.52
7    2    0.046    1    2   1    1.03
8    2    0.042    1    2   1    3.30
9    2    -0.037    2    1   1    1.04
10    2    -0.032    1    2   0    3.22
11    2    0.042    1    2   1    0.82
12    2    -0.042    2    1   1    2.09
13    2    -0.037    2    1   1    1.31
14    2    0.037    1    2   1    1.88
15    1    0.032    2    2   1    3.23
16    2    -0.032    2    1   1    1.11
17    1    0.028    2    2   1    0.86
18    1    0.028    2    2   1    0.91
19    1    -0.023    2    2   0    0.93
20    2    0.032    2    1   0    0.82
21    2    0.042    2    1   0    3.29
22    1    0.051    1    1   0    1.36
23    1    -0.060    1    1   1    0.97
24    2    0.060    1    2   1    4.16
25    1    -0.055    1    1   1    0.86
26    2    -0.055    2    1   1    1.83
27    1    -0.051    1    1   1    0.99
28    2    0.051    1    2   1    1.85
29    2    0.046    1    2   1    0.68
30    1    0.046    2    2   1    1.16
31    2    -0.042    2    1   1    1.05
32    1    0.042    2    2   1    0.69
33    1    0.037    2    2   1    0.64
34    1    0.037    2    2   1    2.42
35    1    0.032    1    1   0    0.99
36    1    -0.042    1    1   1    1.09
37    2    0.042    1    2   1    1.27
38    1    -0.037    1    1   1    3.62
39    1    0.037    2    2   1    2.44
40    2    0.032    1    2   1    2.25
41    1    -0.032    1    1   1    0.78
42    1    0.028    2    2   1    3.85
43    1    0.028    2    2   1    5.59
44    1    -0.023    1    1   1    1.56
45    2    -0.023    2    1   1    0.76
46    1    0.018    2    2   1    2.98
47    1    0.018    2    2   1    4.15
48    1    0.014    1    1   0    1.45
49    2    -0.023    2    1   1    0.97
50    1    0.023    2    2   1    1.23
-------------------------
Final staircase threshold estimate (mean) is 0.0231
-------------------------
73    1    0.000    2    2   0    6.19
10    1    0.055    2    2   0    0.80
135    2    0.055    1    2   0    0.66
47    1    -0.023    1    1   0    1.40
24    1    0.023    2    2   0    0.60
8    1    0.000    2    2   0    0.84
106    2    -0.055    2    1   0    0.51
121    2    -0.055    2    1   0    0.69
11    1    -0.055    1    1   0    0.66
80    2    0.055    1    2   0    0.56
92    2    -0.023    2    1   0    0.89
110    2    0.055    1    2   0    0.57
54    1    0.023    2    2   0    0.79
34    1    0.023    2    2   0    2.14
128    2    0.000    1    2   0    4.30
146    2    -0.055    2    1   0    0.69
30    1    0.055    2    2   0    1.00
37    1    -0.023    1    1   0    0.64
131    2    -0.055    2    1   0    0.58
81    2    -0.055    2    1   0    0.60
119    2    0.023    1    2   0    1.55
53    1    0.000    1    1   1    1.85
88    2    0.000    2    1   1    1.08
138    2    0.000    1    2   0    1.17
77    2    -0.023    2    1   0    0.57
20    1    0.055    2    2   0    0.54
111    2    -0.055    2    1   0    0.77
148    2    0.000    2    1   1    0.70
61    1    -0.055    1    1   0    4.27
6    1    -0.055    1    1   0    3.88
125    2    0.055    1    2   0    3.74
116    2    -0.055    2    1   0    0.72
12    1    -0.023    1    1   0    0.83
99    2    0.023    1    2   0    2.13
87    2    -0.023    2    1   0    1.88
13    1    0.000    2    2   0    1.63
60    1    0.055    2    2   0    0.84
28    1    0.000    2    2   0    0.87
3    1    0.000    2    2   0    3.26
5    1    0.055    2    2   0    0.78
15    1    0.055    2    2   0    1.31
147    2    -0.023    2    1   0    0.57
25    1    0.055    2    2   0    0.49
40    1    0.055    2    2   0    1.97
141    2    -0.055    2    1   0    1.23
115    2    0.055    1    2   0    0.79
66    1    -0.055    1    1   0    0.63
41    1    -0.055    1    1   0    0.79
45    1    0.055    2    2   0    2.86
51    1    -0.055    1    1   0    1.08
84    2    0.023    1    2   0    0.69
18    1    0.000    2    2   0    4.40
91    2    -0.055    2    1   0    0.69
136    2    -0.055    2    1   0    0.52
145    2    0.055    1    2   0    0.58
140    2    0.055    1    2   0    1.06
74    1    0.023    2    2   0    0.83
98    2    0.000    2    1   1    2.69
105    2    0.055    1    2   0    0.66
2    1    -0.023    1    1   0    1.89
114    2    0.023    1    2   0    1.56
82    2    -0.023    2    1   0    0.61
123    2    0.000    2    1   1    4.00
118    2    0.000    1    2   0    1.25
7    1    -0.023    1    1   0    0.74
62    1    -0.023    1    1   0    0.53
79    2    0.023    1    2   0    0.91
143    2    0.000    1    2   0    2.34
33    1    0.000    1    1   1    1.46
93    2    0.000    1    2   0    1.93
9    1    0.023    2    2   0    1.46
75    2    0.055    1    2   0    0.94
63    1    0.000    1    1   1    3.84
44    1    0.023    2    2   0    0.67
55    1    0.055    2    2   0    0.79
83    2    0.000    1    2   0    3.53
94    2    0.023    1    2   0    0.57
56    1    -0.055    1    1   0    0.83
126    2    -0.055    2    1   0    0.55
50    1    0.055    2    2   0    0.79
39    1    0.023    2    2   0    1.37
113    2    0.000    1    2   0    3.21
129    2    0.023    1    2   0    0.72
43    1    0.000    1    1   1    3.40
134    2    0.023    1    2   0    1.27
23    1    0.000    1    1   1    2.11
59    1    0.023    2    2   0    0.93
95    2    0.055    1    2   0    0.57
72    1    -0.023    1    1   0    1.82
120    2    0.055    1    2   0    0.50
142    2    -0.023    2    1   0    1.81
69    1    0.023    2    2   0    1.26
122    2    -0.023    1    2   1    0.66
17    1    -0.023    1    1   0    0.77
48    1    0.000    1    1   1    2.13
31    1    -0.055    1    1   0    1.92
68    1    0.000    2    2   0    1.76
4    1    0.023    2    2   0    0.75
78    2    0.000    2    1   1    1.67
46    1    -0.055    1    1   0    0.62
16    1    -0.055    1    1   0    0.63
35    1    0.055    2    2   0    0.87
107    2    -0.023    2    1   0    1.44
127    2    -0.023    2    1   0    1.91
14    1    0.023    2    2   0    1.94
86    2    -0.055    2    1   0    0.51
150    2    0.055    1    2   0    1.08
76    2    -0.055    2    1   0    1.13
103    2    0.000    2    1   1    1.33
36    1    -0.055    1    1   0    2.56
29    1    0.023    2    2   0    0.91
104    2    0.023    1    2   0    1.15
90    2    0.055    1    2   0    0.40
109    2    0.023    1    2   0    1.04
42    1    -0.023    1    1   0    2.20
101    2    -0.055    2    1   0    0.79
58    1    0.000    2    2   0    0.47
132    2    -0.023    2    1   0    1.21
27    1    -0.023    1    1   0    1.14
108    2    0.000    2    1   1    0.65
57    1    -0.023    1    1   0    1.22
112    2    -0.023    2    1   0    0.62
124    2    0.023    1    2   0    1.29
1    1    -0.055    1    1   0    0.87
89    2    0.023    2    1   1    2.38
139    2    0.023    1    2   0    1.52
130    2    0.055    1    2   0    0.79
22    1    -0.023    1    1   0    0.67
32    1    -0.023    1    1   0    0.62
71    1    -0.055    1    1   0    0.62
52    1    -0.023    1    1   0    1.54
149    2    0.023    1    2   0    2.02
96    2    -0.055    2    1   0    0.59
133    2    0.000    2    1   1    2.74
70    1    0.055    2    2   0    0.75
21    1    -0.055    1    1   0    0.77
85    2    0.055    1    2   0    0.73
67    1    -0.023    1    1   0    0.73
38    1    0.000    2    2   0    2.62
144    2    0.023    1    2   0    1.03
65    1    0.055    2    2   0    0.52
102    2    -0.023    2    1   0    0.75
49    1    0.023    2    2   0    0.86
117    2    -0.023    2    1   0    0.52
137    2    -0.023    2    1   0    0.48
64    1    0.023    2    2   0    0.58
19    1    0.023    2    2   0    0.66
100    2    0.055    2    1   1    0.65
97    2    -0.023    2    1   0    0.64
26    1    -0.055    1    1   0    2.23
