--------------------------------
17-Oct-2014 16:48:36 
data from observer A17 
#occlusion2 expt 
reference disparity (degrees) 0.160000 

stim order disp kresp testresp correct time
1    1    -0.074    1    1   1    1.79
2    2    -0.069    2    1   1    0.79
3    1    0.065    2    2   1    1.28
4    2    0.060    1    2   1    1.16
5    1    -0.055    1    1   1    0.65
6    2    -0.051    2    1   1    0.68
7    2    -0.046    2    1   1    0.72
8    1    0.042    2    2   1    0.95
9    2    -0.037    2    1   1    0.89
10    2    0.032    1    2   1    0.54
11    1    -0.028    2    2   0    0.72
12    1    -0.037    2    2   0    0.68
13    1    0.046    2    2   1    1.13
14    1    -0.046    1    1   1    0.58
15    1    0.042    2    2   1    1.01
16    2    0.042    1    2   1    0.89
17    1    0.037    2    2   1    0.85
18    1    0.037    2    2   1    0.96
19    2    -0.032    2    1   1    0.81
20    1    0.032    2    2   1    0.57
21    2    -0.028    2    1   1    0.68
22    1    -0.028    1    1   1    0.67
23    1    -0.023    2    2   0    0.85
24    1    -0.032    1    1   1    0.52
25    2    0.032    2    1   0    0.75
26    2    -0.042    2    1   1    0.77
27    1    0.042    2    2   1    0.76
28    1    -0.037    1    1   1    1.25
29    2    0.037    2    1   0    0.65
30    1    -0.046    1    1   1    1.38
31    1    0.046    2    2   1    0.67
32    1    0.042    2    2   1    0.64
33    2    0.042    1    2   1    0.64
34    1    -0.037    1    1   1    0.71
35    2    0.037    1    2   1    0.88
36    2    0.032    2    1   0    0.75
37    1    -0.042    1    1   1    0.94
38    1    0.042    2    2   1    0.68
39    2    -0.037    2    1   1    0.89
40    1    -0.037    1    1   1    1.00
41    1    0.032    2    2   1    0.89
42    1    0.032    1    1   0    1.58
43    2    0.042    1    2   1    0.83
44    2    0.042    1    2   1    0.87
45    1    -0.037    1    1   1    0.91
46    2    0.037    2    1   0    0.91
47    1    0.046    2    2   1    0.87
48    2    -0.046    2    1   1    0.65
49    2    0.042    1    2   1    0.75
50    1    0.042    2    2   1    1.49
-------------------------
Final staircase threshold estimate (mean) is 0.0397
-------------------------
37    1    -0.042    1    1   0    7.58
80    2    0.097    2    1   1    2.28
15    1    0.097    2    2   0    1.44
32    1    -0.042    1    1   0    0.66
22    1    -0.042    1    1   0    1.58
143    2    0.000    2    1   1    0.99
145    2    0.097    1    2   0    1.05
86    2    -0.097    2    1   0    0.75
47    1    -0.042    2    2   1    0.83
54    1    0.042    2    2   0    0.76
6    1    -0.097    1    1   0    0.57
66    1    -0.097    1    1   0    1.26
55    1    0.097    2    2   0    0.90
12    1    -0.042    1    1   0    0.81
72    1    -0.042    1    1   0    0.84
137    2    -0.042    2    1   0    0.58
67    1    -0.042    1    1   0    0.77
73    1    0.000    2    2   0    1.13
34    1    0.042    2    2   0    0.59
116    2    -0.097    2    1   0    0.61
43    1    0.000    1    1   1    1.24
76    2    -0.097    2    1   0    1.31
65    1    0.097    2    2   0    0.87
139    2    0.042    1    2   0    1.52
17    1    -0.042    1    1   0    0.60
77    2    -0.042    2    1   0    0.67
88    2    0.000    2    1   1    0.66
107    2    -0.042    2    1   0    0.55
111    2    -0.097    2    1   0    0.96
134    2    0.042    2    1   1    1.24
82    2    -0.042    2    1   0    0.66
14    1    0.042    1    1   1    0.82
105    2    0.097    2    1   1    1.53
113    2    0.000    1    2   0    1.04
149    2    0.042    2    1   1    0.69
106    2    -0.097    1    2   1    0.73
142    2    -0.042    2    1   0    0.67
5    1    0.097    2    2   0    0.73
102    2    -0.042    2    1   0    1.36
9    1    0.042    2    2   0    0.76
36    1    -0.097    2    2   1    0.60
120    2    0.097    2    1   1    1.11
127    2    -0.042    2    1   0    0.78
44    1    0.042    2    2   0    0.71
103    2    0.000    2    1   1    1.77
35    1    0.097    2    2   0    0.79
30    1    0.097    2    2   0    1.87
126    2    -0.097    2    1   0    0.66
91    2    -0.097    2    1   0    1.60
133    2    0.000    1    2   0    1.48
78    2    0.000    1    2   0    1.79
147    2    -0.042    2    1   0    0.76
27    1    -0.042    2    2   1    1.52
70    1    0.097    2    2   0    2.24
68    1    0.000    2    2   0    0.84
31    1    -0.097    2    2   1    2.51
8    1    0.000    2    2   0    0.89
40    1    0.097    2    2   0    0.89
81    2    -0.097    2    1   0    0.67
104    2    0.042    2    1   1    0.97
16    1    -0.097    2    2   1    0.66
148    2    0.000    2    1   1    0.81
128    2    0.000    2    1   1    1.99
3    1    0.000    2    2   0    1.73
89    2    0.042    2    1   1    1.21
57    1    -0.042    1    1   0    0.85
79    2    0.042    2    1   1    0.86
90    2    0.097    1    2   0    0.92
26    1    -0.097    1    1   0    1.33
114    2    0.042    1    2   0    0.89
7    1    -0.042    1    1   0    0.66
130    2    0.097    1    2   0    1.04
29    1    0.042    2    2   0    0.84
74    1    0.042    2    2   0    2.91
48    1    0.000    2    2   0    0.77
2    1    -0.042    2    2   1    2.47
41    1    -0.097    2    2   1    0.93
33    1    0.000    2    2   0    1.34
87    2    -0.042    2    1   0    1.05
97    2    -0.042    2    1   0    2.65
18    1    0.000    2    2   0    1.48
121    2    -0.097    2    1   0    1.55
84    2    0.042    1    2   0    1.68
19    1    0.042    2    2   0    1.93
53    1    0.000    2    2   0    1.29
124    2    0.042    1    2   0    1.47
140    2    0.097    1    2   0    1.03
42    1    -0.042    1    1   0    0.74
117    2    -0.042    2    1   0    1.11
94    2    0.042    1    2   0    0.79
118    2    0.000    1    2   0    1.50
98    2    0.000    1    2   0    2.02
39    1    0.042    2    2   0    0.69
63    1    0.000    1    1   1    1.37
23    1    0.000    1    1   1    1.71
20    1    0.097    1    1   1    1.84
4    1    0.042    2    2   0    1.05
64    1    0.042    2    2   0    0.94
93    2    0.000    1    2   0    1.67
112    2    -0.042    2    1   0    1.07
96    2    -0.097    1    2   1    1.52
99    2    0.042    1    2   0    0.92
146    2    -0.097    2    1   0    1.01
129    2    0.042    1    2   0    1.12
119    2    0.042    1    2   0    1.30
10    1    0.097    1    1   1    2.13
138    2    0.000    1    2   0    0.93
38    1    0.000    2    2   0    0.67
61    1    -0.097    1    1   0    1.12
110    2    0.097    1    2   0    1.63
13    1    0.000    1    1   1    1.54
141    2    -0.097    2    1   0    1.30
51    1    -0.097    1    1   0    0.96
144    2    0.042    2    1   1    0.89
125    2    0.097    1    2   0    0.86
49    1    0.042    1    1   1    1.33
45    1    0.097    2    2   0    0.78
132    2    -0.042    2    1   0    0.71
108    2    0.000    1    2   0    0.89
135    2    0.097    1    2   0    1.39
115    2    0.097    2    1   1    2.54
136    2    -0.097    1    2   1    1.06
85    2    0.097    2    1   1    3.10
46    1    -0.097    1    1   0    1.33
101    2    -0.097    1    2   1    2.19
100    2    0.097    1    2   0    0.94
83    2    0.000    1    2   0    1.46
21    1    -0.097    2    2   1    0.96
58    1    0.000    1    1   1    0.79
59    1    0.042    1    1   1    1.39
50    1    0.097    2    2   0    0.67
75    2    0.097    2    1   1    0.56
92    2    -0.042    2    1   0    0.75
71    1    -0.097    1    1   0    1.46
109    2    0.042    1    2   0    0.78
122    2    -0.042    1    2   1    0.87
95    2    0.097    2    1   1    0.97
150    2    0.097    2    1   1    1.60
62    1    -0.042    1    1   0    1.19
123    2    0.000    2    1   1    0.90
60    1    0.097    2    2   0    0.86
11    1    -0.097    1    1   0    1.78
69    1    0.042    2    2   0    0.91
56    1    -0.097    1    1   0    1.55
52    1    -0.042    2    2   1    0.89
1    1    -0.097    2    2   1    1.63
28    1    0.000    1    1   1    0.70
131    2    -0.097    2    1   0    0.82
25    1    0.097    2    2   0    1.15
24    1    0.042    2    2   0    0.66
