--------------------------------
24-Oct-2014 13:01:17 
data from observer A17 
#occlusion2 expt run 2
reference disparity (degrees) 0.160000 

stim order disp kresp testresp correct time
1    1    -0.074    1    1   1    0.87
2    1    -0.069    1    1   1    1.27
3    2    -0.065    2    1   1    0.95
4    2    -0.060    2    1   1    0.51
5    1    0.055    2    2   1    0.60
6    1    0.051    2    2   1    0.62
7    2    0.046    1    2   1    0.66
8    1    0.042    2    2   1    0.41
9    1    0.037    2    2   1    0.56
10    1    -0.032    1    1   1    0.46
11    2    0.028    1    2   1    0.66
12    1    -0.023    1    1   1    0.51
13    2    -0.018    2    1   1    0.60
14    1    -0.014    1    1   1    0.58
15    1    -0.009    1    1   1    0.77
16    1    -0.005    1    1   1    0.92
17    1    0.005    2    2   1    0.73
18    1    -0.005    2    2   0    0.83
19    2    -0.014    2    1   1    0.56
20    1    -0.014    1    1   1    0.60
21    1    0.009    2    2   1    0.50
22    1    -0.009    1    1   1    0.88
23    2    0.005    1    2   1    0.67
24    1    -0.005    2    2   0    0.82
25    1    0.014    2    2   1    0.71
26    2    0.014    1    2   1    0.76
27    1    -0.009    2    2   0    0.99
28    2    0.018    1    2   1    0.58
29    2    0.018    1    2   1    0.77
30    1    0.014    2    2   1    0.53
31    1    -0.014    1    1   1    1.21
32    2    0.009    2    1   0    0.75
33    2    0.018    1    2   1    0.91
34    1    -0.018    1    1   1    0.66
35    1    0.014    2    2   1    0.49
36    2    0.014    1    2   1    0.53
37    1    0.009    2    2   1    0.57
38    2    -0.009    2    1   1    0.56
39    1    -0.005    1    1   1    0.50
40    1    0.005    2    2   1    0.53
41    2    -0.005    2    1   1    0.75
42    1    -0.005    2    2   0    0.98
43    1    0.014    2    2   1    0.71
44    2    -0.014    2    1   1    0.56
45    2    -0.009    2    1   1    1.08
46    1    -0.009    1    1   1    0.52
47    2    -0.005    2    1   1    1.21
48    2    -0.005    1    2   0    0.89
49    2    0.014    1    2   1    0.84
50    1    -0.014    1    1   1    1.01
-------------------------
Final staircase threshold estimate (mean) is 0.0092
-------------------------
37    1    -0.009    2    2   1    3.53
150    2    0.023    1    2   0    1.05
112    2    -0.009    2    1   0    0.62
141    2    -0.023    2    1   0    0.76
41    1    -0.023    1    1   0    0.70
62    1    -0.009    1    1   0    0.89
121    2    -0.023    2    1   0    0.73
74    1    0.009    2    2   0    0.76
22    1    -0.009    1    1   0    0.60
61    1    -0.023    1    1   0    0.59
57    1    -0.009    1    1   0    0.76
72    1    -0.009    1    1   0    0.58
55    1    0.023    2    2   0    0.55
89    2    0.009    1    2   0    0.55
32    1    -0.009    1    1   0    0.86
81    2    -0.023    2    1   0    0.61
129    2    0.009    1    2   0    1.17
131    2    -0.023    2    1   0    0.64
51    1    -0.023    1    1   0    0.55
66    1    -0.023    1    1   0    0.92
56    1    -0.023    1    1   0    0.95
143    2    0.000    2    1   1    0.58
59    1    0.009    2    2   0    0.71
68    1    0.000    2    2   0    0.96
31    1    -0.023    1    1   0    0.63
45    1    0.023    2    2   0    0.92
116    2    -0.023    2    1   0    0.50
50    1    0.023    2    2   0    0.88
124    2    0.009    1    2   0    0.79
11    1    -0.023    1    1   0    0.60
46    1    -0.023    1    1   0    0.74
115    2    0.023    1    2   0    0.64
127    2    -0.009    2    1   0    0.45
12    1    -0.009    1    1   0    0.68
33    1    0.000    1    1   1    1.08
65    1    0.023    2    2   0    0.75
96    2    -0.023    2    1   0    0.61
108    2    0.000    2    1   1    0.60
100    2    0.023    1    2   0    0.51
9    1    0.009    2    2   0    0.56
67    1    -0.009    1    1   0    0.67
87    2    -0.009    2    1   0    0.55
27    1    -0.009    2    2   1    0.75
122    2    -0.009    2    1   0    0.60
138    2    0.000    1    2   0    0.52
2    1    -0.009    1    1   0    0.92
25    1    0.023    2    2   0    0.52
113    2    0.000    2    1   1    1.06
102    2    -0.009    2    1   0    0.58
147    2    -0.009    2    1   0    0.73
133    2    0.000    2    1   1    0.66
42    1    -0.009    1    1   0    1.83
82    2    -0.009    2    1   0    0.49
73    1    0.000    2    2   0    1.87
93    2    0.000    2    1   1    0.95
3    1    0.000    2    2   0    1.06
15    1    0.023    2    2   0    0.67
30    1    0.023    2    2   0    1.04
104    2    0.009    1    2   0    0.79
76    2    -0.023    2    1   0    0.84
139    2    0.009    1    2   0    0.78
123    2    0.000    1    2   0    1.15
29    1    0.009    2    2   0    0.51
48    1    0.000    1    1   1    0.51
79    2    0.009    1    2   0    0.76
136    2    -0.023    2    1   0    0.57
58    1    0.000    1    1   1    0.47
105    2    0.023    1    2   0    0.57
75    2    0.023    1    2   0    0.60
135    2    0.023    1    2   0    0.48
69    1    0.009    2    2   0    0.60
21    1    -0.023    1    1   0    0.46
14    1    0.009    2    2   0    0.69
99    2    0.009    2    1   1    0.62
19    1    0.009    2    2   0    0.80
97    2    -0.009    2    1   0    0.77
63    1    0.000    2    2   0    0.60
18    1    0.000    2    2   0    0.87
20    1    0.023    2    2   0    0.58
145    2    0.023    1    2   0    0.52
132    2    -0.009    2    1   0    0.53
119    2    0.009    1    2   0    0.50
16    1    -0.023    1    1   0    0.66
86    2    -0.023    2    1   0    0.54
101    2    -0.023    2    1   0    0.62
148    2    0.000    2    1   1    0.64
49    1    0.009    2    2   0    0.81
118    2    0.000    2    1   1    0.59
71    1    -0.023    1    1   0    0.51
91    2    -0.023    2    1   0    0.50
120    2    0.023    1    2   0    0.59
10    1    0.023    2    2   0    0.47
114    2    0.009    1    2   0    0.46
144    2    0.009    1    2   0    0.39
47    1    -0.009    1    1   0    0.40
146    2    -0.023    1    2   1    0.41
6    1    -0.023    1    1   0    0.39
13    1    0.000    2    2   0    0.54
36    1    -0.023    1    1   0    0.69
106    2    -0.023    2    1   0    0.55
43    1    0.000    1    1   1    0.79
117    2    -0.009    2    1   0    0.69
85    2    0.023    1    2   0    0.44
125    2    0.023    1    2   0    0.63
23    1    0.000    2    2   0    0.69
34    1    0.009    1    1   1    0.83
44    1    0.009    2    2   0    0.43
90    2    0.023    1    2   0    0.54
128    2    0.000    1    2   0    0.49
110    2    0.023    1    2   0    0.73
94    2    0.009    2    1   1    1.25
17    1    -0.009    2    2   1    0.76
103    2    0.000    1    2   0    0.66
8    1    0.000    2    2   0    0.54
53    1    0.000    2    2   0    1.10
40    1    0.023    2    2   0    0.58
64    1    0.009    1    1   1    1.00
35    1    0.023    2    2   0    0.48
134    2    0.009    1    2   0    1.46
149    2    0.009    2    1   1    0.91
78    2    0.000    2    1   1    0.66
52    1    -0.009    2    2   1    0.56
92    2    -0.009    2    1   0    0.58
95    2    0.023    1    2   0    0.81
130    2    0.023    1    2   0    0.56
109    2    0.009    1    2   0    0.56
38    1    0.000    1    1   1    0.58
126    2    -0.023    2    1   0    0.54
137    2    -0.009    2    1   0    0.62
28    1    0.000    2    2   0    0.55
80    2    0.023    1    2   0    0.77
60    1    0.023    2    2   0    0.64
70    1    0.023    2    2   0    0.64
84    2    0.009    1    2   0    0.81
39    1    0.009    2    2   0    0.64
83    2    0.000    1    2   0    1.06
54    1    0.009    2    2   0    0.41
88    2    0.000    2    1   1    0.84
1    1    -0.023    1    1   0    0.58
5    1    0.023    2    2   0    0.58
111    2    -0.023    2    1   0    0.55
140    2    0.023    1    2   0    0.57
26    1    -0.023    1    1   0    0.43
107    2    -0.009    1    2   1    0.53
142    2    -0.009    2    1   0    0.48
98    2    0.000    2    1   1    0.80
4    1    0.009    2    2   0    0.64
7    1    -0.009    2    2   1    0.60
24    1    0.009    2    2   0    0.72
77    2    -0.009    2    1   0    0.56
--------------------------------
17-Oct-2014 16:56:18 
data from observer A17 
#occlusion2 expt run 1
reference disparity (degrees) 0.160000 

stim order disp kresp testresp correct time
1    1    0.074    2    2   1    0.94
2    2    0.069    1    2   1    0.93
3    2    0.065    1    2   1    1.52
4    1    -0.060    1    1   1    1.08
5    2    0.055    1    2   1    1.21
6    2    -0.051    2    1   1    0.57
7    1    0.046    2    2   1    0.80
8    2    0.042    1    2   1    0.83
9    1    0.037    2    2   1    0.98
10    1    0.032    2    2   1    1.06
11    1    0.028    2    2   1    0.76
12    2    0.023    1    2   1    0.87
13    2    -0.018    2    1   1    0.74
14    2    0.014    1    2   1    0.56
15    2    0.009    1    2   1    1.90
16    1    0.005    2    2   1    0.60
17    2    -0.005    2    1   1    1.55
18    1    -0.005    2    2   0    1.31
19    2    0.014    1    2   1    1.95
20    1    -0.014    1    1   1    1.13
21    1    0.009    2    2   1    0.67
22    1    -0.009    1    1   1    0.78
23    1    0.005    2    2   1    1.69
24    1    -0.005    1    1   1    1.28
25    2    0.005    2    1   0    1.79
26    1    0.014    2    2   1    0.76
27    1    0.014    2    2   1    1.10
28    2    0.009    2    1   0    1.52
29    2    -0.018    2    1   1    0.60
30    2    0.018    1    2   1    0.93
31    1    -0.014    1    1   1    1.03
32    1    0.014    2    2   1    0.66
33    1    0.009    2    2   1    0.73
34    2    -0.009    2    1   1    1.56
35    1    0.005    2    2   1    1.05
36    2    0.005    1    2   1    3.12
37    2    0.005    2    1   0    2.47
38    2    -0.014    2    1   1    1.50
39    2    0.014    1    2   1    1.12
40    1    0.009    2    2   1    1.25
41    2    -0.009    2    1   1    0.92
42    2    0.005    1    2   1    2.16
43    2    -0.005    2    1   1    1.06
44    1    0.005    1    1   0    1.39
45    1    -0.014    1    1   1    1.14
46    1    -0.014    1    1   1    1.11
47    1    -0.009    1    1   1    3.51
48    1    -0.009    1    1   1    1.65
49    1    0.005    2    2   1    1.10
50    1    -0.005    2    2   0    0.87
-------------------------
Final staircase threshold estimate (mean) is 0.0079
-------------------------
83    2    0.000    2    1   1    3.92
68    1    0.000    2    2   0    0.95
23    1    0.000    2    2   0    1.66
22    1    -0.009    2    2   1    1.33
127    2    -0.009    2    1   0    1.12
136    2    -0.018    2    1   0    1.26
10    1    0.018    2    2   0    0.63
101    2    -0.018    2    1   0    0.50
31    1    -0.018    1    1   0    0.90
57    1    -0.009    2    2   1    0.97
29    1    0.009    2    2   0    0.96
108    2    0.000    2    1   1    1.09
92    2    -0.009    1    2   1    1.02
58    1    0.000    2    2   0    0.66
2    1    -0.009    1    1   0    0.89
109    2    0.009    1    2   0    0.85
131    2    -0.018    2    1   0    0.93
126    2    -0.018    2    1   0    0.86
93    2    0.000    1    2   0    0.94
34    1    0.009    2    2   0    0.95
84    2    0.009    1    2   0    0.92
144    2    0.009    1    2   0    1.15
43    1    0.000    2    2   0    1.03
87    2    -0.009    1    2   1    0.47
41    1    -0.018    1    1   0    0.54
97    2    -0.009    2    1   0    1.74
141    2    -0.018    2    1   0    0.96
139    2    0.009    1    2   0    0.93
120    2    0.018    1    2   0    0.70
20    1    0.018    2    2   0    0.99
148    2    0.000    1    2   0    0.61
42    1    -0.009    1    1   0    0.96
53    1    0.000    1    1   1    0.81
71    1    -0.018    1    1   0    0.70
110    2    0.018    1    2   0    0.55
45    1    0.018    2    2   0    0.94
114    2    0.009    1    2   0    1.00
8    1    0.000    2    2   0    2.31
145    2    0.018    1    2   0    0.70
35    1    0.018    2    2   0    0.70
19    1    0.009    2    2   0    0.68
27    1    -0.009    1    1   0    1.06
140    2    0.018    2    1   1    1.04
85    2    0.018    1    2   0    0.66
4    1    0.009    2    2   0    0.84
150    2    0.018    1    2   0    1.05
66    1    -0.018    1    1   0    0.82
99    2    0.009    1    2   0    0.69
86    2    -0.018    2    1   0    0.70
113    2    0.000    1    2   0    1.04
75    2    0.018    1    2   0    0.85
72    1    -0.009    1    1   0    0.78
46    1    -0.018    1    1   0    0.97
76    2    -0.018    2    1   0    0.96
25    1    0.018    2    2   0    1.06
79    2    0.009    2    1   1    1.42
70    1    0.018    2    2   0    1.81
143    2    0.000    1    2   0    1.24
47    1    -0.009    1    1   0    2.08
26    1    -0.018    1    1   0    1.51
133    2    0.000    1    2   0    1.88
80    2    0.018    1    2   0    1.08
15    1    0.018    1    1   1    2.90
64    1    0.009    1    1   1    0.93
36    1    -0.018    1    1   0    0.79
96    2    -0.018    2    1   0    0.75
3    1    0.000    2    2   0    0.60
54    1    0.009    2    2   0    1.13
149    2    0.009    1    2   0    1.50
12    1    -0.009    1    1   0    0.73
116    2    -0.018    2    1   0    1.84
28    1    0.000    1    1   1    0.65
24    1    0.009    1    1   1    0.66
132    2    -0.009    1    2   1    1.26
65    1    0.018    1    1   1    0.73
51    1    -0.018    1    1   0    0.85
123    2    0.000    1    2   0    0.81
37    1    -0.009    1    1   0    0.49
77    2    -0.009    1    2   1    0.44
18    1    0.000    2    2   0    0.76
9    1    0.009    1    1   1    0.78
17    1    -0.009    1    1   0    0.66
44    1    0.009    1    1   1    0.52
89    2    0.009    1    2   0    0.82
137    2    -0.009    1    2   1    0.42
121    2    -0.018    1    2   1    0.69
122    2    -0.009    1    2   1    0.47
124    2    0.009    1    2   0    0.45
88    2    0.000    1    2   0    0.37
67    1    -0.009    1    1   0    0.47
1    1    -0.018    1    1   0    0.29
95    2    0.018    1    2   0    0.39
117    2    -0.009    2    1   0    1.01
100    2    0.018    1    2   0    1.09
104    2    0.009    1    2   0    1.10
33    1    0.000    1    1   1    0.74
32    1    -0.009    1    1   0    0.72
90    2    0.018    1    2   0    0.74
111    2    -0.018    1    2   1    0.57
112    2    -0.009    1    2   1    0.85
55    1    0.018    1    1   1    0.77
48    1    0.000    1    1   1    0.93
13    1    0.000    1    1   1    1.00
105    2    0.018    1    2   0    0.81
74    1    0.009    1    1   1    1.48
21    1    -0.018    1    1   0    0.67
98    2    0.000    1    2   0    0.67
49    1    0.009    1    1   1    0.51
82    2    -0.009    2    1   0    0.55
60    1    0.018    1    1   1    0.58
16    1    -0.018    2    2   1    0.74
142    2    -0.009    2    1   0    0.82
118    2    0.000    2    1   1    0.48
115    2    0.018    2    1   1    0.34
5    1    0.018    1    1   1    0.31
62    1    -0.009    1    1   0    0.55
38    1    0.000    1    1   1    0.72
81    2    -0.018    2    1   0    0.77
11    1    -0.018    1    1   0    0.73
130    2    0.018    1    2   0    0.79
147    2    -0.009    1    2   1    0.50
94    2    0.009    1    2   0    0.45
52    1    -0.009    1    1   0    0.51
106    2    -0.018    2    1   0    0.58
146    2    -0.018    1    2   1    0.75
39    1    0.009    2    2   0    0.64
61    1    -0.018    2    2   1    0.59
7    1    -0.009    1    1   0    0.60
107    2    -0.009    1    2   1    0.67
69    1    0.009    1    1   1    0.30
6    1    -0.018    1    1   0    0.97
78    2    0.000    2    1   1    1.11
138    2    0.000    1    2   0    0.60
59    1    0.009    2    2   0    0.29
103    2    0.000    1    2   0    0.30
91    2    -0.018    2    1   0    0.63
135    2    0.018    1    2   0    0.42
40    1    0.018    2    2   0    0.12
30    1    0.018    1    1   1    0.49
73    1    0.000    2    2   0    1.47
129    2    0.009    2    1   1    0.76
56    1    -0.018    2    2   1    0.54
63    1    0.000    2    2   0    0.66
102    2    -0.009    2    1   0    0.71
14    1    0.009    2    2   0    0.67
50    1    0.018    2    2   0    1.11
128    2    0.000    2    1   1    0.75
134    2    0.009    2    1   1    1.06
119    2    0.009    2    1   1    1.03
125    2    0.018    1    2   0    0.99
