--------------------------------
17-Oct-2014 13:37:40 
data from observer A17 
#occlusion2 expt 
reference disparity (degrees) 0.160000 

stim order disp kresp testresp correct time
1    2    -0.074    1    2   1    0.92
2    1    0.069    1    1   1    0.63
3    2    -0.065    2    1   0    0.74
4    2    -0.074    2    1   0    0.96
5    2    0.083    2    1   1    0.67
6    1    -0.083    2    2   1    0.87
7    1    0.079    1    1   1    0.55
8    1    0.079    1    1   1    1.38
9    2    0.074    2    1   1    0.78
10    1    0.074    2    2   0    1.24
11    1    0.083    1    1   1    0.76
12    2    0.083    2    1   1    0.71
13    2    0.079    1    2   0    1.09
14    1    -0.088    2    2   1    0.72
15    1    0.088    1    1   1    0.65
16    1    -0.083    1    1   0    1.14
17    2    0.092    2    1   1    1.22
18    2    -0.092    1    2   1    0.80
19    2    -0.088    2    1   0    1.00
20    2    0.097    2    1   1    0.74
21    2    -0.097    2    1   0    0.87
22    1    0.106    1    1   1    0.68
23    1    0.106    1    1   1    0.76
24    2    0.102    1    2   0    0.78
25    1    -0.111    2    2   1    0.93
26    1    -0.111    1    1   0    0.72
27    2    -0.120    2    1   0    0.60
28    2    0.129    2    1   1    0.50
29    2    -0.129    2    1   0    0.56
30    2    0.139    2    1   1    0.47
31    1    0.139    2    2   0    0.52
32    2    -0.148    1    2   1    1.27
33    1    0.148    1    1   1    0.62
34    1    0.143    1    1   1    0.73
35    2    -0.143    1    2   1    1.06
36    1    -0.139    1    1   0    0.82
37    1    0.148    1    1   1    0.67
38    1    0.148    1    1   1    0.65
39    1    -0.143    1    1   0    0.60
40    2    0.148    2    1   1    0.58
41    1    -0.148    1    1   0    0.58
42    2    0.148    2    1   1    0.63
43    1    -0.148    2    2   1    1.28
44    1    -0.143    2    2   1    0.64
45    1    0.143    1    1   1    1.23
46    1    0.139    1    1   1    0.77
47    2    -0.139    1    2   1    1.34
48    1    0.134    1    1   1    0.70
49    2    -0.134    1    2   1    1.48
50    1    -0.129    1    1   0    0.71
-------------------------
Final staircase threshold estimate (mean) is 0.1404
-------------------------
13    1    0.000    1    1   1    3.44
112    2    -0.139    2    1   0    1.04
93    2    0.000    1    2   0    0.99
64    1    0.139    2    2   0    0.98
24    1    0.139    2    2   0    0.91
32    1    -0.139    1    1   0    0.95
25    1    0.148    1    1   1    4.00
48    1    0.000    2    2   0    0.98
16    1    -0.148    2    2   1    0.90
20    1    0.148    1    1   1    0.71
95    2    0.148    2    1   1    1.12
50    1    0.148    1    1   1    0.58
60    1    0.148    1    1   1    0.85
82    2    -0.139    1    2   1    0.86
129    2    0.139    2    1   1    1.25
127    2    -0.139    1    2   1    1.02
80    2    0.148    2    1   1    0.64
57    1    -0.139    2    2   1    0.73
3    1    0.000    2    2   0    1.03
96    2    -0.148    2    1   0    1.12
142    2    -0.139    1    2   1    1.88
110    2    0.148    2    1   1    1.28
111    2    -0.148    2    1   0    1.89
45    1    0.148    1    1   1    0.83
59    1    0.139    1    1   1    0.97
2    1    -0.139    2    2   1    0.81
146    2    -0.148    1    2   1    1.26
15    1    0.148    1    1   1    0.97
99    2    0.139    2    1   1    0.71
106    2    -0.148    1    2   1    0.89
9    1    0.139    1    1   1    0.60
65    1    0.148    1    1   1    0.62
94    2    0.139    2    1   1    0.62
62    1    -0.139    2    2   1    0.71
97    2    -0.139    2    1   0    0.74
4    1    0.139    1    1   1    0.53
71    1    -0.148    2    2   1    0.66
30    1    0.148    1    1   1    0.54
138    2    0.000    1    2   0    1.05
68    1    0.000    2    2   0    1.13
105    2    0.148    2    1   1    0.59
7    1    -0.139    2    2   1    0.83
52    1    -0.139    2    2   1    0.75
79    2    0.139    2    1   1    0.59
43    1    0.000    2    2   0    1.44
5    1    0.148    1    1   1    0.67
125    2    0.148    2    1   1    0.47
149    2    0.139    2    1   1    0.49
73    1    0.000    2    2   0    0.97
148    2    0.000    2    1   1    1.13
145    2    0.148    2    1   1    1.19
54    1    0.139    2    2   0    1.17
116    2    -0.148    1    2   1    1.26
81    2    -0.148    2    1   0    0.82
49    1    0.139    1    1   1    0.71
14    1    0.139    2    2   0    1.24
139    2    0.139    2    1   1    1.21
109    2    0.139    2    1   1    1.01
83    2    0.000    1    2   0    2.63
47    1    -0.139    2    2   1    0.70
89    2    0.139    2    1   1    0.58
22    1    -0.139    2    2   1    0.69
91    2    -0.148    1    2   1    1.30
34    1    0.139    1    1   1    0.91
18    1    0.000    2    2   0    0.85
58    1    0.000    1    1   1    1.52
40    1    0.148    1    1   1    0.73
44    1    0.139    1    1   1    0.68
88    2    0.000    2    1   1    1.14
87    2    -0.139    2    1   0    0.84
41    1    -0.148    2    2   1    0.65
117    2    -0.139    1    2   1    0.98
26    1    -0.148    2    2   1    1.11
11    1    -0.148    1    1   0    0.97
98    2    0.000    1    2   0    1.42
133    2    0.000    1    2   0    0.96
69    1    0.139    1    1   1    0.58
42    1    -0.139    2    2   1    0.71
61    1    -0.148    2    2   1    0.61
134    2    0.139    2    1   1    0.61
141    2    -0.148    2    1   0    0.59
35    1    0.148    1    1   1    0.80
100    2    0.148    2    1   1    0.78
46    1    -0.148    2    2   1    0.83
70    1    0.148    1    1   1    0.91
135    2    0.148    2    1   1    0.56
19    1    0.139    1    1   1    0.62
77    2    -0.139    1    2   1    0.82
29    1    0.139    1    1   1    0.65
137    2    -0.139    1    2   1    0.67
10    1    0.148    1    1   1    0.77
86    2    -0.148    1    2   1    1.05
53    1    0.000    1    1   1    0.98
21    1    -0.148    2    2   1    0.59
8    1    0.000    1    1   1    0.61
132    2    -0.139    1    2   1    0.99
51    1    -0.148    1    1   0    0.84
23    1    0.000    1    1   1    1.09
121    2    -0.148    2    1   0    0.56
85    2    0.148    2    1   1    0.88
76    2    -0.148    1    2   1    0.53
140    2    0.148    2    1   1    1.04
131    2    -0.148    1    2   1    0.51
31    1    -0.148    2    2   1    0.57
118    2    0.000    1    2   0    0.56
119    2    0.139    2    1   1    0.97
101    2    -0.148    1    2   1    0.82
92    2    -0.139    1    2   1    0.77
75    2    0.148    1    2   0    1.51
136    2    -0.148    2    1   0    0.64
28    1    0.000    2    2   0    0.85
33    1    0.000    1    1   1    1.22
63    1    0.000    1    1   1    1.08
6    1    -0.148    2    2   1    1.21
55    1    0.148    1    1   1    0.83
37    1    -0.139    2    2   1    0.88
103    2    0.000    2    1   1    1.07
39    1    0.139    1    1   1    0.97
78    2    0.000    1    2   0    1.32
56    1    -0.148    2    2   1    0.85
113    2    0.000    2    1   1    0.89
27    1    -0.139    2    2   1    0.53
114    2    0.139    2    1   1    0.50
143    2    0.000    1    2   0    1.05
67    1    -0.139    2    2   1    0.71
144    2    0.139    2    1   1    0.50
66    1    -0.148    2    2   1    0.67
147    2    -0.139    2    1   0    0.50
150    2    0.148    2    1   1    0.54
102    2    -0.139    2    1   0    0.57
128    2    0.000    1    2   0    0.74
12    1    -0.139    2    2   1    0.61
130    2    0.148    2    1   1    0.59
90    2    0.148    2    1   1    0.51
108    2    0.000    1    2   0    1.21
17    1    -0.139    2    2   1    0.46
36    1    -0.148    2    2   1    0.62
72    1    -0.139    2    2   1    0.55
115    2    0.148    2    1   1    0.61
107    2    -0.139    1    2   1    0.57
122    2    -0.139    1    2   1    1.21
123    2    0.000    1    2   0    0.70
126    2    -0.148    2    1   0    1.00
74    1    0.139    1    1   1    0.94
38    1    0.000    1    1   1    0.99
1    1    -0.148    1    1   0    0.80
120    2    0.148    2    1   1    1.28
84    2    0.139    2    1   1    1.76
104    2    0.139    2    1   1    2.70
124    2    0.139    2    1   1    0.71
