--------------------------------
24-Oct-2014 13:12:36 
data from observer A17 
#occlusion2 expt run 2
reference disparity (degrees) 0.160000 

stim order disp kresp testresp correct time
1    1    0.074    2    2   1    0.82
2    1    -0.069    1    1   1    0.46
3    2    -0.065    2    1   1    0.46
4    1    0.060    2    2   1    0.56
5    2    0.055    1    2   1    0.42
6    2    0.051    1    2   1    0.75
7    1    0.046    2    2   1    0.43
8    2    0.042    1    2   1    0.40
9    2    -0.037    2    1   1    0.54
10    2    0.032    1    2   1    0.61
11    1    -0.028    1    1   1    0.95
12    1    0.023    2    2   1    0.62
13    2    0.018    2    1   0    0.56
14    2    0.028    1    2   1    0.44
15    1    0.028    2    2   1    0.58
16    1    0.023    2    2   1    0.59
17    1    -0.023    1    1   1    0.56
18    1    -0.018    1    1   1    1.10
19    2    0.018    1    2   1    1.02
20    1    0.014    2    2   1    0.63
21    2    -0.014    2    1   1    0.60
22    2    -0.009    2    1   1    0.55
23    1    -0.009    1    1   1    0.76
24    1    -0.005    2    2   0    0.61
25    1    -0.014    1    1   1    0.42
26    2    -0.014    2    1   1    0.70
27    1    -0.009    1    1   1    0.65
28    1    0.009    2    2   1    0.71
29    1    0.005    2    2   1    0.68
30    1    -0.005    1    1   1    0.62
31    1    -0.005    1    1   1    0.86
32    2    0.005    1    2   1    0.70
33    2    -0.005    2    1   1    0.88
34    2    0.005    1    2   1    1.00
35    2    -0.005    2    1   1    0.94
36    1    -0.005    1    1   1    0.57
37    1    -0.005    1    1   1    0.60
38    2    0.005    1    2   1    0.77
39    1    0.005    2    2   1    0.69
40    1    -0.005    1    1   1    0.62
41    2    0.005    2    1   0    0.77
42    2    0.014    1    2   1    0.66
43    2    0.014    1    2   1    0.61
44    1    0.009    2    2   1    0.68
45    2    -0.009    2    1   1    0.64
46    1    -0.005    1    1   1    0.56
47    1    -0.005    2    2   0    0.47
48    2    0.014    1    2   1    1.02
49    1    0.014    2    2   1    0.64
50    1    -0.009    1    1   1    0.77
-------------------------
Final staircase threshold estimate (mean) is 0.0097
-------------------------
148    2    0.000    2    1   1    3.43
56    1    -0.023    1    1   0    0.61
18    1    0.000    2    2   0    0.54
57    1    -0.009    1    1   0    0.85
39    1    0.009    2    2   0    0.66
63    1    0.000    2    2   0    1.15
85    2    0.023    1    2   0    0.51
75    2    0.023    1    2   0    0.69
54    1    0.009    2    2   0    0.60
51    1    -0.023    1    1   0    0.59
91    2    -0.023    2    1   0    1.13
87    2    -0.009    1    2   1    1.02
48    1    0.000    2    2   0    0.90
143    2    0.000    2    1   1    1.64
34    1    0.009    1    1   1    1.35
127    2    -0.009    2    1   0    0.74
69    1    0.009    2    2   0    0.84
106    2    -0.023    2    1   0    0.58
134    2    0.009    1    2   0    0.48
140    2    0.023    1    2   0    0.60
128    2    0.000    2    1   1    0.60
90    2    0.023    1    2   0    0.62
146    2    -0.023    2    1   0    0.62
131    2    -0.023    2    1   0    0.68
9    1    0.009    2    2   0    1.37
44    1    0.009    2    2   0    0.78
28    1    0.000    2    2   0    0.74
100    2    0.023    1    2   0    0.55
72    1    -0.009    2    2   1    0.63
40    1    0.023    2    2   0    0.57
111    2    -0.023    2    1   0    0.76
129    2    0.009    1    2   0    0.74
23    1    0.000    2    2   0    0.56
38    1    0.000    2    2   0    0.83
17    1    -0.009    2    2   1    0.77
88    2    0.000    1    2   0    0.91
31    1    -0.023    1    1   0    0.70
21    1    -0.023    1    1   0    0.59
2    1    -0.009    2    2   1    0.63
24    1    0.009    2    2   0    0.78
81    2    -0.023    2    1   0    0.53
93    2    0.000    1    2   0    1.00
149    2    0.009    1    2   0    0.64
74    1    0.009    2    2   0    0.67
68    1    0.000    1    1   1    0.83
104    2    0.009    1    2   0    0.92
6    1    -0.023    1    1   0    0.62
109    2    0.009    1    2   0    0.67
73    1    0.000    2    2   0    0.93
41    1    -0.023    1    1   0    0.38
3    1    0.000    2    2   0    0.84
105    2    0.023    1    2   0    0.54
115    2    0.023    2    1   1    0.56
60    1    0.023    2    2   0    0.65
94    2    0.009    1    2   0    0.61
80    2    0.023    1    2   0    0.58
116    2    -0.023    2    1   0    0.62
16    1    -0.023    1    1   0    0.43
29    1    0.009    2    2   0    0.53
70    1    0.023    2    2   0    0.54
98    2    0.000    1    2   0    0.56
66    1    -0.023    1    1   0    0.66
118    2    0.000    2    1   1    0.64
19    1    0.009    2    2   0    0.67
47    1    -0.009    1    1   0    0.74
50    1    0.023    2    2   0    0.50
86    2    -0.023    2    1   0    0.66
108    2    0.000    1    2   0    0.75
144    2    0.009    1    2   0    0.58
61    1    -0.023    1    1   0    0.52
76    2    -0.023    2    1   0    0.46
141    2    -0.023    2    1   0    0.53
22    1    -0.009    1    1   0    0.45
150    2    0.023    1    2   0    0.53
145    2    0.023    1    2   0    0.51
92    2    -0.009    1    2   1    0.43
122    2    -0.009    2    1   0    0.47
37    1    -0.009    1    1   0    0.83
142    2    -0.009    2    1   0    1.17
139    2    0.009    1    2   0    0.54
119    2    0.009    2    1   1    0.55
138    2    0.000    2    1   1    0.84
124    2    0.009    1    2   0    0.66
1    1    -0.023    1    1   0    0.63
67    1    -0.009    2    2   1    0.80
103    2    0.000    1    2   0    0.65
13    1    0.000    2    2   0    0.74
11    1    -0.023    1    1   0    0.40
101    2    -0.023    2    1   0    0.66
33    1    0.000    1    1   1    0.39
147    2    -0.009    2    1   0    0.45
42    1    -0.009    1    1   0    0.55
53    1    0.000    2    2   0    0.62
123    2    0.000    1    2   0    0.77
99    2    0.009    1    2   0    0.61
20    1    0.023    2    2   0    0.56
25    1    0.023    2    2   0    0.52
36    1    -0.023    2    2   1    0.71
102    2    -0.009    2    1   0    0.70
97    2    -0.009    2    1   0    0.70
59    1    0.009    1    1   1    0.64
82    2    -0.009    2    1   0    0.58
120    2    0.023    1    2   0    0.48
65    1    0.023    2    2   0    0.52
14    1    0.009    2    2   0    0.66
133    2    0.000    2    1   1    0.83
79    2    0.009    2    1   1    0.72
4    1    0.009    1    1   1    0.41
64    1    0.009    2    2   0    0.63
15    1    0.023    2    2   0    0.64
130    2    0.023    1    2   0    0.60
45    1    0.023    2    2   0    0.67
62    1    -0.009    1    1   0    0.59
10    1    0.023    2    2   0    0.65
110    2    0.023    1    2   0    0.47
95    2    0.023    1    2   0    0.57
107    2    -0.009    2    1   0    0.52
49    1    0.009    2    2   0    0.75
113    2    0.000    1    2   0    0.72
35    1    0.023    2    2   0    0.67
77    2    -0.009    2    1   0    0.61
96    2    -0.023    2    1   0    0.68
112    2    -0.009    2    1   0    0.66
114    2    0.009    2    1   1    0.63
135    2    0.023    1    2   0    0.58
5    1    0.023    1    1   1    0.63
27    1    -0.009    1    1   0    0.61
117    2    -0.009    2    1   0    0.59
126    2    -0.023    2    1   0    0.59
52    1    -0.009    1    1   0    0.66
83    2    0.000    1    2   0    0.69
89    2    0.009    1    2   0    0.73
46    1    -0.023    1    1   0    0.69
30    1    0.023    2    2   0    0.51
26    1    -0.023    1    1   0    0.58
78    2    0.000    1    2   0    0.63
55    1    0.023    2    2   0    0.66
136    2    -0.023    2    1   0    0.63
12    1    -0.009    1    1   0    0.52
71    1    -0.023    1    1   0    0.76
84    2    0.009    2    1   1    0.69
125    2    0.023    1    2   0    0.39
8    1    0.000    2    2   0    0.78
121    2    -0.023    2    1   0    0.57
137    2    -0.009    1    2   1    0.71
7    1    -0.009    1    1   0    0.80
32    1    -0.009    1    1   0    1.45
132    2    -0.009    1    2   1    0.73
43    1    0.000    2    2   0    1.85
58    1    0.000    1    1   1    0.53
--------------------------------
17-Oct-2014 17:02:45 
data from observer A17 
#occlusion2 expt run 1
reference disparity (degrees) 0.160000 

stim order disp kresp testresp correct time
1    2    0.074    1    2   1    1.02
2    2    -0.069    2    1   1    0.77
3    1    0.065    2    2   1    0.61
4    2    0.060    1    2   1    0.54
5    1    -0.055    1    1   1    0.78
6    2    -0.051    2    1   1    0.59
7    2    0.046    1    2   1    0.52
8    1    0.042    2    2   1    0.57
9    2    0.037    1    2   1    0.65
10    2    -0.032    2    1   1    0.67
11    2    0.028    1    2   1    0.61
12    2    -0.023    2    1   1    0.63
13    2    0.018    1    2   1    0.72
14    2    -0.014    2    1   1    0.70
15    1    0.009    2    2   1    0.82
16    2    -0.005    2    1   1    0.85
17    2    -0.005    2    1   1    2.05
18    2    -0.005    2    1   1    0.92
19    1    -0.005    1    1   1    0.57
20    1    -0.005    1    1   1    0.84
21    1    -0.005    1    1   1    0.59
22    1    -0.005    1    1   1    1.20
23    2    -0.005    2    1   1    0.87
24    1    -0.005    2    2   0    2.61
25    2    -0.014    2    1   1    1.04
26    1    0.014    2    2   1    1.51
27    2    -0.009    2    1   1    1.15
28    2    0.009    1    2   1    1.08
29    1    0.005    2    2   1    0.96
30    1    0.005    1    1   0    1.39
31    2    -0.014    2    1   1    1.14
32    2    0.014    1    2   1    0.86
33    2    -0.009    2    1   1    0.79
34    2    -0.009    2    1   1    1.27
35    1    0.005    2    2   1    1.72
36    1    -0.005    1    1   1    0.90
37    1    0.005    2    2   1    1.22
38    1    0.005    1    1   0    1.45
39    1    -0.014    1    1   1    0.73
40    1    -0.014    2    2   0    0.91
41    1    0.023    2    2   1    0.85
42    1    0.023    2    2   1    0.77
43    2    0.018    1    2   1    0.61
44    1    -0.018    1    1   1    1.20
45    1    0.014    2    2   1    0.72
46    1    0.014    2    2   1    0.98
47    2    -0.009    2    1   1    0.74
48    1    -0.009    2    2   0    0.80
49    1    0.018    2    2   1    1.09
50    1    0.018    2    2   1    0.78
-------------------------
Final staircase threshold estimate (mean) is 0.0166
-------------------------
101    2    -0.042    2    1   0    3.05
147    2    -0.018    2    1   0    1.34
21    1    -0.042    1    1   0    0.74
40    1    0.042    2    2   0    0.72
14    1    0.018    2    2   0    0.53
51    1    -0.042    1    1   0    0.80
98    2    0.000    1    2   0    0.79
68    1    0.000    2    2   0    0.54
9    1    0.018    2    2   0    0.60
139    2    0.018    1    2   0    0.67
13    1    0.000    2    2   0    0.76
62    1    -0.018    1    1   0    0.48
70    1    0.042    2    2   0    0.62
75    2    0.042    1    2   0    0.47
94    2    0.018    1    2   0    0.55
143    2    0.000    2    1   1    0.88
19    1    0.018    2    2   0    0.69
38    1    0.000    1    1   1    0.69
93    2    0.000    2    1   1    0.57
58    1    0.000    2    2   0    1.05
17    1    -0.018    1    1   0    0.57
120    2    0.042    1    2   0    0.62
60    1    0.042    2    2   0    0.98
87    2    -0.018    2    1   0    0.71
128    2    0.000    2    1   1    0.74
122    2    -0.018    2    1   0    0.73
112    2    -0.018    1    2   1    0.80
127    2    -0.018    2    1   0    0.93
43    1    0.000    2    2   0    1.18
11    1    -0.042    1    1   0    0.67
129    2    0.018    1    2   0    0.80
46    1    -0.042    1    1   0    0.64
121    2    -0.042    2    1   0    0.56
103    2    0.000    2    1   1    1.30
26    1    -0.042    1    1   0    0.67
117    2    -0.018    2    1   0    0.61
39    1    0.018    2    2   0    0.76
31    1    -0.042    1    1   0    0.62
8    1    0.000    2    2   0    0.75
18    1    0.000    2    2   0    0.86
83    2    0.000    1    2   0    0.59
106    2    -0.042    2    1   0    0.70
123    2    0.000    1    2   0    0.98
136    2    -0.042    2    1   0    0.78
82    2    -0.018    1    2   1    1.39
22    1    -0.018    1    1   0    0.73
134    2    0.018    1    2   0    0.67
109    2    0.018    1    2   0    0.65
119    2    0.018    1    2   0    0.58
84    2    0.018    1    2   0    0.56
4    1    0.018    2    2   0    0.72
146    2    -0.042    2    1   0    0.66
34    1    0.018    2    2   0    1.02
131    2    -0.042    2    1   0    0.58
76    2    -0.042    2    1   0    0.65
92    2    -0.018    2    1   0    0.71
44    1    0.018    2    2   0    0.47
30    1    0.042    2    2   0    0.63
45    1    0.042    2    2   0    0.70
100    2    0.042    1    2   0    0.62
137    2    -0.018    2    1   0    0.81
111    2    -0.042    2    1   0    0.58
96    2    -0.042    2    1   0    0.74
61    1    -0.042    1    1   0    1.05
116    2    -0.042    2    1   0    0.58
1    1    -0.042    1    1   0    0.60
35    1    0.042    2    2   0    0.87
88    2    0.000    1    2   0    0.87
86    2    -0.042    2    1   0    0.57
148    2    0.000    1    2   0    1.80
130    2    0.042    1    2   0    0.61
28    1    0.000    1    1   1    0.54
24    1    0.018    2    2   0    0.91
59    1    0.018    2    2   0    0.97
33    1    0.000    2    2   0    2.17
67    1    -0.018    1    1   0    0.77
36    1    -0.042    1    1   0    0.60
118    2    0.000    1    2   0    1.03
71    1    -0.042    1    1   0    0.66
132    2    -0.018    2    1   0    0.76
49    1    0.018    2    2   0    0.76
27    1    -0.018    1    1   0    0.83
145    2    0.042    1    2   0    0.75
95    2    0.042    1    2   0    0.67
124    2    0.018    1    2   0    0.49
90    2    0.042    1    2   0    0.65
48    1    0.000    1    1   1    0.65
32    1    -0.018    1    1   0    0.62
3    1    0.000    1    1   1    0.61
79    2    0.018    1    2   0    0.68
104    2    0.018    1    2   0    0.57
135    2    0.042    1    2   0    0.64
64    1    0.018    2    2   0    1.03
23    1    0.000    1    1   1    0.51
6    1    -0.042    2    2   1    0.59
74    1    0.018    2    2   0    0.65
99    2    0.018    1    2   0    0.94
80    2    0.042    1    2   0    0.68
72    1    -0.018    1    1   0    0.68
54    1    0.018    2    2   0    0.78
52    1    -0.018    1    1   0    0.64
138    2    0.000    2    1   1    1.12
5    1    0.042    2    2   0    0.62
12    1    -0.018    1    1   0    0.96
150    2    0.042    1    2   0    0.73
41    1    -0.042    1    1   0    0.77
47    1    -0.018    1    1   0    0.78
69    1    0.018    2    2   0    0.80
10    1    0.042    2    2   0    0.79
125    2    0.042    1    2   0    0.61
78    2    0.000    2    1   1    0.90
42    1    -0.018    1    1   0    0.52
25    1    0.042    2    2   0    0.68
57    1    -0.018    1    1   0    0.54
16    1    -0.042    1    1   0    1.01
126    2    -0.042    2    1   0    0.61
81    2    -0.042    2    1   0    0.67
53    1    0.000    1    1   1    0.98
85    2    0.042    1    2   0    0.59
113    2    0.000    2    1   1    0.93
37    1    -0.018    1    1   0    0.49
142    2    -0.018    2    1   0    0.66
91    2    -0.042    2    1   0    0.68
110    2    0.042    1    2   0    0.47
105    2    0.042    1    2   0    0.49
97    2    -0.018    2    1   0    0.66
115    2    0.042    1    2   0    0.43
15    1    0.042    2    2   0    0.60
73    1    0.000    1    1   1    0.60
107    2    -0.018    2    1   0    0.61
20    1    0.042    2    2   0    0.60
114    2    0.018    1    2   0    0.51
77    2    -0.018    2    1   0    0.57
108    2    0.000    1    2   0    0.75
141    2    -0.042    2    1   0    0.60
63    1    0.000    1    1   1    1.11
89    2    0.018    1    2   0    0.58
66    1    -0.042    1    1   0    0.94
7    1    -0.018    1    1   0    0.71
102    2    -0.018    1    2   1    0.66
133    2    0.000    2    1   1    1.03
144    2    0.018    1    2   0    0.54
50    1    0.042    2    2   0    0.71
56    1    -0.042    1    1   0    0.52
29    1    0.018    2    2   0    1.16
65    1    0.042    2    2   0    1.09
55    1    0.042    2    2   0    0.66
2    1    -0.018    1    1   0    0.88
140    2    0.042    1    2   0    0.64
149    2    0.018    1    2   0    0.78
