--------------------------------
17-Oct-2014 13:50:53 
data from observer A17 
#occlusion2 expt 
reference disparity (degrees) 0.160000 

stim order disp kresp testresp correct time
1    2    0.074    2    1   1    0.87
2    1    0.069    1    1   1    1.28
3    2    -0.065    1    2   1    0.86
4    2    -0.060    2    1   0    1.81
5    2    -0.069    1    2   1    0.94
6    1    -0.069    2    2   1    0.70
7    1    -0.065    2    2   1    0.65
8    1    -0.065    2    2   1    0.53
9    1    -0.060    2    2   1    0.68
10    1    -0.060    2    2   1    1.11
11    2    -0.055    1    2   1    0.82
12    2    -0.055    1    2   1    1.41
13    2    0.051    2    1   1    0.76
14    1    -0.051    2    2   1    1.28
15    2    -0.046    1    2   1    0.82
16    1    0.046    1    1   1    1.30
17    2    -0.042    1    2   1    1.18
18    1    -0.042    2    2   1    0.82
19    2    -0.037    1    2   1    0.63
20    1    0.037    1    1   1    0.68
21    1    0.032    1    1   1    0.90
22    1    -0.032    2    2   1    0.65
23    2    -0.028    1    2   1    0.73
24    1    0.028    1    1   1    0.92
25    1    0.023    1    1   1    1.45
26    1    0.023    1    1   1    1.02
27    2    0.018    2    1   1    0.64
28    1    0.018    1    1   1    1.50
29    2    0.014    2    1   1    0.82
30    1    0.014    1    1   1    0.85
31    1    0.009    1    1   1    0.89
32    1    -0.009    2    2   1    0.64
33    2    -0.005    1    2   1    0.57
34    2    0.005    2    1   1    0.90
35    1    0.005    1    1   1    0.94
36    2    0.005    2    1   1    0.73
37    2    -0.005    2    1   0    0.70
38    1    0.014    1    1   1    0.69
39    2    -0.014    1    2   1    0.76
40    2    0.009    2    1   1    0.88
41    1    -0.009    2    2   1    0.95
42    2    -0.005    2    1   0    1.08
43    2    -0.014    1    2   1    1.00
44    1    -0.014    2    2   1    0.69
45    2    0.009    2    1   1    0.75
46    2    0.009    2    1   1    0.88
47    2    0.005    2    1   1    0.78
48    1    -0.005    2    2   1    0.55
49    1    -0.005    2    2   1    0.77
50    1    0.005    2    2   0    1.36
-------------------------
Final staircase threshold estimate (mean) is 0.0079
-------------------------
30    1    0.018    1    1   1    3.52
24    1    0.009    1    1   1    1.89
113    2    0.000    2    1   1    0.77
45    1    0.018    1    1   1    0.79
36    1    -0.018    2    2   1    0.68
99    2    0.009    2    1   1    0.66
26    1    -0.018    2    2   1    0.57
8    1    0.000    2    2   0    0.88
106    2    -0.018    1    2   1    0.69
93    2    0.000    2    1   1    0.83
67    1    -0.009    2    2   1    0.90
128    2    0.000    2    1   1    0.68
54    1    0.009    1    1   1    0.58
133    2    0.000    2    1   1    1.05
44    1    0.009    1    1   1    1.29
73    1    0.000    2    2   0    0.98
90    2    0.018    2    1   1    0.69
119    2    0.009    2    1   1    0.90
75    2    0.018    2    1   1    0.73
123    2    0.000    2    1   1    1.28
51    1    -0.018    2    2   1    0.86
107    2    -0.009    1    2   1    0.74
47    1    -0.009    2    2   1    0.72
146    2    -0.018    1    2   1    0.75
39    1    0.009    1    1   1    0.81
79    2    0.009    2    1   1    0.79
117    2    -0.009    1    2   1    1.19
57    1    -0.009    2    2   1    0.66
62    1    -0.009    2    2   1    0.91
121    2    -0.018    1    2   1    0.68
122    2    -0.009    1    2   1    1.26
63    1    0.000    2    2   0    1.34
102    2    -0.009    1    2   1    1.00
82    2    -0.009    1    2   1    0.90
68    1    0.000    2    2   0    1.20
31    1    -0.018    2    2   1    0.76
15    1    0.018    1    1   1    0.84
88    2    0.000    1    2   0    0.74
35    1    0.018    1    1   1    0.78
27    1    -0.009    1    1   0    0.77
95    2    0.018    2    1   1    1.46
134    2    0.009    2    1   1    0.70
100    2    0.018    2    1   1    1.38
1    1    -0.018    2    2   1    0.72
74    1    0.009    2    2   0    0.62
41    1    -0.018    2    2   1    0.56
150    2    0.018    2    1   1    0.60
84    2    0.009    2    1   1    0.64
101    2    -0.018    1    2   1    0.59
86    2    -0.018    1    2   1    0.96
147    2    -0.009    1    2   1    0.77
70    1    0.018    1    1   1    0.78
55    1    0.018    1    1   1    1.38
109    2    0.009    2    1   1    0.93
115    2    0.018    2    1   1    0.80
60    1    0.018    1    1   1    0.65
58    1    0.000    2    2   0    0.91
132    2    -0.009    1    2   1    0.74
40    1    0.018    2    2   0    0.90
59    1    0.009    1    1   1    1.41
96    2    -0.018    1    2   1    0.71
32    1    -0.009    2    2   1    0.51
149    2    0.009    2    1   1    0.64
21    1    -0.018    2    2   1    0.63
50    1    0.018    1    1   1    0.52
49    1    0.009    2    2   0    0.62
5    1    0.018    1    1   1    0.62
80    2    0.018    2    1   1    0.51
124    2    0.009    1    2   0    0.80
29    1    0.009    1    1   1    1.07
129    2    0.009    2    1   1    0.68
91    2    -0.018    1    2   1    0.83
14    1    0.009    1    1   1    0.53
4    1    0.009    1    1   1    0.56
65    1    0.018    1    1   1    0.51
9    1    0.009    1    1   1    0.73
46    1    -0.018    2    2   1    0.65
126    2    -0.018    1    2   1    0.42
148    2    0.000    1    2   0    0.48
94    2    0.009    1    2   0    0.49
38    1    0.000    1    1   1    1.02
105    2    0.018    2    1   1    2.73
6    1    -0.018    2    2   1    0.56
127    2    -0.009    2    1   0    0.46
69    1    0.009    1    1   1    0.53
42    1    -0.009    2    2   1    1.40
97    2    -0.009    1    2   1    0.70
72    1    -0.009    1    1   0    1.98
20    1    0.018    1    1   1    0.60
144    2    0.009    2    1   1    0.84
22    1    -0.009    2    2   1    0.63
17    1    -0.009    2    2   1    0.61
103    2    0.000    2    1   1    0.55
118    2    0.000    2    1   1    0.52
43    1    0.000    2    2   0    1.04
141    2    -0.018    2    1   0    0.49
92    2    -0.009    2    1   0    0.51
83    2    0.000    2    1   1    0.77
12    1    -0.009    1    1   0    0.45
23    1    0.000    2    2   0    0.54
108    2    0.000    1    2   0    0.71
85    2    0.018    2    1   1    0.61
56    1    -0.018    2    2   1    0.55
89    2    0.009    2    1   1    0.78
11    1    -0.018    2    2   1    0.67
130    2    0.018    2    1   1    0.70
104    2    0.009    2    1   1    0.55
76    2    -0.018    2    1   0    0.73
33    1    0.000    2    2   0    0.65
28    1    0.000    2    2   0    0.69
18    1    0.000    2    2   0    0.58
66    1    -0.018    2    2   1    0.57
25    1    0.018    1    1   1    0.82
114    2    0.009    2    1   1    0.61
137    2    -0.009    2    1   0    0.79
112    2    -0.009    2    1   0    0.76
77    2    -0.009    2    1   0    0.51
138    2    0.000    2    1   1    0.86
34    1    0.009    2    2   0    0.47
10    1    0.018    1    1   1    0.82
13    1    0.000    2    2   0    0.60
7    1    -0.009    2    2   1    0.67
116    2    -0.018    2    1   0    0.65
81    2    -0.018    2    1   0    0.52
143    2    0.000    2    1   1    0.60
120    2    0.018    2    1   1    0.61
19    1    0.009    2    2   0    0.45
136    2    -0.018    1    2   1    1.55
110    2    0.018    2    1   1    0.78
78    2    0.000    2    1   1    1.02
145    2    0.018    2    1   1    0.62
52    1    -0.009    2    2   1    0.64
53    1    0.000    2    2   0    0.63
125    2    0.018    2    1   1    0.66
140    2    0.018    2    1   1    0.62
2    1    -0.009    2    2   1    0.71
142    2    -0.009    2    1   0    3.26
3    1    0.000    2    2   0    0.75
61    1    -0.018    2    2   1    0.85
48    1    0.000    2    2   0    0.77
16    1    -0.018    2    2   1    0.79
87    2    -0.009    1    2   1    2.10
111    2    -0.018    1    2   1    0.81
37    1    -0.009    2    2   1    1.27
71    1    -0.018    2    2   1    1.30
64    1    0.009    1    1   1    4.06
139    2    0.009    2    1   1    1.20
131    2    -0.018    1    2   1    1.06
98    2    0.000    1    2   0    1.29
135    2    0.018    2    1   1    1.71
