--------------------------------
17-Oct-2014 13:44:44 
data from observer A17 
#occlusion2 expt 
reference disparity (degrees) 0.160000 

stim order disp kresp testresp correct time
1    1    -0.074    1    1   0    2.49
2    2    0.083    2    1   1    1.35
3    1    0.079    1    1   1    1.58
4    2    0.079    2    1   1    0.66
5    2    0.074    2    1   1    0.66
6    1    -0.074    2    2   1    0.75
7    1    0.069    2    2   0    1.72
8    1    0.079    1    1   1    1.58
9    2    0.079    2    1   1    0.76
10    1    -0.074    2    2   1    0.47
11    1    -0.074    2    2   1    0.50
12    1    -0.069    2    2   1    0.56
13    2    0.069    2    1   1    0.53
14    1    0.065    1    1   1    1.01
15    1    0.065    1    1   1    0.74
16    1    -0.060    2    2   1    0.50
17    1    -0.060    2    2   1    0.44
18    1    0.055    1    1   1    0.77
19    1    0.055    1    1   1    0.55
20    1    0.051    1    1   1    0.45
21    2    0.051    2    1   1    0.68
22    1    -0.046    2    2   1    0.53
23    2    -0.046    1    2   1    0.71
24    2    0.042    2    1   1    0.56
25    2    -0.042    1    2   1    0.47
26    2    -0.037    1    2   1    0.55
27    2    0.037    2    1   1    0.43
28    2    -0.032    1    2   1    0.49
29    1    0.032    1    1   1    0.55
30    1    -0.028    2    2   1    0.40
31    1    0.028    1    1   1    0.65
32    2    -0.023    1    2   1    0.60
33    1    0.023    2    2   0    0.51
34    2    0.032    2    1   1    0.47
35    2    0.032    2    1   1    0.58
36    1    0.028    1    1   1    0.61
37    1    0.028    1    1   1    0.70
38    2    0.023    2    1   1    0.51
39    1    0.023    1    1   1    0.59
40    1    -0.018    2    2   1    0.49
41    1    -0.018    2    2   1    0.53
42    1    0.014    1    1   1    0.96
43    1    -0.014    2    2   1    0.53
44    2    0.009    2    1   1    0.51
45    2    0.009    2    1   1    0.47
46    1    -0.005    2    2   1    0.46
47    1    0.005    2    2   0    1.09
48    1    0.014    1    1   1    1.34
49    2    0.014    2    1   1    0.52
50    2    -0.009    2    1   0    1.35
-------------------------
Final staircase threshold estimate (mean) is 0.0111
-------------------------
35    1    0.028    1    1   1    2.13
21    1    -0.028    2    2   1    0.60
29    1    0.009    1    1   1    0.80
89    2    0.009    2    1   1    0.59
93    2    0.000    2    1   1    0.63
46    1    -0.028    2    2   1    0.60
15    1    0.028    1    1   1    0.65
9    1    0.009    1    1   1    0.93
70    1    0.028    1    1   1    0.55
54    1    0.009    1    1   1    0.64
73    1    0.000    2    2   0    0.89
43    1    0.000    2    2   0    1.49
126    2    -0.028    1    2   1    0.95
119    2    0.009    2    1   1    0.89
127    2    -0.009    1    2   1    0.64
34    1    0.009    1    1   1    1.02
20    1    0.028    1    1   1    1.12
138    2    0.000    2    1   1    1.73
58    1    0.000    1    1   1    1.23
115    2    0.028    2    1   1    0.77
85    2    0.028    2    1   1    1.30
117    2    -0.009    1    2   1    0.81
59    1    0.009    1    1   1    0.73
13    1    0.000    2    2   0    1.32
132    2    -0.009    1    2   1    0.73
33    1    0.000    2    2   0    0.78
101    2    -0.028    1    2   1    0.91
98    2    0.000    2    1   1    1.18
49    1    0.009    2    2   0    1.76
87    2    -0.009    1    2   1    1.86
110    2    0.028    2    1   1    0.87
108    2    0.000    1    2   0    1.46
22    1    -0.009    2    2   1    0.63
125    2    0.028    2    1   1    0.89
18    1    0.000    2    2   0    1.54
19    1    0.009    1    1   1    0.59
147    2    -0.009    2    1   0    1.10
30    1    0.028    1    1   1    0.75
136    2    -0.028    1    2   1    1.09
1    1    -0.028    2    2   1    0.53
10    1    0.028    1    1   1    0.60
41    1    -0.028    2    2   1    0.47
5    1    0.028    1    1   1    0.47
42    1    -0.009    2    2   1    0.63
109    2    0.009    2    1   1    0.59
81    2    -0.028    1    2   1    0.55
94    2    0.009    2    1   1    0.69
37    1    -0.009    2    2   1    2.13
40    1    0.028    1    1   1    0.64
60    1    0.028    1    1   1    0.62
45    1    0.028    1    1   1    1.09
14    1    0.009    1    1   1    1.56
50    1    0.028    1    1   1    1.56
47    1    -0.009    2    2   1    0.84
32    1    -0.009    2    2   1    1.07
74    1    0.009    1    1   1    0.66
99    2    0.009    2    1   1    0.66
91    2    -0.028    1    2   1    0.50
61    1    -0.028    2    2   1    0.48
28    1    0.000    1    1   1    0.76
143    2    0.000    2    1   1    0.53
67    1    -0.009    2    2   1    0.69
141    2    -0.028    1    2   1    0.60
134    2    0.009    2    1   1    1.11
17    1    -0.009    1    1   0    0.95
31    1    -0.028    2    2   1    0.50
39    1    0.009    1    1   1    0.70
144    2    0.009    2    1   1    0.71
27    1    -0.009    2    2   1    0.61
92    2    -0.009    1    2   1    0.75
84    2    0.009    2    1   1    0.58
103    2    0.000    2    1   1    0.81
66    1    -0.028    1    1   0    0.77
72    1    -0.009    2    2   1    0.52
83    2    0.000    1    2   0    0.59
106    2    -0.028    1    2   1    0.93
51    1    -0.028    2    2   1    0.67
52    1    -0.009    2    2   1    0.64
75    2    0.028    2    1   1    0.89
105    2    0.028    2    1   1    0.84
16    1    -0.028    2    2   1    0.84
68    1    0.000    2    2   0    2.35
80    2    0.028    2    1   1    1.02
69    1    0.009    1    1   1    0.84
24    1    0.009    1    1   1    1.47
121    2    -0.028    1    2   1    1.23
76    2    -0.028    1    2   1    1.05
112    2    -0.009    2    1   0    2.01
150    2    0.028    2    1   1    0.73
113    2    0.000    1    2   0    0.66
26    1    -0.028    2    2   1    0.71
133    2    0.000    2    1   1    0.94
23    1    0.000    2    2   0    0.64
79    2    0.009    2    1   1    0.95
62    1    -0.009    2    2   1    1.05
78    2    0.000    1    2   0    1.60
140    2    0.028    2    1   1    0.74
131    2    -0.028    1    2   1    0.78
149    2    0.009    2    1   1    0.91
65    1    0.028    1    1   1    0.60
135    2    0.028    2    1   1    0.57
38    1    0.000    1    1   1    0.83
123    2    0.000    2    1   1    0.55
114    2    0.009    2    1   1    0.75
3    1    0.000    1    1   1    0.77
95    2    0.028    2    1   1    0.64
97    2    -0.009    1    2   1    0.96
57    1    -0.009    2    2   1    0.68
90    2    0.028    2    1   1    0.67
88    2    0.000    2    1   1    0.63
77    2    -0.009    1    2   1    1.16
82    2    -0.009    1    2   1    1.02
64    1    0.009    1    1   1    0.77
111    2    -0.028    1    2   1    0.60
44    1    0.009    1    1   1    0.64
53    1    0.000    2    2   0    0.73
148    2    0.000    2    1   1    1.38
36    1    -0.028    2    2   1    0.61
139    2    0.009    2    1   1    0.64
7    1    -0.009    2    2   1    0.84
86    2    -0.028    1    2   1    0.89
107    2    -0.009    2    1   0    0.92
55    1    0.028    1    1   1    0.75
63    1    0.000    2    2   0    0.63
122    2    -0.009    2    1   0    0.63
102    2    -0.009    1    2   1    1.29
6    1    -0.028    2    2   1    0.64
11    1    -0.028    2    2   1    0.65
48    1    0.000    1    1   1    1.12
145    2    0.028    2    1   1    0.57
120    2    0.028    2    1   1    0.71
4    1    0.009    1    1   1    0.67
8    1    0.000    2    2   0    1.49
146    2    -0.028    1    2   1    1.00
142    2    -0.009    1    2   1    0.94
100    2    0.028    2    1   1    0.61
118    2    0.000    2    1   1    0.94
2    1    -0.009    2    2   1    0.79
71    1    -0.028    2    2   1    0.75
104    2    0.009    2    1   1    0.80
96    2    -0.028    1    2   1    0.79
56    1    -0.028    2    2   1    0.47
130    2    0.028    2    1   1    0.93
25    1    0.028    1    1   1    0.70
12    1    -0.009    2    2   1    0.86
124    2    0.009    2    1   1    1.14
128    2    0.000    2    1   1    0.72
129    2    0.009    2    1   1    0.60
116    2    -0.028    1    2   1    0.62
137    2    -0.009    1    2   1    0.71
