--------------------------------
24-Oct-2014 13:07:12 
data from observer A17 
#occlusion2 expt run 2
reference disparity (degrees) 0.160000 

stim order disp kresp testresp correct time
1    2    -0.074    1    2   1    0.77
2    2    -0.069    1    2   1    0.57
3    2    -0.065    1    2   1    1.05
4    1    0.060    1    1   1    0.59
5    1    0.055    1    1   1    0.51
6    2    0.051    2    1   1    0.51
7    1    -0.046    2    2   1    0.52
8    2    0.042    2    1   1    0.57
9    2    0.037    2    1   1    0.57
10    1    0.032    1    1   1    0.53
11    2    0.028    2    1   1    0.57
12    1    -0.023    2    2   1    0.49
13    1    -0.018    2    2   1    0.53
14    2    0.014    2    1   1    0.59
15    1    0.009    1    1   1    0.78
16    2    -0.005    1    2   1    1.04
17    2    -0.005    1    2   1    1.24
18    2    -0.005    1    2   1    0.82
19    1    -0.005    2    2   1    0.71
20    1    -0.005    2    2   1    1.13
21    1    -0.005    2    2   1    0.92
22    1    0.005    1    1   1    0.82
23    2    0.005    2    1   1    1.04
24    1    -0.005    2    2   1    0.65
25    2    0.005    2    1   1    0.88
26    2    0.005    2    1   1    0.61
27    1    0.005    1    1   1    0.89
28    2    0.005    2    1   1    1.72
29    1    0.005    2    2   0    0.73
30    1    0.014    1    1   1    0.55
31    1    -0.014    2    2   1    0.60
32    2    0.009    2    1   1    0.64
33    1    -0.009    2    2   1    0.63
34    2    0.005    2    1   1    0.83
35    1    -0.005    2    2   1    0.59
36    2    -0.005    1    2   1    1.53
37    2    0.005    2    1   1    0.60
38    1    -0.005    2    2   1    1.69
39    2    -0.005    1    2   1    1.66
40    2    -0.005    2    1   0    0.97
41    1    0.014    1    1   1    0.48
42    2    -0.014    1    2   1    0.77
43    2    -0.009    1    2   1    0.55
44    1    0.009    1    1   1    0.61
45    1    -0.005    2    2   1    0.97
46    2    0.005    1    2   0    0.54
47    1    0.014    1    1   1    0.47
48    1    0.014    1    1   1    0.71
49    2    0.009    2    1   1    0.64
50    2    0.009    2    1   1    0.54
-------------------------
Final staircase threshold estimate (mean) is 0.0102
-------------------------
42    1    -0.009    2    2   1    3.96
79    2    0.009    2    1   1    0.56
116    2    -0.023    1    2   1    0.55
64    1    0.009    1    1   1    0.75
46    1    -0.023    2    2   1    0.52
96    2    -0.023    1    2   1    0.41
6    1    -0.023    2    2   1    0.48
144    2    0.009    2    1   1    0.55
114    2    0.009    2    1   1    0.55
68    1    0.000    1    1   1    0.88
87    2    -0.009    1    2   1    0.48
34    1    0.009    1    1   1    0.53
38    1    0.000    2    2   0    0.50
28    1    0.000    1    1   1    0.50
17    1    -0.009    2    2   1    0.42
76    2    -0.023    1    2   1    0.41
94    2    0.009    2    1   1    0.50
48    1    0.000    1    1   1    0.73
147    2    -0.009    1    2   1    0.63
52    1    -0.009    2    2   1    0.45
112    2    -0.009    1    2   1    0.46
41    1    -0.023    2    2   1    0.37
104    2    0.009    1    2   0    0.55
55    1    0.028    1    1   1    0.43
93    2    0.000    2    1   1    0.58
135    2    0.028    2    1   1    0.56
75    2    0.028    2    1   1    0.75
27    1    -0.009    2    2   1    0.53
149    2    0.009    2    1   1    0.56
9    1    0.009    1    1   1    0.53
58    1    0.000    2    2   0    0.57
119    2    0.009    2    1   1    0.83
140    2    0.028    2    1   1    0.66
139    2    0.009    2    1   1    0.48
15    1    0.028    1    1   1    0.43
108    2    0.000    2    1   1    0.83
4    1    0.009    2    2   0    0.76
131    2    -0.023    1    2   1    0.52
128    2    0.000    1    2   0    0.69
3    1    0.000    2    2   0    2.03
22    1    -0.009    2    2   1    0.61
40    1    0.028    1    1   1    0.47
43    1    0.000    1    1   1    0.60
65    1    0.028    1    1   1    0.63
36    1    -0.023    2    2   1    0.60
29    1    0.009    1    1   1    0.81
7    1    -0.009    2    2   1    0.62
37    1    -0.009    2    2   1    0.75
109    2    0.009    2    1   1    0.99
32    1    -0.009    2    2   1    0.66
106    2    -0.023    1    2   1    0.52
105    2    0.028    2    1   1    0.57
89    2    0.009    2    1   1    0.59
67    1    -0.009    2    2   1    1.20
126    2    -0.023    1    2   1    0.43
70    1    0.028    1    1   1    0.70
91    2    -0.023    1    2   1    0.72
138    2    0.000    2    1   1    0.72
100    2    0.028    2    1   1    0.55
86    2    -0.023    1    2   1    0.56
30    1    0.028    1    1   1    0.52
102    2    -0.009    1    2   1    0.51
35    1    0.028    1    1   1    0.57
134    2    0.009    2    1   1    0.59
54    1    0.009    1    1   1    0.57
110    2    0.028    2    1   1    0.54
63    1    0.000    1    1   1    0.66
125    2    0.028    2    1   1    0.47
31    1    -0.023    2    2   1    0.43
132    2    -0.009    1    2   1    0.54
142    2    -0.009    1    2   1    0.46
99    2    0.009    2    1   1    0.51
103    2    0.000    1    2   0    0.40
115    2    0.028    2    1   1    0.40
130    2    0.028    2    1   1    0.51
127    2    -0.009    1    2   1    0.45
61    1    -0.023    2    2   1    0.43
21    1    -0.023    2    2   1    0.49
12    1    -0.009    2    2   1    0.55
53    1    0.000    1    1   1    0.59
25    1    0.028    1    1   1    0.55
69    1    0.009    1    1   1    0.58
81    2    -0.023    1    2   1    0.53
18    1    0.000    2    2   0    0.77
59    1    0.009    1    1   1    0.52
141    2    -0.023    1    2   1    0.78
72    1    -0.009    2    2   1    0.64
1    1    -0.023    2    2   1    0.49
82    2    -0.009    1    2   1    0.58
44    1    0.009    1    1   1    0.57
121    2    -0.023    1    2   1    0.55
123    2    0.000    2    1   1    0.49
56    1    -0.023    2    2   1    0.46
137    2    -0.009    1    2   1    0.46
8    1    0.000    2    2   0    0.51
39    1    0.009    1    1   1    0.30
16    1    -0.023    2    2   1    0.58
57    1    -0.009    2    2   1    0.54
83    2    0.000    1    2   0    0.54
150    2    0.028    2    1   1    0.44
10    1    0.028    1    1   1    0.55
78    2    0.000    2    1   1    0.57
13    1    0.000    1    1   1    0.68
23    1    0.000    1    1   1    0.53
146    2    -0.023    1    2   1    0.58
120    2    0.028    2    1   1    0.45
97    2    -0.009    1    2   1    0.71
33    1    0.000    2    2   0    0.59
62    1    -0.009    2    2   1    0.72
118    2    0.000    1    2   0    0.47
133    2    0.000    2    1   1    0.57
111    2    -0.023    1    2   1    0.42
98    2    0.000    2    1   1    0.54
88    2    0.000    1    2   0    2.13
71    1    -0.023    2    2   1    0.52
143    2    0.000    2    1   1    0.73
117    2    -0.009    1    2   1    0.42
84    2    0.009    2    1   1    0.56
14    1    0.009    1    1   1    0.59
11    1    -0.023    2    2   1    0.65
50    1    0.028    1    1   1    0.61
66    1    -0.023    2    2   1    0.49
73    1    0.000    1    1   1    0.68
74    1    0.009    1    1   1    0.56
77    2    -0.009    1    2   1    0.78
92    2    -0.009    1    2   1    0.55
49    1    0.009    1    1   1    0.41
19    1    0.009    1    1   1    0.57
90    2    0.028    2    1   1    0.63
145    2    0.028    2    1   1    0.48
122    2    -0.009    1    2   1    0.51
85    2    0.028    2    1   1    0.49
136    2    -0.023    1    2   1    0.40
148    2    0.000    1    2   0    0.54
45    1    0.028    1    1   1    0.47
113    2    0.000    2    1   1    0.44
95    2    0.028    2    1   1    0.45
107    2    -0.009    1    2   1    0.53
80    2    0.028    2    1   1    0.39
124    2    0.009    2    1   1    0.59
47    1    -0.009    2    2   1    0.59
24    1    0.009    1    1   1    0.41
51    1    -0.023    2    2   1    0.50
20    1    0.028    1    1   1    0.50
5    1    0.028    1    1   1    0.52
129    2    0.009    2    1   1    0.50
2    1    -0.009    1    1   0    0.30
26    1    -0.023    2    2   1    0.47
101    2    -0.023    1    2   1    0.53
60    1    0.028    1    1   1    0.52
--------------------------------
17-Oct-2014 13:57:32 
data from observer A17 
#occlusion2 expt run 1
reference disparity (degrees) 0.160000 

stim order disp kresp testresp correct time
1    1    -0.074    2    2   1    0.86
2    2    -0.069    1    2   1    0.63
3    2    -0.065    1    2   1    1.19
4    2    -0.060    1    2   1    0.72
5    1    0.055    1    1   1    1.40
6    2    0.051    2    1   1    0.98
7    2    0.046    2    1   1    0.54
8    1    0.042    1    1   1    0.86
9    1    0.037    1    1   1    0.84
10    2    -0.032    1    2   1    0.68
11    2    0.028    2    1   1    0.60
12    2    0.023    2    1   1    0.70
13    1    -0.018    2    2   1    0.76
14    2    -0.014    1    2   1    1.57
15    2    -0.009    2    1   0    2.09
16    2    0.018    2    1   1    0.65
17    2    -0.018    1    2   1    1.02
18    2    -0.014    1    2   1    1.15
19    2    -0.014    2    1   0    0.84
20    2    -0.023    1    2   1    1.59
21    2    -0.023    1    2   1    0.81
22    2    0.018    2    1   1    0.65
23    1    -0.018    2    2   1    0.69
24    1    0.014    2    2   0    0.87
25    2    0.023    2    1   1    0.70
26    1    -0.023    2    2   1    0.72
27    2    -0.018    1    2   1    0.69
28    1    0.018    1    1   1    0.74
29    2    0.014    2    1   1    0.92
30    2    0.014    2    1   1    0.67
31    1    -0.009    2    2   1    0.67
32    2    0.009    2    1   1    0.75
33    2    -0.005    1    2   1    0.73
34    1    0.005    1    1   1    0.92
35    1    0.005    1    1   1    1.77
36    1    0.005    2    2   0    0.95
37    2    -0.014    1    2   1    0.78
38    2    0.014    2    1   1    1.76
39    1    0.009    2    2   0    0.81
40    2    -0.018    1    2   1    0.73
41    1    -0.018    2    2   1    1.85
42    1    -0.014    2    2   1    0.79
43    1    0.014    1    1   1    0.72
44    1    -0.009    2    2   1    1.21
45    2    -0.009    2    1   0    1.24
46    1    0.018    1    1   1    0.93
47    2    0.018    2    1   1    1.35
48    1    0.014    2    2   0    1.83
49    1    -0.023    2    2   1    0.58
50    1    -0.023    2    2   1    0.72
-------------------------
Final staircase threshold estimate (mean) is 0.0162
-------------------------
1    1    -0.042    2    2   1    2.58
60    1    0.042    1    1   1    0.67
91    2    -0.042    1    2   1    1.22
141    2    -0.042    1    2   1    0.72
57    1    -0.018    2    2   1    0.67
149    2    0.018    2    1   1    0.78
20    1    0.042    1    1   1    0.68
127    2    -0.018    1    2   1    0.68
65    1    0.042    1    1   1    1.10
129    2    0.018    2    1   1    1.42
66    1    -0.042    2    2   1    0.81
42    1    -0.018    2    2   1    0.56
80    2    0.042    2    1   1    0.81
148    2    0.000    2    1   1    0.64
136    2    -0.042    1    2   1    0.70
63    1    0.000    1    1   1    0.84
104    2    0.018    2    1   1    0.56
94    2    0.018    1    2   0    0.64
51    1    -0.042    2    2   1    0.50
54    1    0.018    1    1   1    0.88
73    1    0.000    2    2   0    1.37
115    2    0.042    2    1   1    0.57
99    2    0.018    2    1   1    0.60
96    2    -0.042    1    2   1    0.53
107    2    -0.018    1    2   1    1.25
112    2    -0.018    1    2   1    1.39
55    1    0.042    1    1   1    0.84
119    2    0.018    2    1   1    1.70
110    2    0.042    2    1   1    0.87
100    2    0.042    2    1   1    1.29
35    1    0.042    1    1   1    0.73
37    1    -0.018    2    2   1    1.05
142    2    -0.018    1    2   1    0.75
81    2    -0.042    1    2   1    0.60
79    2    0.018    2    1   1    0.94
46    1    -0.042    2    2   1    0.88
21    1    -0.042    2    2   1    0.97
47    1    -0.018    2    2   1    0.96
123    2    0.000    1    2   0    2.23
36    1    -0.042    2    2   1    0.55
12    1    -0.018    2    2   1    0.63
108    2    0.000    2    1   1    0.68
58    1    0.000    1    1   1    0.58
18    1    0.000    1    1   1    1.06
50    1    0.042    1    1   1    0.59
34    1    0.018    1    1   1    0.61
102    2    -0.018    1    2   1    0.66
106    2    -0.042    1    2   1    0.60
89    2    0.018    2    1   1    0.68
40    1    0.042    1    1   1    0.57
86    2    -0.042    1    2   1    0.48
139    2    0.018    2    1   1    0.63
31    1    -0.042    2    2   1    0.52
7    1    -0.018    1    1   0    0.77
120    2    0.042    2    1   1    0.50
75    2    0.042    2    1   1    1.25
11    1    -0.042    2    2   1    0.54
23    1    0.000    2    2   0    0.65
43    1    0.000    2    2   0    0.56
147    2    -0.018    1    2   1    0.61
2    1    -0.018    2    2   1    0.58
122    2    -0.018    1    2   1    0.60
83    2    0.000    1    2   0    0.66
17    1    -0.018    2    2   1    0.58
113    2    0.000    2    1   1    0.77
19    1    0.018    1    1   1    0.51
30    1    0.042    1    1   1    0.62
143    2    0.000    1    2   0    0.52
84    2    0.018    2    1   1    0.68
93    2    0.000    1    2   0    0.80
138    2    0.000    1    2   0    0.66
101    2    -0.042    1    2   1    0.59
150    2    0.042    2    1   1    0.60
39    1    0.018    1    1   1    0.56
76    2    -0.042    1    2   1    0.61
22    1    -0.018    2    2   1    0.55
38    1    0.000    1    1   1    0.89
26    1    -0.042    2    2   1    0.68
27    1    -0.018    2    2   1    0.81
29    1    0.018    1    1   1    0.70
53    1    0.000    2    2   0    1.45
95    2    0.042    2    1   1    0.62
134    2    0.018    2    1   1    0.59
5    1    0.042    1    1   1    0.58
28    1    0.000    1    1   1    0.49
10    1    0.042    2    2   0    0.38
14    1    0.018    1    1   1    0.64
128    2    0.000    1    2   0    0.82
49    1    0.018    1    1   1    0.48
103    2    0.000    2    1   1    0.63
117    2    -0.018    1    2   1    0.66
74    1    0.018    1    1   1    0.80
126    2    -0.042    1    2   1    0.50
82    2    -0.018    1    2   1    0.53
125    2    0.042    2    1   1    0.57
132    2    -0.018    1    2   1    0.53
121    2    -0.042    1    2   1    0.64
52    1    -0.018    2    2   1    0.58
64    1    0.018    1    1   1    0.51
85    2    0.042    2    1   1    0.84
56    1    -0.042    2    2   1    0.44
145    2    0.042    2    1   1    0.53
98    2    0.000    2    1   1    0.60
118    2    0.000    1    2   0    1.11
71    1    -0.042    2    2   1    0.67
130    2    0.042    2    1   1    0.56
133    2    0.000    2    1   1    0.83
15    1    0.042    1    1   1    0.45
24    1    0.018    1    1   1    0.66
105    2    0.042    2    1   1    0.52
68    1    0.000    2    2   0    1.87
62    1    -0.018    2    2   1    0.59
116    2    -0.042    1    2   1    0.95
67    1    -0.018    2    2   1    0.56
61    1    -0.042    1    1   0    0.43
33    1    0.000    2    2   0    0.52
32    1    -0.018    2    2   1    0.55
90    2    0.042    2    1   1    0.56
88    2    0.000    2    1   1    0.85
25    1    0.042    2    2   0    0.49
41    1    -0.042    2    2   1    0.61
87    2    -0.018    1    2   1    1.04
92    2    -0.018    1    2   1    0.66
3    1    0.000    1    1   1    0.52
6    1    -0.042    2    2   1    0.78
8    1    0.000    1    1   1    0.50
140    2    0.042    2    1   1    0.55
146    2    -0.042    2    1   0    0.52
45    1    0.042    1    1   1    0.46
16    1    -0.042    2    2   1    0.48
124    2    0.018    2    1   1    0.55
9    1    0.018    1    1   1    0.54
78    2    0.000    2    1   1    0.73
144    2    0.018    2    1   1    0.64
44    1    0.018    1    1   1    0.66
111    2    -0.042    1    2   1    0.80
137    2    -0.018    1    2   1    0.78
4    1    0.018    1    1   1    0.75
97    2    -0.018    1    2   1    0.62
48    1    0.000    2    2   0    0.74
77    2    -0.018    1    2   1    0.53
114    2    0.018    2    1   1    0.70
70    1    0.042    1    1   1    0.58
135    2    0.042    2    1   1    0.39
72    1    -0.018    2    2   1    0.67
59    1    0.018    1    1   1    0.64
109    2    0.018    2    1   1    0.62
131    2    -0.042    1    2   1    0.52
69    1    0.018    1    1   1    0.79
13    1    0.000    1    1   1    0.65
