--------------------------------
17-Oct-2014 17:10:07 
data from observer A17 
#occlusion2 expt 
reference disparity (degrees) 0.160000 

stim order disp kresp testresp correct time
1    1    0.074    2    2   1    1.04
2    1    0.069    2    2   1    0.75
3    2    -0.065    2    1   1    0.88
4    1    0.060    2    2   1    0.77
5    1    0.055    2    2   1    1.36
6    2    -0.051    2    1   1    0.78
7    1    0.046    2    2   1    0.76
8    1    -0.042    1    1   1    0.57
9    1    0.037    2    2   1    0.67
10    1    0.032    1    1   0    0.69
11    1    0.042    2    2   1    0.67
12    2    0.042    1    2   1    0.63
13    2    0.037    1    2   1    0.68
14    1    0.037    2    2   1    0.68
15    1    -0.032    1    1   1    0.56
16    1    -0.032    1    1   1    0.83
17    1    -0.028    1    1   1    0.68
18    1    -0.028    1    1   1    0.73
19    2    -0.023    2    1   1    0.62
20    2    0.023    1    2   1    0.65
21    1    -0.018    1    1   1    0.64
22    2    0.018    1    2   1    0.62
23    1    0.014    2    2   1    0.77
24    1    -0.014    1    1   1    0.49
25    2    0.009    1    2   1    0.78
26    1    0.009    2    2   1    0.64
27    1    0.005    2    2   1    1.44
28    1    -0.005    1    1   1    0.66
29    2    -0.005    1    2   0    1.06
30    1    -0.014    1    1   1    0.69
31    1    -0.014    1    1   1    0.68
32    1    -0.009    1    1   1    0.75
33    1    -0.009    1    1   1    1.10
34    1    0.005    1    1   0    0.69
35    2    0.014    1    2   1    0.62
36    2    0.014    1    2   1    0.77
37    1    -0.009    2    2   0    1.43
38    2    -0.018    2    1   1    0.84
39    1    0.018    2    2   1    0.67
40    2    0.014    1    2   1    0.85
41    1    -0.014    1    1   1    0.59
42    1    -0.009    2    2   0    0.86
43    2    0.018    1    2   1    1.05
44    1    -0.018    1    1   1    0.73
45    2    0.014    1    2   1    0.85
46    2    -0.014    2    1   1    0.78
47    2    0.009    2    1   0    1.20
48    2    -0.018    2    1   1    1.00
49    1    -0.018    1    1   1    0.75
50    2    0.014    1    2   1    0.61
-------------------------
Final staircase threshold estimate (mean) is 0.0148
-------------------------
123    2    0.000    2    1   1    4.24
102    2    -0.014    2    1   0    1.03
10    1    0.037    2    2   0    0.70
59    1    0.014    2    2   0    0.70
14    1    0.014    2    2   0    1.01
106    2    -0.037    2    1   0    0.54
22    1    -0.014    1    1   0    1.00
99    2    0.014    1    2   0    0.74
49    1    0.014    2    2   0    0.88
58    1    0.000    2    2   0    1.08
8    1    0.000    1    1   1    1.80
35    1    0.037    2    2   0    0.59
137    2    -0.014    2    1   0    0.79
91    2    -0.037    2    1   0    0.82
67    1    -0.014    1    1   0    0.58
143    2    0.000    1    2   0    0.80
70    1    0.037    2    2   0    0.63
105    2    0.037    1    2   0    0.55
82    2    -0.014    2    1   0    0.53
135    2    0.037    1    2   0    0.41
50    1    0.037    2    2   0    0.63
117    2    -0.014    2    1   0    0.64
103    2    0.000    1    2   0    0.51
149    2    0.014    2    1   1    0.79
71    1    -0.037    1    1   0    0.59
88    2    0.000    1    2   0    0.62
110    2    0.037    1    2   0    0.61
15    1    0.037    2    2   0    0.74
3    1    0.000    2    2   0    1.02
9    1    0.014    2    2   0    0.68
61    1    -0.037    1    1   0    0.44
73    1    0.000    2    2   0    0.68
53    1    0.000    2    2   0    1.01
141    2    -0.037    2    1   0    0.58
136    2    -0.037    2    1   0    0.70
134    2    0.014    1    2   0    0.59
12    1    -0.014    1    1   0    0.78
30    1    0.037    2    2   0    0.74
145    2    0.037    1    2   0    0.59
80    2    0.037    1    2   0    0.83
126    2    -0.037    2    1   0    0.83
2    1    -0.014    1    1   0    0.58
148    2    0.000    2    1   1    1.69
23    1    0.000    2    2   0    0.61
89    2    0.014    1    2   0    0.66
33    1    0.000    2    2   0    1.29
98    2    0.000    1    2   0    0.96
48    1    0.000    1    1   1    0.67
34    1    0.014    2    2   0    0.96
94    2    0.014    1    2   0    0.88
104    2    0.014    1    2   0    1.56
127    2    -0.014    2    1   0    1.82
1    1    -0.037    1    1   0    0.57
46    1    -0.037    1    1   0    0.63
64    1    0.014    2    2   0    0.70
90    2    0.037    1    2   0    0.67
140    2    0.037    1    2   0    0.89
11    1    -0.037    1    1   0    0.83
51    1    -0.037    1    1   0    0.66
100    2    0.037    1    2   0    0.63
92    2    -0.014    2    1   0    1.00
65    1    0.037    2    2   0    0.64
24    1    0.014    2    2   0    0.94
93    2    0.000    2    1   1    0.87
87    2    -0.014    2    1   0    0.76
84    2    0.014    1    2   0    1.11
121    2    -0.037    2    1   0    0.52
114    2    0.014    2    1   1    0.65
119    2    0.014    2    1   1    0.97
109    2    0.014    2    1   1    0.64
118    2    0.000    2    1   1    0.63
75    2    0.037    2    1   1    0.84
62    1    -0.014    2    2   1    1.03
28    1    0.000    1    1   1    0.57
124    2    0.014    1    2   0    0.63
13    1    0.000    1    1   1    0.54
26    1    -0.037    1    1   0    0.66
18    1    0.000    1    1   1    1.25
56    1    -0.037    1    1   0    0.93
86    2    -0.037    2    1   0    0.84
52    1    -0.014    1    1   0    1.52
54    1    0.014    2    2   0    0.66
78    2    0.000    2    1   1    0.59
38    1    0.000    2    2   0    0.74
83    2    0.000    2    1   1    0.74
17    1    -0.014    2    2   1    0.51
63    1    0.000    2    2   0    0.79
74    1    0.014    2    2   0    1.03
21    1    -0.037    1    1   0    0.83
16    1    -0.037    1    1   0    0.67
47    1    -0.014    1    1   0    0.86
138    2    0.000    2    1   1    0.69
20    1    0.037    2    2   0    0.68
42    1    -0.014    1    1   0    1.77
40    1    0.037    2    2   0    0.62
85    2    0.037    2    1   1    0.94
32    1    -0.014    2    2   1    0.79
60    1    0.037    2    2   0    0.70
131    2    -0.037    2    1   0    1.60
55    1    0.037    2    2   0    0.66
147    2    -0.014    1    2   1    0.65
133    2    0.000    2    1   1    0.53
139    2    0.014    2    1   1    0.84
36    1    -0.037    1    1   0    0.76
113    2    0.000    1    2   0    1.08
112    2    -0.014    2    1   0    0.63
27    1    -0.014    1    1   0    0.48
125    2    0.037    1    2   0    0.69
150    2    0.037    1    2   0    0.78
25    1    0.037    2    2   0    0.68
72    1    -0.014    1    1   0    0.49
77    2    -0.014    1    2   1    1.04
5    1    0.037    2    2   0    0.81
76    2    -0.037    2    1   0    0.72
29    1    0.014    1    1   1    1.39
122    2    -0.014    2    1   0    1.01
7    1    -0.014    1    1   0    1.13
43    1    0.000    1    1   1    1.30
128    2    0.000    1    2   0    1.20
81    2    -0.037    2    1   0    0.62
130    2    0.037    2    1   1    0.58
69    1    0.014    2    2   0    1.26
79    2    0.014    1    2   0    0.67
57    1    -0.014    1    1   0    0.69
44    1    0.014    2    2   0    0.77
6    1    -0.037    1    1   0    0.67
101    2    -0.037    2    1   0    0.94
4    1    0.014    2    2   0    0.70
129    2    0.014    1    2   0    0.58
68    1    0.000    2    2   0    0.90
107    2    -0.014    1    2   1    0.48
116    2    -0.037    2    1   0    0.59
39    1    0.014    2    2   0    0.58
142    2    -0.014    2    1   0    0.60
97    2    -0.014    2    1   0    0.76
146    2    -0.037    2    1   0    0.79
37    1    -0.014    2    2   1    0.68
95    2    0.037    1    2   0    0.58
120    2    0.037    1    2   0    0.56
31    1    -0.037    1    1   0    0.49
19    1    0.014    1    1   1    0.66
45    1    0.037    2    2   0    0.64
108    2    0.000    2    1   1    0.53
41    1    -0.037    1    1   0    1.04
66    1    -0.037    1    1   0    0.82
144    2    0.014    1    2   0    0.88
96    2    -0.037    2    1   0    0.94
132    2    -0.014    2    1   0    0.66
111    2    -0.037    2    1   0    0.71
115    2    0.037    1    2   0    0.99
