--------------------------------
27-Oct-2014 14:20:20 
data from observer A18 
#occlusion2 expt 
reference disparity (degrees) 0.160000 

stim order disp kresp testresp correct time
1    1    0.074    2    2   1    1.66
2    2    0.069    2    1   0    0.73
3    1    -0.079    2    2   0    0.83
4    2    -0.088    2    1   1    0.68
5    1    0.088    2    2   1    0.64
6    1    -0.083    1    1   1    1.36
7    1    0.083    2    2   1    0.64
8    2    -0.079    2    1   1    0.56
9    1    -0.079    2    2   0    1.12
10    1    0.088    2    2   1    0.62
11    1    0.088    2    2   1    0.89
12    1    -0.083    2    2   0    0.52
13    1    0.092    2    2   1    0.64
14    2    -0.092    2    1   1    0.78
15    2    -0.088    2    1   1    0.58
16    1    -0.088    2    2   0    0.78
17    1    0.097    2    2   1    0.56
18    2    0.097    2    1   0    0.62
19    1    0.106    2    2   1    0.42
20    2    0.106    2    1   0    0.44
21    1    0.115    2    2   1    0.67
22    2    0.115    1    2   1    1.05
23    1    -0.111    2    2   0    0.50
24    2    -0.120    2    1   1    0.92
25    1    0.120    2    2   1    0.92
26    2    0.115    2    1   0    0.80
27    2    -0.125    2    1   1    0.62
28    2    0.125    1    2   1    0.84
29    1    -0.120    1    1   1    0.80
30    2    0.120    1    2   1    0.58
31    2    -0.115    2    1   1    0.61
32    1    0.115    2    2   1    0.69
33    1    -0.111    2    2   0    0.50
34    1    0.120    2    2   1    0.60
35    1    0.120    2    2   1    0.54
36    1    0.115    2    2   1    0.62
37    1    -0.115    1    1   1    0.60
38    2    0.111    1    2   1    0.73
39    2    0.111    2    1   0    0.54
40    1    -0.120    1    1   1    0.66
41    1    0.120    2    2   1    0.44
42    2    0.115    2    1   0    0.67
43    2    0.125    1    2   1    0.71
44    1    0.125    1    1   0    0.55
45    2    0.134    2    1   0    0.46
46    1    0.143    2    2   1    0.44
47    2    -0.143    2    1   1    0.58
48    1    0.139    2    2   1    0.58
49    1    0.139    2    2   1    0.55
50    2    0.134    1    2   1    0.54
-------------------------
Final staircase threshold estimate (mean) is 0.1316
-------------------------
126    2    -0.148    2    1   0    1.46
23    1    0.000    2    2   0    0.56
17    1    -0.129    1    1   0    0.76
12    1    -0.129    2    2   1    0.55
94    2    0.129    2    1   1    0.78
99    2    0.129    2    1   1    0.92
74    1    0.129    2    2   0    0.68
105    2    0.148    1    2   0    0.74
140    2    0.148    2    1   1    0.92
86    2    -0.148    2    1   0    0.70
107    2    -0.129    2    1   0    0.59
71    1    -0.148    2    2   1    1.21
48    1    0.000    2    2   0    0.55
38    1    0.000    2    2   0    0.64
89    2    0.129    1    2   0    0.84
120    2    0.148    2    1   1    1.03
127    2    -0.129    2    1   0    0.49
148    2    0.000    2    1   1    0.61
85    2    0.148    1    2   0    1.32
91    2    -0.148    2    1   0    0.58
35    1    0.148    2    2   0    0.60
121    2    -0.148    2    1   0    0.83
39    1    0.129    2    2   0    0.64
10    1    0.148    2    2   0    0.51
2    1    -0.129    1    1   0    1.26
7    1    -0.129    1    1   0    0.59
61    1    -0.148    1    1   0    0.61
63    1    0.000    2    2   0    0.68
56    1    -0.148    2    2   1    1.07
149    2    0.129    1    2   0    0.68
133    2    0.000    2    1   1    0.72
100    2    0.148    2    1   1    0.57
13    1    0.000    2    2   0    0.60
77    2    -0.129    2    1   0    0.51
142    2    -0.129    2    1   0    0.53
76    2    -0.148    2    1   0    0.48
103    2    0.000    2    1   1    0.61
46    1    -0.148    1    1   0    0.63
43    1    0.000    1    1   1    0.77
114    2    0.129    2    1   1    0.44
150    2    0.148    2    1   1    0.47
52    1    -0.129    1    1   0    0.54
40    1    0.148    2    2   0    0.67
21    1    -0.148    1    1   0    0.66
117    2    -0.129    2    1   0    0.60
25    1    0.148    2    2   0    0.63
29    1    0.129    2    2   0    0.52
108    2    0.000    2    1   1    0.47
26    1    -0.148    2    2   1    0.66
143    2    0.000    2    1   1    0.76
16    1    -0.148    1    1   0    0.64
98    2    0.000    2    1   1    0.80
50    1    0.148    2    2   0    0.55
82    2    -0.129    2    1   0    0.51
78    2    0.000    2    1   1    0.49
68    1    0.000    2    2   0    0.72
112    2    -0.129    2    1   0    0.71
75    2    0.148    2    1   1    0.55
55    1    0.148    2    2   0    0.67
54    1    0.129    2    2   0    0.54
64    1    0.129    2    2   0    0.55
146    2    -0.148    2    1   0    0.56
72    1    -0.129    2    2   1    0.94
122    2    -0.129    2    1   0    0.59
31    1    -0.148    1    1   0    0.70
41    1    -0.148    1    1   0    0.33
11    1    -0.148    1    1   0    0.46
66    1    -0.148    2    2   1    0.68
97    2    -0.129    2    1   0    0.50
83    2    0.000    1    2   0    0.72
19    1    0.129    2    2   0    0.52
3    1    0.000    2    2   0    0.42
141    2    -0.148    2    1   0    0.48
5    1    0.148    1    1   1    0.44
80    2    0.148    2    1   1    0.80
110    2    0.148    2    1   1    0.70
147    2    -0.129    2    1   0    0.52
134    2    0.129    1    2   0    0.72
24    1    0.129    2    2   0    0.62
60    1    0.148    2    2   0    0.50
136    2    -0.148    2    1   0    0.54
42    1    -0.129    1    1   0    0.99
111    2    -0.148    2    1   0    0.62
144    2    0.129    2    1   1    0.89
138    2    0.000    2    1   1    0.84
32    1    -0.129    1    1   0    0.70
101    2    -0.148    2    1   0    0.68
70    1    0.148    2    2   0    0.29
102    2    -0.129    2    1   0    0.58
62    1    -0.129    1    1   0    0.75
47    1    -0.129    1    1   0    0.95
34    1    0.129    2    2   0    0.67
137    2    -0.129    2    1   0    0.61
93    2    0.000    2    1   1    0.54
30    1    0.148    2    2   0    0.61
115    2    0.148    2    1   1    0.73
109    2    0.129    1    2   0    0.54
90    2    0.148    1    2   0    0.54
104    2    0.129    1    2   0    0.55
124    2    0.129    1    2   0    0.73
14    1    0.129    2    2   0    0.66
51    1    -0.148    1    1   0    0.74
49    1    0.129    2    2   0    0.54
125    2    0.148    1    2   0    0.88
53    1    0.000    2    2   0    0.69
123    2    0.000    2    1   1    0.40
22    1    -0.129    1    1   0    0.65
8    1    0.000    2    2   0    0.67
92    2    -0.129    2    1   0    0.49
69    1    0.129    2    2   0    0.55
87    2    -0.129    2    1   0    0.56
57    1    -0.129    1    1   0    0.79
37    1    -0.129    1    1   0    0.70
139    2    0.129    1    2   0    0.69
145    2    0.148    1    2   0    0.78
130    2    0.148    1    2   0    1.03
28    1    0.000    1    1   1    0.78
6    1    -0.148    1    1   0    0.55
128    2    0.000    1    2   0    0.97
113    2    0.000    2    1   1    0.89
119    2    0.129    1    2   0    0.68
135    2    0.148    1    2   0    0.59
45    1    0.148    2    2   0    0.64
95    2    0.148    1    2   0    0.67
81    2    -0.148    2    1   0    0.54
118    2    0.000    2    1   1    0.58
58    1    0.000    2    2   0    0.97
44    1    0.129    2    2   0    0.60
36    1    -0.148    1    1   0    0.65
129    2    0.129    1    2   0    0.77
4    1    0.129    2    2   0    0.57
65    1    0.148    2    2   0    0.50
15    1    0.148    2    2   0    0.46
18    1    0.000    2    2   0    0.59
20    1    0.148    2    2   0    0.55
9    1    0.129    2    2   0    0.51
132    2    -0.129    2    1   0    0.52
116    2    -0.148    2    1   0    0.49
79    2    0.129    1    2   0    0.67
73    1    0.000    1    1   1    0.63
67    1    -0.129    1    1   0    0.59
59    1    0.129    2    2   0    0.49
88    2    0.000    2    1   1    0.40
106    2    -0.148    2    1   0    0.60
131    2    -0.148    2    1   0    0.60
84    2    0.129    1    2   0    0.68
27    1    -0.129    1    1   0    0.68
1    1    -0.148    1    1   0    0.58
33    1    0.000    2    2   0    0.65
96    2    -0.148    2    1   0    0.45
