--------------------------------
27-Oct-2014 13:32:39 
data from observer A18 
#occlusion2 expt 
reference disparity (degrees) 0.160000 

stim order disp kresp testresp correct time
1    2    -0.074    1    2   1    0.80
2    2    0.069    2    1   1    0.94
3    2    0.065    2    1   1    0.49
4    1    -0.060    2    2   1    0.51
5    2    0.055    2    1   1    0.57
6    2    0.051    2    1   1    0.76
7    2    -0.046    1    2   1    0.53
8    2    -0.042    2    1   0    0.56
9    2    -0.051    1    2   1    0.69
10    2    -0.051    1    2   1    0.66
11    2    0.046    2    1   1    0.59
12    1    0.046    2    2   0    0.67
13    1    0.055    2    2   0    0.56
14    2    -0.065    1    2   1    0.47
15    1    -0.065    2    2   1    0.78
16    2    -0.060    1    2   1    0.69
17    1    -0.060    2    2   1    1.35
18    1    0.055    1    1   1    0.87
19    2    0.055    2    1   1    0.91
20    2    -0.051    1    2   1    0.83
21    2    0.051    2    1   1    0.44
22    1    0.046    2    2   0    0.49
23    2    -0.055    1    2   1    0.64
24    1    0.055    1    1   1    0.46
25    2    -0.051    1    2   1    0.72
26    1    -0.051    2    2   1    0.60
27    1    0.046    2    2   0    0.53
28    2    0.055    2    1   1    0.53
29    1    -0.055    2    2   1    0.38
30    2    0.051    2    1   1    0.42
31    1    -0.051    2    2   1    0.51
32    2    -0.046    2    1   0    0.87
33    1    -0.055    2    2   1    0.69
34    1    -0.055    2    2   1    0.64
35    2    -0.051    1    2   1    0.71
36    1    0.051    1    1   1    0.74
37    1    0.046    1    1   1    0.53
38    2    -0.046    2    1   0    0.48
39    2    -0.055    1    2   1    0.75
40    1    -0.055    2    2   1    0.37
41    1    -0.051    2    2   1    0.67
42    2    0.051    2    1   1    0.39
43    1    0.046    1    1   1    0.83
44    1    0.046    1    1   1    0.62
45    1    -0.042    2    2   1    0.53
46    2    -0.042    2    1   0    0.96
47    1    -0.051    2    2   1    0.67
48    1    -0.051    2    2   1    0.80
49    2    0.046    2    1   1    0.55
50    2    -0.046    2    1   0    1.00
-------------------------
Final staircase threshold estimate (mean) is 0.0471
-------------------------
49    1    0.046    2    2   0    3.56
142    2    -0.046    1    2   1    2.12
94    2    0.046    2    1   1    0.60
100    2    0.115    2    1   1    0.60
24    1    0.046    2    2   0    0.64
18    1    0.000    2    2   0    0.94
67    1    -0.046    2    2   1    0.68
62    1    -0.046    2    2   1    0.68
64    1    0.046    2    2   0    0.78
32    1    -0.046    2    2   1    0.71
146    2    -0.115    2    1   0    0.78
68    1    0.000    2    2   0    0.87
126    2    -0.115    1    2   1    2.08
127    2    -0.046    1    2   1    0.81
138    2    0.000    2    1   1    3.00
111    2    -0.115    1    2   1    0.89
33    1    0.000    1    1   1    1.08
148    2    0.000    1    2   0    0.87
93    2    0.000    2    1   1    0.75
37    1    -0.046    2    2   1    0.75
80    2    0.115    2    1   1    0.66
43    1    0.000    2    2   0    0.54
3    1    0.000    2    2   0    0.61
50    1    0.115    2    2   0    0.99
74    1    0.046    1    1   1    0.68
135    2    0.115    2    1   1    0.64
73    1    0.000    2    2   0    0.61
95    2    0.115    2    1   1    0.55
122    2    -0.046    1    2   1    0.72
128    2    0.000    1    2   0    0.66
92    2    -0.046    1    2   1    1.30
45    1    0.115    1    1   1    0.93
16    1    -0.115    2    2   1    0.51
112    2    -0.046    1    2   1    0.96
104    2    0.046    2    1   1    0.65
145    2    0.115    2    1   1    0.55
87    2    -0.046    2    1   0    0.79
1    1    -0.115    2    2   1    0.62
147    2    -0.046    1    2   1    0.66
51    1    -0.115    2    2   1    0.70
55    1    0.115    2    2   0    0.92
42    1    -0.046    2    2   1    0.56
124    2    0.046    2    1   1    0.66
9    1    0.046    2    2   0    0.64
99    2    0.046    2    1   1    0.90
139    2    0.046    2    1   1    0.99
54    1    0.046    1    1   1    0.72
123    2    0.000    1    2   0    0.82
76    2    -0.115    1    2   1    0.76
10    1    0.115    1    1   1    0.67
19    1    0.046    1    1   1    1.22
28    1    0.000    2    2   0    0.50
21    1    -0.115    2    2   1    0.57
75    2    0.115    2    1   1    1.33
72    1    -0.046    2    2   1    0.82
38    1    0.000    1    1   1    0.54
71    1    -0.115    2    2   1    0.72
40    1    0.115    2    2   0    1.21
8    1    0.000    2    2   0    0.77
5    1    0.115    1    1   1    0.54
98    2    0.000    1    2   0    0.60
114    2    0.046    1    2   0    1.14
150    2    0.115    2    1   1    0.55
48    1    0.000    2    2   0    0.51
65    1    0.115    2    2   0    0.69
56    1    -0.115    2    2   1    0.68
13    1    0.000    2    2   0    0.66
103    2    0.000    2    1   1    0.59
23    1    0.000    2    2   0    0.62
14    1    0.046    2    2   0    0.79
12    1    -0.046    2    2   1    0.63
79    2    0.046    2    1   1    0.58
115    2    0.115    2    1   1    0.62
108    2    0.000    2    1   1    0.58
66    1    -0.115    2    2   1    0.52
149    2    0.046    2    1   1    0.53
78    2    0.000    2    1   1    0.72
29    1    0.046    2    2   0    0.61
121    2    -0.115    1    2   1    0.68
90    2    0.115    2    1   1    0.63
59    1    0.046    1    1   1    0.71
97    2    -0.046    1    2   1    0.54
137    2    -0.046    1    2   1    0.53
70    1    0.115    1    1   1    0.57
96    2    -0.115    1    2   1    0.58
125    2    0.115    1    2   0    1.00
119    2    0.046    2    1   1    0.53
63    1    0.000    2    2   0    0.57
25    1    0.115    1    1   1    0.62
53    1    0.000    1    1   1    0.49
26    1    -0.115    2    2   1    0.75
22    1    -0.046    2    2   1    0.51
88    2    0.000    1    2   0    0.73
60    1    0.115    2    2   0    0.52
102    2    -0.046    1    2   1    0.72
4    1    0.046    2    2   0    0.89
143    2    0.000    2    1   1    0.53
27    1    -0.046    2    2   1    0.60
34    1    0.046    2    2   0    0.79
2    1    -0.046    2    2   1    0.79
7    1    -0.046    2    2   1    0.63
84    2    0.046    2    1   1    0.52
44    1    0.046    2    2   0    0.62
82    2    -0.046    1    2   1    1.04
39    1    0.046    1    1   1    0.64
30    1    0.115    1    1   1    0.65
131    2    -0.115    1    2   1    0.58
61    1    -0.115    2    2   1    0.69
89    2    0.046    2    1   1    0.54
47    1    -0.046    2    2   1    0.63
35    1    0.115    1    1   1    0.64
118    2    0.000    2    1   1    0.86
6    1    -0.115    2    2   1    0.58
20    1    0.115    1    1   1    0.74
77    2    -0.046    1    2   1    0.71
144    2    0.046    2    1   1    0.51
105    2    0.115    2    1   1    0.55
130    2    0.115    2    1   1    0.40
101    2    -0.115    1    2   1    0.69
113    2    0.000    2    1   1    1.04
106    2    -0.115    2    1   0    1.12
141    2    -0.115    1    2   1    0.67
83    2    0.000    1    2   0    0.60
110    2    0.115    1    2   0    0.72
91    2    -0.115    1    2   1    0.70
107    2    -0.046    1    2   1    0.64
41    1    -0.115    2    2   1    1.17
46    1    -0.115    2    2   1    0.58
52    1    -0.046    2    2   1    0.71
17    1    -0.046    2    2   1    0.61
81    2    -0.115    1    2   1    0.78
31    1    -0.115    2    2   1    0.73
140    2    0.115    2    1   1    0.54
57    1    -0.046    2    2   1    0.55
120    2    0.115    2    1   1    0.44
11    1    -0.115    2    2   1    0.56
69    1    0.046    2    2   0    0.57
58    1    0.000    2    2   0    0.61
15    1    0.115    2    2   0    0.48
129    2    0.046    2    1   1    0.58
116    2    -0.115    2    1   0    0.51
136    2    -0.115    2    1   0    0.47
117    2    -0.046    1    2   1    0.71
132    2    -0.046    1    2   1    0.53
109    2    0.046    2    1   1    0.76
86    2    -0.115    1    2   1    0.50
85    2    0.115    1    2   0    0.57
134    2    0.046    2    1   1    0.71
36    1    -0.115    2    2   1    0.54
133    2    0.000    1    2   0    0.66
