--------------------------------
27-Oct-2014 14:31:14 
data from observer A18 
#occlusion2 expt 
reference disparity (degrees) 0.160000 

stim order disp kresp testresp correct time
1    1    -0.074    2    2   0    1.36
2    1    0.083    2    2   1    0.62
3    1    -0.079    2    2   0    0.83
4    1    -0.088    1    1   1    0.76
5    2    -0.088    2    1   1    0.56
6    1    -0.083    1    1   1    1.14
7    1    -0.083    2    2   0    0.70
8    1    -0.092    1    1   1    0.81
9    2    0.092    1    2   1    0.80
10    1    0.088    2    2   1    0.90
11    2    0.088    1    2   1    0.94
12    2    -0.083    2    1   1    0.59
13    1    0.083    2    2   1    0.57
14    1    0.079    2    2   1    0.64
15    2    0.079    2    1   0    0.72
16    2    -0.088    2    1   1    0.56
17    1    -0.088    1    1   1    0.90
18    1    -0.083    2    2   0    0.80
19    1    -0.092    1    1   1    0.67
20    2    0.092    1    2   1    0.61
21    2    0.088    1    2   1    0.81
22    2    -0.088    2    1   1    0.61
23    1    0.083    2    2   1    0.78
24    2    -0.083    2    1   1    0.66
25    2    0.079    2    1   0    0.73
26    1    -0.088    1    1   1    0.85
27    2    0.088    1    2   1    0.94
28    2    0.083    2    1   0    0.50
29    1    0.092    2    2   1    0.44
30    1    0.092    2    2   1    0.54
31    2    -0.088    2    1   1    0.63
32    1    -0.088    2    2   0    0.52
33    1    -0.097    1    1   1    0.82
34    2    0.097    1    2   1    0.97
35    1    0.092    2    2   1    0.44
36    1    0.092    2    2   1    0.48
37    2    -0.088    2    1   1    0.46
38    1    -0.088    1    1   1    0.83
39    1    0.083    2    2   1    0.54
40    2    -0.083    2    1   1    0.50
41    1    -0.079    2    2   0    0.86
42    2    -0.088    2    1   1    0.52
43    1    -0.088    2    2   0    0.82
44    1    0.097    2    2   1    0.52
45    2    -0.097    2    1   1    0.47
46    2    0.092    2    1   0    0.51
47    2    -0.102    2    1   1    0.50
48    1    0.102    2    2   1    0.52
49    1    -0.097    1    1   1    0.70
50    2    0.097    1    2   1    0.67
-------------------------
Final staircase threshold estimate (mean) is 0.0937
-------------------------
145    2    0.148    1    2   0    1.45
132    2    -0.092    2    1   0    0.55
96    2    -0.148    2    1   0    0.48
95    2    0.148    1    2   0    0.93
131    2    -0.148    2    1   0    0.56
135    2    0.148    2    1   1    0.45
115    2    0.148    1    2   0    0.58
14    1    0.092    2    2   0    0.59
38    1    0.000    2    2   0    0.51
139    2    0.092    2    1   1    0.85
58    1    0.000    2    2   0    1.15
130    2    0.148    1    2   0    0.62
36    1    -0.148    1    1   0    0.52
98    2    0.000    1    2   0    0.58
8    1    0.000    2    2   0    0.61
11    1    -0.148    1    1   0    0.69
26    1    -0.148    1    1   0    0.71
62    1    -0.092    1    1   0    0.53
147    2    -0.092    2    1   0    0.71
81    2    -0.148    2    1   0    0.52
111    2    -0.148    2    1   0    0.40
34    1    0.092    2    2   0    0.45
127    2    -0.092    2    1   0    0.46
114    2    0.092    2    1   1    1.01
129    2    0.092    1    2   0    0.66
87    2    -0.092    1    2   1    0.87
90    2    0.148    1    2   0    0.71
27    1    -0.092    1    1   0    0.65
71    1    -0.148    1    1   0    0.62
138    2    0.000    1    2   0    1.02
109    2    0.092    1    2   0    0.71
74    1    0.092    2    2   0    0.65
84    2    0.092    2    1   1    0.66
30    1    0.148    2    2   0    0.68
116    2    -0.148    2    1   0    0.58
124    2    0.092    1    2   0    0.87
66    1    -0.148    1    1   0    0.57
15    1    0.148    2    2   0    0.69
80    2    0.148    1    2   0    0.79
83    2    0.000    1    2   0    0.55
104    2    0.092    1    2   0    0.50
67    1    -0.092    1    1   0    0.56
120    2    0.148    1    2   0    0.54
78    2    0.000    1    2   0    0.63
93    2    0.000    2    1   1    0.82
32    1    -0.092    1    1   0    0.61
43    1    0.000    2    2   0    0.57
140    2    0.148    1    2   0    0.64
31    1    -0.148    1    1   0    0.53
77    2    -0.092    2    1   0    0.86
82    2    -0.092    2    1   0    0.63
16    1    -0.148    1    1   0    0.53
19    1    0.092    2    2   0    0.64
65    1    0.148    2    2   0    0.70
73    1    0.000    2    2   0    0.76
121    2    -0.148    2    1   0    0.54
22    1    -0.092    2    2   1    0.59
56    1    -0.148    1    1   0    0.67
41    1    -0.148    1    1   0    0.80
143    2    0.000    2    1   1    0.97
33    1    0.000    2    2   0    0.70
48    1    0.000    2    2   0    0.68
79    2    0.092    2    1   1    0.67
50    1    0.148    2    2   0    0.68
4    1    0.092    2    2   0    0.65
1    1    -0.148    1    1   0    0.74
148    2    0.000    2    1   1    0.88
72    1    -0.092    1    1   0    0.60
146    2    -0.148    2    1   0    0.67
125    2    0.148    1    2   0    0.71
94    2    0.092    1    2   0    0.60
117    2    -0.092    2    1   0    0.58
54    1    0.092    2    2   0    0.53
106    2    -0.148    2    1   0    0.56
61    1    -0.148    1    1   0    0.64
52    1    -0.092    1    1   0    0.71
10    1    0.148    2    2   0    0.42
149    2    0.092    1    2   0    0.81
89    2    0.092    2    1   1    0.54
68    1    0.000    2    2   0    0.49
45    1    0.148    2    2   0    0.50
142    2    -0.092    2    1   0    0.52
119    2    0.092    2    1   1    0.58
42    1    -0.092    1    1   0    0.49
46    1    -0.148    1    1   0    0.55
28    1    0.000    1    1   1    0.71
51    1    -0.148    1    1   0    0.66
123    2    0.000    2    1   1    0.71
17    1    -0.092    2    2   1    0.75
23    1    0.000    2    2   0    0.56
150    2    0.148    1    2   0    0.63
85    2    0.148    1    2   0    0.59
92    2    -0.092    2    1   0    0.55
107    2    -0.092    2    1   0    0.53
6    1    -0.148    1    1   0    0.67
136    2    -0.148    2    1   0    0.45
99    2    0.092    1    2   0    0.60
69    1    0.092    2    2   0    0.48
91    2    -0.148    2    1   0    0.38
102    2    -0.092    2    1   0    0.39
20    1    0.148    2    2   0    0.49
53    1    0.000    2    2   0    0.43
64    1    0.092    2    2   0    0.62
60    1    0.148    2    2   0    0.52
141    2    -0.148    2    1   0    0.57
35    1    0.148    2    2   0    0.54
75    2    0.148    1    2   0    0.58
44    1    0.092    2    2   0    0.64
5    1    0.148    2    2   0    0.42
100    2    0.148    1    2   0    0.90
29    1    0.092    2    2   0    0.55
118    2    0.000    2    1   1    0.49
3    1    0.000    2    2   0    0.68
39    1    0.092    2    2   0    0.61
55    1    0.148    2    2   0    0.54
101    2    -0.148    2    1   0    0.96
76    2    -0.148    2    1   0    0.54
97    2    -0.092    2    1   0    0.48
128    2    0.000    2    1   1    0.63
63    1    0.000    2    2   0    0.52
13    1    0.000    2    2   0    0.68
122    2    -0.092    2    1   0    0.61
47    1    -0.092    2    2   1    0.51
40    1    0.148    2    2   0    0.66
70    1    0.148    2    2   0    0.57
9    1    0.092    2    2   0    0.65
25    1    0.148    2    2   0    0.52
49    1    0.092    2    2   0    0.52
134    2    0.092    1    2   0    0.60
126    2    -0.148    2    1   0    0.86
37    1    -0.092    1    1   0    0.87
2    1    -0.092    1    1   0    0.70
24    1    0.092    2    2   0    0.56
88    2    0.000    2    1   1    0.49
57    1    -0.092    1    1   0    0.86
144    2    0.092    1    2   0    0.59
18    1    0.000    2    2   0    0.56
112    2    -0.092    2    1   0    0.44
108    2    0.000    2    1   1    0.49
103    2    0.000    2    1   1    0.72
86    2    -0.148    2    1   0    0.61
113    2    0.000    2    1   1    0.73
133    2    0.000    2    1   1    0.64
12    1    -0.092    1    1   0    0.67
21    1    -0.148    1    1   0    0.53
137    2    -0.092    2    1   0    0.54
7    1    -0.092    1    1   0    0.69
110    2    0.148    1    2   0    0.61
105    2    0.148    1    2   0    0.58
59    1    0.092    2    2   0    0.53
