--------------------------------
27-Oct-2014 14:37:00 
data from observer A18 
#occlusion2 expt 
reference disparity (degrees) 0.160000 

stim order disp kresp testresp correct time
1    2    -0.074    2    1   1    1.85
2    2    0.069    1    2   1    0.67
3    2    0.065    1    2   1    0.54
4    1    -0.060    2    2   0    0.45
5    2    0.069    2    1   0    0.63
6    2    -0.079    2    1   1    0.54
7    1    -0.079    2    2   0    1.03
8    2    -0.088    2    1   1    0.55
9    2    -0.088    2    1   1    0.52
10    2    -0.083    2    1   1    0.71
11    2    0.083    1    2   1    0.70
12    1    0.079    2    2   1    0.62
13    2    0.079    2    1   0    0.71
14    1    0.088    2    2   1    0.61
15    2    -0.088    2    1   1    0.60
16    1    -0.083    1    1   1    0.78
17    2    0.083    1    2   1    0.59
18    2    -0.079    2    1   1    0.48
19    1    -0.079    1    1   1    0.76
20    1    -0.074    1    1   1    0.76
21    2    -0.074    2    1   1    0.49
22    2    -0.069    2    1   1    0.52
23    1    -0.069    1    1   1    0.75
24    2    -0.065    2    1   1    0.43
25    2    0.065    2    1   0    1.29
26    1    -0.074    2    2   0    0.61
27    1    -0.083    1    1   1    0.54
28    1    -0.083    1    1   1    0.54
29    1    -0.079    1    1   1    0.62
30    1    0.079    2    2   1    0.53
31    2    0.074    2    1   0    0.42
32    2    -0.083    2    1   1    0.61
33    2    0.083    1    2   1    0.73
34    2    0.079    1    2   1    0.67
35    2    0.079    1    2   1    0.56
36    1    0.074    2    2   1    0.58
37    1    0.074    2    2   1    0.50
38    1    0.069    2    2   1    0.58
39    2    0.069    1    2   1    0.64
40    2    0.065    1    2   1    0.60
41    2    0.065    1    2   1    0.64
42    1    0.060    2    2   1    0.55
43    2    0.060    2    1   0    0.42
44    2    0.069    1    2   1    0.79
45    2    0.069    1    2   1    0.48
46    2    0.065    2    1   0    0.57
47    1    0.074    2    2   1    0.67
48    2    -0.074    2    1   1    0.64
49    2    0.069    1    2   1    0.62
50    2    0.069    1    2   1    0.61
-------------------------
Final staircase threshold estimate (mean) is 0.0674
-------------------------
4    1    0.069    2    2   0    1.48
132    2    -0.069    2    1   0    0.47
131    2    -0.148    2    1   0    0.50
40    1    0.148    2    2   0    0.39
86    2    -0.148    2    1   0    0.50
32    1    -0.069    2    2   1    0.58
113    2    0.000    2    1   1    0.60
122    2    -0.069    2    1   0    0.55
60    1    0.148    2    2   0    0.52
106    2    -0.148    2    1   0    0.66
128    2    0.000    2    1   1    0.84
20    1    0.148    2    2   0    0.57
19    1    0.069    2    2   0    0.62
64    1    0.069    2    2   0    0.56
36    1    -0.148    2    2   1    0.70
126    2    -0.148    2    1   0    0.51
59    1    0.069    2    2   0    0.54
56    1    -0.148    2    2   1    0.83
12    1    -0.069    2    2   1    0.58
5    1    0.148    2    2   0    0.50
70    1    0.148    2    2   0    0.50
49    1    0.069    2    2   0    0.53
146    2    -0.148    2    1   0    0.45
125    2    0.148    2    1   1    0.39
83    2    0.000    2    1   1    0.68
11    1    -0.148    2    2   1    0.83
94    2    0.069    2    1   1    0.58
66    1    -0.148    2    2   1    0.58
136    2    -0.148    2    1   0    0.51
43    1    0.000    2    2   0    0.42
138    2    0.000    2    1   1    0.55
39    1    0.069    2    2   0    0.49
88    2    0.000    2    1   1    0.56
34    1    0.069    2    2   0    0.47
96    2    -0.148    2    1   0    0.49
16    1    -0.148    2    2   1    0.66
124    2    0.069    1    2   0    0.75
22    1    -0.069    1    1   0    1.30
73    1    0.000    2    2   0    0.60
18    1    0.000    1    1   1    0.73
61    1    -0.148    1    1   0    0.48
108    2    0.000    2    1   1    0.80
112    2    -0.069    2    1   0    0.51
33    1    0.000    2    2   0    0.46
78    2    0.000    2    1   1    0.71
7    1    -0.069    1    1   0    1.02
95    2    0.148    1    2   0    0.75
37    1    -0.069    1    1   0    1.03
150    2    0.148    2    1   1    0.44
67    1    -0.069    2    2   1    0.79
17    1    -0.069    1    1   0    0.86
54    1    0.069    2    2   0    0.59
104    2    0.069    1    2   0    0.87
68    1    0.000    2    2   0    0.58
28    1    0.000    2    2   0    0.71
116    2    -0.148    2    1   0    0.84
44    1    0.069    2    2   0    0.66
47    1    -0.069    1    1   0    0.86
62    1    -0.069    1    1   0    0.78
76    2    -0.148    2    1   0    0.57
6    1    -0.148    1    1   0    0.92
134    2    0.069    2    1   1    0.55
123    2    0.000    1    2   0    0.64
105    2    0.148    1    2   0    0.61
111    2    -0.148    2    1   0    0.58
52    1    -0.069    2    2   1    0.63
90    2    0.148    1    2   0    0.56
57    1    -0.069    1    1   0    0.71
120    2    0.148    1    2   0    0.87
148    2    0.000    2    1   1    0.66
1    1    -0.148    1    1   0    0.60
92    2    -0.069    2    1   0    0.64
75    2    0.148    1    2   0    0.74
21    1    -0.148    1    1   0    0.53
72    1    -0.069    2    2   1    0.50
141    2    -0.148    2    1   0    0.51
80    2    0.148    1    2   0    0.67
46    1    -0.148    1    1   0    0.61
145    2    0.148    1    2   0    0.64
13    1    0.000    2    2   0    0.65
25    1    0.148    2    2   0    0.47
14    1    0.069    2    2   0    0.61
93    2    0.000    2    1   1    0.65
48    1    0.000    2    2   0    0.60
42    1    -0.069    1    1   0    0.54
2    1    -0.069    1    1   0    0.51
87    2    -0.069    2    1   0    0.61
99    2    0.069    1    2   0    0.75
35    1    0.148    2    2   0    0.56
143    2    0.000    2    1   1    0.55
102    2    -0.069    2    1   0    0.58
119    2    0.069    1    2   0    0.66
58    1    0.000    1    1   1    0.64
82    2    -0.069    2    1   0    0.67
15    1    0.148    2    2   0    0.54
130    2    0.148    2    1   1    0.57
115    2    0.148    1    2   0    0.75
26    1    -0.148    2    2   1    0.79
24    1    0.069    2    2   0    0.53
118    2    0.000    2    1   1    0.42
55    1    0.148    2    2   0    0.51
3    1    0.000    2    2   0    0.42
45    1    0.148    2    2   0    0.41
89    2    0.069    2    1   1    0.53
53    1    0.000    1    1   1    0.48
63    1    0.000    2    2   0    0.77
81    2    -0.148    2    1   0    0.60
144    2    0.069    2    1   1    0.86
91    2    -0.148    2    1   0    0.59
103    2    0.000    2    1   1    0.85
107    2    -0.069    2    1   0    0.55
137    2    -0.069    2    1   0    0.53
77    2    -0.069    2    1   0    0.49
50    1    0.148    2    2   0    0.41
51    1    -0.148    2    2   1    0.74
84    2    0.069    1    2   0    0.60
31    1    -0.148    1    1   0    0.61
135    2    0.148    2    1   1    0.47
109    2    0.069    1    2   0    0.63
97    2    -0.069    2    1   0    0.71
133    2    0.000    1    2   0    0.92
38    1    0.000    2    2   0    0.90
85    2    0.148    1    2   0    0.76
121    2    -0.148    2    1   0    0.63
71    1    -0.148    2    2   1    0.60
100    2    0.148    1    2   0    0.78
30    1    0.148    2    2   0    0.57
74    1    0.069    2    2   0    0.56
127    2    -0.069    2    1   0    0.45
65    1    0.148    2    2   0    0.40
147    2    -0.069    2    1   0    0.36
142    2    -0.069    2    1   0    0.40
29    1    0.069    2    2   0    0.42
114    2    0.069    2    1   1    0.34
9    1    0.069    2    2   0    0.62
140    2    0.148    1    2   0    1.14
8    1    0.000    2    2   0    0.62
10    1    0.148    2    2   0    0.53
129    2    0.069    1    2   0    0.88
117    2    -0.069    2    1   0    0.55
79    2    0.069    2    1   1    0.44
69    1    0.069    2    2   0    0.65
98    2    0.000    2    1   1    0.71
27    1    -0.069    1    1   0    0.64
101    2    -0.148    2    1   0    0.52
110    2    0.148    1    2   0    0.55
23    1    0.000    1    1   1    0.52
139    2    0.069    1    2   0    0.60
149    2    0.069    1    2   0    0.51
41    1    -0.148    1    1   0    0.58
