--------------------------------
27-Oct-2014 14:42:17 
data from observer A18 
#occlusion2 expt run 2
reference disparity (degrees) 0.160000 

stim order disp kresp testresp correct time
1    1    0.074    2    2   0    2.03
2    2    -0.083    1    2   1    0.71
3    2    -0.079    1    2   1    0.81
4    2    -0.079    2    1   0    0.56
5    2    0.088    2    1   1    0.55
6    1    -0.088    2    2   1    0.50
7    1    0.083    2    2   0    0.64
8    1    -0.092    2    2   1    0.57
9    1    -0.092    2    2   1    0.60
10    1    0.088    2    2   0    0.62
11    2    -0.097    1    2   1    0.61
12    1    0.097    2    2   0    0.87
13    2    -0.106    2    1   0    0.54
14    1    -0.115    2    2   1    0.59
15    1    0.115    2    2   0    0.62
16    1    -0.125    2    2   1    0.56
17    2    -0.125    2    1   0    0.61
18    2    -0.134    2    1   0    0.82
19    2    -0.143    2    1   0    0.63
20    2    0.148    2    1   1    0.61
21    2    0.148    2    1   1    0.48
22    1    0.143    1    1   1    0.68
23    1    -0.143    2    2   1    0.56
24    1    -0.139    2    2   1    0.48
25    2    0.139    2    1   1    0.47
26    1    -0.134    2    2   1    0.36
27    2    0.134    2    1   1    0.53
28    1    -0.129    2    2   1    0.50
29    1    0.129    2    2   0    1.24
30    1    -0.139    2    2   1    0.72
31    2    0.139    2    1   1    1.04
32    1    -0.134    2    2   1    1.46
33    1    0.134    2    2   0    1.04
34    1    0.143    2    2   0    1.05
35    2    0.148    1    2   0    0.87
36    1    -0.148    2    2   1    0.52
37    2    0.148    2    1   1    0.46
38    2    -0.143    2    1   0    0.87
39    1    -0.148    2    2   1    0.59
40    1    -0.148    2    2   1    0.53
41    1    0.143    2    2   0    0.54
42    1    -0.148    2    2   1    0.59
43    1    -0.148    2    2   1    0.45
44    1    -0.143    2    2   1    0.50
45    1    -0.143    2    2   1    0.51
46    1    0.139    1    1   1    0.77
47    1    0.139    2    2   0    0.64
48    2    0.148    2    1   1    0.58
49    1    -0.148    2    2   1    0.52
50    2    0.143    2    1   1    0.87
-------------------------
Final staircase threshold estimate (mean) is 0.1441
-------------------------
79    2    0.143    2    1   1    1.50
141    2    -0.148    2    1   0    0.78
2    1    -0.143    2    2   1    0.56
64    1    0.143    2    2   0    0.52
24    1    0.143    2    2   0    0.55
83    2    0.000    2    1   1    0.55
133    2    0.000    2    1   1    0.58
19    1    0.143    2    2   0    0.59
49    1    0.143    1    1   1    0.83
82    2    -0.143    2    1   0    0.40
121    2    -0.148    2    1   0    0.45
22    1    -0.143    2    2   1    0.50
73    1    0.000    2    2   0    0.50
23    1    0.000    2    2   0    0.41
39    1    0.143    2    2   0    0.48
131    2    -0.148    2    1   0    0.39
67    1    -0.143    2    2   1    0.59
108    2    0.000    2    1   1    0.49
47    1    -0.143    2    2   1    0.51
21    1    -0.148    2    2   1    0.42
33    1    0.000    2    2   0    0.42
8    1    0.000    2    2   0    0.36
99    2    0.143    2    1   1    0.42
45    1    0.148    2    2   0    0.46
80    2    0.148    2    1   1    0.24
115    2    0.148    2    1   1    0.44
70    1    0.148    2    2   0    0.45
55    1    0.148    2    2   0    0.43
69    1    0.143    2    2   0    0.21
9    1    0.143    2    2   0    0.28
112    2    -0.143    2    1   0    0.29
98    2    0.000    2    1   1    0.49
5    1    0.148    2    2   0    0.48
91    2    -0.148    2    1   0    0.33
119    2    0.143    2    1   1    0.52
56    1    -0.148    2    2   1    0.40
86    2    -0.148    2    1   0    0.48
58    1    0.000    2    2   0    0.53
144    2    0.143    2    1   1    0.46
104    2    0.143    2    1   1    0.39
145    2    0.148    2    1   1    0.46
92    2    -0.143    2    1   0    0.48
4    1    0.143    2    2   0    0.52
96    2    -0.148    2    1   0    0.48
1    1    -0.148    2    2   1    0.51
123    2    0.000    2    1   1    0.47
60    1    0.148    2    2   0    0.50
111    2    -0.148    1    2   1    0.79
149    2    0.143    2    1   1    0.77
3    1    0.000    2    2   0    0.62
41    1    -0.148    2    2   1    0.65
13    1    0.000    2    2   0    0.91
44    1    0.143    1    1   1    0.84
148    2    0.000    2    1   1    0.59
30    1    0.148    1    1   1    0.88
17    1    -0.143    2    2   1    0.63
48    1    0.000    2    2   0    0.55
85    2    0.148    2    1   1    0.63
65    1    0.148    2    2   0    0.55
6    1    -0.148    2    2   1    0.53
63    1    0.000    2    2   0    0.42
114    2    0.143    2    1   1    0.39
150    2    0.148    2    1   1    0.41
74    1    0.143    2    2   0    0.40
89    2    0.143    2    1   1    0.38
51    1    -0.148    2    2   1    0.36
132    2    -0.143    2    1   0    0.36
36    1    -0.148    2    2   1    0.51
66    1    -0.148    2    2   1    0.35
105    2    0.148    2    1   1    0.42
126    2    -0.148    2    1   0    0.43
90    2    0.148    2    1   1    0.71
134    2    0.143    2    1   1    0.68
11    1    -0.148    2    2   1    0.56
143    2    0.000    2    1   1    0.48
113    2    0.000    2    1   1    0.79
42    1    -0.143    2    2   1    0.62
38    1    0.000    1    1   1    1.89
106    2    -0.148    1    2   1    0.60
77    2    -0.143    1    2   1    0.38
146    2    -0.148    1    2   1    0.49
117    2    -0.143    1    2   1    0.35
138    2    0.000    1    2   0    0.60
120    2    0.148    1    2   0    0.50
57    1    -0.143    2    2   1    0.69
10    1    0.148    1    1   1    0.57
32    1    -0.143    2    2   1    0.59
122    2    -0.143    1    2   1    0.53
71    1    -0.148    2    2   1    0.56
72    1    -0.143    2    2   1    0.45
142    2    -0.143    2    1   0    0.30
26    1    -0.148    2    2   1    0.71
109    2    0.143    2    1   1    0.58
7    1    -0.143    2    2   1    0.60
53    1    0.000    2    2   0    0.65
127    2    -0.143    1    2   1    0.52
54    1    0.143    1    1   1    0.41
140    2    0.148    2    1   1    0.79
84    2    0.143    2    1   1    0.53
136    2    -0.148    1    2   1    0.54
130    2    0.148    2    1   1    0.68
97    2    -0.143    1    2   1    0.52
75    2    0.148    2    1   1    0.66
40    1    0.148    1    1   1    0.53
43    1    0.000    1    1   1    0.39
28    1    0.000    1    1   1    0.61
129    2    0.143    2    1   1    0.63
20    1    0.148    1    1   1    0.57
110    2    0.148    2    1   1    0.61
135    2    0.148    2    1   1    0.52
35    1    0.148    1    1   1    0.63
118    2    0.000    1    2   0    0.75
88    2    0.000    2    1   1    0.51
124    2    0.143    2    1   1    0.43
100    2    0.148    2    1   1    0.39
78    2    0.000    2    1   1    0.44
37    1    -0.143    2    2   1    0.46
18    1    0.000    2    2   0    0.88
128    2    0.000    1    2   0    0.67
12    1    -0.143    2    2   1    0.56
29    1    0.143    1    1   1    0.66
125    2    0.148    2    1   1    0.59
102    2    -0.143    1    2   1    0.58
27    1    -0.143    2    2   1    0.55
16    1    -0.148    2    2   1    0.42
139    2    0.143    2    1   1    0.52
95    2    0.148    2    1   1    0.43
14    1    0.143    2    2   0    0.76
34    1    0.143    1    1   1    0.45
62    1    -0.143    2    2   1    0.56
103    2    0.000    2    1   1    0.90
31    1    -0.148    2    2   1    0.55
93    2    0.000    2    1   1    0.65
116    2    -0.148    1    2   1    0.54
81    2    -0.148    1    2   1    0.44
87    2    -0.143    1    2   1    0.38
101    2    -0.148    1    2   1    0.47
15    1    0.148    1    1   1    0.48
147    2    -0.143    1    2   1    0.63
94    2    0.143    2    1   1    0.64
50    1    0.148    1    1   1    0.61
107    2    -0.143    1    2   1    0.62
59    1    0.143    1    1   1    0.46
61    1    -0.148    2    2   1    0.56
25    1    0.148    2    2   0    0.45
68    1    0.000    2    2   0    0.55
137    2    -0.143    1    2   1    0.49
52    1    -0.143    2    2   1    0.56
46    1    -0.148    2    2   1    0.41
76    2    -0.148    1    2   1    0.57
--------------------------------
27-Oct-2014 13:19:39 
data from observer A18 
#occlusion2 expt run 1
reference disparity (degrees) 0.160000 

stim order disp kresp testresp correct time
1    1    -0.074    2    2   1    1.72
2    2    0.069    2    1   1    0.54
3    2    0.065    2    1   1    0.57
4    2    -0.060    1    2   1    0.43
5    2    -0.055    2    1   0    0.66
6    1    -0.065    2    2   1    0.53
7    2    0.065    2    1   1    0.66
8    2    -0.060    1    2   1    0.61
9    2    -0.060    2    1   0    0.66
10    1    0.069    2    2   0    0.56
11    1    -0.079    2    2   1    0.63
12    2    0.079    2    1   1    0.80
13    2    -0.074    1    2   1    0.55
14    1    0.074    2    2   0    0.52
15    1    0.083    2    2   0    0.69
16    1    0.092    2    2   0    0.77
17    2    -0.102    2    1   0    0.77
18    2    -0.111    2    1   0    0.70
19    1    0.120    1    1   1    1.14
20    2    0.120    2    1   1    0.54
21    2    0.115    2    1   1    0.62
22    2    -0.115    2    1   0    0.91
23    1    0.125    1    1   1    0.84
24    1    0.125    2    2   0    0.64
25    1    -0.134    2    2   1    0.57
26    1    0.134    2    2   0    0.76
27    1    -0.143    2    2   1    0.76
28    1    -0.143    2    2   1    0.69
29    1    0.139    2    2   0    1.39
30    1    -0.148    2    2   1    0.70
31    2    -0.148    2    1   0    0.53
32    1    -0.148    2    2   1    1.49
33    1    -0.148    2    2   1    0.59
34    2    0.143    2    1   1    0.62
35    2    0.143    2    1   1    0.57
36    2    -0.139    2    1   0    0.98
37    2    0.148    1    2   0    1.16
38    1    0.148    2    2   0    0.66
39    1    0.148    2    2   0    0.62
40    2    -0.148    2    1   0    1.21
41    1    -0.148    1    1   0    1.01
42    2    0.148    1    2   0    1.08
43    1    -0.148    2    2   1    0.60
44    1    -0.148    2    2   1    0.57
45    2    0.143    2    1   1    0.51
46    1    -0.143    2    2   1    0.58
47    2    -0.139    2    1   0    0.62
48    2    -0.148    2    1   0    0.64
49    2    0.148    2    1   1    0.60
50    2    0.148    2    1   1    0.73
-------------------------
Final staircase threshold estimate (mean) is 0.1459
-------------------------
22    1    -0.143    2    2   1    2.24
102    2    -0.143    2    1   0    0.60
138    2    0.000    2    1   1    0.55
103    2    0.000    2    1   1    0.63
4    1    0.143    2    2   0    0.69
57    1    -0.143    2    2   1    0.58
83    2    0.000    1    2   0    1.33
28    1    0.000    2    2   0    0.81
132    2    -0.143    1    2   1    0.87
115    2    0.148    2    1   1    0.63
79    2    0.143    2    1   1    0.55
54    1    0.143    2    2   0    0.61
43    1    0.000    2    2   0    0.78
20    1    0.148    2    2   0    0.87
68    1    0.000    2    2   0    0.71
67    1    -0.143    2    2   1    0.74
3    1    0.000    1    1   1    0.57
18    1    0.000    1    1   1    0.76
94    2    0.143    2    1   1    0.76
98    2    0.000    2    1   1    0.70
15    1    0.148    2    2   0    0.82
97    2    -0.143    2    1   0    0.99
42    1    -0.143    2    2   1    0.94
142    2    -0.143    1    2   1    0.76
9    1    0.143    2    2   0    0.63
122    2    -0.143    2    1   0    0.55
87    2    -0.143    2    1   0    0.68
10    1    0.148    2    2   0    0.69
135    2    0.148    1    2   0    0.60
124    2    0.143    1    2   0    0.76
92    2    -0.143    1    2   1    1.01
31    1    -0.148    1    1   0    1.07
49    1    0.143    2    2   0    0.85
25    1    0.148    2    2   0    0.87
38    1    0.000    1    1   1    0.65
44    1    0.143    1    1   1    1.01
78    2    0.000    2    1   1    0.65
119    2    0.143    2    1   1    0.58
69    1    0.143    1    1   1    0.71
14    1    0.143    2    2   0    0.67
36    1    -0.148    2    2   1    0.63
6    1    -0.148    2    2   1    0.71
85    2    0.148    2    1   1    0.76
74    1    0.143    2    2   0    1.11
118    2    0.000    2    1   1    1.01
73    1    0.000    2    2   0    0.86
64    1    0.143    2    2   0    0.75
93    2    0.000    1    2   0    0.65
55    1    0.148    2    2   0    0.60
112    2    -0.143    1    2   1    1.00
11    1    -0.148    2    2   1    0.59
131    2    -0.148    2    1   0    0.68
108    2    0.000    2    1   1    0.75
1    1    -0.148    2    2   1    0.90
17    1    -0.143    2    2   1    1.16
106    2    -0.148    2    1   0    0.96
13    1    0.000    1    1   1    0.58
89    2    0.143    2    1   1    0.52
16    1    -0.148    2    2   1    0.51
149    2    0.143    2    1   1    0.66
52    1    -0.143    2    2   1    0.68
117    2    -0.143    2    1   0    0.65
127    2    -0.143    1    2   1    0.65
136    2    -0.148    1    2   1    0.93
19    1    0.143    1    1   1    0.56
88    2    0.000    2    1   1    0.96
26    1    -0.148    2    2   1    0.68
105    2    0.148    2    1   1    0.58
65    1    0.148    2    2   0    0.70
99    2    0.143    2    1   1    0.73
29    1    0.143    1    1   1    0.60
143    2    0.000    1    2   0    0.63
129    2    0.143    1    2   0    1.09
35    1    0.148    2    2   0    0.69
56    1    -0.148    2    2   1    0.73
144    2    0.143    2    1   1    0.69
70    1    0.148    2    2   0    0.65
60    1    0.148    1    1   1    1.76
109    2    0.143    2    1   1    0.59
101    2    -0.148    2    1   0    1.12
59    1    0.143    2    2   0    1.36
141    2    -0.148    1    2   1    0.49
27    1    -0.143    2    2   1    1.04
96    2    -0.148    1    2   1    0.70
23    1    0.000    2    2   0    0.70
50    1    0.148    2    2   0    0.59
2    1    -0.143    2    2   1    0.49
84    2    0.143    2    1   1    0.80
81    2    -0.148    1    2   1    1.09
116    2    -0.148    1    2   1    0.76
133    2    0.000    2    1   1    0.76
7    1    -0.143    2    2   1    0.54
41    1    -0.148    2    2   1    0.79
21    1    -0.148    2    2   1    0.59
40    1    0.148    2    2   0    0.69
77    2    -0.143    2    1   0    0.70
30    1    0.148    2    2   0    0.79
113    2    0.000    2    1   1    0.65
95    2    0.148    2    1   1    0.74
91    2    -0.148    1    2   1    1.67
148    2    0.000    2    1   1    0.66
47    1    -0.143    2    2   1    0.63
72    1    -0.143    2    2   1    0.69
110    2    0.148    2    1   1    0.57
48    1    0.000    2    2   0    0.68
58    1    0.000    2    2   0    0.88
128    2    0.000    1    2   0    0.80
37    1    -0.143    2    2   1    0.68
137    2    -0.143    1    2   1    0.79
66    1    -0.148    2    2   1    0.63
120    2    0.148    2    1   1    0.73
140    2    0.148    2    1   1    1.14
123    2    0.000    1    2   0    1.45
63    1    0.000    2    2   0    0.96
107    2    -0.143    2    1   0    0.70
24    1    0.143    2    2   0    1.01
126    2    -0.148    2    1   0    0.96
104    2    0.143    2    1   1    1.02
130    2    0.148    1    2   0    0.73
51    1    -0.148    2    2   1    0.58
90    2    0.148    2    1   1    0.67
86    2    -0.148    1    2   1    0.69
61    1    -0.148    2    2   1    0.89
32    1    -0.143    2    2   1    0.62
80    2    0.148    2    1   1    1.10
34    1    0.143    1    1   1    0.75
75    2    0.148    2    1   1    0.64
146    2    -0.148    1    2   1    0.75
45    1    0.148    1    1   1    1.06
62    1    -0.143    2    2   1    0.73
111    2    -0.148    1    2   1    0.79
100    2    0.148    2    1   1    1.10
134    2    0.143    2    1   1    0.62
46    1    -0.148    2    2   1    0.78
76    2    -0.148    2    1   0    0.99
12    1    -0.143    2    2   1    0.77
150    2    0.148    2    1   1    0.81
139    2    0.143    2    1   1    0.67
82    2    -0.143    2    1   0    1.06
39    1    0.143    1    1   1    0.69
8    1    0.000    1    1   1    0.85
147    2    -0.143    1    2   1    0.65
33    1    0.000    1    1   1    0.78
71    1    -0.148    2    2   1    0.52
114    2    0.143    2    1   1    0.60
5    1    0.148    1    1   1    0.80
53    1    0.000    1    1   1    0.68
125    2    0.148    1    2   0    1.46
145    2    0.148    1    2   0    1.30
121    2    -0.148    1    2   1    0.87

