--------------------------------
27-Oct-2014 13:38:25 
data from observer A18 
#occlusion2 expt 
reference disparity (degrees) 0.160000 

stim order disp kresp testresp correct time
1    2    0.074    2    1   1    0.76
2    2    0.069    2    1   1    0.54
3    1    -0.065    2    2   1    0.63
4    2    0.060    2    1   1    0.53
5    1    -0.055    2    2   1    0.70
6    1    -0.051    2    2   1    0.57
7    2    -0.046    1    2   1    0.90
8    2    0.042    2    1   1    0.73
9    1    0.037    2    2   0    0.95
10    1    0.046    1    1   1    0.54
11    2    0.046    2    1   1    0.69
12    1    0.042    2    2   0    0.51
13    1    0.051    1    1   1    0.79
14    2    0.051    2    1   1    0.73
15    1    0.046    2    2   0    0.58
16    1    -0.055    2    2   1    0.75
17    2    0.055    2    1   1    0.55
18    1    -0.051    2    2   1    0.76
19    1    0.051    1    1   1    0.81
20    2    -0.046    1    2   1    0.68
21    2    -0.046    1    2   1    1.18
22    2    -0.042    1    2   1    0.58
23    1    -0.042    2    2   1    0.85
24    2    -0.037    2    1   0    0.70
25    1    -0.046    2    2   1    0.61
26    1    0.046    1    1   1    1.03
27    1    0.042    1    1   1    0.54
28    1    -0.042    1    1   0    0.76
29    1    -0.051    2    2   1    0.56
30    1    -0.051    2    2   1    0.57
31    1    -0.046    2    2   1    0.57
32    1    -0.046    2    2   1    0.77
33    2    -0.042    2    1   0    1.45
34    2    -0.051    1    2   1    0.68
35    1    0.051    2    2   0    0.72
36    1    -0.060    2    2   1    0.50
37    2    -0.060    1    2   1    0.88
38    2    0.055    1    2   0    0.73
39    1    -0.065    2    2   1    0.48
40    1    0.065    2    2   0    0.56
41    2    -0.074    1    2   1    0.79
42    1    0.074    1    1   1    0.58
43    1    0.069    1    1   1    0.71
44    2    0.069    2    1   1    0.45
45    1    0.065    2    2   0    0.41
46    2    -0.074    1    2   1    0.61
47    1    -0.074    1    1   0    0.65
48    1    -0.083    2    2   1    0.59
49    1    -0.083    2    2   1    0.38
50    2    0.079    2    1   1    0.64
-------------------------
Final staircase threshold estimate (mean) is 0.0743
-------------------------
48    1    0.000    1    1   1    1.65
67    1    -0.074    2    2   1    0.74
109    2    0.074    2    1   1    0.40
96    2    -0.148    2    1   0    0.42
44    1    0.074    1    1   1    0.64
5    1    0.148    1    1   1    0.48
29    1    0.074    1    1   1    0.67
10    1    0.148    2    2   0    0.56
82    2    -0.074    2    1   0    0.71
75    2    0.148    2    1   1    0.80
6    1    -0.148    2    2   1    0.70
58    1    0.000    2    2   0    0.69
113    2    0.000    1    2   0    0.74
133    2    0.000    1    2   0    0.62
97    2    -0.074    2    1   0    0.83
148    2    0.000    2    1   1    0.53
101    2    -0.148    1    2   1    0.61
61    1    -0.148    2    2   1    0.75
104    2    0.074    2    1   1    0.52
111    2    -0.148    1    2   1    0.63
51    1    -0.148    1    1   0    0.72
13    1    0.000    2    2   0    0.59
30    1    0.148    2    2   0    0.71
32    1    -0.074    1    1   0    0.35
31    1    -0.148    2    2   1    1.10
26    1    -0.148    2    2   1    0.57
7    1    -0.074    2    2   1    0.57
90    2    0.148    1    2   0    0.60
56    1    -0.148    2    2   1    0.71
65    1    0.148    2    2   0    0.95
140    2    0.148    2    1   1    0.53
8    1    0.000    2    2   0    0.78
16    1    -0.148    2    2   1    0.60
128    2    0.000    2    1   1    0.49
40    1    0.148    2    2   0    0.45
28    1    0.000    2    2   0    0.73
4    1    0.074    2    2   0    0.62
150    2    0.148    2    1   1    0.59
86    2    -0.148    1    2   1    0.55
71    1    -0.148    2    2   1    0.86
68    1    0.000    1    1   1    0.70
14    1    0.074    1    1   1    1.28
39    1    0.074    1    1   1    0.72
87    2    -0.074    1    2   1    0.75
42    1    -0.074    1    1   0    0.90
83    2    0.000    2    1   1    0.61
69    1    0.074    2    2   0    0.56
145    2    0.148    2    1   1    0.56
34    1    0.074    2    2   0    0.77
15    1    0.148    1    1   1    0.60
63    1    0.000    2    2   0    0.61
19    1    0.074    2    2   0    0.66
79    2    0.074    1    2   0    0.65
116    2    -0.148    2    1   0    0.54
43    1    0.000    2    2   0    0.47
144    2    0.074    2    1   1    0.60
121    2    -0.148    1    2   1    0.81
120    2    0.148    2    1   1    0.63
110    2    0.148    2    1   1    0.44
17    1    -0.074    2    2   1    0.51
135    2    0.148    2    1   1    0.46
122    2    -0.074    2    1   0    0.57
72    1    -0.074    2    2   1    0.46
50    1    0.148    2    2   0    0.46
38    1    0.000    2    2   0    0.57
138    2    0.000    2    1   1    0.54
102    2    -0.074    2    1   0    0.48
59    1    0.074    2    2   0    0.55
76    2    -0.148    2    1   0    0.57
95    2    0.148    2    1   1    0.64
92    2    -0.074    2    1   0    0.87
74    1    0.074    1    1   1    0.48
53    1    0.000    1    1   1    0.46
57    1    -0.074    2    2   1    0.82
66    1    -0.148    1    1   0    0.77
99    2    0.074    1    2   0    0.50
1    1    -0.148    2    2   1    0.68
93    2    0.000    1    2   0    0.50
11    1    -0.148    2    2   1    0.71
77    2    -0.074    1    2   1    0.64
115    2    0.148    1    2   0    0.43
85    2    0.148    1    2   0    0.45
70    1    0.148    1    1   1    0.56
117    2    -0.074    1    2   1    0.55
54    1    0.074    1    1   1    0.53
141    2    -0.148    1    2   1    0.51
52    1    -0.074    1    1   0    0.94
41    1    -0.148    2    2   1    0.82
103    2    0.000    1    2   0    0.64
21    1    -0.148    2    2   1    0.61
22    1    -0.074    2    2   1    0.44
81    2    -0.148    2    1   0    0.32
45    1    0.148    2    2   0    0.82
84    2    0.074    2    1   1    0.72
98    2    0.000    1    2   0    0.64
64    1    0.074    1    1   1    0.50
147    2    -0.074    1    2   1    0.60
89    2    0.074    2    1   1    0.90
9    1    0.074    1    1   1    0.61
142    2    -0.074    1    2   1    0.51
149    2    0.074    2    1   1    0.67
112    2    -0.074    1    2   1    0.71
108    2    0.000    2    1   1    0.70
106    2    -0.148    1    2   1    0.61
49    1    0.074    1    1   1    0.61
36    1    -0.148    2    2   1    0.76
136    2    -0.148    1    2   1    0.64
134    2    0.074    2    1   1    0.78
123    2    0.000    2    1   1    0.52
62    1    -0.074    2    2   1    0.53
114    2    0.074    2    1   1    0.50
12    1    -0.074    2    2   1    0.46
118    2    0.000    2    1   1    0.52
94    2    0.074    2    1   1    0.38
143    2    0.000    2    1   1    0.48
91    2    -0.148    2    1   0    0.52
60    1    0.148    1    1   1    0.58
23    1    0.000    2    2   0    0.57
73    1    0.000    2    2   0    0.60
125    2    0.148    2    1   1    0.54
139    2    0.074    2    1   1    0.56
131    2    -0.148    2    1   0    0.40
24    1    0.074    1    1   1    0.59
20    1    0.148    1    1   1    0.47
88    2    0.000    1    2   0    0.54
27    1    -0.074    2    2   1    0.63
18    1    0.000    2    2   0    0.66
2    1    -0.074    2    2   1    0.61
119    2    0.074    2    1   1    0.55
80    2    0.148    2    1   1    0.43
3    1    0.000    2    2   0    0.35
78    2    0.000    1    2   0    0.95
47    1    -0.074    2    2   1    0.65
129    2    0.074    2    1   1    0.45
124    2    0.074    2    1   1    0.40
127    2    -0.074    2    1   0    0.38
37    1    -0.074    2    2   1    0.49
132    2    -0.074    1    2   1    0.66
126    2    -0.148    2    1   0    0.51
137    2    -0.074    2    1   0    0.47
55    1    0.148    1    1   1    0.64
25    1    0.148    1    1   1    0.63
105    2    0.148    2    1   1    0.71
107    2    -0.074    1    2   1    0.61
146    2    -0.148    1    2   1    0.49
100    2    0.148    2    1   1    0.48
33    1    0.000    1    1   1    0.70
35    1    0.148    1    1   1    0.40
130    2    0.148    1    2   0    0.88
46    1    -0.148    2    2   1    0.60
