--------------------------------
27-Oct-2014 14:25:53 
data from observer A18 
#occlusion2 expt 
reference disparity (degrees) 0.160000 

stim order disp kresp testresp correct time
1    1    0.074    1    1   0    1.94
2    2    0.083    1    2   1    0.58
3    2    -0.079    2    1   1    0.59
4    1    0.079    2    2   1    0.59
5    2    0.074    2    1   0    0.49
6    1    -0.083    1    1   1    0.50
7    1    0.083    2    2   1    0.61
8    1    0.079    2    2   1    0.54
9    2    -0.079    2    1   1    0.48
10    2    -0.074    2    1   1    0.48
11    2    0.074    1    2   1    0.83
12    1    0.069    2    2   1    0.74
13    1    -0.069    1    1   1    0.95
14    2    0.065    2    1   0    0.70
15    1    0.074    2    2   1    0.48
16    1    -0.074    2    2   0    0.49
17    2    -0.083    2    1   1    0.67
18    2    -0.083    2    1   1    0.69
19    2    0.079    1    2   1    0.68
20    2    -0.079    2    1   1    0.56
21    1    -0.074    1    1   1    0.80
22    1    0.074    2    2   1    0.53
23    2    -0.069    2    1   1    0.52
24    1    0.069    2    2   1    0.53
25    2    0.065    1    2   1    0.91
26    1    0.065    2    2   1    1.24
27    1    -0.060    1    1   1    0.61
28    2    0.060    1    2   1    0.86
29    2    -0.055    2    1   1    0.94
30    1    -0.055    1    1   1    0.84
31    2    -0.051    2    1   1    0.92
32    1    0.051    2    2   1    0.69
33    2    0.046    1    2   1    0.69
34    1    0.046    2    2   1    0.58
35    1    -0.042    2    2   0    0.65
36    1    0.051    1    1   0    0.75
37    1    -0.060    1    1   1    0.64
38    1    0.060    2    2   1    0.70
39    2    0.055    1    2   1    0.68
40    1    0.055    2    2   1    0.72
41    1    0.051    2    2   1    0.52
42    1    -0.051    1    1   1    0.78
43    1    -0.046    1    1   1    0.57
44    1    -0.046    1    1   1    0.65
45    2    -0.042    2    1   1    0.56
46    2    -0.042    2    1   1    0.64
47    1    -0.037    1    1   1    0.84
48    1    -0.037    1    1   1    0.45
49    1    0.032    2    2   1    0.80
50    2    -0.032    2    1   1    0.66
-------------------------
Final staircase threshold estimate (mean) is 0.0416
-------------------------
147    2    -0.042    2    1   0    1.05
150    2    0.102    1    2   0    0.61
10    1    0.102    2    2   0    0.55
85    2    0.102    1    2   0    0.69
39    1    0.042    2    2   0    0.68
117    2    -0.042    2    1   0    0.50
1    1    -0.102    1    1   0    0.63
41    1    -0.102    1    1   0    0.65
13    1    0.000    2    2   0    0.62
25    1    0.102    2    2   0    0.59
81    2    -0.102    2    1   0    0.69
99    2    0.042    1    2   0    1.12
15    1    0.102    2    2   0    0.52
106    2    -0.102    2    1   0    0.51
120    2    0.102    1    2   0    0.63
7    1    -0.042    1    1   0    0.68
14    1    0.042    2    2   0    0.53
93    2    0.000    2    1   1    0.49
125    2    0.102    1    2   0    0.63
18    1    0.000    2    2   0    0.62
101    2    -0.102    2    1   0    0.57
40    1    0.102    2    2   0    0.53
128    2    0.000    2    1   1    0.52
135    2    0.102    1    2   0    0.66
123    2    0.000    1    2   0    0.66
84    2    0.042    1    2   0    0.76
145    2    0.102    1    2   0    0.59
139    2    0.042    1    2   0    0.68
24    1    0.042    2    2   0    0.56
2    1    -0.042    1    1   0    0.94
100    2    0.102    1    2   0    0.61
107    2    -0.042    1    2   1    0.61
110    2    0.102    1    2   0    0.66
61    1    -0.102    1    1   0    0.62
17    1    -0.042    1    1   0    0.63
23    1    0.000    2    2   0    0.94
53    1    0.000    1    1   1    0.68
32    1    -0.042    1    1   0    0.69
111    2    -0.102    2    1   0    0.70
58    1    0.000    1    1   1    0.78
108    2    0.000    2    1   1    0.54
67    1    -0.042    1    1   0    0.65
52    1    -0.042    1    1   0    0.75
51    1    -0.102    1    1   0    0.73
127    2    -0.042    2    1   0    0.66
66    1    -0.102    1    1   0    0.70
142    2    -0.042    2    1   0    0.62
73    1    0.000    2    2   0    0.90
62    1    -0.042    1    1   0    0.69
47    1    -0.042    1    1   0    0.58
95    2    0.102    1    2   0    0.80
77    2    -0.042    2    1   0    0.71
63    1    0.000    2    2   0    1.72
74    1    0.042    2    2   0    0.56
45    1    0.102    2    2   0    0.61
79    2    0.042    1    2   0    0.76
43    1    0.000    1    1   1    0.75
12    1    -0.042    1    1   0    0.78
28    1    0.000    2    2   0    0.50
136    2    -0.102    2    1   0    0.57
46    1    -0.102    1    1   0    0.76
64    1    0.042    2    2   0    0.88
27    1    -0.042    1    1   0    0.69
75    2    0.102    1    2   0    0.63
148    2    0.000    2    1   1    0.66
103    2    0.000    2    1   1    0.63
124    2    0.042    1    2   0    0.72
140    2    0.102    1    2   0    0.60
19    1    0.042    2    2   0    0.62
134    2    0.042    1    2   0    0.69
65    1    0.102    2    2   0    0.55
143    2    0.000    2    1   1    0.74
4    1    0.042    2    2   0    0.60
80    2    0.102    1    2   0    0.60
121    2    -0.102    2    1   0    0.58
137    2    -0.042    2    1   0    0.74
87    2    -0.042    2    1   0    0.52
149    2    0.042    1    2   0    0.75
118    2    0.000    2    1   1    0.71
35    1    0.102    2    2   0    0.46
71    1    -0.102    1    1   0    0.66
70    1    0.102    2    2   0    0.63
16    1    -0.102    1    1   0    0.62
21    1    -0.102    1    1   0    0.65
60    1    0.102    2    2   0    0.56
50    1    0.102    2    2   0    0.56
89    2    0.042    1    2   0    0.77
78    2    0.000    2    1   1    0.54
38    1    0.000    2    2   0    0.51
96    2    -0.102    2    1   0    0.49
146    2    -0.102    2    1   0    0.55
113    2    0.000    2    1   1    0.57
97    2    -0.042    2    1   0    0.57
88    2    0.000    2    1   1    0.47
26    1    -0.102    1    1   0    0.95
92    2    -0.042    2    1   0    0.53
105    2    0.102    1    2   0    0.85
83    2    0.000    1    2   0    1.48
104    2    0.042    1    2   0    0.71
33    1    0.000    2    2   0    0.97
112    2    -0.042    2    1   0    0.57
98    2    0.000    2    1   1    0.67
11    1    -0.102    1    1   0    0.64
132    2    -0.042    2    1   0    0.51
133    2    0.000    2    1   1    0.38
22    1    -0.042    2    2   1    0.69
68    1    0.000    1    1   1    0.68
114    2    0.042    1    2   0    0.92
54    1    0.042    2    2   0    0.60
3    1    0.000    2    2   0    0.90
130    2    0.102    1    2   0    0.64
94    2    0.042    1    2   0    0.53
144    2    0.042    1    2   0    0.72
116    2    -0.102    2    1   0    0.63
90    2    0.102    1    2   0    1.06
9    1    0.042    2    2   0    0.74
72    1    -0.042    2    2   1    0.99
6    1    -0.102    1    1   0    0.59
126    2    -0.102    2    1   0    0.67
34    1    0.042    2    2   0    0.70
31    1    -0.102    1    1   0    0.80
86    2    -0.102    2    1   0    0.69
55    1    0.102    2    2   0    0.46
44    1    0.042    2    2   0    0.45
59    1    0.042    2    2   0    0.56
82    2    -0.042    2    1   0    0.50
57    1    -0.042    2    2   1    0.48
141    2    -0.102    2    1   0    0.57
36    1    -0.102    1    1   0    0.70
56    1    -0.102    1    1   0    0.89
131    2    -0.102    2    1   0    0.48
138    2    0.000    2    1   1    0.47
115    2    0.102    1    2   0    0.70
29    1    0.042    2    2   0    0.57
5    1    0.102    2    2   0    0.51
49    1    0.042    2    2   0    0.42
91    2    -0.102    2    1   0    0.60
48    1    0.000    2    2   0    0.62
109    2    0.042    2    1   1    0.50
119    2    0.042    1    2   0    1.00
37    1    -0.042    1    1   0    1.02
102    2    -0.042    2    1   0    0.59
76    2    -0.102    2    1   0    0.44
20    1    0.102    2    2   0    0.57
122    2    -0.042    2    1   0    0.41
69    1    0.042    2    2   0    0.71
42    1    -0.042    2    2   1    0.42
30    1    0.102    2    2   0    0.66
8    1    0.000    1    1   1    0.80
129    2    0.042    1    2   0    0.66
