--------------------------------
27-Oct-2014 13:26:31 
data from observer A18 
#occlusion2 expt 
reference disparity (degrees) 0.160000 

stim order disp kresp testresp correct time
1    1    -0.074    2    2   1    1.61
2    2    -0.069    1    2   1    0.88
3    2    -0.065    1    2   1    0.56
4    2    0.060    2    1   1    0.53
5    1    0.055    2    2   0    0.83
6    2    -0.065    1    2   1    1.66
7    1    -0.065    2    2   1    0.78
8    2    0.060    2    1   1    0.64
9    2    0.060    2    1   1    0.82
10    2    0.055    2    1   1    0.69
11    2    -0.055    1    2   1    1.90
12    1    0.051    2    2   0    0.74
13    1    -0.060    2    2   1    0.64
14    2    -0.060    1    2   1    0.84
15    2    -0.055    1    2   1    0.64
16    1    0.055    1    1   1    0.82
17    1    -0.051    2    2   1    0.87
18    2    0.051    2    1   1    0.66
19    2    -0.046    1    2   1    1.05
20    2    0.046    1    2   0    1.21
21    1    0.055    2    2   0    0.71
22    2    0.065    2    1   1    0.64
23    1    0.065    1    1   1    0.73
24    1    0.060    1    1   1    0.78
25    1    -0.060    2    2   1    0.75
26    2    -0.055    2    1   0    0.65
27    1    0.065    1    1   1    0.74
28    1    0.065    1    1   1    0.82
29    2    0.060    2    1   1    0.63
30    1    -0.060    2    2   1    0.65
31    2    0.055    2    1   1    0.61
32    2    -0.055    2    1   0    0.72
33    2    0.065    2    1   1    0.62
34    1    0.065    1    1   1    1.06
35    1    0.060    1    1   1    1.39
36    1    0.060    1    1   1    0.65
37    2    0.055    2    1   1    0.54
38    2    0.055    2    1   1    0.52
39    1    0.051    1    1   1    1.27
40    2    -0.051    1    2   1    1.66
41    2    -0.046    1    2   1    1.08
42    1    -0.046    2    2   1    0.85
43    2    0.042    2    1   1    0.61
44    2    -0.042    1    2   1    1.05
45    1    0.037    1    1   1    0.48
46    1    -0.037    1    1   0    0.63
47    2    -0.046    2    1   0    0.71
48    1    0.055    1    1   1    1.08
49    2    0.055    2    1   1    0.73
50    2    0.051    2    1   1    0.61
-------------------------
Final staircase threshold estimate (mean) is 0.0457
-------------------------
117    2    -0.046    2    1   0    3.67
137    2    -0.046    1    2   1    1.23
60    1    0.115    1    1   1    0.63
81    2    -0.115    1    2   1    0.78
48    1    0.000    2    2   0    1.11
142    2    -0.046    1    2   1    0.78
118    2    0.000    2    1   1    0.88
101    2    -0.115    1    2   1    0.80
124    2    0.046    2    1   1    0.60
113    2    0.000    2    1   1    0.96
90    2    0.115    2    1   1    0.64
149    2    0.046    2    1   1    0.71
8    1    0.000    2    2   0    1.14
11    1    -0.115    2    2   1    0.74
46    1    -0.115    2    2   1    0.73
70    1    0.115    2    2   0    0.73
85    2    0.115    2    1   1    0.61
110    2    0.115    2    1   1    0.71
50    1    0.115    2    2   0    0.84
114    2    0.046    2    1   1    0.69
119    2    0.046    2    1   1    1.08
15    1    0.115    1    1   1    0.97
92    2    -0.046    1    2   1    0.71
20    1    0.115    2    2   0    0.83
23    1    0.000    2    2   0    0.61
37    1    -0.046    2    2   1    0.52
72    1    -0.046    2    2   1    0.77
140    2    0.115    2    1   1    0.67
79    2    0.046    2    1   1    0.67
135    2    0.115    2    1   1    0.62
98    2    0.000    2    1   1    0.58
53    1    0.000    2    2   0    0.76
31    1    -0.115    2    2   1    0.64
57    1    -0.046    2    2   1    0.75
9    1    0.046    2    2   0    1.24
58    1    0.000    2    2   0    0.63
66    1    -0.115    2    2   1    0.59
29    1    0.046    2    2   0    0.63
127    2    -0.046    2    1   0    0.76
134    2    0.046    2    1   1    0.66
4    1    0.046    2    2   0    0.70
126    2    -0.115    2    1   0    1.16
75    2    0.115    1    2   0    0.94
89    2    0.046    2    1   1    0.98
106    2    -0.115    2    1   0    0.64
32    1    -0.046    2    2   1    0.62
17    1    -0.046    2    2   1    0.66
74    1    0.046    2    2   0    1.17
6    1    -0.115    2    2   1    0.78
130    2    0.115    2    1   1    0.68
93    2    0.000    1    2   0    1.66
148    2    0.000    1    2   0    0.79
56    1    -0.115    2    2   1    0.63
105    2    0.115    2    1   1    0.59
51    1    -0.115    2    2   1    0.58
65    1    0.115    2    2   0    0.55
42    1    -0.046    2    2   1    0.58
99    2    0.046    2    1   1    0.53
109    2    0.046    2    1   1    0.74
103    2    0.000    2    1   1    0.99
16    1    -0.115    2    2   1    0.63
136    2    -0.115    2    1   0    0.58
144    2    0.046    2    1   1    0.52
150    2    0.115    2    1   1    0.59
69    1    0.046    2    2   0    0.61
121    2    -0.115    1    2   1    0.59
28    1    0.000    2    2   0    0.63
129    2    0.046    2    1   1    0.55
18    1    0.000    2    2   0    0.67
123    2    0.000    2    1   1    0.66
116    2    -0.115    1    2   1    0.66
87    2    -0.046    1    2   1    0.79
77    2    -0.046    2    1   0    0.55
96    2    -0.115    2    1   0    0.66
38    1    0.000    2    2   0    0.56
141    2    -0.115    2    1   0    0.72
49    1    0.046    1    1   1    0.99
12    1    -0.046    2    2   1    0.75
73    1    0.000    2    2   0    0.67
145    2    0.115    2    1   1    0.57
122    2    -0.046    2    1   0    0.59
71    1    -0.115    2    2   1    0.51
24    1    0.046    2    2   0    0.58
146    2    -0.115    1    2   1    0.65
30    1    0.115    1    1   1    0.59
1    1    -0.115    2    2   1    0.60
19    1    0.046    1    1   1    1.14
128    2    0.000    2    1   1    0.54
45    1    0.115    2    2   0    0.47
139    2    0.046    2    1   1    0.58
88    2    0.000    2    1   1    0.59
62    1    -0.046    2    2   1    0.80
133    2    0.000    2    1   1    0.69
94    2    0.046    2    1   1    0.63
39    1    0.046    1    1   1    0.82
112    2    -0.046    1    2   1    0.53
22    1    -0.046    2    2   1    0.58
131    2    -0.115    2    1   0    0.75
41    1    -0.115    2    2   1    0.59
80    2    0.115    2    1   1    0.51
83    2    0.000    1    2   0    1.29
147    2    -0.046    2    1   0    0.75
5    1    0.115    2    2   0    1.16
61    1    -0.115    2    2   1    0.54
27    1    -0.046    2    2   1    0.54
100    2    0.115    2    1   1    0.62
55    1    0.115    2    2   0    1.36
108    2    0.000    2    1   1    0.64
76    2    -0.115    1    2   1    0.73
111    2    -0.115    1    2   1    0.73
14    1    0.046    2    2   0    0.81
43    1    0.000    2    2   0    0.55
63    1    0.000    2    2   0    0.60
102    2    -0.046    1    2   1    1.06
59    1    0.046    2    2   0    1.08
26    1    -0.115    2    2   1    0.59
78    2    0.000    2    1   1    0.52
35    1    0.115    2    2   0    0.81
13    1    0.000    1    1   1    0.70
82    2    -0.046    1    2   1    0.76
68    1    0.000    2    2   0    0.76
104    2    0.046    2    1   1    0.52
10    1    0.115    2    2   0    0.73
52    1    -0.046    2    2   1    0.78
44    1    0.046    1    1   1    0.64
3    1    0.000    1    1   1    0.58
91    2    -0.115    1    2   1    0.78
143    2    0.000    2    1   1    1.25
138    2    0.000    2    1   1    0.54
67    1    -0.046    1    1   0    0.81
54    1    0.046    1    1   1    0.77
34    1    0.046    2    2   0    0.87
120    2    0.115    2    1   1    0.92
125    2    0.115    2    1   1    0.67
21    1    -0.115    1    1   0    0.89
86    2    -0.115    1    2   1    0.52
33    1    0.000    1    1   1    0.53
40    1    0.115    2    2   0    0.96
47    1    -0.046    2    2   1    0.68
36    1    -0.115    2    2   1    0.70
25    1    0.115    2    2   0    0.71
132    2    -0.046    1    2   1    0.63
84    2    0.046    2    1   1    0.60
64    1    0.046    2    2   0    0.49
115    2    0.115    2    1   1    0.43
2    1    -0.046    2    2   1    0.47
107    2    -0.046    2    1   0    0.45
7    1    -0.046    1    1   0    0.59
97    2    -0.046    1    2   1    0.57
95    2    0.115    1    2   0    0.55
