--------------------------------
11-Nov-2014 15:07:09 
data from observer A19 
#occlusion2 expt 
reference disparity (degrees) 0.160000 

stim order disp kresp testresp correct time
1    2    -0.074    1    2   1    2.62
2    2    -0.069    1    2   1    1.48
3    2    -0.065    1    2   1    1.08
4    2    0.060    2    1   1    1.41
5    2    -0.055    2    1   0    0.94
6    2    0.065    2    1   1    1.07
7    2    0.065    2    1   1    1.10
8    2    -0.060    1    2   1    4.32
9    2    -0.060    1    2   1    0.83
10    2    -0.055    1    2   1    1.74
11    2    -0.055    1    2   1    1.27
12    2    -0.051    1    2   1    0.84
13    1    -0.051    2    2   1    1.10
14    2    0.046    1    2   0    0.63
15    1    0.055    1    1   1    0.74
16    2    -0.055    1    2   1    0.71
17    2    -0.051    1    2   1    0.74
18    1    0.051    1    1   1    1.69
19    2    0.046    1    2   0    1.02
20    1    0.055    1    1   1    1.26
21    2    -0.055    1    2   1    0.73
22    2    0.051    2    1   1    0.93
23    1    0.051    1    1   1    0.61
24    2    0.046    2    1   1    0.93
25    2    0.046    1    2   0    0.71
26    2    -0.055    1    2   1    0.87
27    1    -0.055    2    2   1    0.85
28    1    0.051    1    1   1    0.97
29    1    -0.051    2    2   1    0.71
30    1    0.046    1    1   1    0.51
31    2    0.046    2    1   1    1.18
32    2    -0.042    1    2   1    0.61
33    1    0.042    1    1   1    2.72
34    2    0.037    1    2   0    1.04
35    1    -0.046    2    2   1    0.88
36    1    0.046    1    1   1    1.12
37    1    0.042    1    1   1    1.19
38    2    -0.042    1    2   1    0.63
39    2    -0.037    1    2   1    0.66
40    2    0.037    1    2   0    0.63
41    1    0.046    1    1   1    0.74
42    1    -0.046    1    1   0    0.54
43    2    0.055    1    2   0    0.62
44    1    0.065    1    1   1    0.35
45    1    -0.065    1    1   0    0.35
46    2    -0.074    1    2   1    1.45
47    2    -0.074    1    2   1    0.37
48    2    0.069    2    1   1    0.69
49    2    -0.069    1    2   1    0.77
50    1    -0.065    2    2   1    0.60
-------------------------
Final staircase threshold estimate (mean) is 0.0628
-------------------------
83    2    0.000    2    1   1    2.68
125    2    0.148    2    1   1    0.84
137    2    -0.065    2    1   0    0.79
146    2    -0.148    1    2   1    0.87
69    1    0.065    1    1   1    1.49
97    2    -0.065    2    1   0    1.47
139    2    0.065    1    2   0    1.18
44    1    0.065    2    2   0    0.50
141    2    -0.148    1    2   1    0.62
9    1    0.065    1    1   1    0.78
29    1    0.065    1    1   1    0.63
43    1    0.000    2    2   0    1.03
102    2    -0.065    1    2   1    0.37
106    2    -0.148    1    2   1    1.70
50    1    0.148    1    1   1    1.15
88    2    0.000    1    2   0    0.66
77    2    -0.065    1    2   1    0.50
116    2    -0.148    1    2   1    1.10
27    1    -0.065    1    1   0    1.20
25    1    0.148    1    1   1    2.01
78    2    0.000    2    1   1    0.85
138    2    0.000    2    1   1    1.18
134    2    0.065    2    1   1    0.57
132    2    -0.065    1    2   1    0.43
46    1    -0.148    2    2   1    2.54
121    2    -0.148    2    1   0    2.04
94    2    0.065    2    1   1    0.93
36    1    -0.148    1    1   0    1.56
41    1    -0.148    1    1   0    3.56
130    2    0.148    1    2   0    1.93
107    2    -0.065    1    2   1    1.47
59    1    0.065    1    1   1    1.28
123    2    0.000    1    2   0    1.32
105    2    0.148    1    2   0    1.33
124    2    0.065    1    2   0    0.75
147    2    -0.065    1    2   1    0.63
76    2    -0.148    1    2   1    1.42
26    1    -0.148    1    1   0    1.12
127    2    -0.065    1    2   1    1.11
45    1    0.148    1    1   1    0.81
35    1    0.148    1    1   1    0.64
42    1    -0.065    1    1   0    0.64
126    2    -0.148    2    1   0    0.63
66    1    -0.148    1    1   0    1.13
2    1    -0.065    2    2   1    0.88
82    2    -0.065    2    1   0    0.53
112    2    -0.065    2    1   0    0.60
75    2    0.148    2    1   1    1.47
13    1    0.000    1    1   1    0.71
6    1    -0.148    1    1   0    0.70
4    1    0.065    2    2   0    0.79
67    1    -0.065    1    1   0    0.73
49    1    0.065    1    1   1    0.81
85    2    0.148    1    2   0    1.22
145    2    0.148    1    2   0    1.17
72    1    -0.065    1    1   0    1.39
68    1    0.000    1    1   1    1.10
131    2    -0.148    1    2   1    0.88
100    2    0.148    1    2   0    1.09
129    2    0.065    1    2   0    0.77
10    1    0.148    1    1   1    1.19
12    1    -0.065    1    1   0    0.78
62    1    -0.065    1    1   0    0.85
55    1    0.148    1    1   1    0.74
73    1    0.000    1    1   1    0.67
101    2    -0.148    2    1   0    1.35
20    1    0.148    1    1   1    0.84
92    2    -0.065    2    1   0    1.04
143    2    0.000    2    1   1    0.70
74    1    0.065    2    2   0    0.82
111    2    -0.148    2    1   0    0.86
52    1    -0.065    1    1   0    0.66
30    1    0.148    1    1   1    0.66
80    2    0.148    1    2   0    0.72
22    1    -0.065    1    1   0    0.53
34    1    0.065    2    2   0    0.52
60    1    0.148    1    1   1    0.57
91    2    -0.148    2    1   0    0.59
58    1    0.000    1    1   1    0.66
28    1    0.000    1    1   1    0.84
17    1    -0.065    1    1   0    0.45
149    2    0.065    1    2   0    0.34
95    2    0.148    1    2   0    0.44
114    2    0.065    1    2   0    0.40
71    1    -0.148    1    1   0    1.34
1    1    -0.148    1    1   0    0.63
103    2    0.000    1    2   0    0.30
90    2    0.148    1    2   0    0.41
128    2    0.000    1    2   0    0.26
89    2    0.065    1    2   0    0.56
84    2    0.065    2    1   1    0.54
96    2    -0.148    1    2   1    0.40
110    2    0.148    2    1   1    0.46
57    1    -0.065    1    1   0    0.35
70    1    0.148    1    1   1    0.45
14    1    0.065    1    1   1    0.47
113    2    0.000    1    2   0    0.76
98    2    0.000    1    2   0    0.35
86    2    -0.148    1    2   1    0.29
56    1    -0.148    1    1   0    0.32
115    2    0.148    1    2   0    0.61
142    2    -0.065    1    2   1    0.37
108    2    0.000    1    2   0    0.46
40    1    0.148    1    1   1    0.86
117    2    -0.065    1    2   1    0.54
47    1    -0.065    1    1   0    0.40
135    2    0.148    2    1   1    0.93
118    2    0.000    2    1   1    0.69
32    1    -0.065    1    1   0    0.45
54    1    0.065    1    1   1    0.57
64    1    0.065    1    1   1    0.55
53    1    0.000    2    2   0    0.53
148    2    0.000    1    2   0    0.54
109    2    0.065    2    1   1    0.58
63    1    0.000    1    1   1    0.69
19    1    0.065    2    2   0    1.19
18    1    0.000    1    1   1    0.39
3    1    0.000    2    2   0    0.75
81    2    -0.148    1    2   1    0.32
61    1    -0.148    2    2   1    0.46
136    2    -0.148    1    2   1    0.51
38    1    0.000    2    2   0    0.52
16    1    -0.148    1    1   0    0.51
51    1    -0.148    2    2   1    0.98
7    1    -0.065    1    1   0    0.45
24    1    0.065    1    1   1    0.53
144    2    0.065    1    2   0    0.65
8    1    0.000    1    1   1    1.47
140    2    0.148    2    1   1    0.86
120    2    0.148    1    2   0    0.99
133    2    0.000    1    2   0    0.96
99    2    0.065    1    2   0    0.96
87    2    -0.065    1    2   1    0.54
21    1    -0.148    1    1   0    0.70
15    1    0.148    1    1   1    0.34
150    2    0.148    1    2   0    0.41
33    1    0.000    2    2   0    0.90
104    2    0.065    2    1   1    0.62
5    1    0.148    2    2   0    0.91
48    1    0.000    2    2   0    0.68
119    2    0.065    1    2   0    0.82
79    2    0.065    2    1   1    0.58
23    1    0.000    1    1   1    0.58
122    2    -0.065    1    2   1    0.59
39    1    0.065    1    1   1    0.53
65    1    0.148    1    1   1    0.40
37    1    -0.065    1    1   0    0.93
11    1    -0.148    1    1   0    0.56
93    2    0.000    1    2   0    0.36
31    1    -0.148    1    1   0    0.28
