--------------------------------
11-Nov-2014 09:51:43 
data from observer a19 
#occlusion2 expt 
reference disparity (degrees) 0.160000 

stim order disp kresp testresp correct time
1    1    0.074    2    2   1    7.34
2    2    0.069    2    1   0    6.08
3    1    0.079    2    2   1    3.05
4    2    0.079    2    1   0    2.87
5    2    0.088    2    1   0    2.78
6    2    0.097    2    1   0    4.79
7    1    0.106    1    1   0    2.14
8    1    0.115    2    2   1    4.87
9    2    0.115    2    1   0    2.46
10    2    -0.125    1    2   0    3.50
11    1    -0.134    2    2   0    1.18
12    2    0.143    2    1   0    3.64
13    2    -0.148    1    2   0    3.12
14    2    0.148    2    1   0    1.87
15    1    0.148    2    2   1    2.37
16    2    -0.148    1    2   0    2.02
17    1    -0.148    2    2   0    1.96
18    2    -0.148    2    1   1    2.84
19    1    0.148    1    1   0    1.86
20    2    0.148    2    1   0    2.53
21    2    0.148    1    2   1    1.39
22    1    -0.148    2    2   0    1.63
23    1    -0.148    2    2   0    2.71
24    2    0.148    2    1   0    2.34
25    2    0.148    2    1   0    1.73
26    2    -0.148    2    1   1    4.91
27    2    -0.148    1    2   0    2.50
28    1    -0.148    2    2   0    3.12
29    2    0.148    2    1   0    2.35
30    2    -0.148    2    1   1    3.58
31    2    -0.148    2    1   1    1.13
32    1    0.143    1    1   0    2.84
33    1    -0.148    2    2   0    1.49
34    2    0.148    2    1   0    2.38
35    2    -0.148    2    1   1    2.96
36    1    0.148    2    2   1    3.32
37    1    0.143    1    1   0    2.66
38    1    0.148    2    2   1    2.66
39    2    -0.148    2    1   1    1.58
40    2    -0.143    1    2   0    2.48
41    1    0.148    2    2   1    2.23
42    2    0.148    1    2   1    4.22
43    2    0.143    2    1   0    3.33
44    2    -0.148    2    1   1    2.34
45    1    0.148    2    2   1    1.85
46    1    0.143    2    2   1    2.78
47    1    -0.143    1    1   1    1.50
48    1    0.139    2    2   1    2.18
49    1    -0.139    1    1   1    1.38
50    1    -0.134    2    2   0    3.54
-------------------------
Final staircase threshold estimate (mean) is 0.1432
-------------------------
71    1    -0.148    2    2   1    6.05
6    1    -0.148    2    2   1    3.75
4    1    0.143    1    1   1    2.76
28    1    0.000    2    2   0    3.59
94    2    0.143    2    1   1    0.97
132    2    -0.143    2    1   0    3.82
100    2    0.148    2    1   1    2.96
23    1    0.000    1    1   1    2.10
49    1    0.143    2    2   0    3.32
58    1    0.000    2    2   0    2.94
104    2    0.143    2    1   1    2.78
114    2    0.143    2    1   1    3.36
138    2    0.000    2    1   1    2.05
20    1    0.148    2    2   0    2.80
2    1    -0.143    2    2   1    1.67
130    2    0.148    2    1   1    0.96
87    2    -0.143    2    1   0    2.65
113    2    0.000    1    2   0    1.43
84    2    0.143    2    1   1    3.77
128    2    0.000    1    2   0    2.20
11    1    -0.148    2    2   1    1.66
8    1    0.000    1    1   1    2.54
88    2    0.000    2    1   1    2.49
125    2    0.148    1    2   0    2.63
63    1    0.000    2    2   0    2.09
22    1    -0.143    2    2   1    2.77
10    1    0.148    2    2   0    3.44
68    1    0.000    2    2   0    1.66
52    1    -0.143    2    2   1    1.85
119    2    0.143    1    2   0    2.19
54    1    0.143    1    1   1    4.97
70    1    0.148    2    2   0    1.71
7    1    -0.143    2    2   1    2.22
120    2    0.148    1    2   0    1.66
89    2    0.143    1    2   0    1.97
33    1    0.000    1    1   1    2.34
5    1    0.148    1    1   1    5.28
15    1    0.148    2    2   0    2.94
141    2    -0.148    2    1   0    2.56
35    1    0.148    2    2   0    3.49
135    2    0.148    1    2   0    2.77
148    2    0.000    2    1   1    3.16
61    1    -0.148    1    1   0    3.43
62    1    -0.143    2    2   1    2.94
93    2    0.000    1    2   0    2.98
19    1    0.143    2    2   0    2.31
9    1    0.143    2    2   0    2.27
124    2    0.143    1    2   0    3.39
60    1    0.148    2    2   0    1.46
146    2    -0.148    2    1   0    4.21
96    2    -0.148    1    2   1    2.85
116    2    -0.148    2    1   0    1.68
77    2    -0.143    2    1   0    2.53
72    1    -0.143    2    2   1    3.79
40    1    0.148    2    2   0    2.25
55    1    0.148    2    2   0    1.82
45    1    0.148    2    2   0    1.57
53    1    0.000    2    2   0    2.48
121    2    -0.148    2    1   0    2.21
86    2    -0.148    2    1   0    2.27
69    1    0.143    1    1   1    1.98
36    1    -0.148    2    2   1    1.17
111    2    -0.148    2    1   0    3.20
127    2    -0.143    2    1   0    3.37
17    1    -0.143    1    1   0    3.70
123    2    0.000    1    2   0    3.33
99    2    0.143    1    2   0    1.46
3    1    0.000    1    1   1    2.51
126    2    -0.148    2    1   0    1.75
39    1    0.143    1    1   1    2.27
56    1    -0.148    2    2   1    2.52
25    1    0.148    2    2   0    3.91
91    2    -0.148    2    1   0    3.95
129    2    0.143    2    1   1    1.76
21    1    -0.148    2    2   1    1.46
76    2    -0.148    2    1   0    2.34
47    1    -0.143    2    2   1    1.76
136    2    -0.148    2    1   0    2.86
105    2    0.148    1    2   0    2.32
16    1    -0.148    1    1   0    3.30
139    2    0.143    2    1   1    1.71
78    2    0.000    1    2   0    4.23
85    2    0.148    1    2   0    1.92
145    2    0.148    2    1   1    3.23
18    1    0.000    1    1   1    1.96
95    2    0.148    1    2   0    1.81
50    1    0.148    2    2   0    2.13
75    2    0.148    1    2   0    2.13
57    1    -0.143    2    2   1    1.69
32    1    -0.143    1    1   0    4.07
59    1    0.143    2    2   0    1.26
137    2    -0.143    2    1   0    1.72
133    2    0.000    2    1   1    3.81
81    2    -0.148    1    2   1    2.57
112    2    -0.143    1    2   1    1.79
106    2    -0.148    1    2   1    3.94
44    1    0.143    2    2   0    3.25
117    2    -0.143    1    2   1    3.80
12    1    -0.143    2    2   1    1.31
41    1    -0.148    1    1   0    2.07
131    2    -0.148    1    2   1    1.17
150    2    0.148    1    2   0    1.65
74    1    0.143    2    2   0    1.97
140    2    0.148    1    2   0    1.14
31    1    -0.148    1    1   0    3.34
83    2    0.000    2    1   1    2.70
109    2    0.143    1    2   0    2.91
101    2    -0.148    1    2   1    2.78
90    2    0.148    1    2   0    2.39
29    1    0.143    1    1   1    2.91
107    2    -0.143    1    2   1    2.75
92    2    -0.143    2    1   0    1.87
73    1    0.000    2    2   0    3.35
30    1    0.148    1    1   1    2.73
51    1    -0.148    2    2   1    3.98
108    2    0.000    1    2   0    2.22
110    2    0.148    1    2   0    3.63
67    1    -0.143    2    2   1    2.91
147    2    -0.143    1    2   1    2.92
82    2    -0.143    2    1   0    5.13
79    2    0.143    1    2   0    2.75
80    2    0.148    1    2   0    1.61
27    1    -0.143    1    1   0    3.07
34    1    0.143    2    2   0    1.40
1    1    -0.148    2    2   1    1.47
134    2    0.143    2    1   1    1.52
66    1    -0.148    2    2   1    1.76
142    2    -0.143    2    1   0    2.76
102    2    -0.143    2    1   0    1.82
144    2    0.143    2    1   1    2.73
46    1    -0.148    2    2   1    2.06
38    1    0.000    1    1   1    2.94
37    1    -0.143    2    2   1    2.33
13    1    0.000    2    2   0    3.02
48    1    0.000    2    2   0    2.51
98    2    0.000    2    1   1    2.73
43    1    0.000    2    2   0    1.05
42    1    -0.143    1    1   0    0.87
122    2    -0.143    2    1   0    1.52
65    1    0.148    1    1   1    1.11
14    1    0.143    1    1   1    1.16
97    2    -0.143    1    2   1    0.94
24    1    0.143    2    2   0    0.96
64    1    0.143    2    2   0    1.33
149    2    0.143    2    1   1    1.60
26    1    -0.148    2    2   1    2.49
118    2    0.000    2    1   1    1.32
143    2    0.000    2    1   1    1.45
103    2    0.000    2    1   1    2.15
115    2    0.148    2    1   1    1.93
