--------------------------------
11-Nov-2014 10:22:07 
data from observer A19 
#occlusion2 expt 
reference disparity (degrees) 0.160000 

stim order disp kresp testresp correct time
1    2    -0.074    2    1   1    1.86
2    1    0.069    2    2   1    2.50
3    2    0.065    2    1   0    2.51
4    2    0.074    1    2   1    0.90
5    1    0.074    2    2   1    1.46
6    1    -0.069    2    2   0    1.53
7    1    0.079    2    2   1    0.95
8    1    0.079    2    2   1    0.95
9    2    0.074    2    1   0    1.01
10    2    -0.083    1    2   0    1.03
11    1    -0.092    1    1   1    0.80
12    2    0.092    2    1   0    0.65
13    2    0.102    2    1   0    1.16
14    1    -0.111    1    1   1    1.03
15    2    0.111    2    1   0    0.67
16    1    -0.120    2    2   0    0.90
17    1    0.129    2    2   1    0.83
18    2    -0.129    1    2   0    1.67
19    1    0.139    2    2   1    1.11
20    2    -0.139    1    2   0    1.27
21    1    -0.148    2    2   0    0.89
22    1    -0.148    2    2   0    0.83
23    1    0.148    1    1   0    2.09
24    2    0.148    2    1   0    1.20
25    2    -0.148    1    2   0    1.38
26    1    -0.148    1    1   1    1.39
27    1    -0.148    2    2   0    1.40
28    2    0.148    1    2   1    1.05
29    2    0.148    1    2   1    0.84
30    1    0.143    1    1   0    0.79
31    2    -0.148    1    2   0    0.63
32    1    -0.148    1    1   1    1.17
33    1    -0.148    2    2   0    1.26
34    1    0.148    2    2   1    1.33
35    2    0.148    1    2   1    0.74
36    2    0.143    1    2   1    0.85
37    2    -0.143    1    2   0    1.60
38    2    0.148    1    2   1    1.43
39    2    0.148    1    2   1    1.55
40    2    0.143    2    1   0    2.42
41    2    -0.148    2    1   1    1.42
42    2    0.148    2    1   0    1.22
43    1    -0.148    2    2   0    1.56
44    2    0.148    1    2   1    1.31
45    1    0.148    2    2   1    1.00
46    2    0.143    1    2   1    0.71
47    1    -0.143    1    1   1    0.71
48    1    -0.139    1    1   1    1.59
49    1    0.139    2    2   1    0.55
50    1    0.134    1    1   0    0.61
-------------------------
Final staircase threshold estimate (mean) is 0.1436
-------------------------
63    1    0.000    1    1   1    4.46
141    2    -0.148    2    1   0    1.23
33    1    0.000    1    1   1    0.71
146    2    -0.148    1    2   1    0.61
108    2    0.000    1    2   0    0.74
9    1    0.143    1    1   1    0.47
142    2    -0.143    1    2   1    0.38
58    1    0.000    1    1   1    1.38
23    1    0.000    1    1   1    1.78
8    1    0.000    2    2   0    1.30
93    2    0.000    1    2   0    0.97
129    2    0.143    2    1   1    0.63
81    2    -0.148    1    2   1    0.70
149    2    0.143    1    2   0    2.05
42    1    -0.143    1    1   0    1.16
127    2    -0.143    2    1   0    0.89
78    2    0.000    1    2   0    0.84
70    1    0.148    2    2   0    0.91
64    1    0.143    2    2   0    0.81
143    2    0.000    1    2   0    1.48
77    2    -0.143    1    2   1    0.96
14    1    0.143    1    1   1    0.79
35    1    0.148    2    2   0    2.07
76    2    -0.148    2    1   0    0.78
47    1    -0.143    1    1   0    0.98
144    2    0.143    1    2   0    0.65
41    1    -0.148    2    2   1    0.65
43    1    0.000    2    2   0    0.67
83    2    0.000    1    2   0    0.75
24    1    0.143    2    2   0    0.68
26    1    -0.148    1    1   0    0.61
109    2    0.143    2    1   1    0.57
140    2    0.148    1    2   0    1.03
87    2    -0.143    1    2   1    0.88
52    1    -0.143    2    2   1    1.07
50    1    0.148    2    2   0    1.47
62    1    -0.143    2    2   1    1.14
32    1    -0.143    2    2   1    1.24
150    2    0.148    1    2   0    0.71
19    1    0.143    2    2   0    0.70
100    2    0.148    1    2   0    1.08
7    1    -0.143    1    1   0    1.10
2    1    -0.143    2    2   1    0.82
27    1    -0.143    2    2   1    1.69
98    2    0.000    2    1   1    1.88
75    2    0.148    1    2   0    0.75
30    1    0.148    2    2   0    0.85
69    1    0.143    2    2   0    1.27
38    1    0.000    1    1   1    1.51
123    2    0.000    2    1   1    1.14
29    1    0.143    2    2   0    0.73
122    2    -0.143    1    2   1    0.85
1    1    -0.148    2    2   1    0.68
116    2    -0.148    1    2   1    0.75
22    1    -0.143    1    1   0    1.36
71    1    -0.148    2    2   1    0.75
67    1    -0.143    1    1   0    2.08
18    1    0.000    1    1   1    1.06
117    2    -0.143    2    1   0    1.38
37    1    -0.143    1    1   0    0.81
13    1    0.000    1    1   1    0.77
91    2    -0.148    2    1   0    1.08
11    1    -0.148    1    1   0    0.81
118    2    0.000    1    2   0    1.45
104    2    0.143    1    2   0    0.80
96    2    -0.148    2    1   0    0.71
4    1    0.143    1    1   1    0.81
112    2    -0.143    1    2   1    0.66
128    2    0.000    1    2   0    0.73
105    2    0.148    1    2   0    1.32
137    2    -0.143    1    2   1    0.73
31    1    -0.148    2    2   1    0.82
28    1    0.000    2    2   0    1.04
80    2    0.148    1    2   0    0.92
120    2    0.148    1    2   0    0.92
136    2    -0.148    2    1   0    1.06
147    2    -0.143    2    1   0    1.10
56    1    -0.148    1    1   0    0.74
59    1    0.143    2    2   0    0.62
46    1    -0.148    1    1   0    0.46
85    2    0.148    2    1   1    0.85
55    1    0.148    1    1   1    0.74
89    2    0.143    1    2   0    0.75
15    1    0.148    1    1   1    0.89
74    1    0.143    1    1   1    0.87
125    2    0.148    1    2   0    1.20
86    2    -0.148    2    1   0    0.97
72    1    -0.143    1    1   0    2.06
90    2    0.148    1    2   0    1.05
25    1    0.148    2    2   0    1.20
94    2    0.143    1    2   0    0.68
106    2    -0.148    1    2   1    0.97
99    2    0.143    1    2   0    0.76
60    1    0.148    2    2   0    0.97
145    2    0.148    1    2   0    0.72
44    1    0.143    2    2   0    0.89
73    1    0.000    1    1   1    0.60
10    1    0.148    2    2   0    0.65
97    2    -0.143    1    2   1    0.67
34    1    0.143    2    2   0    0.58
133    2    0.000    1    2   0    0.61
17    1    -0.143    1    1   0    0.59
130    2    0.148    1    2   0    0.39
115    2    0.148    1    2   0    0.35
148    2    0.000    1    2   0    0.30
119    2    0.143    1    2   0    0.87
134    2    0.143    2    1   1    0.70
82    2    -0.143    1    2   1    1.05
131    2    -0.148    2    1   0    1.11
79    2    0.143    1    2   0    0.91
48    1    0.000    1    1   1    1.34
92    2    -0.143    1    2   1    0.87
61    1    -0.148    1    1   0    0.90
39    1    0.143    1    1   1    0.96
40    1    0.148    1    1   1    0.80
126    2    -0.148    1    2   1    0.67
65    1    0.148    2    2   0    0.87
88    2    0.000    2    1   1    0.90
6    1    -0.148    1    1   0    0.86
102    2    -0.143    1    2   1    0.70
101    2    -0.148    1    2   1    0.80
36    1    -0.148    1    1   0    0.72
84    2    0.143    1    2   0    1.27
138    2    0.000    2    1   1    0.71
5    1    0.148    1    1   1    1.16
113    2    0.000    1    2   0    1.07
3    1    0.000    2    2   0    1.01
139    2    0.143    1    2   0    0.71
53    1    0.000    1    1   1    0.72
45    1    0.148    2    2   0    0.92
107    2    -0.143    1    2   1    0.93
20    1    0.148    1    1   1    0.69
135    2    0.148    1    2   0    0.50
54    1    0.143    2    2   0    0.59
95    2    0.148    2    1   1    0.78
51    1    -0.148    1    1   0    2.01
57    1    -0.143    2    2   1    0.65
124    2    0.143    2    1   1    1.07
12    1    -0.143    1    1   0    0.78
49    1    0.143    2    2   0    0.65
132    2    -0.143    2    1   0    0.75
114    2    0.143    2    1   1    0.93
16    1    -0.148    1    1   0    0.77
110    2    0.148    2    1   1    0.84
21    1    -0.148    2    2   1    0.66
111    2    -0.148    1    2   1    0.65
121    2    -0.148    1    2   1    1.01
103    2    0.000    1    2   0    0.94
66    1    -0.148    2    2   1    0.69
68    1    0.000    1    1   1    0.62
