--------------------------------
11-Nov-2014 10:04:52 
data from observer A19 
#occlusion2 expt 
reference disparity (degrees) 0.160000 

stim order disp kresp testresp correct time
1    2    -0.074    2    1   1    5.73
2    1    0.069    1    1   0    3.26
3    1    0.079    2    2   1    2.72
4    1    0.079    2    2   1    3.24
5    1    -0.074    1    1   1    2.70
6    2    0.074    2    1   0    1.93
7    2    0.083    2    1   0    4.50
8    1    0.092    1    1   0    3.68
9    1    0.102    1    1   0    3.17
10    2    0.111    2    1   0    2.87
11    1    -0.120    2    2   0    1.84
12    1    -0.129    2    2   0    3.31
13    1    0.139    2    2   1    1.69
14    2    0.139    2    1   0    3.89
15    2    0.148    1    2   1    2.60
16    2    -0.148    1    2   0    3.51
17    1    -0.148    2    2   0    2.36
18    2    0.148    1    2   1    3.06
19    2    -0.148    1    2   0    1.92
20    2    0.148    2    1   0    1.42
21    2    0.148    1    2   1    4.25
22    2    -0.148    2    1   1    1.80
23    1    0.143    2    2   1    2.59
24    1    -0.143    2    2   0    1.47
25    1    -0.148    1    1   1    2.79
26    1    -0.148    2    2   0    2.77
27    2    -0.148    1    2   0    1.68
28    2    0.148    2    1   0    1.91
29    2    -0.148    1    2   0    3.32
30    1    -0.148    2    2   0    1.79
31    1    -0.148    2    2   0    2.55
32    1    -0.148    2    2   0    1.62
33    2    0.148    1    2   1    2.08
34    2    0.148    2    1   0    1.64
35    1    -0.148    2    2   0    2.56
36    2    0.148    1    2   1    2.20
37    2    0.148    2    1   0    1.86
38    2    0.148    2    1   0    2.80
39    1    0.148    2    2   1    1.83
40    1    -0.148    1    1   1    3.40
41    1    0.143    1    1   0    1.34
42    2    -0.148    1    2   0    1.93
43    1    -0.148    2    2   0    0.77
44    1    -0.148    2    2   0    0.66
45    2    -0.148    1    2   0    0.52
46    2    0.148    2    1   0    1.11
47    1    -0.148    2    2   0    0.97
48    2    -0.148    2    1   1    3.19
49    1    -0.148    2    2   0    1.40
50    1    -0.148    2    2   0    2.44
-------------------------
Final staircase threshold estimate (mean) is 0.1473
-------------------------
96    2    -0.148    2    1   0    6.12
112    2    -0.143    2    1   0    2.73
63    1    0.000    2    2   0    3.83
101    2    -0.148    2    1   0    1.92
105    2    0.148    2    1   1    2.99
51    1    -0.148    2    2   1    1.18
1    1    -0.148    2    2   1    0.75
87    2    -0.143    2    1   0    2.71
15    1    0.148    1    1   1    1.30
56    1    -0.148    2    2   1    1.27
3    1    0.000    2    2   0    1.19
126    2    -0.148    1    2   1    0.98
129    2    0.143    2    1   1    2.83
41    1    -0.148    2    2   1    1.56
46    1    -0.148    2    2   1    2.14
27    1    -0.143    1    1   0    2.51
102    2    -0.143    2    1   0    2.53
94    2    0.143    2    1   1    2.40
14    1    0.143    2    2   0    1.26
133    2    0.000    2    1   1    2.58
2    1    -0.143    2    2   1    0.86
86    2    -0.148    1    2   1    1.49
138    2    0.000    1    2   0    2.27
99    2    0.143    1    2   0    2.17
141    2    -0.148    2    1   0    2.04
95    2    0.148    1    2   0    1.96
45    1    0.148    2    2   0    1.33
77    2    -0.143    1    2   1    1.99
76    2    -0.148    2    1   0    1.52
84    2    0.143    1    2   0    0.81
32    1    -0.143    1    1   0    2.62
90    2    0.148    1    2   0    1.16
28    1    0.000    2    2   0    2.32
108    2    0.000    1    2   0    2.27
118    2    0.000    1    2   0    2.32
149    2    0.143    1    2   0    1.40
127    2    -0.143    2    1   0    2.92
147    2    -0.143    2    1   0    1.79
122    2    -0.143    2    1   0    2.64
40    1    0.148    2    2   0    2.18
17    1    -0.143    1    1   0    2.25
69    1    0.143    2    2   0    1.50
150    2    0.148    1    2   0    1.24
61    1    -0.148    1    1   0    1.20
135    2    0.148    1    2   0    0.81
124    2    0.143    1    2   0    1.88
64    1    0.143    2    2   0    1.46
116    2    -0.148    2    1   0    2.47
113    2    0.000    1    2   0    2.56
26    1    -0.148    1    1   0    2.84
43    1    0.000    2    2   0    2.76
35    1    0.148    2    2   0    1.56
91    2    -0.148    2    1   0    2.64
97    2    -0.143    2    1   0    2.35
75    2    0.148    1    2   0    2.01
60    1    0.148    2    2   0    1.99
134    2    0.143    1    2   0    1.11
74    1    0.143    2    2   0    1.09
5    1    0.148    2    2   0    1.21
146    2    -0.148    2    1   0    2.47
13    1    0.000    1    1   1    1.29
67    1    -0.143    2    2   1    1.19
136    2    -0.148    2    1   0    1.98
23    1    0.000    2    2   0    2.90
98    2    0.000    2    1   1    1.77
106    2    -0.148    2    1   0    1.66
37    1    -0.143    1    1   0    3.07
68    1    0.000    2    2   0    1.54
24    1    0.143    2    2   0    1.35
22    1    -0.143    1    1   0    2.33
36    1    -0.148    1    1   0    1.36
54    1    0.143    2    2   0    1.39
82    2    -0.143    1    2   1    1.48
72    1    -0.143    1    1   0    1.24
80    2    0.148    1    2   0    3.37
20    1    0.148    1    1   1    1.62
130    2    0.148    1    2   0    1.38
52    1    -0.143    1    1   0    1.56
66    1    -0.148    1    1   0    1.15
83    2    0.000    1    2   0    0.55
93    2    0.000    1    2   0    1.17
59    1    0.143    2    2   0    0.90
142    2    -0.143    1    2   1    5.37
148    2    0.000    2    1   1    2.99
8    1    0.000    2    2   0    3.13
119    2    0.143    1    2   0    1.11
34    1    0.143    2    2   0    1.49
137    2    -0.143    2    1   0    1.52
85    2    0.148    1    2   0    1.06
89    2    0.143    1    2   0    1.44
9    1    0.143    2    2   0    1.02
111    2    -0.148    1    2   1    1.20
92    2    -0.143    2    1   0    1.22
117    2    -0.143    2    1   0    1.25
140    2    0.148    1    2   0    0.99
38    1    0.000    2    2   0    2.29
19    1    0.143    2    2   0    1.16
11    1    -0.148    2    2   1    1.48
100    2    0.148    1    2   0    1.00
6    1    -0.148    2    2   1    1.44
18    1    0.000    1    1   1    1.10
115    2    0.148    1    2   0    1.00
123    2    0.000    1    2   0    1.45
88    2    0.000    2    1   1    1.62
29    1    0.143    2    2   0    1.47
145    2    0.148    1    2   0    0.84
7    1    -0.143    1    1   0    1.69
16    1    -0.148    1    1   0    1.29
21    1    -0.148    1    1   0    3.05
62    1    -0.143    1    1   0    1.42
79    2    0.143    1    2   0    1.97
132    2    -0.143    1    2   1    2.10
4    1    0.143    2    2   0    1.03
39    1    0.143    2    2   0    2.52
33    1    0.000    2    2   0    0.90
44    1    0.143    2    2   0    1.44
144    2    0.143    2    1   1    2.21
131    2    -0.148    2    1   0    2.80
128    2    0.000    2    1   1    1.72
110    2    0.148    1    2   0    0.95
42    1    -0.143    2    2   1    0.96
81    2    -0.148    1    2   1    1.22
78    2    0.000    2    1   1    0.89
109    2    0.143    1    2   0    0.86
30    1    0.148    2    2   0    1.51
121    2    -0.148    1    2   1    1.00
107    2    -0.143    1    2   1    1.84
50    1    0.148    2    2   0    1.63
55    1    0.148    2    2   0    1.57
12    1    -0.143    2    2   1    2.18
48    1    0.000    2    2   0    0.67
10    1    0.148    1    1   1    0.62
114    2    0.143    1    2   0    1.83
47    1    -0.143    1    1   0    1.98
139    2    0.143    1    2   0    1.85
65    1    0.148    2    2   0    2.49
58    1    0.000    2    2   0    1.92
143    2    0.000    1    2   0    0.84
25    1    0.148    1    1   1    1.03
70    1    0.148    1    1   1    1.80
103    2    0.000    1    2   0    0.36
31    1    -0.148    1    1   0    1.13
104    2    0.143    1    2   0    1.44
120    2    0.148    1    2   0    1.24
71    1    -0.148    1    1   0    1.08
125    2    0.148    1    2   0    1.26
57    1    -0.143    1    1   0    3.28
73    1    0.000    1    1   1    1.23
53    1    0.000    2    2   0    2.29
49    1    0.143    2    2   0    1.65
