--------------------------------
11-Nov-2014 15:13:49 
data from observer A19 
#occlusion2 expt 
reference disparity (degrees) 0.160000 

stim order disp kresp testresp correct time
1    1    0.074    1    1   1    1.27
2    2    -0.069    1    2   1    3.55
3    2    -0.065    1    2   1    1.65
4    1    0.060    1    1   1    1.09
5    1    -0.055    1    1   0    0.81
6    2    0.065    1    2   0    1.24
7    1    -0.074    1    1   0    0.86
8    1    -0.083    1    1   0    1.85
9    1    0.092    2    2   0    2.65
10    1    0.102    2    2   0    1.28
11    2    0.111    2    1   1    2.60
12    1    0.111    2    2   0    1.24
13    2    0.120    2    1   1    3.10
14    1    0.120    2    2   0    1.34
15    2    -0.129    2    1   0    1.51
16    1    -0.139    1    1   0    0.94
17    1    -0.148    2    2   1    2.98
18    2    0.148    2    1   1    1.22
19    1    0.143    2    2   0    0.82
20    1    -0.148    2    2   1    0.87
21    1    0.148    2    2   0    0.78
22    2    -0.148    2    1   0    0.50
23    1    0.148    2    2   0    0.65
24    1    0.148    2    2   0    0.57
25    1    -0.148    2    2   1    0.49
26    1    -0.148    2    2   1    0.59
27    2    0.143    2    1   1    0.54
28    2    -0.143    2    1   0    3.04
29    1    -0.148    1    1   0    1.76
30    2    -0.148    2    1   0    1.13
31    1    0.148    2    2   0    1.70
32    2    -0.148    1    2   1    5.21
33    2    0.148    2    1   1    1.10
34    1    -0.143    1    1   0    1.32
35    1    -0.148    2    2   1    0.75
36    2    -0.148    2    1   0    1.91
37    1    0.148    1    1   1    2.42
38    2    -0.148    1    2   1    1.68
39    2    0.143    2    1   1    0.81
40    1    -0.143    2    2   1    0.99
41    2    -0.139    1    2   1    0.76
42    2    0.139    1    2   0    1.52
43    1    0.148    2    2   0    1.09
44    1    0.148    2    2   0    1.67
45    1    -0.148    2    2   1    1.85
46    1    -0.148    2    2   1    3.08
47    2    -0.143    1    2   1    1.76
48    2    -0.143    2    1   0    2.17
49    1    0.148    1    1   1    1.15
50    2    -0.148    1    2   1    1.51
-------------------------
Final staircase threshold estimate (mean) is 0.1450
-------------------------
94    2    0.143    2    1   1    4.43
54    1    0.143    1    1   1    0.78
143    2    0.000    2    1   1    1.13
45    1    0.148    1    1   1    0.96
8    1    0.000    1    1   1    0.64
55    1    0.148    1    1   1    0.54
50    1    0.148    1    1   1    0.52
48    1    0.000    1    1   1    0.56
51    1    -0.148    2    2   1    3.66
119    2    0.143    2    1   1    3.90
44    1    0.143    2    2   0    0.79
138    2    0.000    2    1   1    3.40
25    1    0.148    1    1   1    0.91
36    1    -0.148    2    2   1    1.68
84    2    0.143    1    2   0    1.68
82    2    -0.143    1    2   1    0.85
6    1    -0.148    2    2   1    2.03
60    1    0.148    1    1   1    2.03
122    2    -0.143    1    2   1    1.41
139    2    0.143    1    2   0    1.34
112    2    -0.143    2    1   0    1.05
57    1    -0.143    2    2   1    1.66
147    2    -0.143    1    2   1    0.85
102    2    -0.143    1    2   1    1.36
75    2    0.148    2    1   1    1.79
116    2    -0.148    1    2   1    0.69
132    2    -0.143    1    2   1    0.78
81    2    -0.148    1    2   1    1.10
18    1    0.000    1    1   1    1.53
95    2    0.148    1    2   0    1.03
85    2    0.148    1    2   0    0.78
117    2    -0.143    1    2   1    0.83
23    1    0.000    1    1   1    0.69
31    1    -0.148    2    2   1    1.35
5    1    0.148    1    1   1    0.47
56    1    -0.148    2    2   1    1.26
120    2    0.148    1    2   0    0.48
37    1    -0.143    1    1   0    0.52
77    2    -0.143    1    2   1    0.49
17    1    -0.143    1    1   0    0.67
150    2    0.148    1    2   0    0.53
79    2    0.143    1    2   0    0.43
126    2    -0.148    1    2   1    0.65
47    1    -0.143    1    1   0    0.40
22    1    -0.143    1    1   0    0.38
114    2    0.143    1    2   0    0.37
24    1    0.143    1    1   1    0.29
78    2    0.000    1    2   0    1.40
111    2    -0.148    1    2   1    0.97
27    1    -0.143    2    2   1    0.80
104    2    0.143    2    1   1    2.66
98    2    0.000    1    2   0    1.60
2    1    -0.143    1    1   0    1.97
3    1    0.000    2    2   0    1.77
1    1    -0.148    2    2   1    1.67
29    1    0.143    1    1   1    1.35
34    1    0.143    1    1   1    1.71
73    1    0.000    1    1   1    1.08
61    1    -0.148    2    2   1    1.65
131    2    -0.148    1    2   1    0.79
96    2    -0.148    1    2   1    0.94
53    1    0.000    2    2   0    0.99
133    2    0.000    1    2   0    1.05
108    2    0.000    1    2   0    0.88
141    2    -0.148    1    2   1    0.77
59    1    0.143    1    1   1    0.66
146    2    -0.148    1    2   1    0.91
130    2    0.148    1    2   0    0.77
134    2    0.143    1    2   0    0.70
125    2    0.148    1    2   0    0.68
19    1    0.143    1    1   1    0.56
16    1    -0.148    1    1   0    0.56
42    1    -0.143    1    1   0    0.60
103    2    0.000    1    2   0    0.81
67    1    -0.143    2    2   1    0.78
39    1    0.143    1    1   1    0.73
113    2    0.000    1    2   0    0.86
118    2    0.000    1    2   0    0.75
68    1    0.000    1    1   1    0.61
93    2    0.000    1    2   0    0.62
142    2    -0.143    1    2   1    0.73
97    2    -0.143    1    2   1    1.35
15    1    0.148    2    2   0    1.49
63    1    0.000    1    1   1    0.72
52    1    -0.143    2    2   1    1.12
140    2    0.148    1    2   0    0.66
144    2    0.143    1    2   0    0.60
100    2    0.148    1    2   0    0.60
66    1    -0.148    1    1   0    0.95
35    1    0.148    1    1   1    0.71
38    1    0.000    1    1   1    0.62
71    1    -0.148    1    1   0    0.34
89    2    0.143    1    2   0    0.63
69    1    0.143    1    1   1    0.64
86    2    -0.148    1    2   1    0.60
123    2    0.000    1    2   0    0.56
13    1    0.000    1    1   1    3.00
137    2    -0.143    1    2   1    0.80
145    2    0.148    1    2   0    1.05
58    1    0.000    1    1   1    0.59
26    1    -0.148    2    2   1    0.86
121    2    -0.148    1    2   1    0.60
43    1    0.000    1    1   1    1.49
129    2    0.143    2    1   1    1.47
74    1    0.143    1    1   1    0.71
99    2    0.143    1    2   0    0.58
41    1    -0.148    2    2   1    1.10
91    2    -0.148    1    2   1    0.88
83    2    0.000    2    1   1    1.05
87    2    -0.143    1    2   1    0.57
20    1    0.148    2    2   0    1.14
136    2    -0.148    1    2   1    1.68
72    1    -0.143    2    2   1    0.95
64    1    0.143    1    1   1    1.02
109    2    0.143    1    2   0    0.75
46    1    -0.148    2    2   1    1.09
148    2    0.000    1    2   0    0.61
127    2    -0.143    1    2   1    1.26
70    1    0.148    1    1   1    0.76
12    1    -0.143    1    1   0    1.38
101    2    -0.148    1    2   1    0.88
92    2    -0.143    1    2   1    1.50
149    2    0.143    1    2   0    1.03
32    1    -0.143    2    2   1    3.06
7    1    -0.143    2    2   1    1.91
10    1    0.148    1    1   1    1.30
115    2    0.148    2    1   1    2.88
33    1    0.000    1    1   1    0.69
135    2    0.148    2    1   1    0.94
90    2    0.148    2    1   1    1.39
76    2    -0.148    1    2   1    0.93
28    1    0.000    1    1   1    0.86
124    2    0.143    2    1   1    1.12
88    2    0.000    2    1   1    0.68
30    1    0.148    2    2   0    0.65
107    2    -0.143    1    2   1    0.55
62    1    -0.143    2    2   1    1.03
110    2    0.148    1    2   0    0.73
40    1    0.148    2    2   0    1.44
49    1    0.143    1    1   1    1.05
106    2    -0.148    1    2   1    0.81
128    2    0.000    2    1   1    0.85
9    1    0.143    2    2   0    0.69
11    1    -0.148    1    1   0    0.58
80    2    0.148    1    2   0    0.83
4    1    0.143    1    1   1    0.46
105    2    0.148    1    2   0    0.39
65    1    0.148    1    1   1    0.43
21    1    -0.148    1    1   0    0.36
14    1    0.143    1    1   1    0.35
