--------------------------------
11-Nov-2014 10:14:36 
data from observer A19 
#occlusion2 expt 
reference disparity (degrees) 0.160000 

stim order disp kresp testresp correct time
1    2    -0.074    2    1   1    2.53
2    1    -0.069    2    2   0    1.45
3    2    0.079    2    1   0    1.24
4    2    0.088    1    2   1    0.93
5    2    0.088    2    1   0    2.71
6    2    -0.097    1    2   0    1.15
7    2    0.106    2    1   0    1.20
8    1    0.115    2    2   1    1.20
9    2    -0.115    1    2   0    1.62
10    2    0.125    1    2   1    0.90
11    1    -0.125    1    1   1    1.69
12    2    -0.120    2    1   1    1.03
13    2    0.120    1    2   1    0.81
14    2    0.115    1    2   1    1.51
15    2    0.115    2    1   0    1.30
16    1    -0.125    1    1   1    0.74
17    2    0.125    1    2   1    1.52
18    1    0.120    1    1   0    1.05
19    1    0.129    1    1   0    1.60
20    1    0.139    2    2   1    1.67
21    1    -0.139    1    1   1    1.00
22    2    -0.134    1    2   0    0.75
23    2    0.143    1    2   1    1.18
24    2    0.143    1    2   1    1.57
25    1    -0.139    1    1   1    1.07
26    2    -0.139    2    1   1    0.94
27    2    0.134    1    2   1    1.34
28    2    0.134    1    2   1    1.10
29    1    -0.129    1    1   1    1.59
30    2    0.129    1    2   1    1.19
31    2    0.125    1    2   1    2.32
32    2    -0.125    2    1   1    2.56
33    2    -0.120    2    1   1    1.75
34    2    -0.120    2    1   1    1.50
35    2    -0.115    2    1   1    1.61
36    2    0.115    1    2   1    0.78
37    1    0.111    2    2   1    0.86
38    1    0.111    1    1   0    1.01
39    2    -0.120    2    1   1    2.48
40    1    -0.120    1    1   1    1.98
41    2    -0.115    2    1   1    1.89
42    1    -0.115    1    1   1    1.34
43    1    0.111    1    1   0    1.07
44    2    0.120    1    2   1    1.48
45    2    -0.120    1    2   0    1.41
46    2    0.129    1    2   1    0.91
47    1    0.129    1    1   0    1.36
48    2    -0.139    2    1   1    1.48
49    1    0.139    2    2   1    1.16
50    2    -0.134    1    2   0    1.28
-------------------------
Final staircase threshold estimate (mean) is 0.1251
-------------------------
149    2    0.125    2    1   1    4.22
143    2    0.000    2    1   1    1.73
107    2    -0.125    2    1   0    1.95
7    1    -0.125    2    2   1    1.30
61    1    -0.148    2    2   1    1.16
59    1    0.125    2    2   0    1.84
37    1    -0.125    1    1   0    2.13
101    2    -0.148    2    1   0    1.61
80    2    0.148    1    2   0    1.05
125    2    0.148    1    2   0    2.36
76    2    -0.148    2    1   0    1.53
121    2    -0.148    2    1   0    3.59
17    1    -0.125    1    1   0    5.75
89    2    0.125    1    2   0    1.44
31    1    -0.148    1    1   0    1.60
23    1    0.000    2    2   0    0.86
96    2    -0.148    2    1   0    1.05
35    1    0.148    2    2   0    1.64
10    1    0.148    2    2   0    1.16
118    2    0.000    1    2   0    0.94
111    2    -0.148    2    1   0    0.96
64    1    0.125    2    2   0    0.75
66    1    -0.148    2    2   1    0.83
50    1    0.148    2    2   0    0.69
128    2    0.000    1    2   0    1.06
4    1    0.125    2    2   0    1.11
106    2    -0.148    2    1   0    0.83
78    2    0.000    2    1   1    1.30
60    1    0.148    2    2   0    1.65
1    1    -0.148    1    1   0    1.78
99    2    0.125    2    1   1    0.98
57    1    -0.125    2    2   1    1.58
72    1    -0.125    2    2   1    2.13
141    2    -0.148    2    1   0    1.25
41    1    -0.148    1    1   0    2.63
79    2    0.125    2    1   1    2.90
69    1    0.125    2    2   0    2.00
126    2    -0.148    2    1   0    1.53
40    1    0.148    2    2   0    0.64
54    1    0.125    2    2   0    0.54
18    1    0.000    2    2   0    0.88
36    1    -0.148    2    2   1    0.61
110    2    0.148    2    1   1    0.54
134    2    0.125    2    1   1    0.56
42    1    -0.125    2    2   1    0.76
135    2    0.148    2    1   1    0.56
90    2    0.148    2    1   1    0.64
144    2    0.125    2    1   1    0.80
146    2    -0.148    2    1   0    0.89
71    1    -0.148    2    2   1    0.81
27    1    -0.125    2    2   1    0.58
88    2    0.000    2    1   1    0.58
83    2    0.000    2    1   1    0.75
77    2    -0.125    2    1   0    0.84
112    2    -0.125    2    1   0    1.06
133    2    0.000    2    1   1    0.85
46    1    -0.148    2    2   1    1.10
52    1    -0.125    2    2   1    1.23
130    2    0.148    2    1   1    0.85
87    2    -0.125    2    1   0    1.59
65    1    0.148    2    2   0    0.68
16    1    -0.148    2    2   1    1.10
105    2    0.148    1    2   0    1.73
138    2    0.000    2    1   1    2.07
148    2    0.000    2    1   1    1.67
43    1    0.000    1    1   1    1.72
139    2    0.125    1    2   0    1.29
137    2    -0.125    2    1   0    1.63
92    2    -0.125    2    1   0    0.80
97    2    -0.125    2    1   0    1.12
26    1    -0.148    1    1   0    1.15
28    1    0.000    1    1   1    1.63
120    2    0.148    1    2   0    0.81
2    1    -0.125    1    1   0    0.60
8    1    0.000    2    2   0    1.31
123    2    0.000    1    2   0    0.57
14    1    0.125    2    2   0    0.67
104    2    0.125    1    2   0    0.84
38    1    0.000    1    1   1    1.50
45    1    0.148    2    2   0    0.60
94    2    0.125    1    2   0    0.73
56    1    -0.148    1    1   0    0.83
91    2    -0.148    2    1   0    0.51
19    1    0.125    2    2   0    0.65
15    1    0.148    2    2   0    0.67
67    1    -0.125    1    1   0    0.65
102    2    -0.125    2    1   0    0.46
98    2    0.000    1    2   0    1.49
33    1    0.000    2    2   0    0.98
13    1    0.000    1    1   1    0.76
150    2    0.148    1    2   0    0.79
25    1    0.148    2    2   0    0.64
100    2    0.148    1    2   0    0.62
51    1    -0.148    1    1   0    0.62
147    2    -0.125    1    2   1    1.26
86    2    -0.148    1    2   1    0.75
75    2    0.148    1    2   0    0.56
49    1    0.125    2    2   0    1.54
20    1    0.148    2    2   0    0.60
12    1    -0.125    1    1   0    0.51
129    2    0.125    1    2   0    0.46
93    2    0.000    1    2   0    0.35
119    2    0.125    1    2   0    0.45
127    2    -0.125    1    2   1    0.44
132    2    -0.125    1    2   1    0.46
24    1    0.125    1    1   1    0.42
115    2    0.148    1    2   0    0.45
73    1    0.000    1    1   1    0.56
29    1    0.125    1    1   1    1.18
58    1    0.000    1    1   1    1.42
6    1    -0.148    1    1   0    0.95
55    1    0.148    2    2   0    0.89
5    1    0.148    2    2   0    1.00
44    1    0.125    2    2   0    0.94
11    1    -0.148    1    1   0    0.75
85    2    0.148    1    2   0    0.55
108    2    0.000    2    1   1    0.92
131    2    -0.148    1    2   1    0.74
145    2    0.148    1    2   0    1.03
39    1    0.125    2    2   0    1.63
124    2    0.125    1    2   0    0.81
82    2    -0.125    2    1   0    0.68
109    2    0.125    1    2   0    0.64
32    1    -0.125    1    1   0    0.50
95    2    0.148    1    2   0    0.58
113    2    0.000    1    2   0    0.50
84    2    0.125    1    2   0    0.45
3    1    0.000    1    1   1    0.31
63    1    0.000    1    1   1    0.36
114    2    0.125    1    2   0    0.54
103    2    0.000    1    2   0    0.69
142    2    -0.125    1    2   1    1.03
62    1    -0.125    1    1   0    0.80
122    2    -0.125    1    2   1    1.34
81    2    -0.148    2    1   0    2.38
47    1    -0.125    1    1   0    0.61
34    1    0.125    2    2   0    0.92
136    2    -0.148    1    2   1    1.18
21    1    -0.148    1    1   0    0.69
117    2    -0.125    2    1   0    0.92
140    2    0.148    1    2   0    0.82
68    1    0.000    1    1   1    1.40
30    1    0.148    1    1   1    1.14
116    2    -0.148    1    2   1    0.78
48    1    0.000    1    1   1    0.52
9    1    0.125    2    2   0    1.04
74    1    0.125    1    1   1    0.56
22    1    -0.125    1    1   0    0.72
70    1    0.148    2    2   0    0.77
53    1    0.000    1    1   1    0.51
