--------------------------------
11-Nov-2014 15:20:59 
data from observer A19 
#occlusion2 expt 
reference disparity (degrees) 0.160000 

stim order disp kresp testresp correct time
1    2    0.074    2    1   1    3.62
2    1    -0.069    1    1   0    1.38
3    2    0.079    2    1   1    0.98
4    2    -0.079    1    2   1    0.64
5    1    -0.074    1    1   0    0.70
6    2    -0.083    1    2   1    0.57
7    1    0.083    1    1   1    0.66
8    2    -0.079    1    2   1    0.50
9    1    -0.079    2    2   1    1.04
10    1    0.074    2    2   0    0.87
11    1    -0.083    2    2   1    0.55
12    2    -0.083    2    1   0    0.63
13    2    0.092    2    1   1    1.22
14    1    0.092    2    2   0    0.77
15    2    -0.102    1    2   1    0.78
16    1    -0.102    2    2   1    0.98
17    2    0.097    1    2   0    0.96
18    2    0.106    2    1   1    0.95
19    2    0.106    1    2   0    0.53
20    1    -0.115    1    1   0    0.54
21    2    0.125    1    2   0    0.52
22    1    0.134    1    1   1    0.90
23    1    0.134    2    2   0    1.61
24    2    0.143    1    2   0    0.94
25    1    0.148    2    2   0    1.32
26    2    0.148    1    2   0    0.71
27    1    0.148    2    2   0    1.16
28    1    -0.148    1    1   0    1.01
29    1    0.148    2    2   0    1.51
30    1    0.148    2    2   0    0.91
31    2    0.148    1    2   0    1.09
32    2    0.148    1    2   0    0.81
33    2    -0.148    1    2   1    2.78
34    2    0.148    1    2   0    0.67
35    2    -0.148    1    2   1    0.86
36    1    0.148    2    2   0    1.50
37    1    -0.148    1    1   0    0.92
38    1    0.148    1    1   1    0.66
39    1    -0.148    1    1   0    0.75
40    1    -0.148    1    1   0    0.53
41    2    -0.148    1    2   1    0.68
42    1    -0.148    2    2   1    1.34
43    1    0.143    2    2   0    0.95
44    2    -0.148    1    2   1    0.74
45    1    -0.148    2    2   1    1.03
46    1    0.143    2    2   0    1.16
47    1    -0.148    1    1   0    0.80
48    2    0.148    1    2   0    1.98
49    1    0.148    2    2   0    0.74
50    2    0.148    1    2   0    0.80
-------------------------
Final staircase threshold estimate (mean) is 0.1468
-------------------------
124    2    0.143    1    2   0    4.00
109    2    0.143    1    2   0    0.93
104    2    0.143    1    2   0    1.08
52    1    -0.143    2    2   1    2.32
108    2    0.000    1    2   0    1.22
23    1    0.000    1    1   1    0.98
36    1    -0.148    2    2   1    1.48
3    1    0.000    1    1   1    1.64
83    2    0.000    1    2   0    1.16
1    1    -0.148    2    2   1    0.72
102    2    -0.143    2    1   0    2.00
60    1    0.148    1    1   1    0.89
86    2    -0.148    1    2   1    0.91
133    2    0.000    2    1   1    1.84
125    2    0.148    1    2   0    1.41
77    2    -0.143    1    2   1    1.06
6    1    -0.148    2    2   1    1.33
69    1    0.143    1    1   1    0.66
115    2    0.148    1    2   0    0.68
53    1    0.000    1    1   1    0.80
92    2    -0.143    1    2   1    0.57
51    1    -0.148    1    1   0    0.81
7    1    -0.143    2    2   1    0.93
34    1    0.143    1    1   1    0.64
41    1    -0.148    1    1   0    0.78
68    1    0.000    1    1   1    0.52
66    1    -0.148    2    2   1    1.11
111    2    -0.148    1    2   1    0.50
93    2    0.000    1    2   0    0.69
9    1    0.143    1    1   1    0.61
54    1    0.143    2    2   0    0.70
8    1    0.000    1    1   1    0.51
132    2    -0.143    1    2   1    0.49
88    2    0.000    1    2   0    0.47
18    1    0.000    2    2   0    0.94
63    1    0.000    1    1   1    0.40
22    1    -0.143    1    1   0    0.45
78    2    0.000    2    1   1    2.08
73    1    0.000    1    1   1    0.53
2    1    -0.143    2    2   1    1.03
118    2    0.000    1    2   0    0.74
90    2    0.148    2    1   1    0.80
74    1    0.143    1    1   1    1.09
70    1    0.148    1    1   1    1.62
47    1    -0.143    2    2   1    0.65
35    1    0.148    1    1   1    0.90
16    1    -0.148    2    2   1    0.82
12    1    -0.143    1    1   0    0.66
71    1    -0.148    2    2   1    0.69
42    1    -0.143    2    2   1    0.95
97    2    -0.143    2    1   0    0.70
119    2    0.143    2    1   1    0.49
87    2    -0.143    2    1   0    0.93
113    2    0.000    1    2   0    0.78
130    2    0.148    2    1   1    0.64
13    1    0.000    2    2   0    0.72
20    1    0.148    2    2   0    0.97
96    2    -0.148    2    1   0    0.58
72    1    -0.143    2    2   1    0.56
103    2    0.000    2    1   1    0.39
121    2    -0.148    2    1   0    0.42
5    1    0.148    2    2   0    0.33
89    2    0.143    2    1   1    0.35
55    1    0.148    2    2   0    0.38
117    2    -0.143    1    2   1    1.71
146    2    -0.148    2    1   0    0.51
44    1    0.143    2    2   0    1.15
126    2    -0.148    1    2   1    1.26
114    2    0.143    2    1   1    0.71
48    1    0.000    1    1   1    0.72
120    2    0.148    1    2   0    1.66
142    2    -0.143    2    1   0    0.57
25    1    0.148    1    1   1    0.72
56    1    -0.148    2    2   1    0.64
15    1    0.148    2    2   0    0.86
139    2    0.143    2    1   1    2.72
82    2    -0.143    2    1   0    0.73
107    2    -0.143    2    1   0    0.73
43    1    0.000    2    2   0    0.65
14    1    0.143    2    2   0    0.55
50    1    0.148    1    1   1    0.62
79    2    0.143    1    2   0    0.47
27    1    -0.143    2    2   1    1.08
95    2    0.148    2    1   1    0.63
129    2    0.143    2    1   1    1.05
61    1    -0.148    2    2   1    0.70
98    2    0.000    2    1   1    0.43
84    2    0.143    2    1   1    1.15
26    1    -0.148    2    2   1    0.62
49    1    0.143    2    2   0    0.59
123    2    0.000    2    1   1    0.57
21    1    -0.148    2    2   1    0.61
37    1    -0.143    2    2   1    0.63
122    2    -0.143    1    2   1    0.89
105    2    0.148    2    1   1    0.63
58    1    0.000    2    2   0    0.56
75    2    0.148    2    1   1    0.67
134    2    0.143    2    1   1    0.84
30    1    0.148    2    2   0    0.62
39    1    0.143    1    1   1    0.94
100    2    0.148    2    1   1    0.60
99    2    0.143    2    1   1    0.56
67    1    -0.143    2    2   1    0.84
40    1    0.148    2    2   0    0.35
28    1    0.000    2    2   0    0.37
147    2    -0.143    2    1   0    0.56
33    1    0.000    2    2   0    0.59
11    1    -0.148    2    2   1    1.59
135    2    0.148    2    1   1    1.20
137    2    -0.143    2    1   0    0.64
127    2    -0.143    2    1   0    0.65
106    2    -0.148    2    1   0    0.70
116    2    -0.148    2    1   0    0.44
81    2    -0.148    2    1   0    0.51
149    2    0.143    2    1   1    0.70
46    1    -0.148    2    2   1    0.83
128    2    0.000    1    2   0    0.62
112    2    -0.143    2    1   0    1.99
80    2    0.148    1    2   0    0.90
45    1    0.148    2    2   0    1.04
143    2    0.000    2    1   1    1.02
85    2    0.148    2    1   1    0.95
17    1    -0.143    2    2   1    0.58
31    1    -0.148    2    2   1    0.74
4    1    0.143    2    2   0    0.91
10    1    0.148    1    1   1    0.80
131    2    -0.148    1    2   1    0.75
94    2    0.143    1    2   0    1.00
144    2    0.143    2    1   1    0.88
136    2    -0.148    1    2   1    0.70
65    1    0.148    1    1   1    0.61
150    2    0.148    2    1   1    0.48
145    2    0.148    2    1   1    0.52
19    1    0.143    2    2   0    0.41
148    2    0.000    2    1   1    0.98
24    1    0.143    2    2   0    0.40
76    2    -0.148    2    1   0    0.48
138    2    0.000    2    1   1    0.96
64    1    0.143    2    2   0    0.61
101    2    -0.148    2    1   0    0.35
38    1    0.000    2    2   0    1.00
140    2    0.148    2    1   1    0.51
62    1    -0.143    2    2   1    0.66
91    2    -0.148    2    1   0    0.59
141    2    -0.148    2    1   0    1.81
59    1    0.143    2    2   0    0.94
29    1    0.143    2    2   0    0.53
110    2    0.148    2    1   1    0.72
57    1    -0.143    2    2   1    0.59
32    1    -0.143    2    2   1    0.53
