--------------------------------
11-Nov-2014 14:59:39 
data from observer A19 
#occlusion2 expt 
reference disparity (degrees) 0.160000 

stim order disp kresp testresp correct time
1    2    0.074    2    1   1    1.20
2    1    0.069    2    2   0    1.89
3    2    0.079    2    1   1    1.08
4    1    -0.079    1    1   0    1.18
5    1    -0.088    2    2   1    2.44
6    2    -0.088    2    1   0    3.32
7    1    -0.097    1    1   0    1.25
8    2    -0.106    2    1   0    1.64
9    2    0.115    1    2   0    0.92
10    2    0.125    2    1   1    0.82
11    2    0.125    2    1   1    1.95
12    1    0.120    1    1   1    0.63
13    2    0.120    2    1   1    4.35
14    1    -0.115    2    2   1    3.00
15    1    -0.115    2    2   1    0.00
16    1    -0.111    1    1   0    1.07
17    1    0.120    1    1   1    2.22
18    2    0.120    1    2   0    0.74
19    1    -0.129    1    1   0    1.38
20    1    -0.139    2    2   1    3.62
21    1    0.139    1    1   1    1.20
22    2    -0.134    1    2   1    1.39
23    1    0.134    1    1   1    0.79
24    1    -0.129    1    1   0    0.76
25    2    -0.139    2    1   0    1.15
26    2    0.148    1    2   0    0.64
27    2    0.148    1    2   0    1.56
28    1    -0.148    1    1   0    1.21
29    1    0.148    1    1   1    0.51
30    2    0.148    1    2   0    0.78
31    1    -0.148    1    1   0    0.67
32    2    -0.148    1    2   1    1.09
33    1    0.148    1    1   1    1.80
34    1    -0.143    1    1   0    0.53
35    1    0.148    2    2   0    1.84
36    2    -0.148    2    1   0    1.93
37    1    -0.148    1    1   0    1.17
38    1    0.148    1    1   1    1.17
39    1    0.148    2    2   0    2.35
40    1    -0.148    2    2   1    1.94
41    1    0.148    1    1   1    2.10
42    2    -0.143    2    1   0    2.72
43    2    -0.148    2    1   0    2.01
44    1    -0.148    2    2   1    1.12
45    1    0.148    1    1   1    0.89
46    2    0.143    2    1   1    0.74
47    1    0.143    1    1   1    0.73
48    2    0.139    1    2   0    2.74
49    1    0.148    1    1   1    0.91
50    2    0.148    2    1   1    0.93
-------------------------
Final staircase threshold estimate (mean) is 0.1455
-------------------------
79    2    0.143    2    1   1    4.96
33    1    0.000    2    2   0    3.27
55    1    0.148    2    2   0    2.08
108    2    0.000    1    2   0    1.40
10    1    0.148    1    1   1    0.79
100    2    0.148    2    1   1    1.00
57    1    -0.143    1    1   0    1.07
129    2    0.143    2    1   1    1.26
135    2    0.148    1    2   0    1.05
133    2    0.000    1    2   0    1.29
70    1    0.148    1    1   1    0.87
50    1    0.148    1    1   1    0.61
80    2    0.148    2    1   1    1.60
98    2    0.000    1    2   0    0.72
4    1    0.143    2    2   0    1.24
121    2    -0.148    1    2   1    0.80
150    2    0.148    1    2   0    0.97
142    2    -0.143    2    1   0    1.00
147    2    -0.143    1    2   1    2.57
49    1    0.143    1    1   1    1.04
1    1    -0.148    1    1   0    1.06
72    1    -0.143    1    1   0    1.15
125    2    0.148    2    1   1    1.39
2    1    -0.143    2    2   1    1.60
31    1    -0.148    2    2   1    0.73
44    1    0.143    2    2   0    0.91
89    2    0.143    2    1   1    0.94
104    2    0.143    2    1   1    1.99
52    1    -0.143    2    2   1    0.75
40    1    0.148    2    2   0    0.56
43    1    0.000    2    2   0    1.03
62    1    -0.143    2    2   1    1.05
35    1    0.148    2    2   0    1.08
118    2    0.000    2    1   1    0.80
45    1    0.148    2    2   0    0.74
15    1    0.148    1    1   1    0.68
117    2    -0.143    1    2   1    0.65
9    1    0.143    2    2   0    0.72
51    1    -0.148    1    1   0    0.89
87    2    -0.143    2    1   0    0.97
114    2    0.143    2    1   1    0.68
47    1    -0.143    2    2   1    1.23
30    1    0.148    2    2   0    1.37
68    1    0.000    2    2   0    1.35
107    2    -0.143    2    1   0    0.92
93    2    0.000    2    1   1    1.05
92    2    -0.143    2    1   0    1.18
120    2    0.148    2    1   1    1.27
67    1    -0.143    2    2   1    1.79
12    1    -0.143    2    2   1    2.85
86    2    -0.148    1    2   1    1.84
71    1    -0.148    2    2   1    1.03
21    1    -0.148    2    2   1    0.73
58    1    0.000    2    2   0    0.79
6    1    -0.148    2    2   1    1.41
143    2    0.000    2    1   1    1.40
41    1    -0.148    1    1   0    1.41
28    1    0.000    1    1   1    1.47
127    2    -0.143    1    2   1    1.13
32    1    -0.143    2    2   1    0.60
145    2    0.148    2    1   1    0.65
132    2    -0.143    2    1   0    0.92
111    2    -0.148    2    1   0    0.81
81    2    -0.148    2    1   0    0.84
134    2    0.143    2    1   1    1.14
59    1    0.143    2    2   0    0.70
20    1    0.148    2    2   0    0.53
78    2    0.000    2    1   1    0.57
99    2    0.143    2    1   1    0.45
65    1    0.148    2    2   0    0.53
130    2    0.148    2    1   1    0.55
116    2    -0.148    2    1   0    0.63
128    2    0.000    2    1   1    0.76
56    1    -0.148    2    2   1    0.93
97    2    -0.143    2    1   0    2.38
137    2    -0.143    2    1   0    1.01
23    1    0.000    2    2   0    1.02
103    2    0.000    2    1   1    1.10
48    1    0.000    2    2   0    1.08
7    1    -0.143    1    1   0    1.24
69    1    0.143    1    1   1    1.88
140    2    0.148    2    1   1    2.31
61    1    -0.148    2    2   1    1.47
131    2    -0.148    1    2   1    3.90
5    1    0.148    1    1   1    0.78
139    2    0.143    1    2   0    0.40
39    1    0.143    1    1   1    0.77
123    2    0.000    1    2   0    0.68
19    1    0.143    1    1   1    0.73
102    2    -0.143    1    2   1    1.03
13    1    0.000    1    1   1    1.96
75    2    0.148    2    1   1    1.07
36    1    -0.148    2    2   1    0.92
38    1    0.000    1    1   1    1.26
138    2    0.000    1    2   0    0.60
148    2    0.000    1    2   0    1.32
94    2    0.143    2    1   1    1.01
112    2    -0.143    1    2   1    1.24
105    2    0.148    2    1   1    0.79
95    2    0.148    2    1   1    2.10
74    1    0.143    2    2   0    0.67
106    2    -0.148    2    1   0    0.89
8    1    0.000    1    1   1    0.80
101    2    -0.148    2    1   0    1.98
146    2    -0.148    1    2   1    1.19
64    1    0.143    1    1   1    0.82
110    2    0.148    1    2   0    0.61
46    1    -0.148    1    1   0    1.11
24    1    0.143    1    1   1    0.84
88    2    0.000    1    2   0    0.62
26    1    -0.148    1    1   0    0.45
113    2    0.000    1    2   0    0.39
18    1    0.000    1    1   1    0.58
37    1    -0.143    1    1   0    0.71
96    2    -0.148    1    2   1    0.76
73    1    0.000    1    1   1    0.57
77    2    -0.143    1    2   1    0.46
22    1    -0.143    1    1   0    0.71
34    1    0.143    1    1   1    0.62
126    2    -0.148    1    2   1    0.56
17    1    -0.143    1    1   0    0.45
11    1    -0.148    1    1   0    0.88
60    1    0.148    1    1   1    0.69
144    2    0.143    2    1   1    0.73
83    2    0.000    2    1   1    0.66
109    2    0.143    2    1   1    1.62
136    2    -0.148    1    2   1    0.82
27    1    -0.143    1    1   0    0.52
3    1    0.000    1    1   1    0.42
29    1    0.143    1    1   1    0.47
119    2    0.143    1    2   0    0.42
14    1    0.143    1    1   1    0.33
66    1    -0.148    1    1   0    0.36
63    1    0.000    1    1   1    0.43
53    1    0.000    1    1   1    0.62
115    2    0.148    1    2   0    0.38
76    2    -0.148    1    2   1    0.96
149    2    0.143    1    2   0    0.50
91    2    -0.148    1    2   1    2.17
84    2    0.143    1    2   0    1.25
42    1    -0.143    1    1   0    2.50
54    1    0.143    1    1   1    1.81
122    2    -0.143    1    2   1    1.51
82    2    -0.143    1    2   1    0.63
141    2    -0.148    1    2   1    0.99
90    2    0.148    2    1   1    0.90
85    2    0.148    1    2   0    1.20
124    2    0.143    1    2   0    1.95
25    1    0.148    1    1   1    0.82
16    1    -0.148    1    1   0    0.56
