--------------------------------
27-Nov-2014 14:31:09 
data from observer A20 
#occlusion2 expt 
reference disparity (degrees) 0.160000 

stim order disp kresp testresp correct time
1    1    -0.074    1    1   1    0.69
2    2    -0.069    2    1   1    0.56
3    2    -0.065    2    1   1    0.51
4    2    0.060    1    2   1    0.59
5    2    -0.055    2    1   1    0.46
6    1    0.051    2    2   1    0.49
7    1    -0.046    1    1   1    0.52
8    2    0.042    1    2   1    0.50
9    1    0.037    2    2   1    0.51
10    2    -0.032    2    1   1    0.55
11    2    -0.028    2    1   1    0.70
12    1    -0.023    1    1   1    0.52
13    2    0.018    1    2   1    0.74
14    2    -0.014    2    1   1    0.58
15    1    0.009    2    2   1    0.53
16    2    0.005    1    2   1    0.70
17    2    0.005    2    1   0    0.82
18    1    -0.014    1    1   1    0.60
19    1    0.014    2    2   1    0.60
20    2    0.009    1    2   1    0.67
21    2    0.009    1    2   1    0.80
22    1    0.005    2    2   1    1.64
23    2    0.005    1    2   1    0.95
24    2    -0.005    2    1   1    0.62
25    1    0.005    2    2   1    0.88
26    1    0.005    2    2   1    0.60
27    1    0.005    2    2   1    0.83
28    2    0.005    2    1   0    0.90
29    1    0.014    2    2   1    0.62
30    1    0.014    2    2   1    1.33
31    2    0.009    1    2   1    0.94
32    1    0.009    2    2   1    0.68
33    2    -0.005    2    1   1    0.83
34    2    0.005    2    1   0    1.30
35    2    -0.014    2    1   1    0.59
36    1    -0.014    1    1   1    0.67
37    2    -0.009    2    1   1    0.94
38    1    -0.009    1    1   1    1.68
39    1    0.005    2    2   1    0.91
40    1    -0.005    1    1   1    0.77
41    2    -0.005    2    1   1    1.35
42    2    -0.005    2    1   1    1.35
43    2    0.005    1    2   1    2.17
44    1    0.005    2    2   1    1.60
45    2    0.005    1    2   1    1.08
46    1    -0.005    1    1   1    0.88
47    2    -0.005    1    2   0    0.66
48    2    -0.014    2    1   1    0.52
49    2    0.014    1    2   1    0.67
50    2    0.009    1    2   1    0.60
-------------------------
Final staircase threshold estimate (mean) is 0.0069
-------------------------
26    1    -0.018    1    1   0    1.78
56    1    -0.018    1    1   0    0.90
131    2    -0.018    2    1   0    0.63
38    1    0.000    1    1   1    1.00
85    2    0.018    1    2   0    0.53
47    1    -0.009    1    1   0    0.56
87    2    -0.009    2    1   0    0.86
40    1    0.018    2    2   0    0.64
59    1    0.009    2    2   0    0.54
71    1    -0.018    1    1   0    0.56
127    2    -0.009    2    1   0    0.53
42    1    -0.009    1    1   0    0.54
145    2    0.018    1    2   0    0.65
61    1    -0.018    1    1   0    0.59
3    1    0.000    2    2   0    0.70
7    1    -0.009    1    1   0    0.69
53    1    0.000    2    2   0    0.55
60    1    0.018    2    2   0    0.62
139    2    0.009    1    2   0    0.64
17    1    -0.009    1    1   0    0.73
64    1    0.009    2    2   0    0.76
39    1    0.009    2    2   0    0.59
35    1    0.018    2    2   0    0.55
33    1    0.000    1    1   1    3.33
147    2    -0.009    2    1   0    0.68
22    1    -0.009    1    1   0    0.66
86    2    -0.018    2    1   0    0.53
31    1    -0.018    1    1   0    0.55
8    1    0.000    2    2   0    0.75
24    1    0.009    2    2   0    1.03
130    2    0.018    1    2   0    0.68
70    1    0.018    2    2   0    0.68
6    1    -0.018    1    1   0    0.74
25    1    0.018    2    2   0    0.87
48    1    0.000    1    1   1    2.03
146    2    -0.018    2    1   0    0.55
107    2    -0.009    2    1   0    0.67
63    1    0.000    1    1   1    0.86
69    1    0.009    2    2   0    0.77
99    2    0.009    1    2   0    0.89
78    2    0.000    2    1   1    0.72
104    2    0.009    1    2   0    0.54
28    1    0.000    1    1   1    0.56
113    2    0.000    2    1   1    0.61
98    2    0.000    1    2   0    3.49
97    2    -0.009    2    1   0    0.87
27    1    -0.009    1    1   0    0.73
13    1    0.000    1    1   1    4.64
112    2    -0.009    2    1   0    1.71
46    1    -0.018    1    1   0    0.62
119    2    0.009    1    2   0    1.03
108    2    0.000    1    2   0    4.49
32    1    -0.009    1    1   0    0.70
1    1    -0.018    1    1   0    0.54
30    1    0.018    2    2   0    0.71
93    2    0.000    1    2   0    3.64
2    1    -0.009    1    1   0    0.95
141    2    -0.018    2    1   0    0.77
123    2    0.000    1    2   0    0.93
109    2    0.009    1    2   0    0.61
120    2    0.018    1    2   0    0.75
44    1    0.009    2    2   0    0.92
91    2    -0.018    2    1   0    0.74
125    2    0.018    1    2   0    1.10
12    1    -0.009    1    1   0    0.67
89    2    0.009    1    2   0    1.03
58    1    0.000    1    1   1    4.25
74    1    0.009    2    2   0    0.84
92    2    -0.009    2    1   0    0.99
110    2    0.018    1    2   0    0.64
73    1    0.000    2    2   0    2.60
121    2    -0.018    2    1   0    0.60
149    2    0.009    1    2   0    0.71
65    1    0.018    2    2   0    0.87
111    2    -0.018    2    1   0    0.76
50    1    0.018    2    2   0    0.61
126    2    -0.018    2    1   0    0.63
15    1    0.018    2    2   0    0.69
133    2    0.000    1    2   0    0.93
4    1    0.009    2    2   0    0.71
81    2    -0.018    2    1   0    0.64
29    1    0.009    2    2   0    0.76
117    2    -0.009    2    1   0    1.37
116    2    -0.018    2    1   0    0.70
62    1    -0.009    1    1   0    1.11
67    1    -0.009    1    1   0    0.64
106    2    -0.018    2    1   0    0.69
11    1    -0.018    1    1   0    0.57
96    2    -0.018    2    1   0    0.58
135    2    0.018    1    2   0    0.65
124    2    0.009    1    2   0    0.54
84    2    0.009    1    2   0    0.60
142    2    -0.009    2    1   0    0.55
14    1    0.009    2    2   0    0.57
143    2    0.000    1    2   0    1.84
134    2    0.009    1    2   0    0.56
72    1    -0.009    1    1   0    0.80
16    1    -0.018    1    1   0    0.56
138    2    0.000    1    2   0    1.66
43    1    0.000    1    1   1    0.86
9    1    0.009    2    2   0    0.84
129    2    0.009    1    2   0    0.64
150    2    0.018    1    2   0    0.57
18    1    0.000    1    1   1    0.57
79    2    0.009    1    2   0    0.58
144    2    0.009    1    2   0    1.22
57    1    -0.009    1    1   0    0.69
36    1    -0.018    1    1   0    0.55
19    1    0.009    2    2   0    0.63
68    1    0.000    1    1   1    0.61
114    2    0.009    1    2   0    1.63
100    2    0.018    1    2   0    0.61
49    1    0.009    2    2   0    0.77
140    2    0.018    1    2   0    0.61
10    1    0.018    2    2   0    3.12
136    2    -0.018    2    1   0    0.62
55    1    0.018    2    2   0    0.70
118    2    0.000    1    2   0    4.41
52    1    -0.009    1    1   0    0.81
37    1    -0.009    1    1   0    1.33
80    2    0.018    1    2   0    0.71
77    2    -0.009    2    1   0    0.63
132    2    -0.009    2    1   0    1.10
101    2    -0.018    2    1   0    3.93
90    2    0.018    1    2   0    0.67
105    2    0.018    1    2   0    0.70
128    2    0.000    1    2   0    4.53
45    1    0.018    2    2   0    0.82
103    2    0.000    1    2   0    5.29
41    1    -0.018    1    1   0    0.59
82    2    -0.009    2    1   0    4.25
102    2    -0.009    2    1   0    0.87
21    1    -0.018    1    1   0    0.60
34    1    0.009    2    2   0    2.97
75    2    0.018    1    2   0    0.69
51    1    -0.018    1    1   0    0.67
5    1    0.018    2    2   0    0.85
95    2    0.018    1    2   0    0.55
137    2    -0.009    2    1   0    0.66
94    2    0.009    1    2   0    0.55
83    2    0.000    2    1   1    2.05
148    2    0.000    1    2   0    4.63
122    2    -0.009    2    1   0    0.77
20    1    0.018    2    2   0    0.59
66    1    -0.018    1    1   0    0.60
115    2    0.018    1    2   0    0.61
88    2    0.000    1    2   0    6.25
23    1    0.000    1    1   1    2.54
76    2    -0.018    2    1   0    0.61
54    1    0.009    2    2   0    0.70
