--------------------------------
27-Nov-2014 11:53:39 
data from observer A20 
#occlusion2 expt 
reference disparity (degrees) 0.160000 

stim order disp kresp testresp correct time
1    1    -0.074    2    2   1    32.00
2    1    0.069    1    1   1    0.77
3    2    -0.065    1    2   1    0.66
4    2    0.060    2    1   1    0.67
5    1    0.055    1    1   1    0.70
6    1    0.051    1    1   1    0.53
7    2    0.046    2    1   1    0.75
8    2    -0.042    1    2   1    0.63
9    1    -0.037    2    2   1    0.48
10    2    -0.032    1    2   1    0.54
11    2    0.028    2    1   1    0.50
12    1    -0.023    2    2   1    0.54
13    1    0.018    1    1   1    0.82
14    1    0.014    1    1   1    0.62
15    1    -0.009    2    2   1    0.56
16    2    0.005    1    2   0    0.93
17    2    0.014    2    1   1    0.68
18    2    0.014    2    1   1    0.49
19    1    -0.009    2    2   1    0.48
20    1    0.009    1    1   1    0.64
21    1    -0.005    2    2   1    0.81
22    1    0.005    1    1   1    0.73
23    2    -0.005    1    2   1    0.70
24    2    0.005    2    1   1    0.71
25    1    0.005    1    1   1    0.90
26    2    -0.005    1    2   1    0.77
27    2    0.005    2    1   1    0.64
28    1    0.005    1    1   1    0.93
29    2    -0.005    1    2   1    0.56
30    1    -0.005    2    2   1    0.65
31    1    -0.005    1    1   0    0.79
32    2    0.014    2    1   1    0.84
33    2    -0.014    1    2   1    0.72
34    1    0.009    1    1   1    0.57
35    2    0.009    2    1   1    0.60
36    1    0.005    1    1   1    1.18
37    1    0.005    1    1   1    0.60
38    1    -0.005    2    2   1    1.10
39    1    -0.005    2    2   1    0.70
40    1    0.005    1    1   1    0.67
41    2    -0.005    1    2   1    0.67
42    2    0.005    2    1   1    1.38
43    1    -0.005    1    1   0    0.97
44    1    -0.014    2    2   1    0.66
45    1    0.014    1    1   1    0.61
46    1    0.009    1    1   1    0.66
47    2    -0.009    1    2   1    0.73
48    2    0.005    2    1   1    1.13
49    2    -0.005    1    2   1    0.54
50    1    0.005    1    1   1    0.64
-------------------------
Final staircase threshold estimate (mean) is 0.0074
-------------------------
75    2    0.018    2    1   1    1.10
120    2    0.018    2    1   1    0.55
126    2    -0.018    1    2   1    0.52
50    1    0.018    1    1   1    0.60
44    1    0.009    1    1   1    0.68
93    2    0.000    2    1   1    0.99
88    2    0.000    2    1   1    1.37
8    1    0.000    1    1   1    0.88
90    2    0.018    2    1   1    0.54
2    1    -0.009    2    2   1    0.73
58    1    0.000    1    1   1    0.76
26    1    -0.018    2    2   1    0.63
94    2    0.009    2    1   1    0.55
22    1    -0.009    2    2   1    0.80
137    2    -0.009    1    2   1    0.64
59    1    0.009    1    1   1    0.78
19    1    0.009    1    1   1    0.78
12    1    -0.009    2    2   1    0.85
119    2    0.009    2    1   1    0.54
63    1    0.000    1    1   1    0.66
106    2    -0.018    1    2   1    0.58
69    1    0.009    1    1   1    0.62
29    1    0.009    1    1   1    0.59
7    1    -0.009    2    2   1    0.69
76    2    -0.018    1    2   1    0.57
100    2    0.018    2    1   1    0.47
99    2    0.009    2    1   1    0.96
121    2    -0.018    1    2   1    0.65
148    2    0.000    1    2   0    0.72
118    2    0.000    1    2   0    0.74
71    1    -0.018    2    2   1    0.57
42    1    -0.009    2    2   1    0.91
138    2    0.000    1    2   0    1.40
130    2    0.018    2    1   1    0.62
113    2    0.000    1    2   0    0.84
27    1    -0.009    2    2   1    0.71
77    2    -0.009    1    2   1    0.52
81    2    -0.018    1    2   1    0.56
68    1    0.000    1    1   1    0.77
11    1    -0.018    2    2   1    0.53
150    2    0.018    2    1   1    0.55
35    1    0.018    1    1   1    0.61
125    2    0.018    2    1   1    0.47
80    2    0.018    2    1   1    0.55
149    2    0.009    2    1   1    0.51
102    2    -0.009    1    2   1    0.59
36    1    -0.018    2    2   1    0.56
45    1    0.018    1    1   1    0.58
54    1    0.009    1    1   1    0.54
47    1    -0.009    2    2   1    0.50
101    2    -0.018    1    2   1    0.61
98    2    0.000    2    1   1    0.73
64    1    0.009    1    1   1    0.62
97    2    -0.009    1    2   1    0.52
13    1    0.000    1    1   1    0.73
66    1    -0.018    2    2   1    0.60
34    1    0.009    1    1   1    0.54
31    1    -0.018    2    2   1    0.49
124    2    0.009    2    1   1    0.53
140    2    0.018    2    1   1    0.53
74    1    0.009    1    1   1    0.68
91    2    -0.018    1    2   1    0.53
82    2    -0.009    1    2   1    0.65
6    1    -0.018    2    2   1    0.61
39    1    0.009    1    1   1    0.68
129    2    0.009    2    1   1    0.89
49    1    0.009    1    1   1    0.68
40    1    0.018    1    1   1    0.52
38    1    0.000    2    2   0    1.09
105    2    0.018    2    1   1    0.51
141    2    -0.018    1    2   1    0.73
134    2    0.009    2    1   1    0.67
92    2    -0.009    1    2   1    0.59
21    1    -0.018    2    2   1    0.55
104    2    0.009    2    1   1    0.84
55    1    0.018    1    1   1    0.64
147    2    -0.009    1    2   1    0.55
24    1    0.009    1    1   1    0.52
116    2    -0.018    1    2   1    0.56
5    1    0.018    1    1   1    0.60
85    2    0.018    2    1   1    0.61
123    2    0.000    2    1   1    2.01
96    2    -0.018    1    2   1    0.63
122    2    -0.009    1    2   1    0.54
145    2    0.018    2    1   1    0.80
89    2    0.009    2    1   1    0.57
3    1    0.000    1    1   1    0.61
51    1    -0.018    2    2   1    0.55
79    2    0.009    2    1   1    0.62
52    1    -0.009    2    2   1    0.66
1    1    -0.018    2    2   1    0.50
48    1    0.000    1    1   1    1.02
114    2    0.009    2    1   1    0.65
86    2    -0.018    1    2   1    0.59
128    2    0.000    1    2   0    1.07
30    1    0.018    1    1   1    0.55
20    1    0.018    1    1   1    0.64
53    1    0.000    2    2   0    0.72
60    1    0.018    1    1   1    0.77
28    1    0.000    1    1   1    0.78
33    1    0.000    1    1   1    0.74
110    2    0.018    2    1   1    1.01
16    1    -0.018    2    2   1    0.56
70    1    0.018    1    1   1    0.54
108    2    0.000    1    2   0    0.63
65    1    0.018    1    1   1    0.50
56    1    -0.018    2    2   1    0.59
87    2    -0.009    1    2   1    0.47
115    2    0.018    2    1   1    0.48
73    1    0.000    1    1   1    0.57
9    1    0.009    1    1   1    0.65
61    1    -0.018    2    2   1    0.61
144    2    0.009    1    2   0    1.14
32    1    -0.009    2    2   1    1.74
46    1    -0.018    2    2   1    0.82
25    1    0.018    1    1   1    0.62
103    2    0.000    1    2   0    0.78
10    1    0.018    1    1   1    0.61
131    2    -0.018    1    2   1    0.63
127    2    -0.009    1    2   1    0.56
139    2    0.009    1    2   0    1.34
132    2    -0.009    1    2   1    0.62
14    1    0.009    1    1   1    0.64
109    2    0.009    2    1   1    0.72
136    2    -0.018    1    2   1    0.52
15    1    0.018    1    1   1    0.53
4    1    0.009    1    1   1    0.62
117    2    -0.009    1    2   1    0.51
133    2    0.000    2    1   1    0.83
67    1    -0.009    2    2   1    0.81
72    1    -0.009    2    2   1    1.88
78    2    0.000    1    2   0    0.77
43    1    0.000    1    1   1    0.71
107    2    -0.009    1    2   1    0.58
57    1    -0.009    2    2   1    0.88
23    1    0.000    1    1   1    0.81
83    2    0.000    1    2   0    2.85
146    2    -0.018    1    2   1    0.54
37    1    -0.009    2    2   1    6.79
95    2    0.018    2    1   1    0.65
84    2    0.009    1    2   0    8.61
18    1    0.000    1    1   1    0.87
41    1    -0.018    2    2   1    0.87
142    2    -0.009    1    2   1    0.71
17    1    -0.009    1    1   0    8.38
143    2    0.000    1    2   0    0.74
135    2    0.018    2    1   1    1.99
112    2    -0.009    1    2   1    0.68
111    2    -0.018    1    2   1    0.69
62    1    -0.009    2    2   1    8.10
