--------------------------------
27-Nov-2014 11:37:01 
data from observer A20 
#occlusion2 expt 
reference disparity (degrees) 0.160000 

stim order disp kresp testresp correct time
1    1    -0.074    2    2   1    0.92
2    1    -0.069    2    2   1    0.13
3    1    -0.065    2    2   1    0.71
4    1    0.060    1    1   1    0.68
5    1    -0.055    2    2   1    0.73
6    1    0.051    1    1   1    0.80
7    2    0.046    2    1   1    0.81
8    1    -0.042    2    2   1    0.85
9    1    -0.037    2    2   1    0.73
10    2    0.032    2    1   1    0.71
11    2    0.028    2    1   1    0.76
12    1    0.023    1    1   1    0.85
13    2    0.018    2    1   1    0.63
14    1    0.014    1    1   1    0.79
15    2    0.009    2    1   1    1.16
16    2    0.005    2    1   1    1.53
17    2    0.005    1    2   0    0.88
18    1    -0.014    2    2   1    0.76
19    1    0.014    1    1   1    0.97
20    1    0.009    1    1   1    0.72
21    1    -0.009    2    2   1    1.00
22    2    0.005    2    1   1    1.76
23    2    -0.005    1    2   1    0.62
24    2    0.005    2    1   1    0.97
25    1    -0.005    2    2   1    0.87
26    2    -0.005    1    2   1    0.76
27    1    0.005    1    1   1    0.90
28    2    0.005    2    1   1    0.80
29    2    -0.005    1    2   1    1.05
30    1    -0.005    1    1   0    0.55
31    1    -0.014    2    2   1    0.82
32    1    -0.014    2    2   1    0.78
33    2    -0.009    1    2   1    0.63
34    1    -0.009    2    2   1    0.66
35    1    -0.005    2    2   1    0.82
36    2    0.005    2    1   1    0.98
37    1    0.005    1    1   1    0.73
38    2    -0.005    1    2   1    0.60
39    2    -0.005    1    2   1    0.63
40    2    -0.005    1    2   1    0.90
41    1    0.005    1    1   1    0.63
42    2    0.005    2    1   1    1.15
43    1    0.005    1    1   1    0.86
44    1    -0.005    2    2   1    1.16
45    2    -0.005    1    2   1    0.61
46    2    -0.005    1    2   1    0.70
47    1    -0.005    1    1   0    0.97
48    2    0.014    2    1   1    0.71
49    2    0.014    2    1   1    0.67
50    1    0.009    1    1   1    0.66
-------------------------
Final staircase threshold estimate (mean) is 0.0069
-------------------------
7    1    -0.009    2    2   1    13.53
45    1    0.018    1    1   1    0.83
13    1    0.000    1    1   1    0.64
125    2    0.018    2    1   1    0.64
126    2    -0.018    1    2   1    0.72
17    1    -0.009    2    2   1    0.88
27    1    -0.009    2    2   1    1.30
80    2    0.018    2    1   1    0.60
106    2    -0.018    1    2   1    0.69
51    1    -0.018    2    2   1    0.61
138    2    0.000    1    2   0    1.05
102    2    -0.009    1    2   1    1.07
77    2    -0.009    1    2   1    0.73
66    1    -0.018    2    2   1    0.60
43    1    0.000    1    1   1    1.13
91    2    -0.018    1    2   1    0.62
90    2    0.018    2    1   1    0.67
26    1    -0.018    2    2   1    0.60
41    1    -0.018    2    2   1    0.57
117    2    -0.009    1    2   1    0.80
121    2    -0.018    1    2   1    0.56
1    1    -0.018    2    2   1    0.48
38    1    0.000    1    1   1    0.96
120    2    0.018    2    1   1    0.55
65    1    0.018    1    1   1    0.56
32    1    -0.009    2    2   1    0.65
145    2    0.018    2    1   1    0.54
110    2    0.018    2    1   1    0.63
33    1    0.000    1    1   1    0.78
147    2    -0.009    1    2   1    0.54
2    1    -0.009    2    2   1    0.81
115    2    0.018    2    1   1    0.57
54    1    0.009    1    1   1    0.52
72    1    -0.009    2    2   1    0.62
48    1    0.000    1    1   1    0.75
61    1    -0.018    2    2   1    0.51
67    1    -0.009    2    2   1    0.61
101    2    -0.018    1    2   1    0.62
6    1    -0.018    2    2   1    0.59
142    2    -0.009    1    2   1    0.77
92    2    -0.009    1    2   1    0.89
37    1    -0.009    2    2   1    0.84
59    1    0.009    1    1   1    0.65
9    1    0.009    1    1   1    1.12
29    1    0.009    1    1   1    0.63
108    2    0.000    1    2   0    0.70
97    2    -0.009    1    2   1    0.59
141    2    -0.018    1    2   1    0.55
96    2    -0.018    1    2   1    0.67
87    2    -0.009    1    2   1    0.62
116    2    -0.018    1    2   1    0.59
78    2    0.000    2    1   1    0.87
135    2    0.018    2    1   1    0.57
34    1    0.009    1    1   1    0.97
131    2    -0.018    1    2   1    0.97
24    1    0.009    1    1   1    0.57
40    1    0.018    1    1   1    0.59
129    2    0.009    2    1   1    0.79
36    1    -0.018    2    2   1    0.60
12    1    -0.009    2    2   1    0.73
112    2    -0.009    1    2   1    1.00
39    1    0.009    1    1   1    0.64
75    2    0.018    2    1   1    0.53
140    2    0.018    2    1   1    0.52
150    2    0.018    2    1   1    0.52
4    1    0.009    1    1   1    0.77
42    1    -0.009    2    2   1    1.44
111    2    -0.018    1    2   1    0.70
49    1    0.009    1    1   1    0.57
18    1    0.000    1    1   1    1.62
128    2    0.000    1    2   0    0.86
88    2    0.000    1    2   0    1.44
122    2    -0.009    1    2   1    0.80
52    1    -0.009    2    2   1    0.72
58    1    0.000    1    1   1    0.88
79    2    0.009    2    1   1    0.90
93    2    0.000    1    2   0    1.24
83    2    0.000    1    2   0    1.28
8    1    0.000    1    1   1    0.94
132    2    -0.009    1    2   1    0.69
124    2    0.009    2    1   1    0.64
82    2    -0.009    1    2   1    0.69
50    1    0.018    1    1   1    0.74
119    2    0.009    2    1   1    0.56
46    1    -0.018    2    2   1    0.65
73    1    0.000    1    1   1    1.31
25    1    0.018    1    1   1    0.64
19    1    0.009    1    1   1    0.56
107    2    -0.009    1    2   1    0.67
104    2    0.009    2    1   1    0.63
139    2    0.009    2    1   1    0.93
30    1    0.018    1    1   1    0.93
64    1    0.009    1    1   1    0.84
44    1    0.009    1    1   1    0.70
63    1    0.000    1    1   1    1.49
100    2    0.018    2    1   1    0.66
53    1    0.000    2    2   0    1.12
22    1    -0.009    2    2   1    1.05
136    2    -0.018    1    2   1    0.79
14    1    0.009    1    1   1    1.01
118    2    0.000    2    1   1    1.28
3    1    0.000    2    2   0    0.66
114    2    0.009    2    1   1    0.63
20    1    0.018    1    1   1    0.69
5    1    0.018    1    1   1    0.63
70    1    0.018    1    1   1    0.80
95    2    0.018    2    1   1    0.56
133    2    0.000    2    1   1    1.15
21    1    -0.018    2    2   1    0.53
71    1    -0.018    2    2   1    0.47
81    2    -0.018    1    2   1    0.60
23    1    0.000    1    1   1    1.96
60    1    0.018    1    1   1    0.73
89    2    0.009    2    1   1    0.61
143    2    0.000    1    2   0    0.80
146    2    -0.018    1    2   1    0.58
86    2    -0.018    1    2   1    0.55
130    2    0.018    2    1   1    0.57
47    1    -0.009    2    2   1    0.55
149    2    0.009    2    1   1    0.73
127    2    -0.009    1    2   1    0.72
74    1    0.009    1    1   1    0.58
113    2    0.000    2    1   1    0.99
109    2    0.009    2    1   1    0.62
84    2    0.009    2    1   1    0.54
55    1    0.018    1    1   1    0.76
15    1    0.018    1    1   1    0.83
103    2    0.000    2    1   1    1.08
57    1    -0.009    2    2   1    0.63
98    2    0.000    2    1   1    0.98
68    1    0.000    1    1   1    1.17
85    2    0.018    2    1   1    0.53
134    2    0.009    2    1   1    0.58
11    1    -0.018    2    2   1    0.55
123    2    0.000    2    1   1    0.71
69    1    0.009    1    1   1    0.83
99    2    0.009    2    1   1    0.56
35    1    0.018    1    1   1    0.58
10    1    0.018    1    1   1    0.59
105    2    0.018    2    1   1    1.04
62    1    -0.009    2    2   1    0.52
31    1    -0.018    2    2   1    0.52
56    1    -0.018    2    2   1    0.55
16    1    -0.018    2    2   1    0.50
94    2    0.009    2    1   1    0.81
137    2    -0.009    1    2   1    0.70
28    1    0.000    1    1   1    0.91
76    2    -0.018    1    2   1    0.55
148    2    0.000    1    2   0    1.19
144    2    0.009    2    1   1    0.63
