--------------------------------
27-Nov-2014 14:20:17 
data from observer A20 
#occlusion2 expt 
reference disparity (degrees) 0.160000 

stim order disp kresp testresp correct time
1    2    -0.074    2    1   1    0.92
2    1    0.069    2    2   1    0.69
3    1    -0.065    1    1   1    0.58
4    2    -0.060    2    1   1    0.51
5    2    0.055    2    1   0    0.52
6    2    0.065    1    2   1    0.56
7    1    -0.065    1    1   1    0.57
8    1    0.060    2    2   1    0.61
9    2    0.060    1    2   1    0.51
10    1    -0.055    1    1   1    0.65
11    2    -0.055    2    1   1    0.73
12    1    0.051    2    2   1    0.60
13    1    -0.051    1    1   1    0.51
14    1    0.046    2    2   1    0.63
15    2    -0.046    2    1   1    0.68
16    1    -0.042    1    1   1    0.51
17    1    0.042    2    2   1    0.79
18    1    0.037    2    2   1    0.54
19    1    -0.037    1    1   1    0.59
20    1    0.032    2    2   1    0.62
21    2    -0.032    2    1   1    0.50
22    2    -0.028    2    1   1    0.51
23    1    -0.028    1    1   1    0.57
24    1    0.023    2    2   1    0.74
25    2    0.023    1    2   1    0.61
26    1    0.018    2    2   1    0.72
27    2    0.018    1    2   1    0.50
28    1    0.014    2    2   1    0.51
29    2    0.014    1    2   1    0.59
30    1    -0.009    1    1   1    0.65
31    2    -0.009    2    1   1    0.55
32    1    0.005    1    1   0    0.72
33    2    0.014    1    2   1    0.56
34    2    -0.014    2    1   1    0.91
35    2    0.009    1    2   1    1.19
36    1    -0.009    1    1   1    1.29
37    2    0.005    1    2   1    6.41
38    2    -0.005    2    1   1    3.54
39    1    0.005    1    1   0    0.94
40    1    -0.014    1    1   1    0.71
41    1    0.014    2    2   1    0.98
42    1    0.009    2    2   1    1.73
43    1    0.009    2    2   1    1.13
44    1    -0.005    1    1   1    0.78
45    2    0.005    1    2   1    0.65
46    2    0.005    1    2   1    0.63
47    1    -0.005    1    1   1    1.35
48    1    0.005    2    2   1    1.08
49    2    0.005    1    2   1    1.60
50    2    0.005    1    2   1    1.42
-------------------------
Final staircase threshold estimate (mean) is 0.0065
-------------------------
58    1    0.000    2    2   0    1.49
52    1    -0.005    2    2   1    1.38
3    1    0.000    1    1   1    2.00
47    1    -0.005    1    1   0    1.34
129    2    0.005    1    2   0    0.62
24    1    0.005    2    2   0    0.99
134    2    0.005    1    2   0    0.72
30    1    0.018    1    1   1    0.57
109    2    0.005    1    2   0    0.65
28    1    0.000    2    2   0    1.00
140    2    0.018    1    2   0    0.65
121    2    -0.014    2    1   0    0.92
142    2    -0.005    2    1   0    2.83
106    2    -0.014    2    1   0    3.22
83    2    0.000    1    2   0    5.04
73    1    0.000    1    1   1    3.12
124    2    0.005    1    2   0    2.27
120    2    0.018    1    2   0    1.12
126    2    -0.014    2    1   0    1.26
16    1    -0.014    1    1   0    0.85
70    1    0.018    2    2   0    1.01
74    1    0.005    2    2   0    2.54
45    1    0.018    2    2   0    1.05
37    1    -0.005    1    1   0    1.26
42    1    -0.005    1    1   0    0.71
96    2    -0.014    2    1   0    0.89
20    1    0.018    2    2   0    1.03
98    2    0.000    2    1   1    5.17
91    2    -0.014    2    1   0    2.23
135    2    0.018    1    2   0    0.75
48    1    0.000    1    1   1    2.65
112    2    -0.005    1    2   1    0.63
111    2    -0.014    2    1   0    0.68
138    2    0.000    1    2   0    2.52
13    1    0.000    1    1   1    1.72
81    2    -0.014    2    1   0    0.84
78    2    0.000    1    2   0    1.05
149    2    0.005    1    2   0    1.24
12    1    -0.005    1    1   0    1.07
87    2    -0.005    2    1   0    1.21
75    2    0.018    1    2   0    0.74
56    1    -0.014    1    1   0    0.63
9    1    0.005    1    1   1    3.87
60    1    0.018    2    2   0    1.95
64    1    0.005    1    1   1    0.82
143    2    0.000    1    2   0    0.74
61    1    -0.014    1    1   0    0.65
2    1    -0.005    1    1   0    1.27
51    1    -0.014    1    1   0    0.91
133    2    0.000    1    2   0    1.67
85    2    0.018    1    2   0    0.80
117    2    -0.005    2    1   0    2.58
113    2    0.000    1    2   0    2.01
15    1    0.018    2    2   0    0.72
103    2    0.000    1    2   0    0.93
147    2    -0.005    1    2   1    2.49
110    2    0.018    1    2   0    0.57
90    2    0.018    1    2   0    0.60
89    2    0.005    1    2   0    0.58
99    2    0.005    1    2   0    0.53
107    2    -0.005    1    2   1    2.71
66    1    -0.014    1    1   0    0.71
76    2    -0.014    1    2   1    0.56
46    1    -0.014    1    1   0    0.84
101    2    -0.014    2    1   0    3.55
132    2    -0.005    1    2   1    2.16
118    2    0.000    1    2   0    2.32
54    1    0.005    1    1   1    1.03
38    1    0.000    1    1   1    4.36
22    1    -0.005    1    1   0    1.46
40    1    0.018    2    2   0    1.02
27    1    -0.005    1    1   0    3.37
115    2    0.018    1    2   0    1.57
145    2    0.018    1    2   0    4.17
6    1    -0.014    1    1   0    1.60
59    1    0.005    1    1   1    5.79
95    2    0.018    1    2   0    1.62
29    1    0.005    1    1   1    1.77
77    2    -0.005    1    2   1    6.82
146    2    -0.014    2    1   0    1.84
25    1    0.018    2    2   0    1.13
67    1    -0.005    1    1   0    1.63
11    1    -0.014    1    1   0    1.00
136    2    -0.014    2    1   0    4.69
105    2    0.018    1    2   0    2.04
23    1    0.000    1    1   1    3.21
32    1    -0.005    1    1   0    1.75
137    2    -0.005    2    1   0    6.39
97    2    -0.005    1    2   1    4.12
82    2    -0.005    2    1   0    1.56
69    1    0.005    1    1   1    5.75
35    1    0.018    2    2   0    1.02
128    2    0.000    1    2   0    2.31
65    1    0.018    2    2   0    0.79
26    1    -0.014    1    1   0    0.67
34    1    0.005    2    2   0    2.98
150    2    0.018    1    2   0    0.68
18    1    0.000    1    1   1    1.28
144    2    0.005    1    2   0    1.14
125    2    0.018    1    2   0    0.64
139    2    0.005    1    2   0    0.80
49    1    0.005    1    1   1    0.55
86    2    -0.014    1    2   1    0.64
84    2    0.005    1    2   0    0.79
88    2    0.000    1    2   0    2.05
33    1    0.000    1    1   1    1.14
57    1    -0.005    1    1   0    4.00
43    1    0.000    1    1   1    0.65
127    2    -0.005    2    1   0    1.19
104    2    0.005    1    2   0    0.73
122    2    -0.005    1    2   1    1.95
7    1    -0.005    1    1   0    1.12
1    1    -0.014    1    1   0    1.00
92    2    -0.005    2    1   0    3.92
72    1    -0.005    2    2   1    3.41
63    1    0.000    1    1   1    3.15
41    1    -0.014    1    1   0    0.78
148    2    0.000    1    2   0    3.82
5    1    0.018    2    2   0    1.52
8    1    0.000    2    2   0    16.98
80    2    0.018    1    2   0    0.94
130    2    0.018    1    2   0    0.75
116    2    -0.014    2    1   0    0.92
93    2    0.000    1    2   0    11.12
79    2    0.005    1    2   0    0.70
21    1    -0.014    2    2   1    0.60
71    1    -0.014    1    1   0    2.11
39    1    0.005    1    1   1    2.16
4    1    0.005    1    1   1    2.50
31    1    -0.014    1    1   0    1.09
100    2    0.018    1    2   0    1.52
50    1    0.018    2    2   0    1.04
14    1    0.005    2    2   0    2.13
53    1    0.000    2    2   0    7.31
55    1    0.018    2    2   0    0.77
10    1    0.018    2    2   0    0.60
44    1    0.005    1    1   1    1.74
114    2    0.005    1    2   0    1.23
108    2    0.000    1    2   0    1.86
102    2    -0.005    2    1   0    4.02
94    2    0.005    1    2   0    1.01
123    2    0.000    1    2   0    1.48
141    2    -0.014    2    1   0    4.20
17    1    -0.005    1    1   0    3.73
119    2    0.005    1    2   0    2.98
62    1    -0.005    1    1   0    0.81
36    1    -0.014    1    1   0    0.71
68    1    0.000    1    1   1    3.82
19    1    0.005    1    1   1    4.32
131    2    -0.014    2    1   0    1.87
