--------------------------------
27-Nov-2014 11:46:19 
data from observer A20 
#occlusion2 expt 
reference disparity (degrees) 0.160000 

stim order disp kresp testresp correct time
1    2    -0.074    1    2   1    0.76
2    1    0.069    1    1   1    0.72
3    2    -0.065    1    2   1    0.55
4    1    -0.060    2    2   1    0.84
5    1    0.055    1    1   1    0.67
6    1    -0.051    2    2   1    0.76
7    1    0.046    1    1   1    0.61
8    1    -0.042    2    2   1    0.96
9    2    0.037    2    1   1    0.77
10    2    0.032    2    1   1    0.88
11    1    0.028    1    1   1    0.83
12    1    -0.023    2    2   1    0.58
13    2    0.018    2    1   1    0.79
14    2    0.014    2    1   1    0.90
15    2    0.009    2    1   1    1.67
16    1    -0.005    2    2   1    2.27
17    2    -0.005    1    2   1    0.72
18    1    -0.005    2    2   1    2.49
19    1    -0.005    1    1   0    5.69
20    1    0.014    1    1   1    1.11
21    2    0.014    2    1   1    1.38
22    1    0.009    1    1   1    0.80
23    2    -0.009    1    2   1    0.73
24    1    -0.005    1    1   0    0.75
25    2    0.014    2    1   1    0.69
26    2    -0.014    1    2   1    0.64
27    2    -0.009    1    2   1    0.63
28    2    0.009    2    1   1    1.17
29    2    0.005    1    2   0    3.25
30    1    -0.014    2    2   1    3.85
31    1    -0.014    2    2   1    1.54
32    2    0.009    2    1   1    4.97
33    2    -0.009    1    2   1    0.69
34    2    0.005    1    2   0    1.32
35    1    -0.014    2    2   1    0.97
36    2    0.014    2    1   1    1.26
37    1    -0.009    1    1   0    1.68
38    2    -0.018    1    2   1    0.61
39    2    0.018    2    1   1    0.68
40    2    0.014    2    1   1    0.71
41    2    -0.014    1    2   1    0.62
42    2    0.009    2    1   1    0.81
43    2    0.009    2    1   1    3.28
44    2    0.005    1    2   0    1.04
45    1    -0.014    2    2   1    0.82
46    1    -0.014    2    2   1    1.56
47    1    0.009    1    1   1    0.65
48    2    0.009    1    2   0    2.48
49    1    0.018    1    1   1    0.66
50    2    0.018    2    1   1    0.74
-------------------------
Final staircase threshold estimate (mean) is 0.0120
-------------------------
4    1    0.014    1    1   1    6.42
20    1    0.032    1    1   1    0.64
9    1    0.014    1    1   1    0.55
143    2    0.000    1    2   0    0.88
13    1    0.000    1    1   1    0.73
86    2    -0.032    1    2   1    0.62
107    2    -0.014    1    2   1    0.59
74    1    0.014    1    1   1    0.71
144    2    0.014    2    1   1    0.82
127    2    -0.014    1    2   1    0.63
150    2    0.032    2    1   1    0.75
139    2    0.014    2    1   1    0.75
116    2    -0.032    1    2   1    0.90
34    1    0.014    1    1   1    0.62
37    1    -0.014    2    2   1    0.76
72    1    -0.014    2    2   1    0.77
96    2    -0.032    1    2   1    0.61
111    2    -0.032    1    2   1    0.64
136    2    -0.032    1    2   1    0.63
76    2    -0.032    1    2   1    0.57
10    1    0.032    1    1   1    0.77
140    2    0.032    2    1   1    0.61
2    1    -0.014    2    2   1    0.85
145    2    0.032    2    1   1    0.62
41    1    -0.032    2    2   1    0.52
118    2    0.000    1    2   0    0.83
46    1    -0.032    2    2   1    0.56
7    1    -0.014    1    1   0    1.38
49    1    0.014    1    1   1    0.72
3    1    0.000    1    1   1    0.81
63    1    0.000    1    1   1    1.30
98    2    0.000    1    2   0    1.16
105    2    0.032    2    1   1    0.53
124    2    0.014    2    1   1    0.95
16    1    -0.032    2    2   1    0.59
26    1    -0.032    2    2   1    0.62
79    2    0.014    2    1   1    1.04
57    1    -0.014    1    1   0    0.86
83    2    0.000    1    2   0    3.38
35    1    0.032    1    1   1    0.76
84    2    0.014    2    1   1    0.68
92    2    -0.014    1    2   1    0.62
55    1    0.032    1    1   1    0.56
30    1    0.032    1    1   1    0.55
101    2    -0.032    1    2   1    0.51
115    2    0.032    2    1   1    0.61
132    2    -0.014    1    2   1    0.68
58    1    0.000    1    1   1    1.25
43    1    0.000    1    1   1    3.69
100    2    0.032    2    1   1    0.57
32    1    -0.014    2    2   1    0.53
119    2    0.014    2    1   1    0.63
82    2    -0.014    1    2   1    0.56
24    1    0.014    1    1   1    0.70
131    2    -0.032    1    2   1    0.62
21    1    -0.032    2    2   1    0.59
77    2    -0.014    1    2   1    0.55
91    2    -0.032    1    2   1    0.59
68    1    0.000    1    1   1    0.83
125    2    0.032    2    1   1    0.54
135    2    0.032    2    1   1    0.51
5    1    0.032    1    1   1    0.59
129    2    0.014    2    1   1    0.53
42    1    -0.014    2    2   1    0.86
95    2    0.032    2    1   1    0.47
147    2    -0.014    1    2   1    0.52
54    1    0.014    1    1   1    0.59
44    1    0.014    1    1   1    0.80
6    1    -0.032    2    2   1    0.60
14    1    0.014    1    1   1    0.61
149    2    0.014    2    1   1    0.58
142    2    -0.014    1    2   1    0.63
113    2    0.000    2    1   1    0.70
103    2    0.000    1    2   0    0.82
122    2    -0.014    1    2   1    0.85
64    1    0.014    1    1   1    0.83
75    2    0.032    2    1   1    0.53
38    1    0.000    1    1   1    0.66
99    2    0.014    1    2   0    0.55
1    1    -0.032    2    2   1    0.60
148    2    0.000    1    2   0    2.06
97    2    -0.014    1    2   1    0.65
50    1    0.032    1    1   1    0.52
56    1    -0.032    2    2   1    0.52
27    1    -0.014    2    2   1    0.50
45    1    0.032    1    1   1    1.34
71    1    -0.032    2    2   1    0.60
114    2    0.014    2    1   1    0.50
88    2    0.000    1    2   0    1.03
120    2    0.032    2    1   1    0.56
65    1    0.032    1    1   1    0.60
19    1    0.014    1    1   1    0.84
25    1    0.032    1    1   1    0.79
138    2    0.000    2    1   1    0.86
48    1    0.000    1    1   1    0.80
67    1    -0.014    2    2   1    0.63
8    1    0.000    1    1   1    0.80
106    2    -0.032    1    2   1    0.59
109    2    0.014    2    1   1    0.49
23    1    0.000    1    1   1    0.71
31    1    -0.032    2    2   1    0.55
87    2    -0.014    1    2   1    0.67
53    1    0.000    1    1   1    0.91
126    2    -0.032    1    2   1    0.54
81    2    -0.032    1    2   1    0.51
134    2    0.014    2    1   1    0.60
102    2    -0.014    1    2   1    0.60
137    2    -0.014    1    2   1    0.73
40    1    0.032    1    1   1    0.71
69    1    0.014    1    1   1    0.62
89    2    0.014    2    1   1    0.62
128    2    0.000    1    2   0    0.77
85    2    0.032    2    1   1    0.52
52    1    -0.014    2    2   1    0.58
104    2    0.014    2    1   1    0.66
61    1    -0.032    2    2   1    0.50
39    1    0.014    2    2   0    0.42
108    2    0.000    1    2   0    1.38
94    2    0.014    2    1   1    0.64
130    2    0.032    2    1   1    0.55
36    1    -0.032    2    2   1    0.60
78    2    0.000    1    2   0    0.62
18    1    0.000    1    1   1    1.08
70    1    0.032    1    1   1    0.61
17    1    -0.014    2    2   1    0.61
29    1    0.014    1    1   1    0.62
117    2    -0.014    1    2   1    0.65
15    1    0.032    1    1   1    0.64
93    2    0.000    2    1   1    0.65
80    2    0.032    2    1   1    0.72
60    1    0.032    1    1   1    0.84
146    2    -0.032    1    2   1    0.51
22    1    -0.014    2    2   1    0.58
47    1    -0.014    2    2   1    0.77
112    2    -0.014    1    2   1    0.67
59    1    0.014    1    1   1    0.70
66    1    -0.032    2    2   1    0.49
73    1    0.000    1    1   1    1.01
62    1    -0.014    2    2   1    0.58
51    1    -0.032    2    2   1    0.52
110    2    0.032    2    1   1    0.76
11    1    -0.032    2    2   1    0.57
12    1    -0.014    2    2   1    0.55
90    2    0.032    2    1   1    0.60
141    2    -0.032    1    2   1    0.77
28    1    0.000    2    2   0    1.00
133    2    0.000    1    2   0    1.63
33    1    0.000    2    2   0    0.62
123    2    0.000    1    2   0    1.30
121    2    -0.032    1    2   1    0.76
