--------------------------------
27-Nov-2014 14:47:00 
data from observer A20 
#occlusion2 expt 
reference disparity (degrees) 0.160000 

stim order disp kresp testresp correct time
1    1    0.074    2    2   1    0.81
2    1    -0.069    1    1   1    0.49
3    1    -0.065    1    1   1    0.51
4    1    0.060    2    2   1    0.55
5    1    -0.055    1    1   1    0.49
6    1    0.051    2    2   1    0.48
7    1    -0.046    1    1   1    0.52
8    2    -0.042    2    1   1    0.48
9    2    -0.037    2    1   1    0.48
10    2    -0.032    2    1   1    0.53
11    2    0.028    1    2   1    0.51
12    1    0.023    2    2   1    0.51
13    1    0.018    2    2   1    0.46
14    1    0.014    2    2   1    0.55
15    2    0.009    1    2   1    0.68
16    2    -0.005    2    1   1    0.70
17    2    -0.005    1    2   0    0.55
18    1    -0.014    1    1   1    0.61
19    1    -0.014    1    1   1    0.57
20    2    -0.009    2    1   1    0.55
21    1    0.009    2    2   1    0.58
22    1    -0.005    1    1   1    1.00
23    1    -0.005    1    1   1    1.68
24    2    0.005    2    1   0    1.19
25    2    -0.014    2    1   1    0.68
26    1    -0.014    1    1   1    1.22
27    2    -0.009    2    1   1    0.62
28    2    0.009    1    2   1    0.90
29    1    -0.005    2    2   0    0.63
30    2    0.014    1    2   1    0.74
31    1    -0.014    1    1   1    0.62
32    1    -0.009    1    1   1    0.85
33    1    -0.009    2    2   0    0.63
34    1    0.018    2    2   1    0.54
35    1    -0.018    1    1   1    0.59
36    2    0.014    1    2   1    0.58
37    2    0.014    1    2   1    0.83
38    2    0.009    1    2   1    0.59
39    2    -0.009    2    1   1    0.51
40    1    -0.005    1    1   1    0.65
41    1    -0.005    2    2   0    0.97
42    2    0.014    1    2   1    0.69
43    1    0.014    2    2   1    0.62
44    1    0.009    2    2   1    0.57
45    1    -0.009    1    1   1    0.57
46    1    -0.005    2    2   0    2.20
47    1    0.014    2    2   1    0.80
48    1    -0.014    1    1   1    0.52
49    1    -0.009    1    1   1    1.26
50    2    -0.009    2    1   1    0.69
-------------------------
Final staircase threshold estimate (mean) is 0.0102
-------------------------
130    2    0.028    1    2   0    0.70
23    1    0.000    2    2   0    0.58
8    1    0.000    1    1   1    1.12
99    2    0.009    1    2   0    1.46
3    1    0.000    2    2   0    0.65
7    1    -0.009    1    1   0    1.12
1    1    -0.028    1    1   0    0.54
120    2    0.028    1    2   0    0.77
32    1    -0.009    1    1   0    0.90
126    2    -0.028    2    1   0    0.50
24    1    0.009    2    2   0    0.57
66    1    -0.028    1    1   0    0.72
146    2    -0.028    2    1   0    0.56
85    2    0.028    1    2   0    0.74
90    2    0.028    1    2   0    0.55
14    1    0.009    2    2   0    0.58
96    2    -0.028    2    1   0    0.52
145    2    0.028    1    2   0    0.54
105    2    0.028    1    2   0    0.54
138    2    0.000    2    1   1    0.49
131    2    -0.028    2    1   0    0.48
54    1    0.009    2    2   0    0.49
10    1    0.028    2    2   0    0.52
137    2    -0.009    2    1   0    0.53
109    2    0.009    1    2   0    0.60
83    2    0.000    1    2   0    0.85
84    2    0.009    1    2   0    0.64
31    1    -0.028    1    1   0    1.80
59    1    0.009    2    2   0    0.62
110    2    0.028    1    2   0    0.52
95    2    0.028    1    2   0    0.58
17    1    -0.009    1    1   0    0.51
70    1    0.028    2    2   0    0.56
76    2    -0.028    2    1   0    0.48
142    2    -0.009    2    1   0    0.48
124    2    0.009    1    2   0    0.69
148    2    0.000    2    1   1    0.51
63    1    0.000    2    2   0    1.79
144    2    0.009    1    2   0    0.59
125    2    0.028    1    2   0    0.59
18    1    0.000    2    2   0    0.59
12    1    -0.009    1    1   0    0.62
133    2    0.000    2    1   1    0.54
29    1    0.009    2    2   0    0.56
53    1    0.000    1    1   1    0.73
94    2    0.009    1    2   0    0.58
143    2    0.000    2    1   1    0.83
65    1    0.028    2    2   0    0.54
100    2    0.028    1    2   0    0.71
2    1    -0.009    1    1   0    0.69
108    2    0.000    2    1   1    0.71
20    1    0.028    2    2   0    0.50
101    2    -0.028    2    1   0    0.51
50    1    0.028    2    2   0    0.49
16    1    -0.028    1    1   0    0.52
45    1    0.028    2    2   0    0.57
25    1    0.028    2    2   0    0.52
13    1    0.000    2    2   0    0.51
132    2    -0.009    2    1   0    0.51
81    2    -0.028    2    1   0    0.53
112    2    -0.009    2    1   0    1.18
19    1    0.009    2    2   0    0.66
79    2    0.009    1    2   0    0.52
58    1    0.000    1    1   1    1.15
64    1    0.009    2    2   0    0.69
127    2    -0.009    2    1   0    0.58
91    2    -0.028    2    1   0    0.56
41    1    -0.028    1    1   0    0.55
38    1    0.000    2    2   0    2.93
77    2    -0.009    2    1   0    0.59
147    2    -0.009    2    1   0    0.62
69    1    0.009    2    2   0    1.24
98    2    0.000    1    2   0    4.22
75    2    0.028    1    2   0    0.64
6    1    -0.028    1    1   0    0.51
139    2    0.009    1    2   0    0.87
56    1    -0.028    1    1   0    0.62
104    2    0.009    1    2   0    0.59
67    1    -0.009    1    1   0    0.78
140    2    0.028    1    2   0    0.55
106    2    -0.028    2    1   0    0.47
74    1    0.009    2    2   0    0.54
114    2    0.009    1    2   0    0.73
128    2    0.000    2    1   1    2.17
62    1    -0.009    1    1   0    0.91
118    2    0.000    1    2   0    0.65
28    1    0.000    1    1   1    0.62
119    2    0.009    1    2   0    0.98
117    2    -0.009    2    1   0    0.64
22    1    -0.009    1    1   0    0.61
60    1    0.028    2    2   0    0.71
80    2    0.028    1    2   0    0.53
97    2    -0.009    2    1   0    0.55
123    2    0.000    1    2   0    0.65
141    2    -0.028    2    1   0    0.49
21    1    -0.028    1    1   0    0.47
4    1    0.009    2    2   0    0.69
86    2    -0.028    2    1   0    0.59
150    2    0.028    1    2   0    0.53
107    2    -0.009    2    1   0    0.57
33    1    0.000    1    1   1    2.26
129    2    0.009    1    2   0    0.56
89    2    0.009    1    2   0    0.74
82    2    -0.009    2    1   0    0.56
46    1    -0.028    1    1   0    0.53
34    1    0.009    2    2   0    0.82
36    1    -0.028    1    1   0    0.59
73    1    0.000    2    2   0    0.54
26    1    -0.028    1    1   0    0.50
5    1    0.028    2    2   0    0.51
15    1    0.028    2    2   0    0.76
102    2    -0.009    1    2   1    0.59
88    2    0.000    1    2   0    2.09
72    1    -0.009    1    1   0    0.59
48    1    0.000    2    2   0    4.20
27    1    -0.009    1    1   0    0.67
115    2    0.028    1    2   0    0.53
55    1    0.028    2    2   0    0.72
11    1    -0.028    1    1   0    0.58
113    2    0.000    1    2   0    2.62
103    2    0.000    1    2   0    5.11
51    1    -0.028    1    1   0    0.70
93    2    0.000    2    1   1    3.00
42    1    -0.009    1    1   0    0.94
92    2    -0.009    2    1   0    0.60
87    2    -0.009    2    1   0    0.90
68    1    0.000    1    1   1    3.37
30    1    0.028    2    2   0    0.82
71    1    -0.028    1    1   0    0.59
43    1    0.000    1    1   1    1.21
35    1    0.028    2    2   0    0.53
122    2    -0.009    2    1   0    1.67
61    1    -0.028    1    1   0    0.55
49    1    0.009    2    2   0    0.52
44    1    0.009    2    2   0    0.60
135    2    0.028    1    2   0    0.78
121    2    -0.028    2    1   0    0.48
47    1    -0.009    1    1   0    0.52
37    1    -0.009    1    1   0    0.81
134    2    0.009    1    2   0    0.87
116    2    -0.028    2    1   0    0.50
136    2    -0.028    2    1   0    0.54
39    1    0.009    2    2   0    2.06
57    1    -0.009    1    1   0    0.83
40    1    0.028    2    2   0    0.52
52    1    -0.009    1    1   0    0.62
9    1    0.009    2    2   0    0.61
78    2    0.000    1    2   0    3.74
149    2    0.009    1    2   0    0.99
111    2    -0.028    2    1   0    0.52
