--------------------------------
27-Nov-2014 12:00:48 
data from observer A20 
#occlusion2 expt 
reference disparity (degrees) 0.160000 

stim order disp kresp testresp correct time
1    2    0.074    1    2   0    1.54
2    2    -0.083    1    2   1    0.64
3    2    0.079    2    1   1    0.91
4    2    -0.079    1    2   1    0.63
5    2    -0.074    1    2   1    0.60
6    1    -0.074    2    2   1    0.54
7    1    0.069    1    1   1    0.65
8    1    0.069    1    1   1    0.58
9    2    0.065    2    1   1    0.49
10    1    -0.065    2    2   1    0.70
11    2    0.060    1    2   0    1.61
12    1    -0.069    2    2   1    0.93
13    1    -0.069    1    1   0    0.74
14    1    -0.079    1    1   0    1.11
15    2    0.088    2    1   1    0.65
16    2    -0.088    1    2   1    0.92
17    1    -0.083    2    2   1    1.22
18    2    0.083    1    2   0    0.96
19    1    -0.092    1    1   0    0.87
20    1    0.102    1    1   1    0.59
21    2    0.102    1    2   0    0.60
22    2    -0.111    1    2   1    0.55
23    2    0.111    1    2   0    0.96
24    1    0.120    1    1   1    0.64
25    2    -0.120    1    2   1    1.10
26    2    0.115    1    2   0    1.46
27    1    0.125    1    1   1    0.74
28    2    -0.125    1    2   1    0.81
29    2    0.120    1    2   0    0.78
30    1    -0.129    1    1   0    2.87
31    2    -0.139    1    2   1    0.65
32    2    -0.139    1    2   1    2.39
33    2    -0.134    1    2   1    0.81
34    2    -0.134    1    2   1    0.85
35    2    -0.129    1    2   1    1.89
36    1    -0.129    1    1   0    0.82
37    1    0.139    1    1   1    0.88
38    2    0.139    1    2   0    0.75
39    2    0.148    1    2   0    3.40
40    1    0.148    1    1   1    0.57
41    2    0.148    1    2   0    1.57
42    2    0.148    1    2   0    1.93
43    2    -0.148    1    2   1    1.38
44    1    -0.148    2    2   1    5.00
45    1    0.143    1    1   1    4.05
46    1    0.143    1    1   1    2.61
47    2    0.139    1    2   0    0.63
48    2    0.148    1    2   0    1.55
49    2    0.148    1    2   0    0.89
50    1    0.148    1    1   1    2.83
-------------------------
Final staircase threshold estimate (mean) is 0.1459
-------------------------
81    2    -0.148    1    2   1    3.29
100    2    0.148    1    2   0    1.48
142    2    -0.143    1    2   1    1.44
129    2    0.143    1    2   0    1.37
77    2    -0.143    1    2   1    0.76
38    1    0.000    1    1   1    3.29
62    1    -0.143    2    2   1    2.45
43    1    0.000    1    1   1    1.08
5    1    0.148    1    1   1    0.79
115    2    0.148    1    2   0    0.83
108    2    0.000    1    2   0    2.13
39    1    0.143    1    1   1    1.12
91    2    -0.148    1    2   1    0.67
146    2    -0.148    1    2   1    0.64
130    2    0.148    1    2   0    0.90
26    1    -0.148    2    2   1    2.15
134    2    0.143    2    1   1    4.22
94    2    0.143    2    1   1    1.35
137    2    -0.143    1    2   1    2.22
144    2    0.143    2    1   1    1.15
84    2    0.143    2    1   1    1.11
46    1    -0.148    2    2   1    0.74
24    1    0.143    1    1   1    2.73
63    1    0.000    1    1   1    2.85
65    1    0.148    1    1   1    1.19
64    1    0.143    1    1   1    1.23
59    1    0.143    1    1   1    1.09
40    1    0.148    1    1   1    1.22
123    2    0.000    1    2   0    4.79
89    2    0.143    2    1   1    1.54
98    2    0.000    1    2   0    3.30
41    1    -0.148    2    2   1    2.55
49    1    0.143    1    1   1    1.35
6    1    -0.148    2    2   1    1.45
73    1    0.000    1    1   1    1.49
61    1    -0.148    2    2   1    1.21
37    1    -0.143    2    2   1    1.03
119    2    0.143    2    1   1    1.15
104    2    0.143    2    1   1    1.23
101    2    -0.148    1    2   1    2.29
47    1    -0.143    2    2   1    1.00
72    1    -0.143    2    2   1    0.87
120    2    0.148    2    1   1    1.22
75    2    0.148    2    1   1    0.67
116    2    -0.148    1    2   1    0.96
102    2    -0.143    1    2   1    0.58
67    1    -0.143    2    2   1    0.70
48    1    0.000    1    1   1    1.29
96    2    -0.148    1    2   1    0.53
52    1    -0.143    2    2   1    0.67
112    2    -0.143    1    2   1    0.92
149    2    0.143    2    1   1    0.58
76    2    -0.148    1    2   1    0.47
143    2    0.000    2    1   1    0.72
50    1    0.148    2    2   0    0.82
20    1    0.148    1    1   1    0.63
105    2    0.148    2    1   1    1.05
19    1    0.143    1    1   1    1.02
83    2    0.000    2    1   1    1.82
71    1    -0.148    2    2   1    0.58
13    1    0.000    1    1   1    0.92
135    2    0.148    2    1   1    1.92
92    2    -0.143    1    2   1    0.92
109    2    0.143    2    1   1    1.25
128    2    0.000    1    2   0    0.84
125    2    0.148    2    1   1    0.76
14    1    0.143    1    1   1    0.94
107    2    -0.143    1    2   1    0.76
86    2    -0.148    1    2   1    0.82
90    2    0.148    2    1   1    0.94
99    2    0.143    2    1   1    1.30
15    1    0.148    1    1   1    1.05
1    1    -0.148    2    2   1    0.57
132    2    -0.143    1    2   1    0.56
9    1    0.143    1    1   1    1.80
25    1    0.148    1    1   1    1.99
2    1    -0.143    2    2   1    0.93
34    1    0.143    1    1   1    0.97
126    2    -0.148    1    2   1    0.55
17    1    -0.143    2    2   1    0.56
33    1    0.000    2    2   0    1.68
44    1    0.143    1    1   1    1.39
110    2    0.148    2    1   1    1.17
148    2    0.000    1    2   0    3.39
118    2    0.000    1    2   0    2.95
103    2    0.000    1    2   0    4.13
150    2    0.148    2    1   1    1.18
87    2    -0.143    1    2   1    1.54
85    2    0.148    2    1   1    0.97
22    1    -0.143    2    2   1    0.58
74    1    0.143    1    1   1    1.76
136    2    -0.148    1    2   1    0.70
54    1    0.143    1    1   1    1.29
55    1    0.148    1    1   1    0.63
114    2    0.143    2    1   1    0.82
78    2    0.000    1    2   0    6.82
117    2    -0.143    1    2   1    0.94
131    2    -0.148    1    2   1    0.54
97    2    -0.143    1    2   1    0.54
3    1    0.000    1    1   1    2.51
122    2    -0.143    1    2   1    1.38
42    1    -0.143    2    2   1    1.38
145    2    0.148    2    1   1    2.09
141    2    -0.148    1    2   1    2.22
139    2    0.143    2    1   1    1.04
82    2    -0.143    1    2   1    0.68
69    1    0.143    1    1   1    1.55
30    1    0.148    1    1   1    2.05
27    1    -0.143    2    2   1    0.79
95    2    0.148    2    1   1    0.76
12    1    -0.143    2    2   1    0.56
147    2    -0.143    1    2   1    0.85
45    1    0.148    1    1   1    1.37
16    1    -0.148    2    2   1    0.54
31    1    -0.148    2    2   1    0.57
28    1    0.000    2    2   0    1.50
127    2    -0.143    1    2   1    0.66
124    2    0.143    2    1   1    1.13
93    2    0.000    2    1   1    1.71
56    1    -0.148    2    2   1    0.72
106    2    -0.148    1    2   1    0.94
23    1    0.000    2    2   0    1.90
57    1    -0.143    2    2   1    0.89
53    1    0.000    1    1   1    1.38
121    2    -0.148    1    2   1    0.89
60    1    0.148    1    1   1    0.96
51    1    -0.148    2    2   1    0.50
35    1    0.148    1    1   1    1.03
10    1    0.148    1    1   1    0.62
113    2    0.000    2    1   1    5.03
36    1    -0.148    2    2   1    1.06
111    2    -0.148    1    2   1    0.71
4    1    0.143    1    1   1    0.94
80    2    0.148    2    1   1    1.00
32    1    -0.143    2    2   1    0.73
70    1    0.148    1    1   1    1.00
88    2    0.000    1    2   0    1.21
21    1    -0.148    2    2   1    1.12
58    1    0.000    1    1   1    3.71
138    2    0.000    1    2   0    5.40
140    2    0.148    1    2   0    0.73
29    1    0.143    1    1   1    0.60
133    2    0.000    1    2   0    1.50
11    1    -0.148    2    2   1    1.10
66    1    -0.148    2    2   1    0.67
68    1    0.000    1    1   1    0.81
7    1    -0.143    2    2   1    0.66
8    1    0.000    1    1   1    0.73
18    1    0.000    1    1   1    1.24
79    2    0.143    2    1   1    0.82
