--------------------------------
27-Nov-2014 14:38:17 
data from observer A20 
#occlusion2 expt 
reference disparity (degrees) 0.160000 

stim order disp kresp testresp correct time
1    2    0.074    1    2   1    1.62
2    1    -0.069    1    1   1    0.63
3    2    0.065    1    2   1    6.28
4    1    -0.060    1    1   1    2.87
5    2    -0.055    2    1   1    1.44
6    1    -0.051    1    1   1    0.72
7    2    0.046    1    2   1    1.86
8    1    -0.042    1    1   1    1.45
9    1    -0.037    1    1   1    1.10
10    1    0.032    2    2   1    2.20
11    2    -0.028    2    1   1    4.08
12    1    -0.023    1    1   1    1.37
13    2    0.018    1    2   1    0.83
14    1    0.014    2    2   1    2.54
15    2    -0.009    2    1   1    4.30
16    2    -0.005    1    2   0    1.89
17    2    0.014    1    2   1    2.42
18    1    -0.014    1    1   1    1.77
19    1    0.009    1    1   0    0.76
20    1    -0.018    1    1   1    0.95
21    2    -0.018    2    1   1    2.16
22    2    0.014    1    2   1    1.97
23    1    -0.014    1    1   1    2.02
24    2    0.009    1    2   1    0.87
25    1    -0.009    1    1   1    2.07
26    1    -0.005    1    1   1    0.91
27    2    -0.005    2    1   1    0.89
28    1    0.005    2    2   1    1.56
29    1    -0.005    1    1   1    1.17
30    2    0.005    1    2   1    1.13
31    2    -0.005    2    1   1    1.07
32    2    -0.005    1    2   0    1.78
33    2    0.014    1    2   1    1.90
34    1    -0.014    1    1   1    0.81
35    1    -0.009    1    1   1    3.22
36    1    0.009    2    2   1    1.11
37    1    0.005    2    2   1    3.92
38    2    0.005    1    2   1    1.17
39    1    0.005    2    2   1    0.84
40    2    -0.005    2    1   1    1.67
41    1    -0.005    1    1   1    4.02
42    1    0.005    2    2   1    5.53
43    2    0.005    1    2   1    4.49
44    2    0.005    1    2   1    1.39
45    2    -0.005    2    1   1    1.05
46    1    -0.005    2    2   0    1.60
47    1    0.014    2    2   1    1.04
48    2    0.014    1    2   1    1.49
49    1    0.009    2    2   1    1.01
50    2    -0.009    2    1   1    1.19
-------------------------
Final staircase threshold estimate (mean) is 0.0074
-------------------------
101    2    -0.018    2    1   0    1.60
91    2    -0.018    2    1   0    0.73
108    2    0.000    1    2   0    1.36
41    1    -0.018    1    1   0    0.82
111    2    -0.018    2    1   0    0.72
131    2    -0.018    2    1   0    0.67
53    1    0.000    1    1   1    1.87
88    2    0.000    1    2   0    1.08
98    2    0.000    1    2   0    1.94
17    1    -0.009    1    1   0    0.74
36    1    -0.018    1    1   0    1.24
69    1    0.009    2    2   0    0.80
59    1    0.009    2    2   0    1.15
110    2    0.018    1    2   0    2.31
79    2    0.009    1    2   0    0.95
20    1    0.018    2    2   0    0.95
37    1    -0.009    1    1   0    0.96
10    1    0.018    2    2   0    0.65
66    1    -0.018    1    1   0    0.76
125    2    0.018    1    2   0    0.90
128    2    0.000    2    1   1    1.02
143    2    0.000    2    1   1    0.82
45    1    0.018    2    2   0    0.61
63    1    0.000    1    1   1    0.65
65    1    0.018    2    2   0    0.63
14    1    0.009    2    2   0    3.01
30    1    0.018    2    2   0    0.88
51    1    -0.018    1    1   0    1.72
54    1    0.009    1    1   1    2.11
144    2    0.009    1    2   0    1.39
15    1    0.018    2    2   0    0.69
73    1    0.000    1    1   1    1.13
62    1    -0.009    1    1   0    1.97
50    1    0.018    2    2   0    0.83
18    1    0.000    1    1   1    0.90
147    2    -0.009    2    1   0    0.64
115    2    0.018    1    2   0    1.37
132    2    -0.009    2    1   0    1.41
84    2    0.009    1    2   0    0.93
48    1    0.000    1    1   1    3.36
24    1    0.009    2    2   0    1.35
149    2    0.009    1    2   0    0.80
12    1    -0.009    1    1   0    0.66
67    1    -0.009    1    1   0    4.01
148    2    0.000    2    1   1    1.56
86    2    -0.018    2    1   0    1.69
97    2    -0.009    2    1   0    0.83
9    1    0.009    2    2   0    0.84
77    2    -0.009    2    1   0    2.56
2    1    -0.009    1    1   0    1.22
106    2    -0.018    2    1   0    1.27
68    1    0.000    2    2   0    0.87
133    2    0.000    1    2   0    1.20
104    2    0.009    1    2   0    0.78
136    2    -0.018    2    1   0    0.79
109    2    0.009    1    2   0    0.95
139    2    0.009    1    2   0    0.75
29    1    0.009    2    2   0    0.56
31    1    -0.018    1    1   0    0.95
6    1    -0.018    1    1   0    0.70
81    2    -0.018    2    1   0    0.60
107    2    -0.009    2    1   0    2.15
150    2    0.018    1    2   0    0.63
39    1    0.009    2    2   0    3.83
96    2    -0.018    2    1   0    0.93
78    2    0.000    1    2   0    0.64
105    2    0.018    1    2   0    1.16
44    1    0.009    2    2   0    0.99
28    1    0.000    1    1   1    1.39
32    1    -0.009    1    1   0    1.61
23    1    0.000    1    1   1    0.77
121    2    -0.018    2    1   0    0.95
1    1    -0.018    1    1   0    3.95
118    2    0.000    1    2   0    0.77
49    1    0.009    2    2   0    1.37
11    1    -0.018    1    1   0    1.10
16    1    -0.018    1    1   0    0.62
40    1    0.018    2    2   0    1.83
71    1    -0.018    1    1   0    1.24
112    2    -0.009    1    2   1    1.88
127    2    -0.009    2    1   0    1.45
56    1    -0.018    1    1   0    0.68
38    1    0.000    1    1   1    2.65
42    1    -0.009    1    1   0    1.10
57    1    -0.009    1    1   0    4.72
85    2    0.018    1    2   0    0.66
21    1    -0.018    1    1   0    2.96
113    2    0.000    2    1   1    1.36
35    1    0.018    2    2   0    0.79
145    2    0.018    1    2   0    0.76
134    2    0.009    2    1   1    2.85
43    1    0.000    1    1   1    0.87
19    1    0.009    2    2   0    1.16
140    2    0.018    1    2   0    0.59
27    1    -0.009    1    1   0    0.64
64    1    0.009    2    2   0    0.58
103    2    0.000    1    2   0    1.41
75    2    0.018    1    2   0    0.63
123    2    0.000    1    2   0    1.26
82    2    -0.009    2    1   0    2.23
102    2    -0.009    1    2   1    3.96
70    1    0.018    2    2   0    0.75
94    2    0.009    1    2   0    1.10
137    2    -0.009    1    2   1    3.41
117    2    -0.009    1    2   1    1.88
34    1    0.009    1    1   1    0.97
116    2    -0.018    2    1   0    1.72
83    2    0.000    1    2   0    1.27
114    2    0.009    2    1   1    0.67
76    2    -0.018    2    1   0    0.60
7    1    -0.009    1    1   0    1.06
46    1    -0.018    1    1   0    0.78
122    2    -0.009    2    1   0    0.72
25    1    0.018    2    2   0    0.57
146    2    -0.018    2    1   0    0.60
90    2    0.018    1    2   0    0.73
120    2    0.018    1    2   0    0.65
47    1    -0.009    1    1   0    1.19
87    2    -0.009    2    1   0    2.03
52    1    -0.009    1    1   0    0.64
130    2    0.018    1    2   0    0.61
13    1    0.000    1    1   1    2.18
33    1    0.000    1    1   1    0.64
93    2    0.000    1    2   0    0.82
126    2    -0.018    2    1   0    0.63
100    2    0.018    1    2   0    0.63
142    2    -0.009    2    1   0    1.15
60    1    0.018    2    2   0    0.62
80    2    0.018    1    2   0    0.56
95    2    0.018    1    2   0    0.56
92    2    -0.009    2    1   0    0.51
22    1    -0.009    1    1   0    0.57
61    1    -0.018    1    1   0    0.63
5    1    0.018    2    2   0    0.83
119    2    0.009    1    2   0    0.61
141    2    -0.018    2    1   0    1.27
8    1    0.000    1    1   1    0.61
74    1    0.009    2    2   0    2.05
135    2    0.018    1    2   0    0.58
4    1    0.009    1    1   1    1.56
58    1    0.000    1    1   1    1.42
26    1    -0.018    1    1   0    0.85
129    2    0.009    1    2   0    1.35
138    2    0.000    1    2   0    1.97
55    1    0.018    2    2   0    0.91
3    1    0.000    1    1   1    0.67
124    2    0.009    1    2   0    1.61
72    1    -0.009    1    1   0    0.61
89    2    0.009    1    2   0    0.60
99    2    0.009    1    2   0    0.48
