--------------------------------
15-Dec-2014 11:29:08 
data from observer A21 
#occlusion2 expt 
reference disparity (degrees) 0.160000 

stim order disp kresp testresp correct time
1    1    0.074    2    2   1    4.52
2    2    -0.069    1    2   0    1.19
3    1    -0.079    2    2   0    0.52
4    2    -0.088    1    2   0    0.45
5    2    0.097    2    1   0    0.65
6    2    -0.106    1    2   0    0.50
7    1    -0.115    2    2   0    0.36
8    1    0.125    1    1   0    0.29
9    1    -0.134    2    2   0    0.34
10    2    -0.143    1    2   0    0.52
11    1    -0.148    2    2   0    0.24
12    2    0.148    1    2   1    0.41
13    2    -0.148    2    1   1    0.49
14    2    -0.143    1    2   0    0.30
15    2    -0.148    2    1   1    0.68
16    2    -0.148    1    2   0    0.25
17    1    0.148    2    2   1    0.28
18    2    0.148    1    2   1    0.08
19    2    -0.143    2    1   1    1.48
20    2    0.143    1    2   1    0.30
21    2    -0.139    2    1   1    0.57
22    2    -0.139    1    2   0    0.34
23    2    0.148    2    1   0    0.56
24    1    -0.148    1    1   1    0.29
25    1    -0.148    2    2   0    0.45
26    2    -0.148    1    2   0    0.26
27    2    0.148    2    1   0    0.47
28    2    0.148    1    2   1    0.41
29    1    -0.148    1    1   1    0.66
30    1    0.143    2    2   1    0.14
31    1    0.143    1    1   0    0.22
32    2    -0.148    2    1   1    0.97
33    1    -0.148    1    1   1    0.54
34    2    -0.143    1    2   0    1.01
35    1    0.148    2    2   1    0.68
36    2    -0.148    2    1   1    1.57
37    1    -0.143    1    1   1    0.56
38    2    0.143    2    1   0    0.50
39    2    -0.148    1    2   0    0.28
40    1    -0.148    2    2   0    1.01
41    2    0.148    1    2   1    0.35
42    1    -0.148    2    2   0    0.57
43    2    -0.148    1    2   0    0.36
44    2    0.148    2    1   0    0.00
45    2    -0.148    1    2   0    0.37
46    1    0.148    2    2   1    0.12
47    1    0.148    1    1   0    0.00
48    1    0.148    2    2   1    0.38
49    1    -0.148    1    1   1    0.52
50    2    -0.143    2    1   1    0.12
-------------------------
Final staircase threshold estimate (mean) is 0.1473
-------------------------
34    1    0.143    1    1   1    4.35
114    2    0.143    2    1   1    0.90
23    1    0.000    2    2   0    0.80
86    2    -0.148    2    1   0    6.20
129    2    0.143    2    1   1    9.13
96    2    -0.148    2    1   0    1.14
68    1    0.000    2    2   0    2.12
16    1    -0.148    2    2   1    1.36
7    1    -0.143    1    1   0    0.61
90    2    0.148    2    1   1    0.06
121    2    -0.148    1    2   1    0.57
13    1    0.000    2    2   0    0.90
115    2    0.148    1    2   0    2.10
92    2    -0.143    2    1   0    0.00
107    2    -0.143    2    1   0    0.55
112    2    -0.143    1    2   1    0.54
63    1    0.000    2    2   0    0.49
73    1    0.000    1    1   1    0.48
39    1    0.143    2    2   0    0.64
59    1    0.143    1    1   1    0.44
140    2    0.148    2    1   1    0.63
137    2    -0.143    1    2   1    0.63
10    1    0.148    1    1   1    1.00
35    1    0.148    1    1   1    0.72
33    1    0.000    2    2   0    0.40
123    2    0.000    1    2   0    0.31
147    2    -0.143    2    1   0    0.38
45    1    0.148    1    1   1    0.46
103    2    0.000    2    1   1    0.30
36    1    -0.148    1    1   0    0.16
46    1    -0.148    2    2   1    0.15
44    1    0.143    1    1   1    0.00
70    1    0.148    2    2   0    0.28
30    1    0.148    1    1   1    0.23
51    1    -0.148    2    2   1    0.12
102    2    -0.143    1    2   1    0.32
119    2    0.143    2    1   1    1.41
48    1    0.000    1    1   1    0.32
99    2    0.143    2    1   1    0.36
3    1    0.000    2    2   0    0.51
49    1    0.143    1    1   1    0.30
65    1    0.148    2    2   0    0.00
61    1    -0.148    1    1   0    0.00
138    2    0.000    2    1   1    0.04
76    2    -0.148    1    2   1    0.38
58    1    0.000    1    1   1    0.41
75    2    0.148    2    1   1    0.00
57    1    -0.143    2    2   1    0.16
42    1    -0.143    2    2   1    0.24
127    2    -0.143    1    2   1    0.26
19    1    0.143    2    2   0    0.11
89    2    0.143    1    2   0    0.34
52    1    -0.143    2    2   1    0.55
83    2    0.000    1    2   0    0.63
74    1    0.143    2    2   0    1.11
133    2    0.000    2    1   1    1.04
29    1    0.143    1    1   1    0.29
141    2    -0.148    2    1   0    0.20
81    2    -0.148    1    2   1    0.45
150    2    0.148    2    1   1    0.35
40    1    0.148    1    1   1    0.64
4    1    0.143    2    2   0    0.22
69    1    0.143    1    1   1    0.36
97    2    -0.143    2    1   0    0.40
22    1    -0.143    1    1   0    0.39
9    1    0.143    2    2   0    0.29
21    1    -0.148    1    1   0    0.31
109    2    0.143    2    1   1    0.19
128    2    0.000    1    2   0    0.34
101    2    -0.148    2    1   0    0.42
79    2    0.143    1    2   0    0.45
144    2    0.143    2    1   1    0.65
26    1    -0.148    1    1   0    2.94
50    1    0.148    1    1   1    0.71
55    1    0.148    1    1   1    1.11
139    2    0.143    1    2   0    1.24
136    2    -0.148    1    2   1    0.72
6    1    -0.148    1    1   0    0.28
66    1    -0.148    2    2   1    1.08
95    2    0.148    1    2   0    0.61
130    2    0.148    1    2   0    1.52
12    1    -0.143    2    2   1    0.31
67    1    -0.143    1    1   0    0.36
117    2    -0.143    1    2   1    0.48
93    2    0.000    2    1   1    0.31
77    2    -0.143    1    2   1    0.82
27    1    -0.143    1    1   0    0.39
135    2    0.148    1    2   0    1.92
134    2    0.143    2    1   1    0.39
2    1    -0.143    1    1   0    0.32
142    2    -0.143    1    2   1    0.24
43    1    0.000    2    2   0    0.25
113    2    0.000    1    2   0    0.35
64    1    0.143    2    2   0    0.28
56    1    -0.148    1    1   0    0.31
124    2    0.143    2    1   1    0.07
148    2    0.000    1    2   0    0.53
120    2    0.148    1    2   0    0.00
53    1    0.000    2    2   0    0.17
17    1    -0.143    1    1   0    0.37
118    2    0.000    2    1   1    0.24
122    2    -0.143    1    2   1    0.23
110    2    0.148    2    1   1    0.21
8    1    0.000    1    1   1    0.00
41    1    -0.148    2    2   1    0.28
106    2    -0.148    1    2   1    0.28
20    1    0.148    2    2   0    0.17
126    2    -0.148    1    2   1    0.36
145    2    0.148    1    2   0    0.76
32    1    -0.143    2    2   1    0.31
98    2    0.000    1    2   0    0.33
72    1    -0.143    2    2   1    0.44
38    1    0.000    1    1   1    0.23
47    1    -0.143    2    2   1    0.27
132    2    -0.143    1    2   1    0.00
82    2    -0.143    2    1   0    0.00
105    2    0.148    1    2   0    0.00
54    1    0.143    1    1   1    0.40
85    2    0.148    2    1   1    0.15
87    2    -0.143    1    2   1    0.24
146    2    -0.148    1    2   1    0.99
149    2    0.143    2    1   1    0.20
11    1    -0.148    1    1   0    0.18
80    2    0.148    1    2   0    0.39
78    2    0.000    1    2   0    0.59
143    2    0.000    1    2   0    0.42
108    2    0.000    2    1   1    0.00
60    1    0.148    1    1   1    0.18
104    2    0.143    2    1   1    0.00
91    2    -0.148    1    2   1    0.36
24    1    0.143    2    2   0    0.00
31    1    -0.148    1    1   0    0.07
15    1    0.148    1    1   1    0.17
18    1    0.000    2    2   0    0.00
100    2    0.148    1    2   0    0.10
14    1    0.143    1    1   1    0.14
37    1    -0.143    1    1   0    0.58
111    2    -0.148    1    2   1    0.36
116    2    -0.148    1    2   1    0.17
62    1    -0.143    2    2   1    0.30
88    2    0.000    1    2   0    0.03
94    2    0.143    1    2   0    0.19
71    1    -0.148    1    1   0    0.89
5    1    0.148    2    2   0    0.08
25    1    0.148    1    1   1    0.38
84    2    0.143    2    1   1    0.47
125    2    0.148    1    2   0    0.00
1    1    -0.148    2    2   1    0.41
131    2    -0.148    1    2   1    0.00
28    1    0.000    2    2   0    0.29
