--------------------------------
15-Dec-2014 09:53:30 
data from observer A21 
#occlusion2 expt 
reference disparity (degrees) 0.160000 

stim order disp kresp testresp correct time
1    2    0.074    1    2   0    0.00
2    1    0.083    2    2   0    2.19
3    1    -0.092    1    1   0    2.49
4    2    -0.102    2    1   0    1.66
5    1    0.111    2    2   0    5.12
6    2    -0.120    1    2   1    2.44
7    1    -0.115    1    1   0    1.34
8    1    0.125    2    2   0    0.92
9    1    -0.134    2    2   1    1.05
10    1    0.134    2    2   0    0.19
11    1    -0.143    2    2   1    0.90
12    2    0.143    1    2   0    1.04
13    2    0.148    2    1   1    0.46
14    1    0.148    1    1   1    0.38
15    1    -0.143    2    2   1    0.31
16    2    0.143    1    2   0    0.44
17    2    0.148    2    1   1    0.89
18    2    0.148    1    2   0    0.38
19    1    -0.148    2    2   1    0.51
20    2    -0.148    1    2   1    0.58
21    1    -0.143    1    1   0    0.77
22    1    -0.148    1    1   0    0.45
23    1    0.148    1    1   1    0.90
24    2    0.148    2    1   1    0.51
25    1    0.143    1    1   1    0.48
26    2    -0.143    2    1   0    0.19
27    1    -0.148    1    1   0    0.25
28    2    0.148    2    1   1    0.28
29    2    -0.148    1    2   1    0.17
30    2    -0.143    2    1   0    0.00
31    2    0.148    1    2   0    0.44
32    2    0.148    2    1   1    0.39
33    1    -0.148    1    1   0    0.38
34    1    -0.148    2    2   1    0.43
35    2    0.148    1    2   0    0.35
36    2    -0.148    2    1   0    0.35
37    2    0.148    1    2   0    1.41
38    1    -0.148    1    1   0    2.18
39    2    0.148    2    1   1    1.54
40    1    -0.148    2    2   1    1.61
41    2    -0.143    2    1   0    1.47
42    2    0.148    1    2   0    1.00
43    2    0.148    1    2   0    1.12
44    2    -0.148    2    1   0    0.89
45    2    0.148    1    2   0    1.97
46    2    0.148    1    2   0    1.04
47    2    0.148    2    1   1    1.46
48    1    -0.148    2    2   1    1.10
49    1    -0.143    2    2   1    0.95
50    1    0.143    2    2   0    1.38
-------------------------
Final staircase threshold estimate (mean) is 0.1464
-------------------------
19    1    0.143    1    1   1    1.89
35    1    0.148    1    1   1    0.90
24    1    0.143    1    1   1    1.14
28    1    0.000    1    1   1    0.66
101    2    -0.148    1    2   1    0.72
10    1    0.148    1    1   1    1.04
122    2    -0.143    1    2   1    0.55
89    2    0.143    1    2   0    0.37
142    2    -0.143    1    2   1    0.52
131    2    -0.148    2    1   0    1.08
49    1    0.143    2    2   0    1.68
52    1    -0.143    1    1   0    0.57
87    2    -0.143    1    2   1    2.95
111    2    -0.148    1    2   1    4.29
126    2    -0.148    2    1   0    1.37
91    2    -0.148    1    2   1    0.52
25    1    0.148    2    2   0    0.26
17    1    -0.143    1    1   0    0.41
56    1    -0.148    2    2   1    0.15
9    1    0.143    1    1   1    0.48
133    2    0.000    2    1   1    0.34
61    1    -0.148    1    1   0    0.00
22    1    -0.143    2    2   1    0.29
64    1    0.143    1    1   1    0.77
18    1    0.000    1    1   1    0.73
78    2    0.000    1    2   0    0.36
113    2    0.000    1    2   0    0.35
120    2    0.148    1    2   0    0.53
7    1    -0.143    2    2   1    0.49
13    1    0.000    2    2   0    0.56
139    2    0.143    2    1   1    0.67
31    1    -0.148    2    2   1    0.51
41    1    -0.148    2    2   1    0.68
94    2    0.143    1    2   0    0.48
72    1    -0.143    2    2   1    0.36
98    2    0.000    1    2   0    0.46
50    1    0.148    2    2   0    0.75
99    2    0.143    1    2   0    0.58
107    2    -0.143    2    1   0    0.36
70    1    0.148    2    2   0    0.90
45    1    0.148    1    1   1    0.65
116    2    -0.148    1    2   1    0.78
130    2    0.148    1    2   0    2.16
147    2    -0.143    1    2   1    1.01
73    1    0.000    2    2   0    0.49
58    1    0.000    1    1   1    0.68
115    2    0.148    2    1   1    0.63
47    1    -0.143    1    1   0    0.71
134    2    0.143    1    2   0    1.61
97    2    -0.143    1    2   1    2.66
39    1    0.143    1    1   1    1.39
146    2    -0.148    1    2   1    1.02
36    1    -0.148    1    1   0    1.12
92    2    -0.143    1    2   1    1.55
106    2    -0.148    1    2   1    1.47
83    2    0.000    1    2   0    1.31
140    2    0.148    1    2   0    1.07
14    1    0.143    2    2   0    0.47
150    2    0.148    1    2   0    0.39
20    1    0.148    1    1   1    0.75
144    2    0.143    1    2   0    0.92
57    1    -0.143    2    2   1    0.19
110    2    0.148    2    1   1    0.40
69    1    0.143    2    2   0    0.83
59    1    0.143    1    1   1    0.63
21    1    -0.148    2    2   1    3.51
29    1    0.143    1    1   1    1.05
128    2    0.000    2    1   1    0.48
5    1    0.148    1    1   1    0.78
118    2    0.000    2    1   1    0.44
137    2    -0.143    1    2   1    1.22
79    2    0.143    2    1   1    0.89
90    2    0.148    1    2   0    0.59
3    1    0.000    2    2   0    0.66
53    1    0.000    1    1   1    0.30
114    2    0.143    1    2   0    0.55
6    1    -0.148    2    2   1    0.31
16    1    -0.148    1    1   0    0.32
112    2    -0.143    1    2   1    0.40
65    1    0.148    2    2   0    0.21
71    1    -0.148    1    1   0    0.21
42    1    -0.143    2    2   1    0.23
60    1    0.148    1    1   1    0.19
8    1    0.000    2    2   0    0.06
86    2    -0.148    1    2   1    0.32
12    1    -0.143    1    1   0    0.06
129    2    0.143    2    1   1    0.26
103    2    0.000    1    2   0    0.01
135    2    0.148    2    1   1    0.00
80    2    0.148    1    2   0    0.04
34    1    0.143    2    2   0    0.00
15    1    0.148    1    1   1    0.15
40    1    0.148    2    2   0    0.44
63    1    0.000    2    2   0    0.43
82    2    -0.143    2    1   0    0.40
23    1    0.000    2    2   0    0.86
121    2    -0.148    2    1   0    1.10
124    2    0.143    1    2   0    0.33
38    1    0.000    2    2   0    0.45
46    1    -0.148    2    2   1    0.38
11    1    -0.148    2    2   1    0.40
102    2    -0.143    2    1   0    0.72
68    1    0.000    1    1   1    0.50
141    2    -0.148    2    1   0    0.11
96    2    -0.148    1    2   1    0.46
149    2    0.143    2    1   1    0.42
2    1    -0.143    1    1   0    0.34
117    2    -0.143    1    2   1    0.93
55    1    0.148    1    1   1    0.41
84    2    0.143    1    2   0    0.21
104    2    0.143    1    2   0    0.42
143    2    0.000    1    2   0    0.46
100    2    0.148    1    2   0    0.32
67    1    -0.143    1    1   0    0.46
119    2    0.143    1    2   0    0.51
76    2    -0.148    2    1   0    0.45
54    1    0.143    1    1   1    0.31
123    2    0.000    2    1   1    0.05
109    2    0.143    1    2   0    0.28
145    2    0.148    2    1   1    0.00
51    1    -0.148    1    1   0    0.11
93    2    0.000    2    1   1    0.32
33    1    0.000    1    1   1    0.00
85    2    0.148    2    1   1    0.36
4    1    0.143    1    1   1    0.03
1    1    -0.148    2    2   1    0.16
32    1    -0.143    1    1   0    0.14
44    1    0.143    2    2   0    0.35
132    2    -0.143    1    2   1    0.10
30    1    0.148    2    2   0    0.59
108    2    0.000    1    2   0    0.32
95    2    0.148    2    1   1    0.32
75    2    0.148    2    1   1    0.40
37    1    -0.143    2    2   1    0.54
62    1    -0.143    1    1   0    0.58
127    2    -0.143    2    1   0    0.30
74    1    0.143    2    2   0    0.66
81    2    -0.148    2    1   0    0.40
88    2    0.000    2    1   1    0.48
77    2    -0.143    2    1   0    0.47
66    1    -0.148    1    1   0    0.27
125    2    0.148    2    1   1    0.00
26    1    -0.148    2    2   1    0.40
27    1    -0.143    2    2   1    0.96
105    2    0.148    2    1   1    0.52
43    1    0.000    1    1   1    0.28
148    2    0.000    2    1   1    0.64
48    1    0.000    1    1   1    0.48
138    2    0.000    1    2   0    0.85
136    2    -0.148    2    1   0    0.68
