--------------------------------
15-Dec-2014 11:47:37 
data from observer A21 
#occlusion2 expt 
reference disparity (degrees) 0.160000 

stim order disp kresp testresp correct time
1    2    0.074    2    1   0    0.65
2    2    0.083    1    2   1    0.33
3    2    -0.079    2    1   1    0.46
4    1    0.079    1    1   0    0.35
5    2    -0.088    2    1   1    0.18
6    1    0.088    2    2   1    0.81
7    2    0.083    2    1   0    0.42
8    2    -0.092    2    1   1    0.36
9    1    -0.092    2    2   0    0.71
10    1    -0.102    2    2   0    0.37
11    2    -0.111    2    1   1    1.08
12    2    -0.111    2    1   1    0.86
13    2    -0.106    1    2   0    0.34
14    2    -0.115    2    1   1    0.54
15    2    -0.115    1    2   0    0.36
16    2    -0.125    2    1   1    0.30
17    1    0.125    1    1   0    0.37
18    1    0.134    2    2   1    0.38
19    2    0.134    1    2   1    0.00
20    1    -0.129    1    1   1    0.00
21    1    -0.129    1    1   1    0.35
22    2    -0.125    2    1   1    0.35
23    2    -0.125    1    2   0    0.18
24    1    0.134    2    2   1    0.06
25    1    -0.134    1    1   1    0.48
26    2    0.129    2    1   0    0.03
27    1    0.139    1    1   0    0.05
28    2    0.148    2    1   0    1.71
29    1    0.148    1    1   0    0.59
30    2    0.148    2    1   0    0.46
31    1    -0.148    2    2   0    4.04
32    2    -0.148    1    2   0    0.51
33    1    0.148    1    1   0    0.56
34    2    -0.148    2    1   1    0.49
35    1    0.148    1    1   0    0.64
36    2    0.148    2    1   0    0.32
37    2    0.148    2    1   0    0.67
38    2    -0.148    2    1   1    0.92
39    1    0.148    1    1   0    1.44
40    1    0.148    2    2   1    5.04
41    2    0.148    1    2   1    0.45
42    2    0.143    2    1   0    0.43
43    2    0.148    2    1   0    0.40
44    2    0.148    1    2   1    0.28
45    2    -0.148    2    1   1    0.31
46    2    -0.143    2    1   1    0.52
47    1    0.143    1    1   0    0.45
48    1    0.148    2    2   1    0.26
49    1    0.148    2    2   1    0.17
50    1    -0.143    2    2   0    1.39
-------------------------
Final staircase threshold estimate (mean) is 0.1459
-------------------------
123    2    0.000    1    2   0    2.59
139    2    0.143    1    2   0    0.45
128    2    0.000    2    1   1    0.13
106    2    -0.148    1    2   1    0.06
81    2    -0.148    2    1   0    0.08
141    2    -0.148    1    2   1    0.33
62    1    -0.143    2    2   1    0.00
82    2    -0.143    1    2   1    0.38
8    1    0.000    1    1   1    0.47
54    1    0.143    2    2   0    0.13
147    2    -0.143    1    2   1    0.38
48    1    0.000    1    1   1    0.53
41    1    -0.148    2    2   1    0.46
145    2    0.148    1    2   0    0.19
13    1    0.000    2    2   0    0.02
16    1    -0.148    1    1   0    0.30
130    2    0.148    2    1   1    0.40
68    1    0.000    1    1   1    0.30
79    2    0.143    2    1   1    0.48
119    2    0.143    1    2   0    0.33
83    2    0.000    2    1   1    0.32
7    1    -0.143    1    1   0    0.20
46    1    -0.148    2    2   1    2.00
43    1    0.000    1    1   1    0.39
55    1    0.148    2    2   0    0.31
24    1    0.143    1    1   1    0.40
14    1    0.143    2    2   0    0.44
18    1    0.000    1    1   1    0.34
36    1    -0.148    2    2   1    0.92
137    2    -0.143    1    2   1    0.27
88    2    0.000    2    1   1    0.23
114    2    0.143    1    2   0    0.09
96    2    -0.148    2    1   0    0.29
21    1    -0.148    1    1   0    0.82
63    1    0.000    1    1   1    1.45
51    1    -0.148    2    2   1    0.30
78    2    0.000    1    2   0    0.39
113    2    0.000    1    2   0    0.45
143    2    0.000    1    2   0    0.43
56    1    -0.148    2    2   1    0.38
146    2    -0.148    1    2   1    0.26
86    2    -0.148    2    1   0    0.36
72    1    -0.143    1    1   0    0.37
15    1    0.148    1    1   1    0.61
6    1    -0.148    2    2   1    0.25
102    2    -0.143    1    2   1    0.00
135    2    0.148    2    1   1    0.00
122    2    -0.143    1    2   1    0.00
138    2    0.000    1    2   0    0.91
27    1    -0.143    2    2   1    0.16
124    2    0.143    1    2   0    0.24
115    2    0.148    2    1   1    0.00
65    1    0.148    1    1   1    0.00
105    2    0.148    2    1   1    0.00
91    2    -0.148    1    2   1    0.36
100    2    0.148    2    1   1    0.31
90    2    0.148    2    1   1    0.43
104    2    0.143    2    1   1    0.40
2    1    -0.143    1    1   0    0.28
95    2    0.148    1    2   0    0.53
44    1    0.143    1    1   1    0.42
87    2    -0.143    2    1   0    0.04
112    2    -0.143    1    2   1    2.94
85    2    0.148    2    1   1    0.52
140    2    0.148    1    2   0    3.83
40    1    0.148    2    2   0    3.88
109    2    0.143    1    2   0    0.53
99    2    0.143    2    1   1    0.32
12    1    -0.143    1    1   0    0.19
25    1    0.148    1    1   1    0.55
98    2    0.000    1    2   0    0.71
60    1    0.148    2    2   0    0.00
37    1    -0.143    2    2   1    0.52
75    2    0.148    2    1   1    1.28
42    1    -0.143    1    1   0    0.34
117    2    -0.143    2    1   0    0.00
20    1    0.148    2    2   0    0.06
4    1    0.143    1    1   1    0.27
30    1    0.148    1    1   1    0.23
121    2    -0.148    2    1   0    0.00
103    2    0.000    2    1   1    0.73
134    2    0.143    1    2   0    0.39
71    1    -0.148    1    1   0    0.75
97    2    -0.143    2    1   0    0.36
57    1    -0.143    1    1   0    1.69
93    2    0.000    2    1   1    0.00
69    1    0.143    1    1   1    0.27
52    1    -0.143    2    2   1    0.50
23    1    0.000    2    2   0    0.41
19    1    0.143    2    2   0    0.44
120    2    0.148    1    2   0    0.45
80    2    0.148    1    2   0    1.00
28    1    0.000    1    1   1    0.42
38    1    0.000    2    2   0    0.14
131    2    -0.148    1    2   1    0.28
61    1    -0.148    2    2   1    0.32
1    1    -0.148    1    1   0    0.35
34    1    0.143    2    2   0    2.33
107    2    -0.143    1    2   1    0.32
58    1    0.000    2    2   0    0.41
5    1    0.148    1    1   1    0.38
26    1    -0.148    2    2   1    0.31
31    1    -0.148    1    1   0    0.42
45    1    0.148    2    2   0    0.30
149    2    0.143    1    2   0    0.27
76    2    -0.148    2    1   0    0.49
70    1    0.148    1    1   1    0.37
59    1    0.143    2    2   0    0.49
92    2    -0.143    1    2   1    0.22
129    2    0.143    1    2   0    0.38
66    1    -0.148    2    2   1    0.37
64    1    0.143    2    2   0    0.38
148    2    0.000    1    2   0    0.36
10    1    0.148    2    2   0    0.09
22    1    -0.143    1    1   0    0.55
89    2    0.143    2    1   1    0.34
94    2    0.143    1    2   0    0.14
136    2    -0.148    2    1   0    0.51
47    1    -0.143    1    1   0    0.31
77    2    -0.143    2    1   0    0.20
39    1    0.143    1    1   1    0.41
11    1    -0.148    2    2   1    0.00
132    2    -0.143    1    2   1    0.33
49    1    0.143    2    2   0    0.14
84    2    0.143    2    1   1    0.41
125    2    0.148    1    2   0    0.00
118    2    0.000    2    1   1    0.34
133    2    0.000    1    2   0    2.21
116    2    -0.148    1    2   1    1.78
3    1    0.000    2    2   0    0.60
67    1    -0.143    1    1   0    0.32
17    1    -0.143    2    2   1    0.15
142    2    -0.143    2    1   0    2.32
110    2    0.148    2    1   1    0.86
144    2    0.143    2    1   1    0.83
50    1    0.148    2    2   0    2.97
108    2    0.000    1    2   0    2.69
9    1    0.143    1    1   1    1.17
126    2    -0.148    2    1   0    0.32
33    1    0.000    1    1   1    0.85
73    1    0.000    2    2   0    0.36
150    2    0.148    1    2   0    0.29
29    1    0.143    1    1   1    0.52
111    2    -0.148    2    1   0    1.54
74    1    0.143    1    1   1    0.72
101    2    -0.148    2    1   0    0.46
32    1    -0.143    2    2   1    0.80
35    1    0.148    2    2   0    0.35
127    2    -0.143    2    1   0    0.40
53    1    0.000    2    2   0    0.00
