--------------------------------
15-Dec-2014 11:42:14 
data from observer A21 
#occlusion2 expt 
reference disparity (degrees) 0.160000 

stim order disp kresp testresp correct time
1    1    0.074    2    2   1    4.02
2    2    -0.069    1    2   0    0.49
3    2    -0.079    1    2   0    0.46
4    2    -0.088    1    2   0    0.55
5    2    0.097    1    2   1    0.70
6    2    -0.097    1    2   0    0.60
7    2    0.106    2    1   0    0.92
8    2    0.115    2    1   0    0.45
9    2    -0.125    2    1   1    0.40
10    2    -0.125    2    1   1    0.36
11    2    0.120    2    1   0    1.00
12    2    -0.129    2    1   1    0.41
13    1    0.129    2    2   1    0.66
14    1    0.125    2    2   1    0.64
15    1    0.125    2    2   1    0.72
16    2    -0.120    2    1   1    1.15
17    2    0.120    2    1   0    1.02
18    1    -0.129    2    2   0    0.34
19    1    -0.139    2    2   0    0.41
20    1    0.148    2    2   1    0.31
21    1    -0.148    2    2   0    0.43
22    1    0.148    2    2   1    0.56
23    1    0.148    2    2   1    0.46
24    1    -0.143    2    2   0    0.73
25    1    0.148    2    2   1    0.31
26    1    -0.148    2    2   0    1.56
27    1    -0.148    2    2   0    1.10
28    2    0.148    2    1   0    0.41
29    2    -0.148    2    1   1    0.43
30    2    0.148    2    1   0    0.24
31    2    -0.148    2    1   1    0.87
32    2    0.148    2    1   0    0.59
33    1    -0.148    2    2   0    0.31
34    1    -0.148    2    2   0    0.00
35    1    -0.148    2    2   0    0.43
36    1    0.148    2    2   1    0.38
37    2    0.148    2    1   0    0.60
38    2    -0.148    2    1   1    0.47
39    1    -0.148    2    2   0    0.26
40    1    -0.148    2    2   0    0.48
41    2    -0.148    2    1   1    0.35
42    2    -0.148    2    1   1    0.36
43    1    -0.143    2    2   0    0.23
44    1    -0.148    1    1   1    0.13
45    2    -0.148    1    2   0    0.33
46    1    0.148    1    1   0    0.29
47    2    -0.148    2    1   1    0.17
48    2    -0.148    1    2   0    0.09
49    1    0.148    2    2   1    0.44
50    1    0.148    1    1   0    0.61
-------------------------
Final staircase threshold estimate (mean) is 0.1473
-------------------------
45    1    0.148    1    1   1    1.84
33    1    0.000    1    1   1    0.54
137    2    -0.143    2    1   0    0.53
21    1    -0.148    2    2   1    0.77
133    2    0.000    1    2   0    0.31
139    2    0.143    1    2   0    0.14
72    1    -0.143    1    1   0    0.45
82    2    -0.143    1    2   1    0.34
17    1    -0.143    2    2   1    0.40
94    2    0.143    2    1   1    0.44
46    1    -0.148    2    2   1    0.31
52    1    -0.143    2    2   1    0.68
42    1    -0.143    2    2   1    0.47
18    1    0.000    1    1   1    0.40
31    1    -0.148    2    2   1    0.29
108    2    0.000    1    2   0    0.34
32    1    -0.143    1    1   0    0.46
36    1    -0.148    1    1   0    0.39
15    1    0.148    1    1   1    0.05
96    2    -0.148    1    2   1    0.43
7    1    -0.143    1    1   0    0.46
87    2    -0.143    1    2   1    0.26
50    1    0.148    1    1   1    0.25
51    1    -0.148    1    1   0    0.30
62    1    -0.143    1    1   0    0.21
65    1    0.148    1    1   1    0.40
81    2    -0.148    1    2   1    0.56
109    2    0.143    1    2   0    1.06
57    1    -0.143    1    1   0    1.10
134    2    0.143    1    2   0    0.39
4    1    0.143    1    1   1    0.07
110    2    0.148    1    2   0    1.78
100    2    0.148    1    2   0    0.43
56    1    -0.148    1    1   0    4.82
102    2    -0.143    1    2   1    2.70
144    2    0.143    1    2   0    1.41
20    1    0.148    1    1   1    0.70
120    2    0.148    2    1   1    0.40
113    2    0.000    1    2   0    0.37
12    1    -0.143    1    1   0    0.49
93    2    0.000    1    2   0    0.46
104    2    0.143    1    2   0    0.69
83    2    0.000    2    1   1    1.76
68    1    0.000    1    1   1    0.40
55    1    0.148    2    2   0    0.00
14    1    0.143    1    1   1    0.61
138    2    0.000    2    1   1    0.17
34    1    0.143    1    1   1    0.34
29    1    0.143    2    2   0    0.32
39    1    0.143    1    1   1    0.02
121    2    -0.148    2    1   0    0.29
5    1    0.148    1    1   1    0.61
128    2    0.000    2    1   1    0.16
106    2    -0.148    1    2   1    0.17
98    2    0.000    2    1   1    0.68
78    2    0.000    1    2   0    0.24
111    2    -0.148    2    1   0    0.31
127    2    -0.143    1    2   1    0.47
35    1    0.148    2    2   0    0.17
47    1    -0.143    1    1   0    0.16
80    2    0.148    2    1   1    0.26
77    2    -0.143    1    2   1    0.36
3    1    0.000    2    2   0    0.39
112    2    -0.143    1    2   1    0.29
16    1    -0.148    1    1   0    0.51
95    2    0.148    2    1   1    0.68
54    1    0.143    1    1   1    0.63
145    2    0.148    2    1   1    0.47
75    2    0.148    1    2   0    0.32
116    2    -0.148    2    1   0    0.42
9    1    0.143    1    1   1    0.23
6    1    -0.148    2    2   1    0.32
99    2    0.143    1    2   0    0.33
26    1    -0.148    2    2   1    2.09
2    1    -0.143    1    1   0    0.44
149    2    0.143    2    1   1    1.24
86    2    -0.148    1    2   1    0.79
131    2    -0.148    2    1   0    1.25
70    1    0.148    1    1   1    0.48
88    2    0.000    2    1   1    0.31
146    2    -0.148    2    1   0    0.44
130    2    0.148    2    1   1    0.30
19    1    0.143    1    1   1    0.00
142    2    -0.143    2    1   0    0.00
74    1    0.143    1    1   1    0.23
125    2    0.148    2    1   1    0.21
136    2    -0.148    1    2   1    0.00
69    1    0.143    2    2   0    0.33
143    2    0.000    1    2   0    0.14
129    2    0.143    2    1   1    0.50
53    1    0.000    1    1   1    0.34
126    2    -0.148    2    1   0    0.26
105    2    0.148    1    2   0    0.26
60    1    0.148    2    2   0    0.40
63    1    0.000    1    1   1    0.00
59    1    0.143    2    2   0    0.36
13    1    0.000    1    1   1    0.43
66    1    -0.148    1    1   0    0.43
132    2    -0.143    1    2   1    0.75
61    1    -0.148    1    1   0    0.74
79    2    0.143    2    1   1    0.47
148    2    0.000    2    1   1    2.37
114    2    0.143    1    2   0    0.73
41    1    -0.148    2    2   1    0.98
141    2    -0.148    1    2   1    0.39
37    1    -0.143    1    1   0    0.89
107    2    -0.143    1    2   1    0.73
43    1    0.000    1    1   1    0.50
101    2    -0.148    2    1   0    0.23
73    1    0.000    1    1   1    0.18
23    1    0.000    2    2   0    0.33
97    2    -0.143    1    2   1    0.18
123    2    0.000    2    1   1    0.22
122    2    -0.143    1    2   1    0.02
90    2    0.148    2    1   1    0.30
103    2    0.000    1    2   0    0.33
76    2    -0.148    2    1   0    0.10
40    1    0.148    1    1   1    0.34
140    2    0.148    2    1   1    0.21
118    2    0.000    1    2   0    0.00
117    2    -0.143    2    1   0    0.00
10    1    0.148    1    1   1    0.33
11    1    -0.148    2    2   1    0.30
147    2    -0.143    1    2   1    0.29
71    1    -0.148    2    2   1    0.63
150    2    0.148    1    2   0    0.32
28    1    0.000    2    2   0    0.31
64    1    0.143    1    1   1    0.26
44    1    0.143    2    2   0    0.28
58    1    0.000    1    1   1    0.41
67    1    -0.143    2    2   1    0.46
84    2    0.143    1    2   0    0.00
48    1    0.000    2    2   0    0.28
135    2    0.148    1    2   0    0.00
92    2    -0.143    2    1   0    0.35
1    1    -0.148    1    1   0    0.51
25    1    0.148    2    2   0    0.31
30    1    0.148    1    1   1    0.43
115    2    0.148    2    1   1    0.28
38    1    0.000    1    1   1    0.00
124    2    0.143    2    1   1    0.63
91    2    -0.148    1    2   1    0.14
8    1    0.000    2    2   0    0.93
24    1    0.143    1    1   1    0.45
85    2    0.148    2    1   1    0.24
27    1    -0.143    1    1   0    0.29
89    2    0.143    2    1   1    0.21
22    1    -0.143    1    1   0    0.76
119    2    0.143    2    1   1    0.00
49    1    0.143    1    1   1    0.31
