--------------------------------
15-Dec-2014 11:37:10 
data from observer A21 
#occlusion2 expt 
reference disparity (degrees) 0.160000 

stim order disp kresp testresp correct time
1    2    0.074    1    2   1    0.91
2    1    -0.069    2    2   0    0.73
3    1    -0.079    1    1   1    0.63
4    1    -0.079    2    2   0    1.37
5    1    0.088    1    1   0    0.75
6    1    -0.097    2    2   0    0.55
7    1    0.106    1    1   0    2.19
8    1    -0.115    2    2   0    0.20
9    1    -0.125    1    1   1    0.77
10    1    -0.125    1    1   1    2.68
11    2    0.120    1    2   1    1.14
12    2    -0.120    1    2   0    2.32
13    1    0.129    1    1   0    1.01
14    2    -0.139    2    1   1    0.27
15    2    -0.139    1    2   0    0.48
16    2    -0.148    2    1   1    0.43
17    2    -0.148    1    2   0    0.45
18    1    -0.148    1    1   1    1.24
19    2    -0.148    2    1   1    0.36
20    1    -0.143    1    1   1    0.29
21    1    -0.143    2    2   0    0.00
22    2    0.148    1    2   1    0.31
23    1    0.148    2    2   1    0.26
24    1    0.143    1    1   0    0.12
25    1    0.148    2    2   1    0.05
26    2    -0.148    1    2   0    0.45
27    2    -0.148    2    1   1    0.31
28    1    0.148    1    1   0    0.35
29    2    0.148    2    1   0    0.52
30    1    0.148    1    1   0    0.44
31    1    0.148    2    2   1    0.23
32    1    0.148    1    1   0    0.41
33    2    -0.148    1    2   0    0.35
34    2    0.148    2    1   0    0.22
35    2    0.148    1    2   1    0.31
36    1    0.148    1    1   0    0.43
37    2    0.148    2    1   0    0.43
38    2    0.148    1    2   1    0.00
39    1    -0.148    1    1   1    0.09
40    1    0.143    2    2   1    0.33
41    1    -0.143    1    1   1    0.53
42    2    -0.139    2    1   1    0.59
43    2    0.139    1    2   1    0.00
44    2    -0.134    2    1   1    0.17
45    1    0.134    1    1   0    0.06
46    2    -0.143    2    1   1    0.64
47    2    -0.143    1    2   0    0.16
48    2    -0.148    2    1   1    0.40
49    2    -0.148    1    2   0    0.27
50    1    -0.148    2    2   0    0.38
-------------------------
Final staircase threshold estimate (mean) is 0.1418
-------------------------
11    1    -0.148    1    1   0    2.46
48    1    0.000    2    2   0    0.38
58    1    0.000    1    1   1    0.58
84    2    0.143    2    1   1    0.20
76    2    -0.148    1    2   1    0.52
7    1    -0.143    2    2   1    0.50
79    2    0.143    1    2   0    0.11
46    1    -0.148    2    2   1    0.00
51    1    -0.148    2    2   1    0.58
26    1    -0.148    1    1   0    0.14
117    2    -0.143    2    1   0    0.29
119    2    0.143    1    2   0    0.41
30    1    0.148    2    2   0    0.58
86    2    -0.148    1    2   1    0.40
146    2    -0.148    2    1   0    0.27
82    2    -0.143    2    1   0    0.51
6    1    -0.148    1    1   0    0.16
24    1    0.143    2    2   0    0.32
12    1    -0.143    1    1   0    0.28
35    1    0.148    2    2   0    0.28
113    2    0.000    1    2   0    0.37
81    2    -0.148    2    1   0    0.35
129    2    0.143    1    2   0    0.01
125    2    0.148    2    1   1    0.75
68    1    0.000    1    1   1    0.00
9    1    0.143    1    1   1    0.50
132    2    -0.143    1    2   1    0.95
88    2    0.000    2    1   1    0.27
123    2    0.000    1    2   0    0.10
98    2    0.000    2    1   1    0.44
53    1    0.000    1    1   1    0.38
44    1    0.143    2    2   0    0.35
55    1    0.148    1    1   1    0.02
75    2    0.148    2    1   1    0.28
73    1    0.000    1    1   1    0.47
101    2    -0.148    2    1   0    0.18
14    1    0.143    1    1   1    0.36
120    2    0.148    2    1   1    0.41
36    1    -0.148    1    1   0    0.72
18    1    0.000    2    2   0    0.79
100    2    0.148    1    2   0    0.27
60    1    0.148    2    2   0    0.58
80    2    0.148    1    2   0    0.43
78    2    0.000    2    1   1    0.36
62    1    -0.143    1    1   0    0.54
111    2    -0.148    1    2   1    1.20
128    2    0.000    1    2   0    0.55
39    1    0.143    2    2   0    0.64
32    1    -0.143    1    1   0    0.35
108    2    0.000    1    2   0    0.59
103    2    0.000    2    1   1    1.52
41    1    -0.148    1    1   0    0.13
74    1    0.143    2    2   0    0.41
99    2    0.143    1    2   0    0.32
69    1    0.143    2    2   0    0.64
33    1    0.000    1    1   1    0.29
16    1    -0.148    2    2   1    0.34
121    2    -0.148    1    2   1    0.42
141    2    -0.148    2    1   0    0.94
56    1    -0.148    1    1   0    0.48
49    1    0.143    2    2   0    0.27
63    1    0.000    2    2   0    0.77
133    2    0.000    1    2   0    0.35
93    2    0.000    2    1   1    0.04
94    2    0.143    1    2   0    0.79
122    2    -0.143    1    2   1    0.47
145    2    0.148    2    1   1    0.35
13    1    0.000    1    1   1    0.22
89    2    0.143    1    2   0    1.16
25    1    0.148    2    2   0    0.36
8    1    0.000    1    1   1    0.15
52    1    -0.143    1    1   0    2.45
40    1    0.148    2    2   0    0.52
37    1    -0.143    1    1   0    0.84
134    2    0.143    2    1   1    0.90
87    2    -0.143    1    2   1    0.72
4    1    0.143    2    2   0    0.46
17    1    -0.143    1    1   0    0.34
20    1    0.148    2    2   0    0.00
19    1    0.143    1    1   1    0.55
150    2    0.148    1    2   0    1.22
83    2    0.000    2    1   1    1.61
112    2    -0.143    2    1   0    0.49
54    1    0.143    2    2   0    2.74
38    1    0.000    2    2   0    1.25
27    1    -0.143    2    2   1    0.73
148    2    0.000    1    2   0    0.97
106    2    -0.148    1    2   1    1.72
139    2    0.143    2    1   1    0.68
71    1    -0.148    1    1   0    0.44
109    2    0.143    2    1   1    0.40
110    2    0.148    1    2   0    1.47
127    2    -0.143    2    1   0    0.10
1    1    -0.148    1    1   0    0.75
45    1    0.148    1    1   1    3.24
116    2    -0.148    2    1   0    1.02
91    2    -0.148    2    1   0    0.87
43    1    0.000    2    2   0    2.17
22    1    -0.143    1    1   0    0.35
97    2    -0.143    1    2   1    0.15
50    1    0.148    1    1   1    0.85
31    1    -0.148    1    1   0    0.65
3    1    0.000    1    1   1    0.15
59    1    0.143    1    1   1    1.83
77    2    -0.143    1    2   1    0.56
29    1    0.143    1    1   1    1.04
102    2    -0.143    2    1   0    0.63
70    1    0.148    2    2   0    0.39
138    2    0.000    2    1   1    0.35
34    1    0.143    1    1   1    0.32
28    1    0.000    1    1   1    0.45
135    2    0.148    1    2   0    0.36
149    2    0.143    1    2   0    0.21
126    2    -0.148    1    2   1    0.30
2    1    -0.143    1    1   0    0.42
95    2    0.148    1    2   0    0.53
47    1    -0.143    1    1   0    0.34
143    2    0.000    1    2   0    0.00
114    2    0.143    1    2   0    0.00
10    1    0.148    2    2   0    0.00
5    1    0.148    1    1   1    0.21
61    1    -0.148    2    2   1    0.13
131    2    -0.148    1    2   1    0.31
72    1    -0.143    2    2   1    0.30
65    1    0.148    1    1   1    0.21
140    2    0.148    2    1   1    0.00
85    2    0.148    1    2   0    0.10
23    1    0.000    1    1   1    0.48
105    2    0.148    2    1   1    0.09
90    2    0.148    1    2   0    0.29
115    2    0.148    2    1   1    0.00
136    2    -0.148    1    2   1    0.00
107    2    -0.143    2    1   0    0.10
57    1    -0.143    1    1   0    0.15
66    1    -0.148    1    1   0    0.32
142    2    -0.143    2    1   0    0.00
96    2    -0.148    2    1   0    0.29
147    2    -0.143    1    2   1    0.07
144    2    0.143    2    1   1    0.01
42    1    -0.143    1    1   0    0.00
67    1    -0.143    2    2   1    0.00
118    2    0.000    1    2   0    0.23
124    2    0.143    2    1   1    0.67
64    1    0.143    1    1   1    0.00
130    2    0.148    1    2   0    0.37
15    1    0.148    2    2   0    0.17
92    2    -0.143    1    2   1    0.31
137    2    -0.143    1    2   1    0.86
104    2    0.143    1    2   0    0.68
21    1    -0.148    2    2   1    0.77
