--------------------------------
15-Dec-2014 10:07:47 
data from observer A21 
#occlusion2 expt 
reference disparity (degrees) 0.160000 

stim order disp kresp testresp correct time
1    2    -0.074    2    1   0    1.28
2    1    -0.083    2    2   1    1.01
3    1    -0.079    1    1   0    0.60
4    2    0.088    2    1   1    0.38
5    1    -0.088    2    2   1    0.39
6    1    0.083    2    2   0    0.47
7    1    0.092    1    1   1    0.46
8    2    0.092    2    1   1    0.35
9    1    0.088    1    1   1    0.00
10    2    0.088    2    1   1    0.32
11    1    -0.083    1    1   0    0.28
12    1    -0.092    2    2   1    0.33
13    2    0.092    1    2   0    0.42
14    1    -0.102    1    1   0    2.50
15    1    -0.111    2    2   1    0.39
16    1    -0.111    1    1   0    0.56
17    1    0.120    2    2   0    0.38
18    1    -0.129    1    1   0    0.37
19    1    0.139    2    2   0    0.98
20    2    0.148    1    2   0    0.63
21    2    0.148    2    1   1    0.55
22    2    0.148    1    2   0    0.67
23    1    0.148    2    2   0    0.69
24    1    0.148    1    1   1    0.62
25    1    -0.148    2    2   1    0.84
26    2    0.143    1    2   0    1.33
27    2    0.148    2    1   1    0.47
28    1    0.148    1    1   1    0.55
29    2    0.143    2    1   1    0.45
30    1    -0.143    1    1   0    0.53
31    2    -0.148    2    1   0    1.34
32    2    0.148    2    1   1    1.22
33    2    -0.148    1    2   1    0.47
34    1    -0.143    1    1   0    0.95
35    2    0.148    2    1   1    0.81
36    2    0.148    2    1   1    0.36
37    1    0.143    2    2   0    0.46
38    1    0.148    2    2   0    0.45
39    2    -0.148    2    1   0    1.88
40    1    -0.148    2    2   1    0.79
41    2    0.148    2    1   1    0.74
42    2    -0.143    1    2   1    0.79
43    1    -0.143    1    1   0    0.40
44    1    0.148    2    2   0    0.37
45    2    -0.148    1    2   1    0.45
46    1    -0.148    2    2   1    0.44
47    1    0.143    1    1   1    0.40
48    1    0.143    2    2   0    0.41
49    1    -0.148    2    2   1    0.61
50    2    0.148    2    1   1    0.80
-------------------------
Final staircase threshold estimate (mean) is 0.1459
-------------------------
123    2    0.000    2    1   1    2.20
107    2    -0.143    1    2   1    2.64
102    2    -0.143    1    2   1    1.75
31    1    -0.148    1    1   0    0.73
135    2    0.148    1    2   0    0.75
91    2    -0.148    2    1   0    0.32
54    1    0.143    2    2   0    1.35
84    2    0.143    2    1   1    0.75
53    1    0.000    1    1   1    0.31
147    2    -0.143    1    2   1    0.67
26    1    -0.148    1    1   0    0.48
98    2    0.000    2    1   1    0.41
37    1    -0.143    2    2   1    0.42
62    1    -0.143    1    1   0    0.67
140    2    0.148    2    1   1    0.53
29    1    0.143    1    1   1    0.58
34    1    0.143    2    2   0    0.33
133    2    0.000    2    1   1    1.16
28    1    0.000    2    2   0    1.15
6    1    -0.148    1    1   0    0.64
64    1    0.143    2    2   0    0.39
111    2    -0.148    1    2   1    0.40
122    2    -0.143    2    1   0    2.24
148    2    0.000    2    1   1    1.49
138    2    0.000    1    2   0    0.49
71    1    -0.148    2    2   1    0.36
68    1    0.000    1    1   1    0.16
77    2    -0.143    2    1   0    0.55
15    1    0.148    1    1   1    0.62
27    1    -0.143    1    1   0    1.95
96    2    -0.148    2    1   0    1.28
1    1    -0.148    2    2   1    1.70
46    1    -0.148    2    2   1    1.69
65    1    0.148    1    1   1    0.43
4    1    0.143    1    1   1    1.55
42    1    -0.143    2    2   1    0.41
67    1    -0.143    1    1   0    0.31
17    1    -0.143    2    2   1    0.16
87    2    -0.143    1    2   1    0.19
94    2    0.143    2    1   1    0.00
23    1    0.000    1    1   1    0.00
141    2    -0.148    2    1   0    0.33
80    2    0.148    1    2   0    0.27
52    1    -0.143    2    2   1    0.00
81    2    -0.148    1    2   1    0.00
44    1    0.143    2    2   0    0.36
88    2    0.000    2    1   1    0.32
63    1    0.000    2    2   0    0.71
134    2    0.143    1    2   0    0.00
120    2    0.148    2    1   1    0.07
89    2    0.143    1    2   0    0.08
14    1    0.143    1    1   1    0.43
66    1    -0.148    1    1   0    0.26
101    2    -0.148    1    2   1    0.51
57    1    -0.143    2    2   1    0.23
21    1    -0.148    1    1   0    0.43
24    1    0.143    2    2   0    0.50
116    2    -0.148    1    2   1    0.00
60    1    0.148    2    2   0    0.57
109    2    0.143    2    1   1    0.61
56    1    -0.148    2    2   1    0.42
149    2    0.143    1    2   0    0.67
16    1    -0.148    1    1   0    1.16
139    2    0.143    1    2   0    0.84
86    2    -0.148    1    2   1    0.36
18    1    0.000    2    2   0    0.00
3    1    0.000    1    1   1    0.33
40    1    0.148    2    2   0    0.07
11    1    -0.148    1    1   0    0.41
35    1    0.148    1    1   1    0.41
83    2    0.000    1    2   0    0.86
106    2    -0.148    1    2   1    2.32
33    1    0.000    2    2   0    0.45
48    1    0.000    1    1   1    0.29
7    1    -0.143    1    1   0    0.89
25    1    0.148    1    1   1    1.63
58    1    0.000    1    1   1    1.58
20    1    0.148    1    1   1    1.06
74    1    0.143    2    2   0    0.39
143    2    0.000    2    1   1    0.42
136    2    -0.148    1    2   1    0.43
125    2    0.148    2    1   1    0.40
126    2    -0.148    2    1   0    0.56
124    2    0.143    1    2   0    0.60
49    1    0.143    2    2   0    0.26
76    2    -0.148    2    1   0    0.72
118    2    0.000    2    1   1    0.84
12    1    -0.143    1    1   0    1.49
119    2    0.143    2    1   1    0.37
36    1    -0.148    2    2   1    0.64
104    2    0.143    2    1   1    1.42
131    2    -0.148    2    1   0    0.41
61    1    -0.148    2    2   1    0.46
100    2    0.148    2    1   1    0.32
10    1    0.148    2    2   0    0.67
97    2    -0.143    1    2   1    0.60
19    1    0.143    2    2   0    0.91
69    1    0.143    1    1   1    0.33
145    2    0.148    2    1   1    3.69
9    1    0.143    2    2   0    0.99
39    1    0.143    2    2   0    0.74
95    2    0.148    2    1   1    0.45
127    2    -0.143    2    1   0    0.68
117    2    -0.143    1    2   1    0.70
121    2    -0.148    2    1   0    0.24
92    2    -0.143    1    2   1    0.26
110    2    0.148    2    1   1    0.02
137    2    -0.143    1    2   1    0.24
150    2    0.148    2    1   1    0.02
73    1    0.000    1    1   1    0.00
115    2    0.148    2    1   1    0.30
144    2    0.143    1    2   0    0.17
51    1    -0.148    2    2   1    0.00
114    2    0.143    1    2   0    0.21
85    2    0.148    1    2   0    0.29
142    2    -0.143    2    1   0    0.04
90    2    0.148    1    2   0    0.52
70    1    0.148    2    2   0    0.35
2    1    -0.143    1    1   0    0.53
55    1    0.148    2    2   0    0.41
112    2    -0.143    1    2   1    0.33
43    1    0.000    2    2   0    0.27
32    1    -0.143    1    1   0    0.40
82    2    -0.143    1    2   1    0.45
105    2    0.148    2    1   1    0.02
103    2    0.000    1    2   0    0.33
78    2    0.000    2    1   1    0.00
79    2    0.143    1    2   0    0.04
41    1    -0.148    2    2   1    0.01
93    2    0.000    1    2   0    0.61
22    1    -0.143    2    2   1    0.09
30    1    0.148    1    1   1    0.32
59    1    0.143    2    2   0    0.00
146    2    -0.148    1    2   1    0.28
72    1    -0.143    1    1   0    0.09
130    2    0.148    2    1   1    0.05
113    2    0.000    2    1   1    0.32
13    1    0.000    1    1   1    0.05
108    2    0.000    2    1   1    0.25
132    2    -0.143    1    2   1    0.23
128    2    0.000    2    1   1    0.28
45    1    0.148    2    2   0    0.58
129    2    0.143    1    2   0    0.09
5    1    0.148    2    2   0    0.33
47    1    -0.143    2    2   1    0.91
99    2    0.143    1    2   0    0.04
75    2    0.148    2    1   1    0.00
8    1    0.000    1    1   1    0.00
38    1    0.000    1    1   1    0.43
50    1    0.148    2    2   0    0.28
