--------------------------------
15-Dec-2014 09:59:51 
data from observer A21 
#occlusion2 expt 
reference disparity (degrees) 0.160000 

stim order disp kresp testresp correct time
1    1    -0.074    1    1   0    3.07
2    1    0.083    2    2   0    0.54
3    1    0.092    1    1   1    3.85
4    2    -0.088    1    2   1    1.88
5    1    0.088    2    2   0    2.65
6    2    -0.097    1    2   1    0.76
7    2    -0.097    2    1   0    0.56
8    2    0.106    2    1   1    2.50
9    2    0.106    2    1   1    1.98
10    1    0.102    2    2   0    1.17
11    1    0.111    2    2   0    0.62
12    1    0.120    2    2   0    2.25
13    2    -0.129    2    1   0    0.65
14    1    -0.139    2    2   1    2.16
15    2    0.139    1    2   0    0.74
16    2    -0.148    2    1   0    1.14
17    1    0.148    1    1   1    0.89
18    2    -0.148    2    1   0    0.05
19    2    -0.148    1    2   1    0.40
20    2    -0.148    2    1   0    0.60
21    1    0.148    1    1   1    1.22
22    2    0.148    2    1   1    0.57
23    1    0.143    1    1   1    0.30
24    2    -0.143    2    1   0    0.54
25    1    -0.148    1    1   0    0.37
26    2    0.148    2    1   1    0.59
27    2    0.148    1    2   0    0.39
28    1    0.148    2    2   0    0.45
29    2    -0.148    1    2   1    0.34
30    2    -0.148    2    1   0    0.34
31    1    0.148    1    1   1    0.25
32    1    0.148    2    2   0    0.29
33    1    -0.148    1    1   0    0.23
34    2    -0.148    2    1   0    0.07
35    1    0.148    1    1   1    0.31
36    2    -0.148    2    1   0    0.26
37    2    0.148    1    2   0    0.33
38    2    0.148    2    1   1    0.05
39    2    0.148    1    2   0    0.28
40    1    0.148    2    2   0    0.30
41    1    0.148    1    1   1    0.29
42    2    0.148    2    1   1    0.31
43    1    0.143    1    1   1    0.38
44    2    -0.143    2    1   0    0.21
45    1    -0.148    1    1   0    0.28
46    1    -0.148    2    2   1    0.28
47    2    -0.148    1    2   1    0.35
48    2    0.143    1    2   0    0.66
49    1    -0.148    1    1   0    0.68
50    2    0.148    2    1   1    0.72
-------------------------
Final staircase threshold estimate (mean) is 0.1464
-------------------------
142    2    -0.143    1    2   1    2.68
73    1    0.000    2    2   0    1.41
144    2    0.143    2    1   1    0.71
83    2    0.000    1    2   0    0.33
40    1    0.148    2    2   0    0.36
20    1    0.148    1    1   1    0.34
39    1    0.143    1    1   1    0.66
87    2    -0.143    1    2   1    0.40
89    2    0.143    2    1   1    1.62
131    2    -0.148    2    1   0    0.69
124    2    0.143    2    1   1    1.16
11    1    -0.148    1    1   0    0.38
127    2    -0.143    2    1   0    0.44
13    1    0.000    1    1   1    0.43
133    2    0.000    1    2   0    0.89
56    1    -0.148    2    2   1    0.30
111    2    -0.148    1    2   1    0.41
118    2    0.000    2    1   1    0.33
78    2    0.000    1    2   0    0.36
145    2    0.148    2    1   1    0.21
146    2    -0.148    1    2   1    0.89
23    1    0.000    2    2   0    0.00
49    1    0.143    1    1   1    0.00
36    1    -0.148    2    2   1    0.26
129    2    0.143    1    2   0    0.72
103    2    0.000    2    1   1    0.27
38    1    0.000    1    1   1    0.40
130    2    0.148    2    1   1    0.46
120    2    0.148    1    2   0    1.37
17    1    -0.143    1    1   0    0.70
135    2    0.148    2    1   1    0.36
67    1    -0.143    1    1   0    0.25
61    1    -0.148    1    1   0    0.75
37    1    -0.143    1    1   0    0.68
65    1    0.148    1    1   1    1.35
29    1    0.143    2    2   0    0.33
72    1    -0.143    2    2   1    0.94
64    1    0.143    1    1   1    0.33
148    2    0.000    1    2   0    0.47
123    2    0.000    1    2   0    0.48
86    2    -0.148    2    1   0    0.24
150    2    0.148    2    1   1    0.32
112    2    -0.143    2    1   0    0.26
7    1    -0.143    2    2   1    0.71
47    1    -0.143    1    1   0    0.28
59    1    0.143    1    1   1    0.20
138    2    0.000    2    1   1    0.08
26    1    -0.148    2    2   1    1.18
69    1    0.143    2    2   0    1.11
62    1    -0.143    1    1   0    2.09
125    2    0.148    2    1   1    0.88
10    1    0.148    2    2   0    0.77
45    1    0.148    1    1   1    0.63
90    2    0.148    2    1   1    1.08
53    1    0.000    2    2   0    0.89
149    2    0.143    2    1   1    0.86
128    2    0.000    2    1   1    0.52
80    2    0.148    2    1   1    0.69
147    2    -0.143    2    1   0    0.58
82    2    -0.143    1    2   1    1.52
106    2    -0.148    2    1   0    0.95
107    2    -0.143    2    1   0    0.74
100    2    0.148    1    2   0    0.76
63    1    0.000    2    2   0    0.46
104    2    0.143    1    2   0    0.40
102    2    -0.143    2    1   0    0.37
24    1    0.143    1    1   1    1.03
113    2    0.000    2    1   1    0.27
15    1    0.148    1    1   1    0.29
70    1    0.148    2    2   0    0.31
55    1    0.148    1    1   1    0.51
21    1    -0.148    2    2   1    0.23
110    2    0.148    1    2   0    0.46
46    1    -0.148    2    2   1    0.22
137    2    -0.143    1    2   1    0.43
85    2    0.148    2    1   1    0.08
76    2    -0.148    1    2   1    0.37
77    2    -0.143    2    1   0    0.19
68    1    0.000    1    1   1    0.52
109    2    0.143    2    1   1    0.47
18    1    0.000    1    1   1    0.30
99    2    0.143    2    1   1    0.46
84    2    0.143    1    2   0    0.43
105    2    0.148    2    1   1    0.56
30    1    0.148    1    1   1    0.31
32    1    -0.143    2    2   1    0.36
54    1    0.143    1    1   1    0.00
93    2    0.000    2    1   1    0.47
41    1    -0.148    1    1   0    0.43
122    2    -0.143    2    1   0    0.45
42    1    -0.143    1    1   0    0.31
134    2    0.143    2    1   1    0.33
81    2    -0.148    1    2   1    0.26
19    1    0.143    2    2   0    0.17
114    2    0.143    1    2   0    0.00
143    2    0.000    2    1   1    0.43
96    2    -0.148    2    1   0    1.40
16    1    -0.148    2    2   1    2.17
136    2    -0.148    1    2   1    0.48
25    1    0.148    2    2   0    1.00
97    2    -0.143    1    2   1    0.36
101    2    -0.148    1    2   1    2.06
75    2    0.148    2    1   1    0.27
5    1    0.148    1    1   1    0.93
2    1    -0.143    2    2   1    0.41
58    1    0.000    1    1   1    0.53
28    1    0.000    2    2   0    0.35
132    2    -0.143    1    2   1    1.17
66    1    -0.148    1    1   0    0.72
115    2    0.148    2    1   1    0.31
95    2    0.148    2    1   1    0.34
14    1    0.143    1    1   1    0.03
48    1    0.000    2    2   0    0.50
44    1    0.143    1    1   1    0.33
52    1    -0.143    2    2   1    0.28
50    1    0.148    1    1   1    0.32
108    2    0.000    2    1   1    0.00
33    1    0.000    1    1   1    0.30
12    1    -0.143    2    2   1    0.00
94    2    0.143    1    2   0    0.00
91    2    -0.148    2    1   0    0.40
51    1    -0.148    2    2   1    0.65
126    2    -0.148    1    2   1    0.63
140    2    0.148    2    1   1    0.91
57    1    -0.143    1    1   0    1.07
139    2    0.143    2    1   1    0.27
88    2    0.000    1    2   0    0.74
35    1    0.148    1    1   1    1.62
3    1    0.000    1    1   1    0.56
31    1    -0.148    1    1   0    1.13
8    1    0.000    1    1   1    0.58
22    1    -0.143    1    1   0    0.49
34    1    0.143    2    2   0    0.78
74    1    0.143    2    2   0    0.42
6    1    -0.148    2    2   1    0.77
43    1    0.000    2    2   0    0.44
9    1    0.143    1    1   1    0.22
71    1    -0.148    2    2   1    1.37
117    2    -0.143    2    1   0    0.39
141    2    -0.148    2    1   0    0.43
98    2    0.000    2    1   1    0.37
4    1    0.143    2    2   0    0.50
27    1    -0.143    2    2   1    0.41
119    2    0.143    2    1   1    0.37
1    1    -0.148    2    2   1    0.35
60    1    0.148    2    2   0    0.34
121    2    -0.148    2    1   0    0.35
92    2    -0.143    2    1   0    0.26
116    2    -0.148    2    1   0    0.25
79    2    0.143    2    1   1    0.68
