--------------------------------
15-Dec-2014 09:46:22 
data from observer A21 
#occlusion2 expt 
reference disparity (degrees) 0.160000 

stim order disp kresp testresp correct time
1    2    0.074    2    1   1    5.52
2    2    -0.069    1    2   1    1.53
3    1    0.065    2    2   0    0.79
4    1    -0.074    1    1   0    0.93
5    1    0.083    2    2   0    0.93
6    2    0.092    1    2   0    0.85
7    1    -0.102    2    2   1    1.11
8    2    -0.102    1    2   1    0.81
9    2    0.097    2    1   1    0.81
10    1    0.097    1    1   1    0.66
11    1    0.092    2    2   0    0.82
12    2    0.102    1    2   0    0.41
13    2    -0.111    2    1   0    1.17
14    2    0.120    1    2   0    0.54
15    2    0.129    2    1   1    0.61
16    2    0.129    1    2   0    0.00
17    2    -0.139    2    1   0    0.56
18    2    -0.148    1    2   1    0.32
19    2    0.148    2    1   1    0.41
20    1    0.143    1    1   1    0.38
21    2    -0.143    2    1   0    0.30
22    2    -0.148    1    2   1    0.26
23    1    -0.148    1    1   0    0.23
24    2    0.148    2    1   1    0.40
25    1    0.148    2    2   0    0.35
26    2    -0.148    1    2   1    0.25
27    1    0.148    2    2   0    0.29
28    1    0.148    1    1   1    0.36
29    2    0.148    2    1   1    0.55
30    2    -0.143    1    2   1    0.60
31    1    -0.143    2    2   1    0.59
32    1    -0.139    1    1   0    1.15
33    1    -0.148    2    2   1    0.74
34    1    -0.148    1    1   0    0.97
35    1    -0.148    2    2   1    0.89
36    1    -0.148    2    2   1    0.89
37    1    -0.143    1    1   0    1.16
38    2    0.148    2    1   1    0.53
39    2    -0.148    1    2   1    2.15
40    1    -0.143    2    2   1    1.99
41    1    0.143    2    2   0    1.71
42    1    0.148    1    1   1    1.30
43    2    0.148    2    1   1    0.84
44    2    0.143    1    2   0    0.34
45    2    -0.148    2    1   0    0.59
46    1    -0.148    2    2   1    1.18
47    1    0.148    1    1   1    1.03
48    1    -0.143    1    1   0    0.95
49    1    0.148    1    1   1    1.76
50    2    -0.148    2    1   0    0.99
-------------------------
Final staircase threshold estimate (mean) is 0.1464
-------------------------
18    1    0.000    1    1   1    14.08
56    1    -0.148    2    2   1    1.10
24    1    0.143    1    1   1    2.42
136    2    -0.148    1    2   1    1.94
137    2    -0.143    2    1   0    2.71
28    1    0.000    1    1   1    1.22
38    1    0.000    2    2   0    2.02
91    2    -0.148    1    2   1    0.74
117    2    -0.143    1    2   1    1.02
62    1    -0.143    2    2   1    0.50
149    2    0.143    1    2   0    0.73
113    2    0.000    1    2   0    0.78
88    2    0.000    2    1   1    0.49
77    2    -0.143    2    1   0    0.70
54    1    0.143    1    1   1    0.95
11    1    -0.148    1    1   0    0.32
102    2    -0.143    1    2   1    0.75
101    2    -0.148    1    2   1    2.49
37    1    -0.143    2    2   1    2.53
8    1    0.000    1    1   1    0.72
52    1    -0.143    1    1   0    0.59
128    2    0.000    1    2   0    0.65
132    2    -0.143    1    2   1    0.88
12    1    -0.143    1    1   0    0.38
49    1    0.143    2    2   0    0.73
131    2    -0.148    2    1   0    0.56
76    2    -0.148    1    2   1    0.47
43    1    0.000    2    2   0    0.44
121    2    -0.148    1    2   1    0.35
44    1    0.143    2    2   0    0.31
13    1    0.000    1    1   1    0.81
126    2    -0.148    2    1   0    0.47
65    1    0.148    1    1   1    0.46
83    2    0.000    2    1   1    0.34
59    1    0.143    1    1   1    0.36
72    1    -0.143    2    2   1    0.26
78    2    0.000    1    2   0    0.43
112    2    -0.143    2    1   0    0.36
17    1    -0.143    1    1   0    0.41
103    2    0.000    2    1   1    0.41
48    1    0.000    2    2   0    0.32
70    1    0.148    2    2   0    0.36
20    1    0.148    1    1   1    0.27
40    1    0.148    1    1   1    0.31
119    2    0.143    1    2   0    2.28
1    1    -0.148    2    2   1    0.69
108    2    0.000    2    1   1    0.65
107    2    -0.143    2    1   0    0.88
98    2    0.000    1    2   0    2.35
127    2    -0.143    1    2   1    0.61
89    2    0.143    2    1   1    0.37
146    2    -0.148    2    1   0    1.48
45    1    0.148    2    2   0    0.65
10    1    0.148    1    1   1    1.80
142    2    -0.143    1    2   1    0.89
35    1    0.148    2    2   0    0.86
51    1    -0.148    2    2   1    0.86
140    2    0.148    1    2   0    0.44
47    1    -0.143    2    2   1    0.37
23    1    0.000    1    1   1    0.38
123    2    0.000    2    1   1    0.45
50    1    0.148    1    1   1    0.18
86    2    -0.148    2    1   0    0.40
15    1    0.148    1    1   1    0.35
53    1    0.000    2    2   0    1.38
122    2    -0.143    1    2   1    0.39
60    1    0.148    2    2   0    0.41
29    1    0.143    1    1   1    0.33
139    2    0.143    2    1   1    0.74
99    2    0.143    1    2   0    0.69
133    2    0.000    2    1   1    0.47
63    1    0.000    1    1   1    0.34
2    1    -0.143    2    2   1    0.75
9    1    0.143    1    1   1    0.13
69    1    0.143    1    1   1    0.53
90    2    0.148    1    2   0    0.72
104    2    0.143    1    2   0    0.43
94    2    0.143    1    2   0    0.51
19    1    0.143    2    2   0    0.45
143    2    0.000    1    2   0    0.25
135    2    0.148    1    2   0    0.45
93    2    0.000    2    1   1    0.63
61    1    -0.148    1    1   0    0.35
130    2    0.148    2    1   1    0.41
57    1    -0.143    2    2   1    1.17
84    2    0.143    1    2   0    0.70
5    1    0.148    2    2   0    0.59
36    1    -0.148    1    1   0    0.37
30    1    0.148    2    2   0    0.41
118    2    0.000    1    2   0    0.68
115    2    0.148    1    2   0    4.76
150    2    0.148    2    1   1    0.37
41    1    -0.148    2    2   1    0.48
75    2    0.148    1    2   0    0.16
55    1    0.148    2    2   0    0.86
74    1    0.143    2    2   0    0.61
111    2    -0.148    2    1   0    1.39
64    1    0.143    2    2   0    0.40
7    1    -0.143    2    2   1    0.40
33    1    0.000    2    2   0    0.70
147    2    -0.143    2    1   0    0.31
25    1    0.148    2    2   0    0.49
129    2    0.143    2    1   1    0.14
14    1    0.143    1    1   1    0.28
125    2    0.148    1    2   0    0.15
31    1    -0.148    1    1   0    0.33
16    1    -0.148    1    1   0    0.43
81    2    -0.148    2    1   0    0.68
106    2    -0.148    1    2   1    0.39
144    2    0.143    2    1   1    0.56
32    1    -0.143    2    2   1    0.87
82    2    -0.143    1    2   1    0.32
92    2    -0.143    2    1   0    0.27
34    1    0.143    2    2   0    0.31
71    1    -0.148    1    1   0    0.50
6    1    -0.148    2    2   1    0.23
100    2    0.148    2    1   1    0.40
3    1    0.000    2    2   0    0.39
4    1    0.143    1    1   1    0.30
97    2    -0.143    2    1   0    0.00
141    2    -0.148    2    1   0    0.32
58    1    0.000    2    2   0    0.27
138    2    0.000    1    2   0    0.39
85    2    0.148    2    1   1    0.09
124    2    0.143    2    1   1    0.34
120    2    0.148    2    1   1    1.89
95    2    0.148    2    1   1    1.99
66    1    -0.148    1    1   0    0.52
26    1    -0.148    2    2   1    0.52
114    2    0.143    2    1   1    0.60
68    1    0.000    2    2   0    0.97
109    2    0.143    2    1   1    0.57
79    2    0.143    2    1   1    0.45
96    2    -0.148    1    2   1    0.23
145    2    0.148    2    1   1    0.25
22    1    -0.143    1    1   0    0.00
134    2    0.143    2    1   1    0.06
80    2    0.148    1    2   0    0.31
110    2    0.148    2    1   1    0.00
46    1    -0.148    1    1   0    0.00
21    1    -0.148    1    1   0    0.40
116    2    -0.148    2    1   0    0.29
73    1    0.000    1    1   1    0.02
42    1    -0.143    2    2   1    0.48
67    1    -0.143    1    1   0    0.23
27    1    -0.143    2    2   1    0.23
105    2    0.148    1    2   0    0.00
148    2    0.000    1    2   0    0.35
39    1    0.143    2    2   0    0.14
87    2    -0.143    1    2   1    0.00
