--------------------------------
15-Dec-2014 10:59:32 
data from observer A22 
#occlusion2 expt 
reference disparity (degrees) 0.160000 

stim order disp kresp testresp correct time
1    2    -0.074    1    2   1    6.42
2    2    0.069    2    1   1    1.75
3    2    0.065    2    1   1    1.25
4    2    -0.060    2    1   0    4.32
5    2    0.069    2    1   1    1.15
6    2    0.069    2    1   1    2.29
7    1    -0.065    2    2   1    1.96
8    1    -0.065    2    2   1    1.69
9    1    -0.060    2    2   1    0.98
10    2    -0.060    2    1   0    2.24
11    2    0.069    2    1   1    0.95
12    1    -0.069    2    2   1    0.79
13    2    -0.065    1    2   1    3.26
14    1    0.065    1    1   1    1.26
15    2    0.060    2    1   1    1.15
16    2    -0.060    1    2   1    1.18
17    1    0.055    1    1   1    3.68
18    1    -0.055    2    2   1    1.06
19    2    -0.051    1    2   1    1.01
20    1    0.051    1    1   1    2.29
21    1    0.046    1    1   1    1.09
22    1    -0.046    2    2   1    1.26
23    2    0.042    2    1   1    2.79
24    1    0.042    1    1   1    0.99
25    2    0.037    2    1   1    0.87
26    1    0.037    1    1   1    0.94
27    1    0.032    1    1   1    1.87
28    1    -0.032    2    2   1    2.96
29    2    0.028    2    1   1    2.60
30    1    0.028    1    1   1    1.41
31    2    0.023    2    1   1    2.33
32    1    0.023    1    1   1    1.70
33    1    -0.018    2    2   1    2.79
34    2    -0.018    1    2   1    1.00
35    2    -0.014    1    2   1    2.30
36    2    -0.014    1    2   1    1.66
37    1    -0.009    2    2   1    3.78
38    1    0.009    1    1   1    4.62
39    1    -0.005    2    2   1    2.27
40    1    -0.005    2    2   1    3.10
41    2    -0.005    2    1   0    1.47
42    1    -0.014    2    2   1    1.52
43    1    -0.014    2    2   1    2.06
44    1    -0.009    2    2   1    1.64
45    2    0.009    2    1   1    3.54
46    1    0.005    2    2   0    1.98
47    2    0.014    2    1   1    1.20
48    2    -0.014    1    2   1    3.28
49    1    0.009    2    2   0    2.04
50    1    0.018    1    1   1    2.58
-------------------------
Final staircase threshold estimate (mean) is 0.0111
-------------------------
55    1    0.028    1    1   1    7.44
15    1    0.028    1    1   1    1.48
104    2    0.009    2    1   1    1.71
6    1    -0.028    2    2   1    1.68
16    1    -0.028    2    2   1    1.55
11    1    -0.028    2    2   1    2.71
9    1    0.009    1    1   1    3.31
116    2    -0.028    1    2   1    2.27
12    1    -0.009    2    2   1    2.47
80    2    0.028    2    1   1    2.86
5    1    0.028    1    1   1    1.00
99    2    0.009    2    1   1    1.57
132    2    -0.009    1    2   1    1.32
45    1    0.028    1    1   1    2.88
43    1    0.000    2    2   0    3.04
122    2    -0.009    1    2   1    4.34
142    2    -0.009    2    1   0    6.81
21    1    -0.028    2    2   1    1.71
83    2    0.000    2    1   1    1.83
100    2    0.028    2    1   1    1.22
73    1    0.000    2    2   0    5.70
129    2    0.009    2    1   1    1.13
18    1    0.000    2    2   0    0.98
108    2    0.000    2    1   1    1.54
126    2    -0.028    1    2   1    4.30
63    1    0.000    2    2   0    0.82
36    1    -0.028    2    2   1    1.13
128    2    0.000    2    1   1    2.81
77    2    -0.009    2    1   0    1.75
93    2    0.000    2    1   1    2.00
42    1    -0.009    2    2   1    0.98
114    2    0.009    2    1   1    0.86
117    2    -0.009    1    2   1    4.97
56    1    -0.028    2    2   1    0.83
46    1    -0.028    2    2   1    0.80
78    2    0.000    2    1   1    0.68
136    2    -0.028    2    1   0    1.79
125    2    0.028    2    1   1    0.71
113    2    0.000    2    1   1    0.95
17    1    -0.009    2    2   1    0.73
81    2    -0.028    2    1   0    0.69
38    1    0.000    2    2   0    0.70
147    2    -0.009    2    1   0    1.06
111    2    -0.028    1    2   1    4.19
40    1    0.028    2    2   0    0.79
87    2    -0.009    1    2   1    3.18
8    1    0.000    2    2   0    0.75
75    2    0.028    2    1   1    0.78
39    1    0.009    2    2   0    2.73
130    2    0.028    2    1   1    0.93
149    2    0.009    2    1   1    2.44
72    1    -0.009    2    2   1    0.72
140    2    0.028    2    1   1    1.42
65    1    0.028    1    1   1    2.85
59    1    0.009    1    1   1    4.13
131    2    -0.028    2    1   0    2.51
34    1    0.009    1    1   1    21.31
22    1    -0.009    1    1   0    2.99
92    2    -0.009    1    2   1    3.64
57    1    -0.009    2    2   1    2.36
14    1    0.009    1    1   1    3.60
94    2    0.009    2    1   1    1.38
69    1    0.009    1    1   1    3.29
144    2    0.009    2    1   1    0.82
102    2    -0.009    1    2   1    3.19
141    2    -0.028    1    2   1    1.24
20    1    0.028    1    1   1    2.10
107    2    -0.009    1    2   1    1.62
91    2    -0.028    1    2   1    1.19
95    2    0.028    2    1   1    2.24
86    2    -0.028    1    2   1    1.80
3    1    0.000    2    2   0    1.41
64    1    0.009    1    1   1    1.90
28    1    0.000    1    1   1    1.33
112    2    -0.009    1    2   1    2.42
74    1    0.009    2    2   0    4.17
79    2    0.009    2    1   1    1.73
29    1    0.009    2    2   0    3.24
54    1    0.009    2    2   0    1.71
103    2    0.000    2    1   1    2.95
134    2    0.009    2    1   1    1.18
58    1    0.000    2    2   0    2.15
24    1    0.009    1    1   1    2.55
13    1    0.000    2    2   0    1.70
119    2    0.009    2    1   1    2.00
101    2    -0.028    2    1   0    2.00
105    2    0.028    2    1   1    1.91
120    2    0.028    2    1   1    0.79
61    1    -0.028    2    2   1    0.70
27    1    -0.009    2    2   1    1.11
148    2    0.000    2    1   1    1.64
32    1    -0.009    2    2   1    1.51
50    1    0.028    2    2   0    1.24
30    1    0.028    2    2   0    1.13
47    1    -0.009    2    2   1    2.47
84    2    0.009    2    1   1    1.20
98    2    0.000    2    1   1    0.95
106    2    -0.028    2    1   0    2.67
19    1    0.009    2    2   0    4.44
82    2    -0.009    2    1   0    2.46
4    1    0.009    2    2   0    1.27
90    2    0.028    2    1   1    0.74
127    2    -0.009    2    1   0    0.99
35    1    0.028    2    2   0    0.67
60    1    0.028    2    2   0    0.70
2    1    -0.009    2    2   1    0.55
138    2    0.000    2    1   1    0.81
145    2    0.028    2    1   1    0.54
52    1    -0.009    2    2   1    0.64
133    2    0.000    2    1   1    0.62
44    1    0.009    2    2   0    0.65
48    1    0.000    2    2   0    0.86
97    2    -0.009    2    1   0    0.66
33    1    0.000    2    2   0    0.83
146    2    -0.028    2    1   0    1.26
25    1    0.028    2    2   0    0.93
139    2    0.009    2    1   1    0.66
70    1    0.028    2    2   0    0.61
7    1    -0.009    2    2   1    1.15
109    2    0.009    2    1   1    0.48
88    2    0.000    2    1   1    0.62
31    1    -0.028    2    2   1    0.64
62    1    -0.009    2    2   1    0.65
53    1    0.000    2    2   0    0.75
110    2    0.028    2    1   1    0.76
150    2    0.028    2    1   1    0.65
115    2    0.028    2    1   1    0.92
76    2    -0.028    2    1   0    0.61
96    2    -0.028    2    1   0    0.74
51    1    -0.028    2    2   1    0.45
37    1    -0.009    2    2   1    0.62
123    2    0.000    2    1   1    0.69
143    2    0.000    2    1   1    0.90
85    2    0.028    2    1   1    0.62
49    1    0.009    2    2   0    0.60
124    2    0.009    2    1   1    1.16
68    1    0.000    2    2   0    0.69
23    1    0.000    2    2   0    0.55
71    1    -0.028    2    2   1    0.86
1    1    -0.028    2    2   1    0.71
137    2    -0.009    2    1   0    0.81
10    1    0.028    2    2   0    0.65
67    1    -0.009    2    2   1    0.69
121    2    -0.028    2    1   0    0.72
89    2    0.009    2    1   1    1.99
41    1    -0.028    2    2   1    0.86
118    2    0.000    2    1   1    1.90
66    1    -0.028    2    2   1    0.69
26    1    -0.028    2    2   1    1.38
135    2    0.028    2    1   1    0.42
