--------------------------------
15-Dec-2014 12:36:40 
data from observer A22 
#occlusion2 expt 
reference disparity (degrees) 0.160000 

stim order disp kresp testresp correct time
1    1    -0.074    2    2   0    2.91
2    2    -0.083    2    1   1    0.59
3    1    -0.079    2    2   0    0.48
4    1    0.088    2    2   1    1.04
5    1    0.088    2    2   1    0.53
6    1    -0.083    2    2   0    0.44
7    2    0.092    2    1   0    1.79
8    1    -0.102    2    2   0    0.80
9    1    0.111    2    2   1    7.57
10    2    -0.111    2    1   1    0.47
11    1    0.106    2    2   1    0.31
12    1    -0.106    2    2   0    0.44
13    2    0.115    2    1   0    1.73
14    1    -0.125    2    2   0    0.82
15    2    -0.134    2    1   1    1.00
16    2    0.134    2    1   0    1.36
17    2    -0.143    2    1   1    0.57
18    2    -0.143    2    1   1    1.13
19    2    -0.139    2    1   1    0.70
20    2    0.139    2    1   0    2.00
21    2    0.148    2    1   0    0.90
22    1    0.148    2    2   1    1.05
23    2    -0.148    2    1   1    0.59
24    2    -0.143    2    1   1    0.94
25    2    -0.143    2    1   1    0.63
26    1    0.139    2    2   1    1.06
27    2    -0.139    2    1   1    0.71
28    2    -0.134    2    1   1    0.67
29    1    0.134    2    2   1    0.63
30    1    -0.129    2    2   0    1.40
31    2    -0.139    2    1   1    0.57
32    2    0.139    2    1   0    1.92
33    1    -0.148    2    2   0    0.66
34    1    -0.148    2    2   0    1.02
35    1    -0.148    2    2   0    2.51
36    2    0.148    1    2   1    2.40
37    2    -0.148    2    1   1    0.92
38    1    -0.143    1    1   1    1.33
39    1    -0.143    2    2   0    0.77
40    1    0.148    2    2   1    0.93
41    2    -0.148    2    1   1    0.61
42    1    0.143    2    2   1    0.63
43    2    -0.143    2    1   1    0.53
44    1    0.139    2    2   1    0.88
45    1    0.139    2    2   1    0.65
46    2    -0.134    2    1   1    0.46
47    1    -0.134    2    2   0    0.33
48    2    0.143    2    1   0    0.39
49    2    0.148    1    2   1    2.92
50    2    0.148    1    2   1    0.77
-------------------------
Final staircase threshold estimate (mean) is 0.1418
-------------------------
54    1    0.143    2    2   0    1.45
100    2    0.148    1    2   0    2.78
116    2    -0.148    2    1   0    1.90
45    1    0.148    2    2   0    0.64
49    1    0.143    2    2   0    1.40
5    1    0.148    2    2   0    0.64
138    2    0.000    2    1   1    1.07
63    1    0.000    2    2   0    1.85
109    2    0.143    2    1   1    1.93
51    1    -0.148    2    2   1    0.82
82    2    -0.143    2    1   0    1.10
97    2    -0.143    2    1   0    0.62
22    1    -0.143    2    2   1    0.72
13    1    0.000    2    2   0    0.55
23    1    0.000    2    2   0    1.13
46    1    -0.148    2    2   1    1.39
123    2    0.000    2    1   1    1.15
120    2    0.148    1    2   0    3.42
4    1    0.143    2    2   0    0.54
34    1    0.143    2    2   0    0.64
7    1    -0.143    2    2   1    0.82
86    2    -0.148    2    1   0    0.74
52    1    -0.143    1    1   0    2.26
112    2    -0.143    2    1   0    0.60
30    1    0.148    2    2   0    0.81
89    2    0.143    1    2   0    2.01
80    2    0.148    1    2   0    1.34
56    1    -0.148    2    2   1    2.22
130    2    0.148    1    2   0    1.56
98    2    0.000    2    1   1    0.80
126    2    -0.148    2    1   0    1.48
29    1    0.143    2    2   0    0.66
124    2    0.143    1    2   0    1.00
140    2    0.148    1    2   0    1.22
119    2    0.143    1    2   0    1.06
110    2    0.148    1    2   0    0.97
118    2    0.000    2    1   1    1.82
73    1    0.000    2    2   0    1.12
42    1    -0.143    2    2   1    1.41
48    1    0.000    2    2   0    0.80
11    1    -0.148    2    2   1    0.83
76    2    -0.148    2    1   0    1.17
68    1    0.000    2    2   0    0.65
137    2    -0.143    2    1   0    0.71
16    1    -0.148    2    2   1    1.15
81    2    -0.148    2    1   0    0.81
1    1    -0.148    2    2   1    0.78
69    1    0.143    2    2   0    0.85
149    2    0.143    2    1   1    1.02
33    1    0.000    2    2   0    0.83
27    1    -0.143    2    2   1    0.64
53    1    0.000    2    2   0    1.78
17    1    -0.143    2    2   1    2.01
75    2    0.148    1    2   0    2.81
103    2    0.000    2    1   1    0.54
62    1    -0.143    2    2   1    3.11
32    1    -0.143    1    1   0    2.67
3    1    0.000    2    2   0    1.07
83    2    0.000    2    1   1    2.04
144    2    0.143    1    2   0    1.38
105    2    0.148    1    2   0    1.00
79    2    0.143    1    2   0    1.83
148    2    0.000    2    1   1    0.99
125    2    0.148    1    2   0    0.79
36    1    -0.148    2    2   1    1.55
129    2    0.143    1    2   0    1.92
24    1    0.143    2    2   0    0.95
113    2    0.000    2    1   1    2.02
10    1    0.148    2    2   0    0.78
115    2    0.148    1    2   0    0.76
55    1    0.148    2    2   0    0.62
61    1    -0.148    2    2   1    1.49
135    2    0.148    1    2   0    0.62
70    1    0.148    2    2   0    0.55
107    2    -0.143    2    1   0    0.75
28    1    0.000    2    2   0    1.14
139    2    0.143    1    2   0    1.09
131    2    -0.148    2    1   0    0.77
41    1    -0.148    1    1   0    0.91
108    2    0.000    2    1   1    0.53
6    1    -0.148    1    1   0    1.01
146    2    -0.148    2    1   0    0.58
121    2    -0.148    2    1   0    0.62
14    1    0.143    2    2   0    0.79
59    1    0.143    2    2   0    1.08
60    1    0.148    2    2   0    0.64
94    2    0.143    1    2   0    1.23
71    1    -0.148    2    2   1    0.54
31    1    -0.148    1    1   0    0.86
74    1    0.143    2    2   0    1.01
50    1    0.148    2    2   0    0.75
122    2    -0.143    2    1   0    1.66
15    1    0.148    2    2   0    0.67
133    2    0.000    2    1   1    0.51
93    2    0.000    2    1   1    1.70
21    1    -0.148    2    2   1    0.96
72    1    -0.143    2    2   1    0.64
143    2    0.000    2    1   1    2.48
19    1    0.143    2    2   0    0.66
78    2    0.000    2    1   1    1.21
101    2    -0.148    2    1   0    2.18
58    1    0.000    2    2   0    1.38
26    1    -0.148    2    2   1    0.83
114    2    0.143    1    2   0    0.88
134    2    0.143    1    2   0    1.36
25    1    0.148    2    2   0    0.79
88    2    0.000    1    2   0    1.32
47    1    -0.143    2    2   1    0.73
117    2    -0.143    2    1   0    1.54
136    2    -0.148    2    1   0    0.58
57    1    -0.143    2    2   1    0.64
104    2    0.143    2    1   1    0.91
9    1    0.143    2    2   0    0.73
84    2    0.143    2    1   1    0.56
38    1    0.000    2    2   0    0.90
150    2    0.148    1    2   0    1.90
91    2    -0.148    2    1   0    1.39
147    2    -0.143    2    1   0    2.79
67    1    -0.143    1    1   0    2.21
90    2    0.148    1    2   0    2.35
142    2    -0.143    1    2   1    2.42
37    1    -0.143    2    2   1    0.71
85    2    0.148    1    2   0    1.03
132    2    -0.143    2    1   0    1.52
111    2    -0.148    2    1   0    2.58
40    1    0.148    2    2   0    1.14
20    1    0.148    2    2   0    2.10
92    2    -0.143    2    1   0    0.65
95    2    0.148    1    2   0    2.62
99    2    0.143    1    2   0    1.08
12    1    -0.143    2    2   1    0.89
44    1    0.143    1    1   1    0.95
102    2    -0.143    2    1   0    1.27
64    1    0.143    2    2   0    1.10
39    1    0.143    2    2   0    2.17
127    2    -0.143    1    2   1    1.76
43    1    0.000    2    2   0    0.98
66    1    -0.148    2    2   1    0.66
128    2    0.000    2    1   1    1.36
145    2    0.148    1    2   0    1.36
8    1    0.000    2    2   0    1.34
87    2    -0.143    1    2   1    1.89
106    2    -0.148    2    1   0    0.78
65    1    0.148    2    2   0    0.68
141    2    -0.148    2    1   0    1.90
96    2    -0.148    2    1   0    0.85
2    1    -0.143    2    2   1    0.60
35    1    0.148    2    2   0    0.42
77    2    -0.143    2    1   0    1.55
18    1    0.000    2    2   0    2.13
