--------------------------------
15-Dec-2014 12:21:33 
data from observer  
#occlusion2 expt 
reference disparity (degrees) 0.160000 

stim order disp kresp testresp correct time
1    2    0.074    2    1   0    2.95
2    2    0.083    2    1   0    1.37
3    2    -0.092    2    1   1    0.66
4    2    -0.088    2    1   1    0.73
5    2    -0.088    2    1   1    0.66
6    2    0.083    2    1   0    1.71
7    2    0.092    2    1   0    1.83
8    2    0.102    2    1   0    2.61
9    1    0.111    2    2   1    1.22
10    2    0.111    2    1   0    2.58
11    2    0.120    2    1   0    2.65
12    1    0.129    2    2   1    0.61
13    1    0.129    2    2   1    0.62
14    1    0.125    2    2   1    0.48
15    1    0.125    2    2   1    1.52
16    1    -0.120    2    2   0    1.72
17    2    0.129    2    1   0    1.61
18    1    -0.139    2    2   0    1.18
19    1    0.148    2    2   1    0.64
20    2    -0.148    2    1   1    1.17
21    1    0.143    2    2   1    0.67
22    2    -0.143    2    1   1    2.33
23    1    -0.139    2    2   0    1.25
24    1    -0.148    2    2   0    0.61
25    2    -0.148    2    1   1    1.57
26    2    0.148    2    1   0    1.74
27    2    0.148    2    1   0    2.12
28    2    -0.148    2    1   1    0.59
29    1    0.148    2    2   1    0.60
30    1    -0.143    2    2   0    0.74
31    1    0.148    2    2   1    0.54
32    1    -0.148    2    2   0    0.51
33    1    0.148    2    2   1    1.06
34    1    0.148    2    2   1    0.71
35    2    0.143    2    1   0    3.24
36    2    0.148    2    1   0    2.16
37    1    -0.148    2    2   0    1.26
38    2    -0.148    2    1   1    0.51
39    2    0.148    2    1   0    3.25
40    2    0.148    2    1   0    1.98
41    2    -0.148    2    1   1    0.55
42    1    -0.148    2    2   0    0.64
43    1    -0.148    2    2   0    0.57
44    1    -0.148    2    2   0    1.21
45    2    0.148    2    1   0    2.01
46    2    0.148    2    1   0    1.72
47    1    0.148    2    2   1    0.95
48    2    0.148    2    1   0    1.57
49    2    -0.148    2    1   1    1.98
50    1    0.148    2    2   1    1.05
-------------------------
Final staircase threshold estimate (mean) is 0.1478
-------------------------
51    1    -0.148    2    2   1    2.84
128    2    0.000    2    1   1    0.99
29    1    0.143    2    2   0    0.90
21    1    -0.148    2    2   1    1.24
81    2    -0.148    2    1   0    0.68
69    1    0.143    2    2   0    0.49
49    1    0.143    2    2   0    0.64
87    2    -0.143    2    1   0    0.43
111    2    -0.148    2    1   0    0.72
100    2    0.148    2    1   1    1.55
99    2    0.143    2    1   1    1.10
84    2    0.143    2    1   1    2.45
22    1    -0.143    2    2   1    0.64
18    1    0.000    2    2   0    2.08
45    1    0.148    2    2   0    0.79
57    1    -0.143    2    2   1    2.76
52    1    -0.143    2    2   1    2.02
80    2    0.148    2    1   1    1.48
149    2    0.143    2    1   1    1.70
34    1    0.143    2    2   0    0.79
93    2    0.000    2    1   1    1.66
15    1    0.148    2    2   0    0.85
129    2    0.143    2    1   1    1.69
114    2    0.143    2    1   1    2.64
37    1    -0.143    2    2   1    0.67
31    1    -0.148    2    2   1    1.17
107    2    -0.143    2    1   0    0.97
73    1    0.000    2    2   0    1.32
85    2    0.148    1    2   0    3.57
64    1    0.143    2    2   0    0.53
27    1    -0.143    2    2   1    1.18
47    1    -0.143    2    2   1    0.54
118    2    0.000    2    1   1    1.26
126    2    -0.148    2    1   0    0.77
132    2    -0.143    2    1   0    0.59
9    1    0.143    2    2   0    0.56
23    1    0.000    2    2   0    1.24
76    2    -0.148    2    1   0    1.05
39    1    0.143    2    2   0    0.53
148    2    0.000    2    1   1    1.02
147    2    -0.143    2    1   0    0.72
36    1    -0.148    2    2   1    0.67
106    2    -0.148    2    1   0    0.97
110    2    0.148    2    1   1    1.51
90    2    0.148    2    1   1    2.75
7    1    -0.143    2    2   1    0.61
103    2    0.000    2    1   1    0.76
10    1    0.148    2    2   0    1.61
97    2    -0.143    2    1   0    0.95
102    2    -0.143    2    1   0    0.61
123    2    0.000    2    1   1    1.08
68    1    0.000    2    2   0    1.11
71    1    -0.148    2    2   1    1.15
14    1    0.143    2    2   0    0.73
113    2    0.000    2    1   1    1.62
41    1    -0.148    2    2   1    0.62
136    2    -0.148    2    1   0    0.59
59    1    0.143    2    2   0    1.16
19    1    0.143    2    2   0    1.00
17    1    -0.143    2    2   1    0.98
3    1    0.000    2    2   0    1.46
121    2    -0.148    2    1   0    1.17
115    2    0.148    2    1   1    0.78
20    1    0.148    2    2   0    1.05
116    2    -0.148    2    1   0    0.47
16    1    -0.148    2    2   1    0.45
12    1    -0.143    2    2   1    0.49
144    2    0.143    2    1   1    2.35
40    1    0.148    2    2   0    0.80
120    2    0.148    2    1   1    3.33
28    1    0.000    2    2   0    1.57
101    2    -0.148    2    1   0    0.67
119    2    0.143    2    1   1    1.49
137    2    -0.143    2    1   0    1.33
43    1    0.000    2    2   0    0.62
145    2    0.148    2    1   1    0.71
50    1    0.148    2    2   0    0.70
112    2    -0.143    2    1   0    0.69
122    2    -0.143    2    1   0    0.37
141    2    -0.148    2    1   0    0.35
83    2    0.000    2    1   1    1.10
1    1    -0.148    2    2   1    1.01
140    2    0.148    2    1   1    1.25
79    2    0.143    2    1   1    1.04
117    2    -0.143    2    1   0    0.46
13    1    0.000    2    2   0    0.56
5    1    0.148    2    2   0    0.61
6    1    -0.148    2    2   1    1.72
25    1    0.148    2    2   0    0.69
4    1    0.143    2    2   0    0.65
33    1    0.000    2    2   0    0.45
54    1    0.143    2    2   0    1.34
146    2    -0.148    2    1   0    1.06
63    1    0.000    2    2   0    1.58
32    1    -0.143    2    2   1    0.69
95    2    0.148    2    1   1    0.76
58    1    0.000    2    2   0    2.12
125    2    0.148    2    1   1    2.24
94    2    0.143    2    1   1    1.87
8    1    0.000    2    2   0    1.65
56    1    -0.148    2    2   1    0.81
70    1    0.148    2    2   0    0.66
65    1    0.148    2    2   0    0.57
62    1    -0.143    2    2   1    1.02
38    1    0.000    2    2   0    1.76
105    2    0.148    2    1   1    0.76
150    2    0.148    2    1   1    1.19
98    2    0.000    2    1   1    1.75
66    1    -0.148    2    2   1    0.89
135    2    0.148    2    1   1    2.62
78    2    0.000    2    1   1    1.10
108    2    0.000    2    1   1    1.42
26    1    -0.148    2    2   1    0.64
11    1    -0.148    2    2   1    1.72
35    1    0.148    2    2   0    0.83
67    1    -0.143    2    2   1    1.27
77    2    -0.143    2    1   0    0.66
131    2    -0.148    2    1   0    1.10
143    2    0.000    2    1   1    0.66
42    1    -0.143    2    2   1    0.98
91    2    -0.148    2    1   0    1.15
92    2    -0.143    2    1   0    1.64
88    2    0.000    2    1   1    0.67
30    1    0.148    2    2   0    1.01
130    2    0.148    2    1   1    1.07
55    1    0.148    2    2   0    0.58
72    1    -0.143    2    2   1    2.33
86    2    -0.148    2    1   0    1.65
53    1    0.000    2    2   0    1.27
82    2    -0.143    2    1   0    0.72
133    2    0.000    2    1   1    1.49
138    2    0.000    2    1   1    2.03
142    2    -0.143    2    1   0    1.03
89    2    0.143    2    1   1    1.56
109    2    0.143    2    1   1    0.56
61    1    -0.148    2    2   1    0.72
46    1    -0.148    2    2   1    0.65
75    2    0.148    2    1   1    1.22
44    1    0.143    2    2   0    0.69
124    2    0.143    2    1   1    0.65
60    1    0.148    2    2   0    0.59
134    2    0.143    2    1   1    1.32
48    1    0.000    2    2   0    0.68
74    1    0.143    2    2   0    0.76
127    2    -0.143    2    1   0    0.69
2    1    -0.143    2    2   1    0.65
104    2    0.143    2    1   1    0.79
139    2    0.143    2    1   1    0.55
96    2    -0.148    2    1   0    0.43
24    1    0.143    2    2   0    0.56
