--------------------------------
15-Dec-2014 11:09:47 
data from observer A22 
#occlusion2 expt 
reference disparity (degrees) 0.160000 

stim order disp kresp testresp correct time
1    2    -0.074    2    1   0    6.31
2    2    -0.083    2    1   0    1.94
3    2    -0.092    2    1   0    2.36
4    2    0.102    2    1   1    1.02
5    2    0.097    2    1   1    2.40
6    2    -0.097    2    1   0    2.50
7    1    0.106    2    2   0    2.76
8    2    -0.115    1    2   1    2.19
9    1    0.115    1    1   1    1.00
10    1    0.111    2    2   0    1.99
11    2    0.120    2    1   1    0.75
12    1    -0.120    2    2   1    2.71
13    1    0.115    2    2   0    0.70
14    1    -0.125    2    2   1    2.90
15    1    -0.125    2    2   1    3.13
16    1    0.120    2    2   0    5.35
17    1    -0.129    2    2   1    1.21
18    1    0.129    2    2   0    2.05
19    1    -0.139    2    2   1    0.74
20    2    -0.139    2    1   0    2.70
21    2    -0.148    2    1   0    0.92
22    2    -0.148    2    1   0    1.18
23    2    0.148    2    1   1    0.74
24    1    0.148    2    2   0    1.74
25    1    0.148    2    2   0    3.03
26    1    0.148    2    2   0    1.18
27    2    0.148    2    1   1    1.64
28    2    -0.148    2    1   0    1.51
29    2    -0.148    1    2   1    5.80
30    1    -0.148    2    2   1    2.05
31    1    -0.143    2    2   1    1.47
32    2    -0.143    2    1   0    0.77
33    1    0.148    2    2   0    2.09
34    1    -0.148    2    2   1    2.35
35    1    -0.148    2    2   1    2.61
36    2    0.143    2    1   1    1.38
37    2    -0.143    2    1   0    1.84
38    1    -0.148    1    1   0    2.12
39    2    -0.148    2    1   0    0.66
40    2    0.148    2    1   1    0.78
41    1    -0.148    2    2   1    0.71
42    2    0.143    2    1   1    0.87
43    1    -0.143    2    2   1    1.64
44    1    -0.139    2    2   1    0.54
45    1    -0.139    2    2   1    0.69
46    1    0.134    2    2   0    1.19
47    1    -0.143    2    2   1    0.87
48    2    0.143    2    1   1    0.69
49    2    0.139    2    1   1    0.83
50    2    0.139    2    1   1    0.81
-------------------------
Final staircase threshold estimate (mean) is 0.1408
-------------------------
83    2    0.000    2    1   1    2.29
68    1    0.000    2    2   0    1.81
63    1    0.000    2    2   0    2.10
11    1    -0.148    2    2   1    2.07
67    1    -0.143    2    2   1    1.96
42    1    -0.143    2    2   1    0.76
61    1    -0.148    2    2   1    0.58
19    1    0.143    2    2   0    1.65
45    1    0.148    2    2   0    0.67
92    2    -0.143    2    1   0    1.25
84    2    0.143    2    1   1    0.69
126    2    -0.148    2    1   0    0.71
36    1    -0.148    2    2   1    0.57
145    2    0.148    2    1   1    0.85
150    2    0.148    2    1   1    0.68
28    1    0.000    2    2   0    3.29
74    1    0.143    2    2   0    2.31
12    1    -0.143    2    2   1    1.32
51    1    -0.148    2    2   1    1.36
10    1    0.148    2    2   0    1.51
114    2    0.143    2    1   1    1.21
27    1    -0.143    2    2   1    1.31
25    1    0.148    2    2   0    1.42
70    1    0.148    2    2   0    1.52
143    2    0.000    2    1   1    2.59
52    1    -0.143    2    2   1    0.57
13    1    0.000    2    2   0    0.99
144    2    0.143    2    1   1    1.00
91    2    -0.148    2    1   0    1.46
119    2    0.143    2    1   1    1.14
47    1    -0.143    2    2   1    0.59
22    1    -0.143    2    2   1    1.17
37    1    -0.143    2    2   1    1.44
32    1    -0.143    2    2   1    1.27
77    2    -0.143    2    1   0    1.27
130    2    0.148    2    1   1    0.87
136    2    -0.148    2    1   0    0.72
49    1    0.143    2    2   0    0.78
33    1    0.000    2    2   0    1.46
29    1    0.143    2    2   0    1.98
123    2    0.000    2    1   1    0.61
6    1    -0.148    2    2   1    0.77
30    1    0.148    2    2   0    1.24
1    1    -0.148    2    2   1    0.81
56    1    -0.148    2    2   1    1.47
78    2    0.000    2    1   1    2.04
46    1    -0.148    2    2   1    1.70
72    1    -0.143    2    2   1    0.62
89    2    0.143    2    1   1    0.61
113    2    0.000    2    1   1    0.66
55    1    0.148    2    2   0    1.71
31    1    -0.148    2    2   1    0.64
125    2    0.148    2    1   1    0.61
62    1    -0.143    2    2   1    1.12
80    2    0.148    2    1   1    1.04
48    1    0.000    2    2   0    2.56
110    2    0.148    2    1   1    1.15
14    1    0.143    1    1   1    4.35
76    2    -0.148    1    2   1    1.55
105    2    0.148    2    1   1    1.01
3    1    0.000    1    1   1    2.69
85    2    0.148    1    2   0    2.18
73    1    0.000    2    2   0    0.88
7    1    -0.143    2    2   1    0.65
141    2    -0.148    2    1   0    0.88
79    2    0.143    2    1   1    0.71
139    2    0.143    1    2   0    1.66
118    2    0.000    2    1   1    0.93
124    2    0.143    2    1   1    0.96
101    2    -0.148    2    1   0    0.62
15    1    0.148    2    2   0    2.16
98    2    0.000    2    1   1    1.26
137    2    -0.143    1    2   1    1.80
129    2    0.143    2    1   1    1.14
135    2    0.148    2    1   1    0.61
41    1    -0.148    2    2   1    0.56
66    1    -0.148    2    2   1    0.99
2    1    -0.143    2    2   1    1.43
116    2    -0.148    1    2   1    1.62
127    2    -0.143    1    2   1    1.39
9    1    0.143    1    1   1    1.04
38    1    0.000    1    1   1    1.41
134    2    0.143    2    1   1    0.96
122    2    -0.143    1    2   1    1.11
54    1    0.143    1    1   1    2.78
88    2    0.000    1    2   0    1.13
20    1    0.148    1    1   1    2.05
57    1    -0.143    2    2   1    1.51
43    1    0.000    2    2   0    1.46
8    1    0.000    2    2   0    1.63
82    2    -0.143    2    1   0    1.38
120    2    0.148    2    1   1    2.25
140    2    0.148    2    1   1    1.58
81    2    -0.148    2    1   0    1.77
64    1    0.143    2    2   0    2.07
146    2    -0.148    2    1   0    0.80
17    1    -0.143    2    2   1    0.69
34    1    0.143    2    2   0    2.93
93    2    0.000    2    1   1    2.46
59    1    0.143    2    2   0    1.48
58    1    0.000    2    2   0    1.43
26    1    -0.148    2    2   1    0.75
149    2    0.143    2    1   1    0.68
142    2    -0.143    1    2   1    1.22
106    2    -0.148    2    1   0    0.70
94    2    0.143    2    1   1    0.69
96    2    -0.148    1    2   1    0.72
133    2    0.000    2    1   1    2.75
86    2    -0.148    1    2   1    0.87
65    1    0.148    2    2   0    0.87
75    2    0.148    2    1   1    0.60
40    1    0.148    2    2   0    0.68
148    2    0.000    1    2   0    2.15
132    2    -0.143    1    2   1    0.92
108    2    0.000    2    1   1    0.86
5    1    0.148    2    2   0    1.57
87    2    -0.143    1    2   1    1.08
115    2    0.148    2    1   1    0.57
71    1    -0.148    2    2   1    0.68
39    1    0.143    2    2   0    1.81
4    1    0.143    2    2   0    1.27
111    2    -0.148    2    1   0    0.72
102    2    -0.143    1    2   1    1.27
44    1    0.143    1    1   1    1.16
147    2    -0.143    1    2   1    0.76
128    2    0.000    2    1   1    1.49
90    2    0.148    2    1   1    0.63
53    1    0.000    2    2   0    1.44
131    2    -0.148    2    1   0    0.69
103    2    0.000    2    1   1    1.27
95    2    0.148    2    1   1    0.71
24    1    0.143    2    2   0    0.82
121    2    -0.148    2    1   0    0.52
109    2    0.143    2    1   1    0.57
104    2    0.143    2    1   1    1.85
107    2    -0.143    1    2   1    1.44
35    1    0.148    1    1   1    1.93
97    2    -0.143    1    2   1    1.07
23    1    0.000    2    2   0    3.14
60    1    0.148    2    2   0    2.08
99    2    0.143    2    1   1    1.49
21    1    -0.148    2    2   1    0.89
117    2    -0.143    1    2   1    4.57
50    1    0.148    1    1   1    1.14
100    2    0.148    2    1   1    2.01
18    1    0.000    2    2   0    3.05
112    2    -0.143    1    2   1    1.64
69    1    0.143    2    2   0    0.70
16    1    -0.148    2    2   1    0.59
138    2    0.000    2    1   1    2.03
