--------------------------------
15-Dec-2014 12:28:54 
data from observer A22 
#occlusion2 expt 
reference disparity (degrees) 0.160000 

stim order disp kresp testresp correct time
1    1    0.074    2    2   1    1.94
2    2    -0.069    2    1   1    0.54
3    1    -0.065    2    2   0    0.89
4    1    0.074    2    2   1    0.88
5    2    0.074    2    1   0    1.09
6    2    -0.083    2    1   1    0.83
7    1    -0.083    2    2   0    1.34
8    2    -0.092    2    1   1    0.71
9    1    0.092    2    2   1    0.61
10    1    0.088    2    2   1    1.14
11    2    0.088    2    1   0    1.28
12    1    0.097    2    2   1    0.89
13    1    -0.097    2    2   0    0.61
14    1    -0.106    2    2   0    0.54
15    2    0.115    2    1   0    1.26
16    1    0.125    2    2   1    0.59
17    2    0.125    2    1   0    0.71
18    2    -0.134    2    1   1    1.19
19    1    0.134    2    2   1    0.95
20    1    0.129    2    2   1    0.61
21    2    0.129    2    1   0    1.42
22    1    -0.139    2    2   0    0.55
23    2    -0.148    2    1   1    0.59
24    2    0.148    2    1   0    1.80
25    1    -0.148    2    2   0    1.31
26    2    0.148    2    1   0    1.51
27    2    0.148    2    1   0    3.27
28    1    -0.148    2    2   0    0.84
29    1    -0.148    2    2   0    1.38
30    1    -0.148    2    2   0    1.50
31    1    -0.148    2    2   0    0.87
32    1    -0.148    1    1   1    2.75
33    1    0.148    2    2   1    1.01
34    1    0.143    2    2   1    1.03
35    1    0.143    2    2   1    0.81
36    1    -0.139    2    2   0    0.56
37    1    -0.148    1    1   1    2.50
38    1    0.148    2    2   1    0.78
39    2    -0.143    2    1   1    1.27
40    2    0.143    1    2   1    2.18
41    2    -0.139    2    1   1    0.58
42    2    0.139    2    1   0    1.69
43    2    0.148    1    2   1    2.32
44    1    -0.148    2    2   0    0.64
45    2    -0.148    2    1   1    0.64
46    2    0.148    2    1   0    0.94
47    1    -0.148    1    1   1    2.33
48    1    0.148    2    2   1    0.70
49    1    0.143    2    2   1    0.69
50    2    -0.143    2    1   1    0.54
-------------------------
Final staircase threshold estimate (mean) is 0.1450
-------------------------
150    2    0.148    2    1   1    1.86
113    2    0.000    2    1   1    1.09
4    1    0.143    2    2   0    0.96
149    2    0.143    2    1   1    2.12
26    1    -0.148    2    2   1    1.40
72    1    -0.143    1    1   0    1.84
16    1    -0.148    1    1   0    2.59
48    1    0.000    2    2   0    0.92
60    1    0.148    2    2   0    1.10
6    1    -0.148    2    2   1    0.96
73    1    0.000    2    2   0    1.20
116    2    -0.148    2    1   0    0.77
46    1    -0.148    1    1   0    1.29
35    1    0.148    2    2   0    0.66
128    2    0.000    2    1   1    1.54
75    2    0.148    1    2   0    1.39
45    1    0.148    2    2   0    0.93
141    2    -0.148    2    1   0    0.95
130    2    0.148    2    1   1    1.01
44    1    0.143    2    2   0    0.78
133    2    0.000    1    2   0    1.97
142    2    -0.143    2    1   0    0.95
12    1    -0.143    2    2   1    1.59
102    2    -0.143    2    1   0    0.62
148    2    0.000    2    1   1    1.57
49    1    0.143    2    2   0    1.89
7    1    -0.143    2    2   1    0.82
51    1    -0.148    2    2   1    0.60
139    2    0.143    2    1   1    0.72
127    2    -0.143    2    1   0    0.48
119    2    0.143    2    1   1    2.06
17    1    -0.143    2    2   1    0.69
100    2    0.148    2    1   1    0.99
122    2    -0.143    2    1   0    0.64
110    2    0.148    1    2   0    2.04
117    2    -0.143    2    1   0    0.48
19    1    0.143    2    2   0    0.99
145    2    0.148    2    1   1    1.27
138    2    0.000    2    1   1    0.66
47    1    -0.143    1    1   0    3.08
14    1    0.143    2    2   0    0.90
93    2    0.000    2    1   1    0.58
11    1    -0.148    1    1   0    1.77
146    2    -0.148    2    1   0    0.49
32    1    -0.143    1    1   0    1.07
105    2    0.148    2    1   1    3.24
120    2    0.148    1    2   0    1.29
39    1    0.143    2    2   0    0.71
79    2    0.143    2    1   1    2.03
131    2    -0.148    1    2   1    1.20
15    1    0.148    2    2   0    2.40
65    1    0.148    1    1   1    2.49
98    2    0.000    2    1   1    1.25
10    1    0.148    2    2   0    0.60
96    2    -0.148    2    1   0    1.44
74    1    0.143    2    2   0    1.23
85    2    0.148    2    1   1    1.63
64    1    0.143    2    2   0    1.12
22    1    -0.143    2    2   1    0.72
40    1    0.148    2    2   0    1.38
58    1    0.000    2    2   0    1.09
34    1    0.143    2    2   0    1.28
76    2    -0.148    2    1   0    1.03
144    2    0.143    2    1   1    0.80
88    2    0.000    2    1   1    0.60
82    2    -0.143    2    1   0    1.99
33    1    0.000    2    2   0    1.42
125    2    0.148    2    1   1    1.24
95    2    0.148    2    1   1    2.31
2    1    -0.143    2    2   1    1.69
123    2    0.000    2    1   1    1.18
137    2    -0.143    2    1   0    1.11
52    1    -0.143    1    1   0    1.49
94    2    0.143    1    2   0    1.11
31    1    -0.148    2    2   1    1.71
38    1    0.000    2    2   0    1.37
36    1    -0.148    2    2   1    1.06
86    2    -0.148    2    1   0    1.22
126    2    -0.148    2    1   0    2.21
54    1    0.143    2    2   0    1.81
101    2    -0.148    2    1   0    1.57
8    1    0.000    2    2   0    2.40
124    2    0.143    2    1   1    1.38
103    2    0.000    2    1   1    1.42
18    1    0.000    2    2   0    1.74
147    2    -0.143    2    1   0    0.75
28    1    0.000    2    2   0    1.36
99    2    0.143    2    1   1    1.11
134    2    0.143    2    1   1    1.51
55    1    0.148    2    2   0    1.23
92    2    -0.143    2    1   0    1.06
20    1    0.148    2    2   0    1.94
106    2    -0.148    2    1   0    1.44
114    2    0.143    2    1   1    0.85
90    2    0.148    2    1   1    1.04
67    1    -0.143    2    2   1    0.66
87    2    -0.143    2    1   0    1.08
89    2    0.143    2    1   1    1.04
111    2    -0.148    2    1   0    1.00
81    2    -0.148    2    1   0    0.94
59    1    0.143    2    2   0    0.97
27    1    -0.143    2    2   1    1.76
121    2    -0.148    2    1   0    0.78
30    1    0.148    2    2   0    0.89
140    2    0.148    2    1   1    1.05
143    2    0.000    2    1   1    0.90
41    1    -0.148    2    2   1    1.08
66    1    -0.148    2    2   1    1.32
112    2    -0.143    2    1   0    1.90
104    2    0.143    2    1   1    1.11
24    1    0.143    2    2   0    1.38
53    1    0.000    2    2   0    0.81
77    2    -0.143    2    1   0    2.07
43    1    0.000    2    2   0    0.90
56    1    -0.148    2    2   1    0.95
3    1    0.000    1    1   1    2.25
37    1    -0.143    2    2   1    1.39
9    1    0.143    2    2   0    1.16
109    2    0.143    2    1   1    0.87
23    1    0.000    2    2   0    2.26
132    2    -0.143    2    1   0    0.96
91    2    -0.148    2    1   0    1.06
21    1    -0.148    2    2   1    0.67
1    1    -0.148    2    2   1    1.03
83    2    0.000    2    1   1    1.18
107    2    -0.143    2    1   0    0.78
68    1    0.000    2    2   0    0.52
135    2    0.148    2    1   1    0.97
78    2    0.000    2    1   1    1.52
62    1    -0.143    2    2   1    0.97
61    1    -0.148    2    2   1    1.18
42    1    -0.143    2    2   1    1.13
108    2    0.000    2    1   1    2.15
71    1    -0.148    2    2   1    1.55
80    2    0.148    2    1   1    0.95
13    1    0.000    2    2   0    1.33
97    2    -0.143    2    1   0    0.61
118    2    0.000    2    1   1    0.87
129    2    0.143    2    1   1    0.97
115    2    0.148    1    2   0    2.17
136    2    -0.148    2    1   0    0.89
69    1    0.143    2    2   0    1.23
29    1    0.143    2    2   0    1.17
57    1    -0.143    2    2   1    2.75
50    1    0.148    1    1   1    1.42
70    1    0.148    2    2   0    0.74
84    2    0.143    1    2   0    1.07
63    1    0.000    2    2   0    0.81
5    1    0.148    1    1   1    2.83
25    1    0.148    2    2   0    0.75
