--------------------------------
15-Dec-2014 10:48:47 
data from observer A22 
#occlusion2 expt 
reference disparity (degrees) 0.160000 

stim order disp kresp testresp correct time
1    1    -0.074    2    2   1    1.47
2    1    -0.069    2    2   1    1.41
3    1    -0.065    2    2   1    0.98
4    2    0.060    2    1   1    1.77
5    2    -0.055    2    1   0    2.19
6    2    -0.065    2    1   0    1.88
7    1    -0.074    2    2   1    1.30
8    1    0.074    2    2   0    1.06
9    2    -0.083    2    1   0    3.50
10    1    -0.092    2    2   1    1.58
11    1    0.092    2    2   0    1.40
12    2    0.102    2    1   1    1.24
13    1    0.102    1    1   1    2.75
14    1    0.097    1    1   1    2.27
15    1    -0.097    1    1   0    1.64
16    1    -0.106    1    1   0    2.50
17    2    -0.115    1    2   1    1.84
18    1    -0.115    2    2   1    2.49
19    2    0.111    2    1   1    1.26
20    1    0.111    2    2   0    2.24
21    2    -0.120    2    1   0    2.19
22    2    0.129    2    1   1    1.36
23    1    0.129    1    1   1    1.34
24    1    -0.125    2    2   1    1.15
25    1    -0.125    2    2   1    1.30
26    2    0.120    2    1   1    1.33
27    1    0.120    1    1   1    1.18
28    2    0.115    2    1   1    1.25
29    2    0.115    2    1   1    1.38
30    2    -0.111    2    1   0    1.02
31    1    -0.120    2    2   1    1.52
32    2    -0.120    1    2   1    1.95
33    2    0.115    2    1   1    1.02
34    2    0.115    2    1   1    1.12
35    2    -0.111    1    2   1    1.32
36    2    -0.111    2    1   0    1.27
37    1    0.120    1    1   1    1.09
38    2    -0.120    1    2   1    1.75
39    2    0.115    2    1   1    1.45
40    2    -0.115    1    2   1    1.15
41    2    0.111    2    1   1    1.29
42    2    -0.111    1    2   1    1.34
43    2    0.106    2    1   1    1.48
44    2    0.106    2    1   1    1.65
45    2    -0.102    1    2   1    1.65
46    1    -0.102    2    2   1    1.11
47    2    0.097    2    1   1    1.11
48    1    0.097    1    1   1    1.13
49    1    0.092    1    1   1    1.48
50    1    -0.092    2    2   1    3.20
-------------------------
Final staircase threshold estimate (mean) is 0.1016
-------------------------
50    1    0.148    2    2   0    9.01
92    2    -0.102    1    2   1    1.33
122    2    -0.102    1    2   1    1.53
104    2    0.102    2    1   1    1.74
113    2    0.000    1    2   0    2.51
36    1    -0.148    2    2   1    1.32
64    1    0.102    1    1   1    1.31
106    2    -0.148    1    2   1    4.38
125    2    0.148    2    1   1    1.46
137    2    -0.102    2    1   0    3.39
11    1    -0.148    1    1   0    1.49
108    2    0.000    1    2   0    2.55
10    1    0.148    1    1   1    3.24
127    2    -0.102    1    2   1    1.28
69    1    0.102    1    1   1    0.92
73    1    0.000    1    1   1    1.65
17    1    -0.102    2    2   1    1.85
55    1    0.148    2    2   0    2.54
119    2    0.102    2    1   1    2.48
126    2    -0.148    2    1   0    1.96
44    1    0.102    2    2   0    3.52
83    2    0.000    2    1   1    2.24
45    1    0.148    1    1   1    1.75
130    2    0.148    1    2   0    3.80
105    2    0.148    2    1   1    1.96
101    2    -0.148    1    2   1    2.61
99    2    0.102    2    1   1    2.73
13    1    0.000    2    2   0    3.45
88    2    0.000    1    2   0    3.28
61    1    -0.148    2    2   1    1.97
3    1    0.000    2    2   0    2.85
8    1    0.000    2    2   0    3.65
97    2    -0.102    1    2   1    2.06
74    1    0.102    1    1   1    2.16
26    1    -0.148    1    1   0    2.39
90    2    0.148    2    1   1    1.74
136    2    -0.148    1    2   1    2.35
72    1    -0.102    2    2   1    1.02
91    2    -0.148    2    1   0    2.83
114    2    0.102    2    1   1    2.36
43    1    0.000    2    2   0    4.74
129    2    0.102    2    1   1    1.29
135    2    0.148    2    1   1    1.82
144    2    0.102    2    1   1    1.03
94    2    0.102    2    1   1    1.08
12    1    -0.102    2    2   1    2.25
2    1    -0.102    2    2   1    1.32
9    1    0.102    1    1   1    1.43
93    2    0.000    2    1   1    2.32
33    1    0.000    2    2   0    2.65
49    1    0.102    1    1   1    3.02
79    2    0.102    2    1   1    1.62
42    1    -0.102    2    2   1    1.57
34    1    0.102    2    2   0    3.04
16    1    -0.148    2    2   1    3.35
52    1    -0.102    2    2   1    1.58
112    2    -0.102    1    2   1    3.40
39    1    0.102    1    1   1    2.03
35    1    0.148    1    1   1    2.42
98    2    0.000    1    2   0    4.58
67    1    -0.102    2    2   1    1.35
96    2    -0.148    1    2   1    4.28
29    1    0.102    1    1   1    1.47
22    1    -0.102    2    2   1    0.96
40    1    0.148    1    1   1    1.01
68    1    0.000    1    1   1    3.47
59    1    0.102    2    2   0    1.67
110    2    0.148    2    1   1    1.15
41    1    -0.148    2    2   1    1.15
78    2    0.000    2    1   1    1.97
19    1    0.102    1    1   1    1.64
124    2    0.102    2    1   1    1.01
140    2    0.148    2    1   1    1.02
47    1    -0.102    2    2   1    0.89
1    1    -0.148    2    2   1    0.83
139    2    0.102    2    1   1    0.85
27    1    -0.102    2    2   1    1.05
58    1    0.000    2    2   0    4.62
25    1    0.148    1    1   1    0.99
131    2    -0.148    1    2   1    3.16
116    2    -0.148    1    2   1    2.75
62    1    -0.102    2    2   1    2.20
81    2    -0.148    1    2   1    1.00
38    1    0.000    1    1   1    4.28
70    1    0.148    1    1   1    2.28
57    1    -0.102    2    2   1    2.25
147    2    -0.102    1    2   1    2.42
95    2    0.148    2    1   1    0.88
56    1    -0.148    2    2   1    3.22
128    2    0.000    2    1   1    3.70
51    1    -0.148    1    1   0    1.64
133    2    0.000    2    1   1    1.72
63    1    0.000    1    1   1    1.84
77    2    -0.102    1    2   1    3.18
24    1    0.102    1    1   1    1.52
37    1    -0.102    2    2   1    2.44
150    2    0.148    2    1   1    3.92
80    2    0.148    2    1   1    1.58
65    1    0.148    2    2   0    1.23
53    1    0.000    2    2   0    2.15
23    1    0.000    2    2   0    2.62
138    2    0.000    2    1   1    2.65
82    2    -0.102    2    1   0    2.24
109    2    0.102    2    1   1    0.77
75    2    0.148    2    1   1    0.72
7    1    -0.102    2    2   1    3.05
84    2    0.102    2    1   1    1.96
145    2    0.148    2    1   1    1.03
14    1    0.102    2    2   0    0.77
123    2    0.000    2    1   1    2.23
102    2    -0.102    2    1   0    0.92
85    2    0.148    2    1   1    1.48
21    1    -0.148    2    2   1    2.72
31    1    -0.148    2    2   1    4.22
20    1    0.148    1    1   1    2.17
134    2    0.102    2    1   1    1.71
115    2    0.148    2    1   1    1.69
76    2    -0.148    2    1   0    3.08
30    1    0.148    1    1   1    1.21
121    2    -0.148    2    1   0    0.92
118    2    0.000    2    1   1    3.09
48    1    0.000    2    2   0    1.49
28    1    0.000    2    2   0    2.98
103    2    0.000    2    1   1    1.46
5    1    0.148    1    1   1    1.95
146    2    -0.148    2    1   0    3.34
143    2    0.000    2    1   1    3.43
18    1    0.000    2    2   0    2.00
111    2    -0.148    2    1   0    3.34
107    2    -0.102    1    2   1    2.20
148    2    0.000    2    1   1    2.60
87    2    -0.102    1    2   1    1.57
100    2    0.148    2    1   1    1.48
66    1    -0.148    2    2   1    3.33
54    1    0.102    2    2   0    2.55
141    2    -0.148    2    1   0    1.08
117    2    -0.102    1    2   1    3.38
71    1    -0.148    2    2   1    1.57
15    1    0.148    1    1   1    0.85
149    2    0.102    2    1   1    0.91
86    2    -0.148    2    1   0    1.45
132    2    -0.102    1    2   1    2.33
46    1    -0.148    2    2   1    2.80
89    2    0.102    2    1   1    2.08
6    1    -0.148    1    1   0    1.15
32    1    -0.102    2    2   1    1.31
4    1    0.102    1    1   1    1.22
142    2    -0.102    1    2   1    1.61
60    1    0.148    1    1   1    2.08
120    2    0.148    2    1   1    0.82
