--------------------------------
15-Dec-2014 12:03:57 
data from observer A22 
#occlusion2 expt 
reference disparity (degrees) 0.160000 

stim order disp kresp testresp correct time
1    1    0.074    2    2   0    3.27
2    2    0.083    2    1   1    1.30
3    2    -0.079    2    1   0    0.66
4    1    0.088    2    2   0    0.58
5    2    0.097    2    1   1    0.48
6    2    0.097    2    1   1    0.51
7    1    -0.092    2    2   1    0.41
8    1    0.092    2    2   0    2.20
9    2    -0.102    2    1   0    1.06
10    2    -0.111    2    1   0    0.57
11    1    0.120    2    2   0    1.36
12    2    0.129    2    1   1    0.98
13    2    -0.129    2    1   0    0.66
14    1    -0.139    2    2   1    1.19
15    2    0.139    2    1   1    1.00
16    1    0.134    2    2   0    1.30
17    1    0.143    2    2   0    1.37
18    2    -0.148    2    1   0    1.28
19    1    -0.148    2    2   1    0.52
20    2    0.148    2    1   1    1.08
21    2    -0.143    2    1   0    0.57
22    2    0.148    2    1   1    0.61
23    1    -0.148    2    2   1    1.30
24    1    0.143    2    2   0    1.13
25    2    0.148    2    1   1    1.16
26    1    0.148    2    2   0    1.09
27    1    0.148    2    2   0    2.05
28    1    0.148    2    2   0    1.70
29    2    -0.148    2    1   0    0.62
30    1    0.148    2    2   0    1.83
31    2    -0.148    2    1   0    1.25
32    2    -0.148    2    1   0    0.87
33    1    -0.148    2    2   1    1.15
34    2    0.148    2    1   1    0.70
35    2    0.143    2    1   1    0.53
36    2    0.143    2    1   1    0.66
37    2    0.139    2    1   1    0.49
38    2    -0.139    2    1   0    0.65
39    2    0.148    2    1   1    0.53
40    2    -0.148    2    1   0    1.03
41    2    0.148    2    1   1    1.47
42    2    0.148    2    1   1    0.59
43    2    0.143    2    1   1    0.60
44    1    0.143    2    2   0    2.35
45    2    0.148    2    1   1    1.17
46    1    0.148    2    2   0    1.02
47    1    0.148    2    2   0    1.16
48    1    -0.148    2    2   1    0.56
49    1    0.148    2    2   0    1.04
50    2    -0.148    2    1   0    0.98
-------------------------
Final staircase threshold estimate (mean) is 0.1468
-------------------------
57    1    -0.143    2    2   1    2.29
65    1    0.148    2    2   0    2.85
23    1    0.000    2    2   0    0.46
76    2    -0.148    2    1   0    0.76
86    2    -0.148    2    1   0    0.52
115    2    0.148    2    1   1    0.82
111    2    -0.148    2    1   0    1.00
46    1    -0.148    2    2   1    0.68
27    1    -0.143    2    2   1    0.52
106    2    -0.148    2    1   0    0.58
116    2    -0.148    2    1   0    0.58
24    1    0.143    2    2   0    1.68
114    2    0.143    2    1   1    0.54
13    1    0.000    2    2   0    0.47
68    1    0.000    2    2   0    2.34
22    1    -0.143    2    2   1    1.11
122    2    -0.143    2    1   0    1.07
85    2    0.148    2    1   1    0.64
130    2    0.148    2    1   1    0.51
105    2    0.148    2    1   1    0.48
136    2    -0.148    2    1   0    0.58
1    1    -0.148    2    2   1    0.74
41    1    -0.148    2    2   1    0.55
3    1    0.000    2    2   0    0.48
120    2    0.148    2    1   1    0.46
73    1    0.000    2    2   0    0.35
144    2    0.143    2    1   1    0.55
95    2    0.148    2    1   1    0.82
113    2    0.000    2    1   1    0.77
132    2    -0.143    2    1   0    0.44
90    2    0.148    2    1   1    0.38
26    1    -0.148    2    2   1    0.55
143    2    0.000    2    1   1    0.43
53    1    0.000    2    2   0    0.75
78    2    0.000    2    1   1    0.55
149    2    0.143    2    1   1    1.01
131    2    -0.148    2    1   0    0.66
117    2    -0.143    2    1   0    0.65
82    2    -0.143    2    1   0    0.39
33    1    0.000    2    2   0    0.47
29    1    0.143    2    2   0    1.26
66    1    -0.148    2    2   1    0.70
70    1    0.148    2    2   0    1.18
142    2    -0.143    2    1   0    0.72
55    1    0.148    2    2   0    1.23
96    2    -0.148    2    1   0    0.53
63    1    0.000    2    2   0    0.83
119    2    0.143    2    1   1    1.02
72    1    -0.143    2    2   1    0.46
88    2    0.000    2    1   1    0.54
74    1    0.143    2    2   0    1.29
15    1    0.148    2    2   0    1.07
28    1    0.000    2    2   0    1.10
30    1    0.148    2    2   0    1.69
42    1    -0.143    2    2   1    0.52
59    1    0.143    2    2   0    1.90
133    2    0.000    2    1   1    1.75
138    2    0.000    2    1   1    1.09
134    2    0.143    2    1   1    0.58
103    2    0.000    2    1   1    0.71
150    2    0.148    2    1   1    0.78
47    1    -0.143    2    2   1    0.50
51    1    -0.148    2    2   1    1.08
83    2    0.000    2    1   1    0.63
118    2    0.000    2    1   1    0.51
79    2    0.143    2    1   1    0.61
34    1    0.143    2    2   0    1.08
11    1    -0.148    2    2   1    0.39
126    2    -0.148    2    1   0    0.68
4    1    0.143    2    2   0    1.16
71    1    -0.148    2    2   1    0.55
56    1    -0.148    2    2   1    0.53
127    2    -0.143    2    1   0    0.75
44    1    0.143    2    2   0    0.97
140    2    0.148    2    1   1    0.65
125    2    0.148    2    1   1    0.64
148    2    0.000    2    1   1    0.71
25    1    0.148    2    2   0    0.57
36    1    -0.148    2    2   1    0.59
94    2    0.143    2    1   1    0.69
10    1    0.148    2    2   0    1.08
18    1    0.000    2    2   0    2.64
80    2    0.148    2    1   1    0.63
104    2    0.143    2    1   1    0.59
38    1    0.000    2    2   0    0.57
93    2    0.000    2    1   1    1.14
129    2    0.143    2    1   1    0.62
40    1    0.148    2    2   0    0.57
107    2    -0.143    2    1   0    0.63
58    1    0.000    2    2   0    0.55
5    1    0.148    2    2   0    1.43
135    2    0.148    2    1   1    0.56
6    1    -0.148    2    2   1    0.61
31    1    -0.148    2    2   1    0.94
91    2    -0.148    2    1   0    0.66
99    2    0.143    2    1   1    0.46
14    1    0.143    2    2   0    2.41
48    1    0.000    2    2   0    0.80
62    1    -0.143    2    2   1    0.76
21    1    -0.148    2    2   1    1.36
92    2    -0.143    2    1   0    0.65
110    2    0.148    2    1   1    0.67
17    1    -0.143    2    2   1    0.71
77    2    -0.143    2    1   0    1.23
75    2    0.148    2    1   1    0.99
121    2    -0.148    2    1   0    0.97
100    2    0.148    2    1   1    0.54
60    1    0.148    2    2   0    0.97
139    2    0.143    2    1   1    0.58
108    2    0.000    2    1   1    0.53
101    2    -0.148    2    1   0    0.81
2    1    -0.143    2    2   1    0.57
87    2    -0.143    2    1   0    0.93
137    2    -0.143    2    1   0    0.67
67    1    -0.143    2    2   1    0.51
69    1    0.143    2    2   0    1.33
97    2    -0.143    2    1   0    0.59
43    1    0.000    2    2   0    1.52
20    1    0.148    2    2   0    0.74
50    1    0.148    2    2   0    0.67
123    2    0.000    2    1   1    0.46
112    2    -0.143    2    1   0    0.71
8    1    0.000    2    2   0    1.40
49    1    0.143    2    2   0    1.20
141    2    -0.148    2    1   0    0.56
7    1    -0.143    2    2   1    1.30
81    2    -0.148    2    1   0    1.59
109    2    0.143    2    1   1    0.61
128    2    0.000    2    1   1    0.62
19    1    0.143    2    2   0    1.43
124    2    0.143    2    1   1    0.78
54    1    0.143    2    2   0    0.44
64    1    0.143    2    2   0    0.43
52    1    -0.143    2    2   1    0.65
84    2    0.143    2    1   1    0.70
9    1    0.143    2    2   0    0.52
147    2    -0.143    2    1   0    0.45
45    1    0.148    2    2   0    0.71
61    1    -0.148    2    2   1    0.63
12    1    -0.143    2    2   1    0.61
16    1    -0.148    2    2   1    0.38
102    2    -0.143    2    1   0    0.48
32    1    -0.143    2    2   1    1.37
146    2    -0.148    2    1   0    0.54
37    1    -0.143    2    2   1    0.54
39    1    0.143    2    2   0    1.75
35    1    0.148    2    2   0    1.35
145    2    0.148    2    1   1    1.23
98    2    0.000    2    1   1    1.39
89    2    0.143    2    1   1    0.53
