--------------------------------
15-Dec-2014 12:10:27 
data from observer A22 
#occlusion2 expt 
reference disparity (degrees) 0.160000 

stim order disp kresp testresp correct time
1    2    0.074    2    1   0    5.39
2    2    0.083    2    1   0    3.66
3    2    0.092    2    1   0    2.92
4    1    -0.102    1    1   1    3.37
5    2    0.097    2    1   0    1.13
6    1    -0.106    2    2   0    1.66
7    2    -0.115    2    1   1    1.44
8    1    -0.115    2    2   0    1.34
9    2    -0.125    2    1   1    1.47
10    2    0.125    2    1   0    4.49
11    2    0.134    2    1   0    1.92
12    2    -0.143    2    1   1    1.61
13    1    0.143    2    2   1    1.25
14    2    -0.139    2    1   1    1.46
15    2    0.139    2    1   0    1.14
16    1    0.148    2    2   1    1.36
17    1    0.148    2    2   1    1.11
18    2    -0.143    2    1   1    0.81
19    1    -0.143    2    2   0    1.10
20    2    0.148    2    1   0    2.73
21    2    0.148    1    2   1    2.80
22    1    0.148    2    2   1    0.89
23    1    -0.143    2    2   0    0.66
24    1    0.148    2    2   1    1.22
25    1    0.148    2    2   1    1.07
26    2    -0.143    2    1   1    0.73
27    1    0.143    2    2   1    0.66
28    1    -0.139    2    2   0    0.72
29    1    0.148    2    2   1    0.91
30    2    -0.148    2    1   1    0.57
31    2    0.143    2    1   0    0.69
32    1    -0.148    2    2   0    1.45
33    1    0.148    2    2   1    1.37
34    2    -0.148    2    1   1    0.70
35    1    0.143    2    2   1    0.67
36    1    0.143    2    2   1    0.78
37    2    -0.139    2    1   1    0.98
38    2    -0.139    2    1   1    0.67
39    2    -0.134    2    1   1    0.91
40    2    0.134    1    2   1    3.75
41    1    -0.129    2    2   0    0.83
42    1    -0.139    2    2   0    1.48
43    1    -0.148    2    2   0    0.74
44    2    0.148    1    2   1    2.82
45    1    -0.148    1    1   1    1.33
46    2    -0.143    2    1   1    0.87
47    2    -0.143    2    1   1    0.74
48    1    -0.139    2    2   0    0.77
49    2    -0.148    2    1   1    0.92
50    1    -0.148    2    2   0    0.69
-------------------------
Final staircase threshold estimate (mean) is 0.1432
-------------------------
78    2    0.000    2    1   1    4.88
93    2    0.000    2    1   1    1.73
24    1    0.143    2    2   0    0.78
28    1    0.000    2    2   0    1.23
97    2    -0.143    2    1   0    0.65
113    2    0.000    2    1   1    1.48
1    1    -0.148    2    2   1    0.86
62    1    -0.143    2    2   1    1.61
15    1    0.148    2    2   0    0.82
103    2    0.000    2    1   1    2.06
131    2    -0.148    2    1   0    1.76
58    1    0.000    2    2   0    1.90
79    2    0.143    2    1   1    3.19
10    1    0.148    2    2   0    1.07
88    2    0.000    2    1   1    1.75
13    1    0.000    2    2   0    1.13
40    1    0.148    2    2   0    0.87
119    2    0.143    2    1   1    2.41
66    1    -0.148    2    2   1    1.20
17    1    -0.143    2    2   1    1.13
83    2    0.000    2    1   1    1.02
123    2    0.000    2    1   1    1.48
46    1    -0.148    2    2   1    2.53
86    2    -0.148    2    1   0    0.86
136    2    -0.148    2    1   0    0.67
139    2    0.143    2    1   1    3.24
106    2    -0.148    2    1   0    1.34
150    2    0.148    1    2   0    2.20
64    1    0.143    2    2   0    1.51
11    1    -0.148    2    2   1    0.98
89    2    0.143    2    1   1    1.20
12    1    -0.143    2    2   1    1.00
116    2    -0.148    2    1   0    1.44
57    1    -0.143    2    2   1    0.88
118    2    0.000    2    1   1    0.80
51    1    -0.148    2    2   1    0.68
124    2    0.143    2    1   1    1.08
104    2    0.143    1    2   0    2.64
19    1    0.143    2    2   0    0.71
72    1    -0.143    2    2   1    0.65
60    1    0.148    2    2   0    0.69
25    1    0.148    2    2   0    0.56
127    2    -0.143    2    1   0    0.52
3    1    0.000    2    2   0    1.23
7    1    -0.143    2    2   1    3.03
144    2    0.143    1    2   0    1.22
22    1    -0.143    2    2   1    1.90
128    2    0.000    2    1   1    0.81
49    1    0.143    2    2   0    0.76
37    1    -0.143    2    2   1    0.62
81    2    -0.148    2    1   0    0.69
115    2    0.148    1    2   0    2.30
56    1    -0.148    2    2   1    0.54
18    1    0.000    2    2   0    0.82
96    2    -0.148    2    1   0    1.43
87    2    -0.143    2    1   0    1.30
149    2    0.143    1    2   0    1.41
112    2    -0.143    2    1   0    0.78
100    2    0.148    1    2   0    1.03
129    2    0.143    1    2   0    1.17
111    2    -0.148    2    1   0    0.83
30    1    0.148    2    2   0    0.72
53    1    0.000    1    1   1    2.28
141    2    -0.148    1    2   1    2.21
130    2    0.148    1    2   0    1.43
4    1    0.143    2    2   0    0.51
105    2    0.148    1    2   0    1.88
101    2    -0.148    2    1   0    1.58
94    2    0.143    1    2   0    0.94
67    1    -0.143    1    1   0    1.03
50    1    0.148    2    2   0    0.88
31    1    -0.148    1    1   0    0.78
137    2    -0.143    2    1   0    0.72
138    2    0.000    1    2   0    0.68
102    2    -0.143    2    1   0    0.68
69    1    0.143    2    2   0    1.14
35    1    0.148    2    2   0    0.61
95    2    0.148    1    2   0    1.23
33    1    0.000    2    2   0    0.58
20    1    0.148    2    2   0    0.52
80    2    0.148    1    2   0    0.71
21    1    -0.148    2    2   1    0.64
84    2    0.143    1    2   0    0.72
61    1    -0.148    2    2   1    0.84
59    1    0.143    2    2   0    0.64
43    1    0.000    2    2   0    0.68
82    2    -0.143    2    1   0    0.65
148    2    0.000    2    1   1    1.45
55    1    0.148    2    2   0    2.08
90    2    0.148    2    1   1    0.88
41    1    -0.148    2    2   1    0.59
73    1    0.000    2    2   0    2.83
70    1    0.148    2    2   0    0.60
47    1    -0.143    2    2   1    0.56
36    1    -0.148    2    2   1    0.67
140    2    0.148    2    1   1    1.36
134    2    0.143    2    1   1    1.84
5    1    0.148    2    2   0    0.78
76    2    -0.148    2    1   0    0.57
98    2    0.000    2    1   1    1.09
99    2    0.143    2    1   1    0.61
117    2    -0.143    2    1   0    0.61
142    2    -0.143    2    1   0    0.51
143    2    0.000    2    1   1    2.36
65    1    0.148    2    2   0    0.86
32    1    -0.143    2    2   1    1.47
92    2    -0.143    2    1   0    0.60
68    1    0.000    2    2   0    0.54
74    1    0.143    2    2   0    0.89
45    1    0.148    2    2   0    0.56
52    1    -0.143    2    2   1    0.68
44    1    0.143    2    2   0    0.53
146    2    -0.148    2    1   0    0.41
23    1    0.000    2    2   0    0.50
114    2    0.143    1    2   0    1.82
9    1    0.143    2    2   0    0.79
133    2    0.000    2    1   1    1.44
126    2    -0.148    2    1   0    0.65
145    2    0.148    1    2   0    0.76
27    1    -0.143    2    2   1    0.46
125    2    0.148    1    2   0    0.58
108    2    0.000    2    1   1    1.18
2    1    -0.143    1    1   0    1.14
75    2    0.148    1    2   0    0.86
121    2    -0.148    2    1   0    0.51
122    2    -0.143    2    1   0    0.56
85    2    0.148    1    2   0    0.75
42    1    -0.143    2    2   1    0.63
110    2    0.148    1    2   0    0.67
39    1    0.143    2    2   0    0.57
63    1    0.000    1    1   1    0.50
48    1    0.000    2    2   0    2.28
14    1    0.143    2    2   0    0.68
16    1    -0.148    1    1   0    0.81
6    1    -0.148    1    1   0    0.77
91    2    -0.148    2    1   0    0.72
109    2    0.143    1    2   0    0.59
26    1    -0.148    2    2   1    0.54
120    2    0.148    1    2   0    0.97
132    2    -0.143    2    1   0    0.53
71    1    -0.148    1    1   0    0.59
54    1    0.143    2    2   0    0.54
29    1    0.143    2    2   0    0.85
8    1    0.000    2    2   0    2.14
77    2    -0.143    2    1   0    0.90
135    2    0.148    1    2   0    0.81
38    1    0.000    2    2   0    1.85
34    1    0.143    2    2   0    0.74
147    2    -0.143    2    1   0    0.57
107    2    -0.143    2    1   0    0.71
