--------------------------------
15-Dec-2014 14:00:12 
data from observer A23 
#occlusion2 expt 
reference disparity (degrees) 0.160000 

stim order disp kresp testresp correct time
1    1    -0.074    2    2   1    2.05
2    1    -0.069    2    2   1    0.64
3    1    -0.065    2    2   1    0.67
4    1    0.060    1    1   1    1.10
5    2    -0.055    1    2   1    0.54
6    1    -0.051    1    1   0    0.32
7    2    0.060    2    1   1    0.60
8    1    -0.060    2    2   1    0.55
9    2    0.055    2    1   1    0.44
10    2    -0.055    2    1   0    0.35
11    1    -0.065    2    2   1    0.68
12    1    0.065    1    1   1    0.77
13    1    -0.060    2    2   1    0.58
14    1    0.060    1    1   1    0.54
15    1    0.055    1    1   1    0.60
16    2    0.055    2    1   1    0.52
17    1    0.051    1    1   1    0.68
18    1    -0.051    2    2   1    0.61
19    1    0.046    1    1   1    0.61
20    1    0.046    1    1   1    0.72
21    1    -0.042    2    2   1    0.61
22    1    -0.042    2    2   1    0.55
23    2    -0.037    1    2   1    0.61
24    2    0.037    2    1   1    0.57
25    2    -0.032    1    2   1    0.63
26    2    0.032    2    1   1    0.61
27    1    -0.028    2    2   1    0.59
28    1    -0.028    2    2   1    0.84
29    2    0.023    2    1   1    0.66
30    1    -0.023    2    2   1    0.61
31    1    0.018    1    1   1    0.62
32    2    -0.018    1    2   1    0.86
33    2    0.014    2    1   1    0.84
34    2    -0.014    1    2   1    0.83
35    2    0.009    2    1   1    1.14
36    2    0.009    1    2   0    1.48
37    2    -0.018    1    2   1    0.61
38    1    0.018    1    1   1    0.54
39    2    0.014    2    1   1    0.88
40    1    -0.014    1    1   0    0.89
41    2    0.023    2    1   1    0.57
42    1    -0.023    2    2   1    1.00
43    1    0.018    1    1   1    0.74
44    1    0.018    1    1   1    0.59
45    2    0.014    2    1   1    1.61
46    2    0.014    1    2   0    0.77
47    1    -0.023    2    2   1    0.59
48    1    0.023    1    1   1    0.02
49    1    -0.018    1    1   0    1.38
50    1    0.028    1    1   1    0.69
-------------------------
Final staircase threshold estimate (mean) is 0.0203
-------------------------
55    1    0.051    1    1   1    1.22
103    2    0.000    1    2   0    0.62
1    1    -0.051    2    2   1    0.61
102    2    -0.018    1    2   1    0.54
94    2    0.018    2    1   1    0.69
112    2    -0.018    1    2   1    0.45
12    1    -0.018    2    2   1    0.49
81    2    -0.051    1    2   1    1.27
14    1    0.018    1    1   1    0.71
66    1    -0.051    2    2   1    0.59
108    2    0.000    1    2   0    0.57
92    2    -0.018    1    2   1    0.60
43    1    0.000    1    1   1    0.71
133    2    0.000    1    2   0    0.78
132    2    -0.018    1    2   1    0.87
23    1    0.000    2    2   0    1.53
131    2    -0.051    1    2   1    0.55
44    1    0.018    1    1   1    0.59
49    1    0.018    1    1   1    0.67
31    1    -0.051    2    2   1    0.60
119    2    0.018    2    1   1    1.07
89    2    0.018    2    1   1    1.06
38    1    0.000    1    1   1    0.98
114    2    0.018    2    1   1    0.59
144    2    0.018    2    1   1    0.59
134    2    0.018    2    1   1    0.60
20    1    0.051    1    1   1    0.58
104    2    0.018    2    1   1    0.82
52    1    -0.018    2    2   1    0.59
127    2    -0.018    1    2   1    0.90
5    1    0.051    1    1   1    0.55
147    2    -0.018    1    2   1    1.00
141    2    -0.051    1    2   1    0.50
71    1    -0.051    1    1   0    0.35
70    1    0.051    1    1   1    0.90
2    1    -0.018    2    2   1    0.46
61    1    -0.051    2    2   1    0.55
85    2    0.051    2    1   1    0.34
64    1    0.018    1    1   1    1.04
82    2    -0.018    1    2   1    0.74
116    2    -0.051    1    2   1    0.83
50    1    0.051    1    1   1    0.51
136    2    -0.051    1    2   1    0.71
32    1    -0.018    2    2   1    0.64
139    2    0.018    2    1   1    0.91
11    1    -0.051    2    2   1    0.60
72    1    -0.018    2    2   1    0.98
10    1    0.051    1    1   1    0.58
87    2    -0.018    1    2   1    1.08
21    1    -0.051    2    2   1    0.55
4    1    0.018    1    1   1    0.56
93    2    0.000    1    2   0    0.72
6    1    -0.051    2    2   1    0.53
35    1    0.051    1    1   1    0.52
54    1    0.018    1    1   1    0.55
125    2    0.051    2    1   1    0.65
48    1    0.000    1    1   1    0.88
69    1    0.018    1    1   1    0.72
17    1    -0.018    2    2   1    1.17
86    2    -0.051    1    2   1    0.58
135    2    0.051    2    1   1    0.54
126    2    -0.051    1    2   1    0.55
90    2    0.051    2    1   1    0.48
42    1    -0.018    2    2   1    1.07
30    1    0.051    1    1   1    0.63
79    2    0.018    2    1   1    0.46
80    2    0.051    2    1   1    0.65
18    1    0.000    1    1   1    0.73
88    2    0.000    1    2   0    0.83
3    1    0.000    1    1   1    0.96
145    2    0.051    2    1   1    0.53
37    1    -0.018    2    2   1    0.80
111    2    -0.051    1    2   1    0.59
45    1    0.051    1    1   1    0.56
16    1    -0.051    2    2   1    0.49
105    2    0.051    2    1   1    0.50
149    2    0.018    2    1   1    0.93
28    1    0.000    1    1   1    0.84
100    2    0.051    2    1   1    0.45
142    2    -0.018    1    2   1    0.55
46    1    -0.051    2    2   1    0.48
57    1    -0.018    2    2   1    0.92
74    1    0.018    1    1   1    0.61
24    1    0.018    1    1   1    0.54
137    2    -0.018    1    2   1    0.61
26    1    -0.051    2    2   1    0.53
56    1    -0.051    2    2   1    0.53
117    2    -0.018    1    2   1    0.51
62    1    -0.018    2    2   1    0.69
9    1    0.018    1    1   1    0.71
34    1    0.018    1    1   1    0.54
98    2    0.000    1    2   0    1.10
123    2    0.000    1    2   0    0.72
27    1    -0.018    2    2   1    0.57
19    1    0.018    1    1   1    0.48
60    1    0.051    1    1   1    0.57
15    1    0.051    1    1   1    0.47
84    2    0.018    2    1   1    0.63
39    1    0.018    1    1   1    0.52
47    1    -0.018    2    2   1    0.61
146    2    -0.051    1    2   1    0.39
51    1    -0.051    2    2   1    0.44
58    1    0.000    1    1   1    0.37
130    2    0.051    2    1   1    0.33
53    1    0.000    1    1   1    0.30
29    1    0.018    1    1   1    0.55
138    2    0.000    2    1   1    0.48
75    2    0.051    2    1   1    0.95
122    2    -0.018    1    2   1    0.66
25    1    0.051    1    1   1    0.52
22    1    -0.018    2    2   1    0.56
63    1    0.000    1    1   1    0.84
106    2    -0.051    1    2   1    0.51
40    1    0.051    1    1   1    0.40
8    1    0.000    1    1   1    0.62
73    1    0.000    2    2   0    0.53
115    2    0.051    2    1   1    0.62
128    2    0.000    1    2   0    0.47
59    1    0.018    1    1   1    0.65
7    1    -0.018    1    1   0    0.60
96    2    -0.051    1    2   1    0.65
148    2    0.000    1    2   0    0.98
140    2    0.051    2    1   1    0.51
65    1    0.051    1    1   1    0.71
95    2    0.051    2    1   1    0.46
97    2    -0.018    1    2   1    0.62
41    1    -0.051    2    2   1    0.44
33    1    0.000    2    2   0    0.83
109    2    0.018    2    1   1    0.72
143    2    0.000    1    2   0    1.28
121    2    -0.051    1    2   1    0.67
13    1    0.000    1    1   1    0.96
120    2    0.051    2    1   1    0.54
129    2    0.018    2    1   1    0.72
107    2    -0.018    2    1   0    0.56
118    2    0.000    1    2   0    0.70
101    2    -0.051    1    2   1    0.71
113    2    0.000    2    1   1    0.47
76    2    -0.051    1    2   1    0.40
67    1    -0.018    2    2   1    0.54
91    2    -0.051    2    1   0    0.67
36    1    -0.051    2    2   1    0.79
83    2    0.000    1    2   0    0.72
110    2    0.051    2    1   1    0.51
124    2    0.018    1    2   0    0.55
99    2    0.018    2    1   1    0.60
78    2    0.000    1    2   0    0.93
150    2    0.051    2    1   1    0.54
68    1    0.000    1    1   1    0.72
77    2    -0.018    2    1   0    0.43
