--------------------------------
15-Dec-2014 15:41:59 
data from observer A23 
#occlusion2 expt 
reference disparity (degrees) 0.160000 

stim order disp kresp testresp correct time
1    2    0.074    1    2   1    2.85
2    2    -0.069    2    1   1    0.61
3    1    -0.065    1    1   1    0.53
4    1    0.060    2    2   1    1.09
5    1    -0.055    1    1   1    0.49
6    2    0.051    1    2   1    0.77
7    2    0.046    1    2   1    0.57
8    1    -0.042    1    1   1    0.55
9    1    -0.037    1    1   1    0.51
10    2    -0.032    2    1   1    0.75
11    1    0.028    2    2   1    0.75
12    2    0.023    1    2   1    0.37
13    2    0.018    1    2   1    0.94
14    2    -0.014    1    2   0    1.07
15    2    0.023    1    2   1    0.69
16    2    0.023    1    2   1    0.60
17    2    0.018    1    2   1    0.55
18    2    0.018    1    2   1    0.64
19    2    0.014    1    2   1    0.54
20    2    -0.014    1    2   0    0.57
21    2    -0.023    2    1   1    1.06
22    1    -0.023    1    1   1    0.79
23    2    -0.018    2    1   1    0.88
24    1    0.018    1    1   0    0.61
25    1    0.028    2    2   1    0.64
26    1    -0.028    1    1   1    0.61
27    1    0.023    2    2   1    1.07
28    1    0.023    2    2   1    0.80
29    2    -0.018    1    2   0    0.46
30    1    -0.028    1    1   1    0.62
31    1    0.028    2    2   1    0.88
32    1    -0.023    1    1   1    0.82
33    1    0.023    2    2   1    0.85
34    1    -0.018    1    1   1    0.79
35    2    -0.018    2    1   1    0.74
36    1    -0.014    1    1   1    0.54
37    2    0.014    2    1   0    0.78
38    1    0.023    1    1   0    0.65
39    1    -0.032    1    1   1    0.59
40    1    0.032    1    1   0    0.46
41    1    0.042    2    2   1    0.81
42    2    0.042    1    2   1    0.54
43    1    -0.037    1    1   1    0.52
44    1    0.037    2    2   1    0.57
45    2    -0.032    2    1   1    0.69
46    1    0.032    2    2   1    0.82
47    2    -0.028    2    1   1    0.95
48    1    0.028    2    2   1    0.62
49    1    -0.023    1    1   1    0.69
50    1    0.023    2    2   1    0.68
-------------------------
Final staircase threshold estimate (mean) is 0.0323
-------------------------
21    1    -0.079    1    1   0    3.22
37    1    -0.032    1    1   0    0.66
58    1    0.000    1    1   1    0.53
117    2    -0.032    2    1   0    0.62
13    1    0.000    1    1   1    0.52
46    1    -0.079    1    1   0    0.56
54    1    0.032    2    2   0    0.75
121    2    -0.079    2    1   0    0.49
123    2    0.000    2    1   1    0.52
95    2    0.079    1    2   0    0.68
116    2    -0.079    2    1   0    0.54
14    1    0.032    1    1   1    0.61
105    2    0.079    1    2   0    0.67
106    2    -0.079    2    1   0    0.55
43    1    0.000    1    1   1    0.59
100    2    0.079    2    1   1    0.40
4    1    0.032    1    1   1    0.44
134    2    0.032    1    2   0    0.62
1    1    -0.079    1    1   0    0.55
22    1    -0.032    1    1   0    0.58
99    2    0.032    1    2   0    0.31
12    1    -0.032    1    1   0    0.61
114    2    0.032    1    2   0    0.61
11    1    -0.079    1    1   0    0.49
74    1    0.032    2    2   0    0.67
50    1    0.079    2    2   0    0.73
70    1    0.079    2    2   0    0.49
49    1    0.032    2    2   0    0.62
33    1    0.000    2    2   0    0.69
39    1    0.032    2    2   0    0.54
10    1    0.079    2    2   0    0.54
27    1    -0.032    1    1   0    0.67
75    2    0.079    1    2   0    0.61
97    2    -0.032    2    1   0    0.58
139    2    0.032    1    2   0    0.58
87    2    -0.032    2    1   0    0.58
62    1    -0.032    1    1   0    0.47
110    2    0.079    1    2   0    0.55
18    1    0.000    1    1   1    0.87
78    2    0.000    1    2   0    1.04
144    2    0.032    1    2   0    0.62
66    1    -0.079    1    1   0    0.50
85    2    0.079    1    2   0    0.55
91    2    -0.079    2    1   0    0.54
20    1    0.079    2    2   0    0.59
61    1    -0.079    1    1   0    0.56
79    2    0.032    1    2   0    0.57
7    1    -0.032    1    1   0    0.54
53    1    0.000    1    1   1    0.64
115    2    0.079    1    2   0    0.53
45    1    0.079    2    2   0    0.75
59    1    0.032    2    2   0    0.56
96    2    -0.079    2    1   0    0.56
57    1    -0.032    1    1   0    0.65
140    2    0.079    1    2   0    0.86
8    1    0.000    2    2   0    0.90
125    2    0.079    2    1   1    0.37
19    1    0.032    2    2   0    0.84
28    1    0.000    1    1   1    0.67
69    1    0.032    2    2   0    0.51
130    2    0.079    1    2   0    0.61
51    1    -0.079    1    1   0    0.52
41    1    -0.079    1    1   0    0.53
145    2    0.079    1    2   0    0.48
24    1    0.032    1    1   1    0.50
73    1    0.000    1    1   1    1.71
2    1    -0.032    1    1   0    0.51
55    1    0.079    2    2   0    0.70
52    1    -0.032    1    1   0    0.58
132    2    -0.032    2    1   0    0.70
135    2    0.079    1    2   0    0.63
131    2    -0.079    2    1   0    0.41
103    2    0.000    1    2   0    0.49
113    2    0.000    1    2   0    1.35
148    2    0.000    1    2   0    0.95
92    2    -0.032    2    1   0    0.64
129    2    0.032    1    2   0    0.47
102    2    -0.032    2    1   0    0.64
128    2    0.000    1    2   0    1.12
26    1    -0.079    1    1   0    0.56
82    2    -0.032    2    1   0    0.89
77    2    -0.032    2    1   0    0.51
137    2    -0.032    2    1   0    0.75
6    1    -0.079    1    1   0    0.56
127    2    -0.032    2    1   0    0.71
56    1    -0.079    1    1   0    0.55
108    2    0.000    2    1   1    0.56
67    1    -0.032    1    1   0    0.70
133    2    0.000    2    1   1    0.77
29    1    0.032    2    2   0    0.57
35    1    0.079    2    2   0    0.50
42    1    -0.032    1    1   0    0.59
9    1    0.032    2    2   0    0.57
149    2    0.032    1    2   0    0.53
118    2    0.000    2    1   1    0.62
84    2    0.032    1    2   0    0.47
60    1    0.079    2    2   0    0.34
101    2    -0.079    2    1   0    0.61
112    2    -0.032    2    1   0    0.85
23    1    0.000    1    1   1    0.71
93    2    0.000    1    2   0    0.64
65    1    0.079    2    2   0    0.61
150    2    0.079    1    2   0    0.99
146    2    -0.079    2    1   0    0.61
80    2    0.079    1    2   0    0.58
120    2    0.079    1    2   0    0.58
32    1    -0.032    1    1   0    0.73
16    1    -0.079    1    1   0    1.18
71    1    -0.079    1    1   0    0.98
31    1    -0.079    1    1   0    0.92
81    2    -0.079    2    1   0    0.87
15    1    0.079    2    2   0    0.50
48    1    0.000    1    1   1    0.69
89    2    0.032    1    2   0    0.68
34    1    0.032    2    2   0    1.13
63    1    0.000    1    1   1    0.63
142    2    -0.032    2    1   0    1.08
44    1    0.032    2    2   0    0.65
104    2    0.032    1    2   0    0.59
124    2    0.032    1    2   0    0.44
47    1    -0.032    1    1   0    0.40
86    2    -0.079    2    1   0    0.53
38    1    0.000    1    1   1    0.65
141    2    -0.079    2    1   0    0.61
64    1    0.032    2    2   0    0.76
25    1    0.079    2    2   0    0.76
122    2    -0.032    2    1   0    0.76
76    2    -0.079    2    1   0    0.55
126    2    -0.079    2    1   0    0.49
136    2    -0.079    2    1   0    1.24
17    1    -0.032    1    1   0    0.58
30    1    0.079    2    2   0    1.37
5    1    0.079    2    2   0    0.72
138    2    0.000    1    2   0    0.57
90    2    0.079    1    2   0    0.52
98    2    0.000    1    2   0    0.91
88    2    0.000    1    2   0    0.54
143    2    0.000    1    2   0    0.85
83    2    0.000    1    2   0    0.61
72    1    -0.032    1    1   0    0.66
147    2    -0.032    1    2   1    0.55
119    2    0.032    1    2   0    1.19
40    1    0.079    2    2   0    0.98
107    2    -0.032    2    1   0    0.63
111    2    -0.079    2    1   0    0.69
3    1    0.000    1    1   1    0.79
68    1    0.000    1    1   1    0.57
36    1    -0.079    1    1   0    0.45
109    2    0.032    1    2   0    0.45
94    2    0.032    1    2   0    0.57
