--------------------------------
15-Dec-2014 15:36:17 
data from observer A23 
#occlusion2 expt 
reference disparity (degrees) 0.160000 

stim order disp kresp testresp correct time
1    2    -0.074    2    1   1    2.16
2    1    0.069    2    2   1    0.76
3    1    0.065    2    2   1    0.54
4    1    -0.060    1    1   1    0.70
5    1    0.055    2    2   1    0.76
6    1    -0.051    1    1   1    0.67
7    1    0.046    1    1   0    0.77
8    2    -0.055    2    1   1    1.22
9    1    0.055    2    2   1    0.69
10    1    -0.051    1    1   1    0.83
11    1    0.051    2    2   1    0.78
12    2    0.046    1    2   1    0.55
13    1    -0.046    1    1   1    0.56
14    2    0.042    1    2   1    0.63
15    2    -0.042    2    1   1    0.89
16    2    0.037    1    2   1    0.82
17    1    0.037    2    2   1    0.95
18    1    -0.032    1    1   1    0.86
19    2    0.032    2    1   0    0.53
20    2    -0.042    2    1   1    0.99
21    1    -0.042    1    1   1    0.69
22    1    -0.037    1    1   1    0.62
23    1    0.037    1    1   0    0.53
24    2    0.046    1    2   1    0.82
25    2    0.046    1    2   1    0.75
26    1    0.042    1    1   0    0.54
27    1    0.051    2    2   1    0.89
28    1    -0.051    1    1   1    0.74
29    1    -0.046    1    1   1    0.59
30    2    -0.046    2    1   1    0.81
31    2    -0.042    2    1   1    0.81
32    1    -0.042    1    1   1    0.68
33    2    0.037    1    2   1    0.59
34    2    0.037    1    2   1    0.76
35    1    0.032    2    2   1    0.78
36    2    0.032    1    2   1    0.63
37    1    -0.028    1    1   1    0.85
38    1    0.028    2    2   1    1.05
39    2    -0.023    2    1   1    0.73
40    2    0.023    1    2   1    0.67
41    2    0.018    1    2   1    0.65
42    1    0.018    1    1   0    1.27
43    1    0.028    1    1   0    0.54
44    2    0.037    1    2   1    0.75
45    2    -0.037    1    2   0    0.66
46    2    0.046    1    2   1    0.78
47    1    0.046    1    1   0    0.63
48    1    -0.055    1    1   1    0.59
49    1    0.055    2    2   1    0.84
50    2    -0.051    2    1   1    0.91
-------------------------
Final staircase threshold estimate (mean) is 0.0393
-------------------------
87    2    -0.037    2    1   0    2.93
144    2    0.037    1    2   0    0.59
60    1    0.097    2    2   0    0.71
143    2    0.000    1    2   0    0.72
98    2    0.000    1    2   0    0.91
125    2    0.097    1    2   0    0.60
96    2    -0.097    2    1   0    0.66
70    1    0.097    2    2   0    0.44
13    1    0.000    1    1   1    0.86
90    2    0.097    1    2   0    0.73
31    1    -0.097    1    1   0    0.68
49    1    0.037    2    2   0    0.79
50    1    0.097    2    2   0    0.69
108    2    0.000    1    2   0    0.70
10    1    0.097    2    2   0    0.70
53    1    0.000    1    1   1    0.68
2    1    -0.037    1    1   0    0.55
63    1    0.000    1    1   1    0.63
134    2    0.037    1    2   0    0.72
1    1    -0.097    1    1   0    0.71
122    2    -0.037    2    1   0    0.64
12    1    -0.037    1    1   0    0.63
97    2    -0.037    2    1   0    0.49
106    2    -0.097    2    1   0    0.62
3    1    0.000    1    1   1    1.09
140    2    0.097    1    2   0    0.65
75    2    0.097    1    2   0    0.63
84    2    0.037    1    2   0    0.32
24    1    0.037    2    2   0    0.66
110    2    0.097    1    2   0    0.57
72    1    -0.037    1    1   0    0.43
130    2    0.097    1    2   0    0.73
105    2    0.097    1    2   0    0.60
133    2    0.000    1    2   0    0.51
23    1    0.000    2    2   0    0.82
81    2    -0.097    2    1   0    0.75
51    1    -0.097    1    1   0    0.57
15    1    0.097    2    2   0    0.70
124    2    0.037    1    2   0    0.55
18    1    0.000    1    1   1    0.81
14    1    0.037    2    2   0    0.99
147    2    -0.037    2    1   0    0.85
131    2    -0.097    2    1   0    0.75
68    1    0.000    1    1   1    0.83
20    1    0.097    2    2   0    0.77
37    1    -0.037    1    1   0    0.90
77    2    -0.037    2    1   0    0.63
132    2    -0.037    2    1   0    0.70
42    1    -0.037    1    1   0    0.80
4    1    0.037    2    2   0    0.43
100    2    0.097    1    2   0    0.73
56    1    -0.097    1    1   0    0.70
7    1    -0.037    1    1   0    0.88
43    1    0.000    1    1   1    0.56
127    2    -0.037    2    1   0    1.05
29    1    0.037    2    2   0    1.13
32    1    -0.037    1    1   0    0.68
111    2    -0.097    2    1   0    0.57
113    2    0.000    1    2   0    0.61
36    1    -0.097    1    1   0    0.63
89    2    0.037    1    2   0    0.97
138    2    0.000    2    1   1    0.75
65    1    0.097    2    2   0    0.70
129    2    0.037    1    2   0    0.51
58    1    0.000    2    2   0    0.67
17    1    -0.037    1    1   0    0.53
136    2    -0.097    2    1   0    0.54
44    1    0.037    2    2   0    1.17
104    2    0.037    1    2   0    0.50
141    2    -0.097    2    1   0    0.54
67    1    -0.037    1    1   0    0.69
21    1    -0.097    1    1   0    0.71
107    2    -0.037    2    1   0    1.04
19    1    0.037    2    2   0    0.88
88    2    0.000    1    2   0    0.67
79    2    0.037    1    2   0    0.71
139    2    0.037    1    2   0    0.68
71    1    -0.097    2    2   1    1.38
52    1    -0.037    1    1   0    0.56
118    2    0.000    2    1   1    1.07
11    1    -0.097    2    2   1    2.72
94    2    0.037    1    2   0    0.89
145    2    0.097    1    2   0    0.63
66    1    -0.097    1    1   0    0.56
35    1    0.097    2    2   0    1.01
91    2    -0.097    2    1   0    0.59
16    1    -0.097    1    1   0    1.69
28    1    0.000    1    1   1    2.55
33    1    0.000    1    1   1    1.21
27    1    -0.037    1    1   0    0.92
149    2    0.037    1    2   0    0.68
123    2    0.000    1    2   0    0.63
54    1    0.037    2    2   0    0.80
86    2    -0.097    2    1   0    0.73
9    1    0.037    2    2   0    1.01
26    1    -0.097    1    1   0    0.54
55    1    0.097    2    2   0    0.71
48    1    0.000    1    1   1    0.93
57    1    -0.037    1    1   0    0.59
41    1    -0.097    1    1   0    0.80
117    2    -0.037    2    1   0    0.68
22    1    -0.037    1    1   0    0.78
46    1    -0.097    2    2   1    0.36
34    1    0.037    2    2   0    0.73
85    2    0.097    2    1   1    0.64
112    2    -0.037    2    1   0    0.61
38    1    0.000    1    1   1    0.62
121    2    -0.097    2    1   0    0.82
78    2    0.000    2    1   1    0.85
80    2    0.097    2    1   1    0.48
120    2    0.097    2    1   1    0.90
69    1    0.037    2    2   0    0.95
61    1    -0.097    1    1   0    0.58
114    2    0.037    1    2   0    0.97
30    1    0.097    2    2   0    0.72
74    1    0.037    2    2   0    0.66
95    2    0.097    1    2   0    0.84
146    2    -0.097    2    1   0    0.61
39    1    0.037    2    2   0    0.91
47    1    -0.037    1    1   0    0.76
5    1    0.097    2    2   0    0.85
82    2    -0.037    2    1   0    0.92
99    2    0.037    2    1   1    0.58
62    1    -0.037    1    1   0    0.70
73    1    0.000    1    1   1    0.58
116    2    -0.097    2    1   0    0.64
150    2    0.097    1    2   0    0.71
59    1    0.037    2    2   0    0.63
83    2    0.000    1    2   0    0.75
76    2    -0.097    2    1   0    0.56
115    2    0.097    2    1   1    0.54
109    2    0.037    1    2   0    0.33
92    2    -0.037    2    1   0    0.84
25    1    0.097    2    2   0    0.68
40    1    0.097    2    2   0    0.72
101    2    -0.097    2    1   0    0.46
8    1    0.000    2    2   0    0.86
45    1    0.097    1    1   1    0.49
148    2    0.000    1    2   0    0.89
102    2    -0.037    2    1   0    0.58
103    2    0.000    1    2   0    1.14
135    2    0.097    1    2   0    0.75
119    2    0.037    1    2   0    0.63
93    2    0.000    1    2   0    0.60
128    2    0.000    1    2   0    0.63
64    1    0.037    2    2   0    0.87
142    2    -0.037    1    2   1    0.85
6    1    -0.097    1    1   0    1.22
137    2    -0.037    1    2   1    1.21
126    2    -0.097    2    1   0    0.64
