--------------------------------
15-Dec-2014 14:11:19 
data from observer A23 
#occlusion2 expt 
reference disparity (degrees) 0.160000 

stim order disp kresp testresp correct time
1    2    -0.074    1    2   1    2.29
2    2    0.069    2    1   1    0.86
3    2    -0.065    1    2   1    0.92
4    2    0.060    2    1   1    1.11
5    1    0.055    1    1   1    0.74
6    2    0.051    2    1   1    0.65
7    1    0.046    1    1   1    0.61
8    1    -0.042    2    2   1    0.87
9    1    -0.037    1    1   0    0.70
10    1    -0.046    2    2   1    1.14
11    1    -0.046    2    2   1    0.84
12    1    -0.042    2    2   1    0.63
13    1    0.042    1    1   1    0.69
14    2    -0.037    1    2   1    0.50
15    2    -0.037    1    2   1    0.54
16    1    0.032    1    1   1    0.53
17    1    -0.032    1    1   0    0.59
18    1    0.042    1    1   1    0.45
19    1    0.042    1    1   1    0.67
20    2    -0.037    1    2   1    0.53
21    2    0.037    1    2   0    0.67
22    1    -0.046    2    2   1    0.49
23    2    0.046    2    1   1    0.55
24    1    -0.042    2    2   1    0.54
25    2    -0.042    1    2   1    0.65
26    1    0.037    2    2   0    0.53
27    1    0.046    1    1   1    0.63
28    1    0.046    2    2   0    1.70
29    2    0.055    1    2   0    0.87
30    1    -0.065    2    2   1    0.54
31    1    0.065    1    1   1    1.10
32    1    0.060    1    1   1    0.58
33    1    0.060    1    1   1    2.67
34    2    -0.055    1    2   1    0.83
35    2    0.055    1    2   0    1.61
36    1    0.065    1    1   1    0.67
37    1    -0.065    1    1   0    0.60
38    1    0.074    1    1   1    0.64
39    1    -0.074    1    1   0    0.54
40    1    0.083    1    1   1    0.58
41    1    0.083    1    1   1    0.60
42    1    0.079    1    1   1    0.49
43    1    -0.079    1    1   0    0.69
44    1    0.088    2    2   0    0.90
45    2    0.097    2    1   1    1.56
46    2    -0.097    1    2   1    0.68
47    2    -0.092    1    2   1    0.49
48    1    -0.092    2    2   1    1.09
49    2    0.088    1    2   0    2.16
50    2    0.097    1    2   0    1.87
-------------------------
Final staircase threshold estimate (mean) is 0.0891
-------------------------
89    2    0.088    2    1   1    3.10
87    2    -0.088    1    2   1    0.64
22    1    -0.088    1    1   0    0.68
62    1    -0.088    2    2   1    0.97
10    1    0.148    1    1   1    0.57
40    1    0.148    1    1   1    2.87
42    1    -0.088    2    2   1    0.90
104    2    0.088    1    2   0    0.89
114    2    0.088    2    1   1    4.32
108    2    0.000    2    1   1    0.89
49    1    0.088    1    1   1    0.96
4    1    0.088    1    1   1    0.97
6    1    -0.148    2    2   1    0.86
117    2    -0.088    2    1   0    0.93
19    1    0.088    1    1   1    0.50
72    1    -0.088    1    1   0    0.77
128    2    0.000    1    2   0    0.65
116    2    -0.148    1    2   1    0.51
3    1    0.000    1    1   1    0.53
76    2    -0.148    1    2   1    0.59
107    2    -0.088    1    2   1    0.51
91    2    -0.148    1    2   1    0.69
29    1    0.088    1    1   1    0.88
65    1    0.148    1    1   1    0.52
2    1    -0.088    1    1   0    0.52
145    2    0.148    1    2   0    0.53
95    2    0.148    1    2   0    0.52
13    1    0.000    1    1   1    0.46
143    2    0.000    1    2   0    0.46
86    2    -0.148    1    2   1    0.40
80    2    0.148    2    1   1    0.90
45    1    0.148    1    1   1    0.49
77    2    -0.088    1    2   1    0.50
148    2    0.000    1    2   0    0.87
140    2    0.148    1    2   0    0.63
146    2    -0.148    1    2   1    0.75
70    1    0.148    1    1   1    0.52
97    2    -0.088    1    2   1    0.52
61    1    -0.148    1    1   0    0.46
38    1    0.000    1    1   1    0.33
30    1    0.148    1    1   1    0.50
78    2    0.000    1    2   0    0.89
101    2    -0.148    1    2   1    0.37
150    2    0.148    2    1   1    0.85
132    2    -0.088    1    2   1    0.55
54    1    0.088    1    1   1    0.47
137    2    -0.088    1    2   1    0.67
139    2    0.088    1    2   0    0.39
131    2    -0.148    1    2   1    0.57
126    2    -0.148    1    2   1    0.54
17    1    -0.088    1    1   0    0.57
12    1    -0.088    1    1   0    0.39
7    1    -0.088    1    1   0    0.35
71    1    -0.148    1    1   0    0.45
149    2    0.088    1    2   0    0.39
66    1    -0.148    1    1   0    0.35
28    1    0.000    1    1   1    0.58
81    2    -0.148    1    2   1    0.34
96    2    -0.148    1    2   1    0.55
82    2    -0.088    1    2   1    0.37
36    1    -0.148    2    2   1    1.19
141    2    -0.148    1    2   1    0.89
67    1    -0.088    1    1   0    0.77
112    2    -0.088    1    2   1    0.53
48    1    0.000    1    1   1    0.44
138    2    0.000    1    2   0    0.57
120    2    0.148    1    2   0    0.67
41    1    -0.148    1    1   0    0.46
32    1    -0.088    1    1   0    0.78
106    2    -0.148    1    2   1    0.74
94    2    0.088    1    2   0    0.33
110    2    0.148    2    1   1    0.77
64    1    0.088    1    1   1    0.94
59    1    0.088    1    1   1    0.98
124    2    0.088    2    1   1    1.50
37    1    -0.088    2    2   1    0.77
125    2    0.148    2    1   1    0.44
46    1    -0.148    2    2   1    0.63
26    1    -0.148    2    2   1    0.50
121    2    -0.148    1    2   1    0.68
79    2    0.088    1    2   0    0.87
90    2    0.148    2    1   1    1.05
73    1    0.000    1    1   1    1.06
92    2    -0.088    1    2   1    0.55
113    2    0.000    1    2   0    0.67
129    2    0.088    2    1   1    0.79
68    1    0.000    1    1   1    1.34
102    2    -0.088    1    2   1    1.50
118    2    0.000    1    2   0    0.55
11    1    -0.148    1    1   0    0.90
133    2    0.000    2    1   1    0.51
123    2    0.000    2    1   1    1.00
20    1    0.148    1    1   1    0.47
15    1    0.148    1    1   1    0.69
27    1    -0.088    1    1   0    0.63
35    1    0.148    1    1   1    0.46
144    2    0.088    1    2   0    0.62
135    2    0.148    2    1   1    0.51
127    2    -0.088    1    2   1    1.95
100    2    0.148    2    1   1    0.79
31    1    -0.148    2    2   1    1.92
47    1    -0.088    2    2   1    0.47
21    1    -0.148    2    2   1    0.65
1    1    -0.148    2    2   1    1.16
55    1    0.148    1    1   1    0.73
52    1    -0.088    2    2   1    0.60
134    2    0.088    2    1   1    0.47
34    1    0.088    1    1   1    0.93
53    1    0.000    2    2   0    0.72
50    1    0.148    1    1   1    0.56
105    2    0.148    2    1   1    0.76
83    2    0.000    2    1   1    2.65
85    2    0.148    2    1   1    0.66
8    1    0.000    1    1   1    0.79
25    1    0.148    1    1   1    0.51
103    2    0.000    1    2   0    0.84
115    2    0.148    2    1   1    0.75
58    1    0.000    1    1   1    0.64
51    1    -0.148    2    2   1    0.52
122    2    -0.088    1    2   1    0.49
60    1    0.148    2    2   0    0.52
69    1    0.088    1    1   1    0.47
74    1    0.088    1    1   1    0.48
147    2    -0.088    1    2   1    0.49
84    2    0.088    2    1   1    1.11
23    1    0.000    1    1   1    0.49
16    1    -0.148    1    1   0    0.59
5    1    0.148    1    1   1    0.53
56    1    -0.148    2    2   1    0.58
14    1    0.088    2    2   0    0.73
43    1    0.000    1    1   1    0.68
33    1    0.000    1    1   1    1.29
9    1    0.088    1    1   1    0.75
44    1    0.088    1    1   1    0.51
57    1    -0.088    2    2   1    0.78
111    2    -0.148    1    2   1    0.59
93    2    0.000    1    2   0    0.58
109    2    0.088    2    1   1    0.72
99    2    0.088    1    2   0    0.63
18    1    0.000    1    1   1    0.49
75    2    0.148    2    1   1    0.54
130    2    0.148    1    2   0    0.73
136    2    -0.148    1    2   1    0.56
142    2    -0.088    1    2   1    0.51
24    1    0.088    1    1   1    0.53
119    2    0.088    2    1   1    1.69
88    2    0.000    1    2   0    0.81
39    1    0.088    1    1   1    0.40
63    1    0.000    1    1   1    0.71
98    2    0.000    1    2   0    1.76
