--------------------------------
15-Dec-2014 13:53:02 
data from observer A23 
#occlusion2 expt 
reference disparity (degrees) 0.160000 

stim order disp kresp testresp correct time
1    2    0.074    2    1   1    0.76
2    1    -0.069    2    2   1    0.54
3    2    0.065    2    1   1    0.50
4    2    -0.060    2    1   0    1.05
5    1    0.069    1    1   1    1.55
6    1    -0.069    2    2   1    0.57
7    1    -0.065    2    2   1    0.56
8    1    -0.065    2    2   1    0.48
9    1    -0.060    2    2   1    0.52
10    2    0.060    2    1   1    0.55
11    1    0.055    1    1   1    0.72
12    2    0.055    2    1   1    0.54
13    2    -0.051    1    2   1    0.75
14    2    -0.051    1    2   1    0.83
15    1    0.046    1    1   1    1.50
16    1    -0.046    2    2   1    0.76
17    2    -0.042    1    2   1    0.72
18    2    0.042    2    1   1    0.56
19    1    0.037    1    1   1    0.53
20    2    -0.037    1    2   1    0.86
21    2    -0.032    1    2   1    0.84
22    1    0.032    1    1   1    3.00
23    1    -0.028    2    2   1    0.67
24    2    -0.028    1    2   1    0.85
25    1    0.023    1    1   1    1.02
26    2    0.023    2    1   1    0.61
27    2    -0.018    1    2   1    0.82
28    2    -0.018    1    2   1    0.98
29    1    -0.014    2    2   1    0.60
30    2    -0.014    1    2   1    0.88
31    1    -0.009    2    2   1    0.55
32    1    -0.009    2    2   1    0.61
33    1    -0.005    2    2   1    0.66
34    1    0.005    2    2   0    0.60
35    2    0.014    2    1   1    0.72
36    2    0.014    2    1   1    1.38
37    2    0.009    2    1   1    1.06
38    2    0.009    2    1   1    0.92
39    1    0.005    2    2   0    0.77
40    2    0.014    2    1   1    0.68
41    2    -0.014    1    2   1    0.85
42    1    -0.009    2    2   1    0.85
43    2    -0.009    2    1   0    0.99
44    2    -0.018    1    2   1    0.64
45    2    0.018    2    1   1    0.56
46    2    0.014    2    1   1    0.60
47    2    0.014    2    1   1    0.60
48    2    -0.009    1    2   1    0.70
49    1    0.009    1    1   1    0.66
50    1    -0.005    2    2   1    0.51
-------------------------
Final staircase threshold estimate (mean) is 0.0120
-------------------------
2    1    -0.014    2    2   1    9.90
3    1    0.000    1    1   1    0.87
61    1    -0.032    2    2   1    0.48
29    1    0.014    1    1   1    0.69
121    2    -0.032    1    2   1    0.64
5    1    0.032    1    1   1    0.87
22    1    -0.014    2    2   1    0.59
94    2    0.014    2    1   1    0.52
54    1    0.014    1    1   1    1.11
66    1    -0.032    2    2   1    0.60
124    2    0.014    2    1   1    0.66
91    2    -0.032    1    2   1    0.73
136    2    -0.032    1    2   1    0.83
43    1    0.000    1    1   1    1.76
82    2    -0.014    1    2   1    0.96
130    2    0.032    2    1   1    0.69
142    2    -0.014    1    2   1    0.77
69    1    0.014    1    1   1    0.74
105    2    0.032    2    1   1    0.61
109    2    0.014    2    1   1    0.63
8    1    0.000    1    1   1    0.77
51    1    -0.032    2    2   1    0.71
46    1    -0.032    2    2   1    0.48
88    2    0.000    1    2   0    0.76
7    1    -0.014    2    2   1    0.56
50    1    0.032    1    1   1    0.57
55    1    0.032    1    1   1    0.96
70    1    0.032    1    1   1    0.60
118    2    0.000    1    2   0    0.90
148    2    0.000    1    2   0    0.94
1    1    -0.032    2    2   1    0.45
39    1    0.014    1    1   1    0.47
60    1    0.032    1    1   1    0.51
86    2    -0.032    1    2   1    0.55
59    1    0.014    1    1   1    0.56
104    2    0.014    2    1   1    0.61
24    1    0.014    1    1   1    0.82
97    2    -0.014    1    2   1    0.95
73    1    0.000    1    1   1    0.50
122    2    -0.014    1    2   1    0.49
85    2    0.032    1    2   0    0.28
76    2    -0.032    1    2   1    0.64
90    2    0.032    2    1   1    0.49
127    2    -0.014    1    2   1    0.72
147    2    -0.014    1    2   1    0.67
72    1    -0.014    2    2   1    0.55
146    2    -0.032    1    2   1    0.67
144    2    0.014    2    1   1    0.51
53    1    0.000    1    1   1    0.57
47    1    -0.014    2    2   1    0.53
125    2    0.032    2    1   1    0.51
149    2    0.014    1    2   0    1.02
119    2    0.014    2    1   1    1.41
16    1    -0.032    2    2   1    0.58
48    1    0.000    1    1   1    1.25
57    1    -0.014    2    2   1    0.51
115    2    0.032    2    1   1    0.57
33    1    0.000    1    1   1    0.78
74    1    0.014    1    1   1    1.23
98    2    0.000    1    2   0    0.62
92    2    -0.014    1    2   1    1.17
150    2    0.032    2    1   1    0.50
62    1    -0.014    2    2   1    0.65
65    1    0.032    1    1   1    0.83
87    2    -0.014    1    2   1    1.47
103    2    0.000    2    1   1    0.63
18    1    0.000    1    1   1    1.09
99    2    0.014    2    1   1    0.60
126    2    -0.032    1    2   1    1.06
34    1    0.014    1    1   1    0.66
56    1    -0.032    2    2   1    0.70
15    1    0.032    1    1   1    0.68
12    1    -0.014    2    2   1    0.67
6    1    -0.032    2    2   1    0.49
93    2    0.000    1    2   0    1.03
78    2    0.000    1    2   0    1.21
28    1    0.000    1    1   1    0.75
95    2    0.032    2    1   1    0.51
25    1    0.032    1    1   1    0.71
19    1    0.014    1    1   1    0.63
143    2    0.000    1    2   0    0.62
14    1    0.014    1    1   1    0.66
17    1    -0.014    2    2   1    0.59
49    1    0.014    1    1   1    0.55
96    2    -0.032    1    2   1    0.54
110    2    0.032    2    1   1    0.48
141    2    -0.032    1    2   1    0.67
100    2    0.032    2    1   1    0.54
26    1    -0.032    2    2   1    0.50
134    2    0.014    2    1   1    0.68
123    2    0.000    1    2   0    0.95
106    2    -0.032    1    2   1    0.55
117    2    -0.014    1    2   1    0.75
68    1    0.000    2    2   0    0.56
67    1    -0.014    2    2   1    0.54
35    1    0.032    1    1   1    0.60
71    1    -0.032    2    2   1    0.47
45    1    0.032    1    1   1    0.44
10    1    0.032    1    1   1    0.55
145    2    0.032    2    1   1    0.48
139    2    0.014    2    1   1    0.70
21    1    -0.032    2    2   1    0.57
63    1    0.000    1    1   1    0.72
36    1    -0.032    2    2   1    0.46
9    1    0.014    1    1   1    0.64
129    2    0.014    2    1   1    0.52
64    1    0.014    1    1   1    0.60
120    2    0.032    2    1   1    0.51
44    1    0.014    1    1   1    0.66
140    2    0.032    2    1   1    0.52
41    1    -0.032    2    2   1    0.48
77    2    -0.014    1    2   1    0.53
138    2    0.000    1    2   0    0.79
79    2    0.014    2    1   1    0.52
37    1    -0.014    2    2   1    0.52
11    1    -0.032    2    2   1    0.66
80    2    0.032    2    1   1    0.41
133    2    0.000    1    2   0    0.55
13    1    0.000    1    1   1    0.90
113    2    0.000    1    2   0    0.62
40    1    0.032    1    1   1    0.53
112    2    -0.014    1    2   1    0.55
27    1    -0.014    2    2   1    0.55
32    1    -0.014    2    2   1    0.57
111    2    -0.032    1    2   1    0.66
30    1    0.032    1    1   1    0.46
116    2    -0.032    1    2   1    0.71
101    2    -0.032    1    2   1    0.86
84    2    0.014    2    1   1    0.72
75    2    0.032    2    1   1    0.61
20    1    0.032    1    1   1    0.62
107    2    -0.014    1    2   1    0.63
83    2    0.000    1    2   0    2.65
137    2    -0.014    1    2   1    0.63
114    2    0.014    2    1   1    0.58
38    1    0.000    1    1   1    1.09
108    2    0.000    2    1   1    1.53
128    2    0.000    1    2   0    1.14
102    2    -0.014    1    2   1    0.93
23    1    0.000    1    1   1    0.80
58    1    0.000    2    2   0    1.02
89    2    0.014    2    1   1    0.71
52    1    -0.014    2    2   1    0.56
4    1    0.014    1    1   1    0.56
81    2    -0.032    1    2   1    0.50
132    2    -0.014    1    2   1    1.07
135    2    0.032    2    1   1    0.54
31    1    -0.032    2    2   1    0.54
42    1    -0.014    2    2   1    0.57
131    2    -0.032    1    2   1    0.63
