--------------------------------
15-Dec-2014 15:29:54 
data from observer A23 
#occlusion2 expt 
reference disparity (degrees) 0.160000 

stim order disp kresp testresp correct time
1    2    0.074    1    2   1    7.34
2    2    0.069    1    2   1    0.90
3    1    -0.065    1    1   1    0.68
4    2    0.060    1    2   1    0.68
5    1    0.055    2    2   1    0.68
6    2    0.051    1    2   1    1.89
7    1    0.046    2    2   1    0.63
8    2    -0.042    2    1   1    0.57
9    1    0.037    2    2   1    0.58
10    2    0.032    1    2   1    0.83
11    2    0.028    1    2   1    1.17
12    2    0.023    1    2   1    1.70
13    2    0.018    1    2   1    0.64
14    1    0.014    2    2   1    0.57
15    1    0.009    2    2   1    0.87
16    2    0.005    2    1   0    0.91
17    1    -0.014    1    1   1    0.76
18    2    0.014    1    2   1    0.72
19    2    0.009    1    2   1    1.39
20    1    -0.009    1    1   1    0.63
21    2    -0.005    2    1   1    0.72
22    2    -0.005    2    1   1    1.07
23    2    0.005    2    1   0    1.21
24    1    0.014    1    1   0    0.69
25    1    -0.023    1    1   1    0.87
26    2    0.023    1    2   1    0.76
27    1    -0.018    1    1   1    0.69
28    1    0.018    2    2   1    0.83
29    2    0.014    1    2   1    0.83
30    1    -0.014    1    1   1    0.93
31    1    -0.009    1    1   1    0.83
32    2    -0.009    2    1   1    0.65
33    2    0.005    1    2   1    0.50
34    1    -0.005    2    2   0    0.76
35    2    0.014    2    1   0    0.68
36    1    0.023    2    2   1    0.77
37    2    -0.023    2    1   1    0.58
38    1    0.018    2    2   1    0.62
39    1    -0.018    1    1   1    0.72
40    1    -0.014    1    1   1    0.80
41    2    0.014    1    2   1    0.89
42    2    -0.009    2    1   1    0.67
43    2    -0.009    1    2   0    0.52
44    1    0.018    2    2   1    0.81
45    1    0.018    2    2   1    0.74
46    1    0.014    2    2   1    0.51
47    2    -0.014    2    1   1    0.59
48    1    -0.009    1    1   1    0.63
49    1    0.009    1    1   0    0.68
50    2    -0.018    1    2   0    0.68
-------------------------
Final staircase threshold estimate (mean) is 0.0134
-------------------------
93    2    0.000    1    2   0    2.09
28    1    0.000    1    1   1    0.75
135    2    0.032    1    2   0    0.58
148    2    0.000    1    2   0    0.66
145    2    0.032    1    2   0    0.71
60    1    0.032    2    2   0    0.60
88    2    0.000    2    1   1    0.98
86    2    -0.032    2    1   0    0.64
59    1    0.014    2    2   0    0.67
51    1    -0.032    1    1   0    0.76
126    2    -0.032    2    1   0    0.57
133    2    0.000    2    1   1    0.53
46    1    -0.032    1    1   0    0.59
76    2    -0.032    2    1   0    0.53
118    2    0.000    2    1   1    0.60
114    2    0.014    1    2   0    2.82
21    1    -0.032    1    1   0    0.76
52    1    -0.014    1    1   0    0.61
4    1    0.014    2    2   0    0.79
65    1    0.032    2    2   0    0.51
96    2    -0.032    2    1   0    0.54
149    2    0.014    1    2   0    0.95
115    2    0.032    1    2   0    0.59
66    1    -0.032    1    1   0    0.60
33    1    0.000    1    1   1    0.86
92    2    -0.014    2    1   0    0.75
9    1    0.014    1    1   1    0.66
142    2    -0.014    2    1   0    0.60
80    2    0.032    1    2   0    0.57
30    1    0.032    2    2   0    0.65
147    2    -0.014    2    1   0    0.67
10    1    0.032    2    2   0    0.65
34    1    0.014    1    1   1    0.76
150    2    0.032    1    2   0    0.58
75    2    0.032    1    2   0    0.50
24    1    0.014    2    2   0    0.65
138    2    0.000    1    2   0    0.72
112    2    -0.014    2    1   0    0.89
7    1    -0.014    1    1   0    0.78
57    1    -0.014    1    1   0    0.61
89    2    0.014    1    2   0    1.13
109    2    0.014    2    1   1    0.84
15    1    0.032    2    2   0    0.75
123    2    0.000    2    1   1    2.25
139    2    0.014    1    2   0    0.91
23    1    0.000    2    2   0    1.61
111    2    -0.032    2    1   0    0.71
144    2    0.014    1    2   0    0.97
127    2    -0.014    2    1   0    1.48
38    1    0.000    1    1   1    0.74
95    2    0.032    1    2   0    1.34
110    2    0.032    1    2   0    0.63
22    1    -0.014    1    1   0    0.61
49    1    0.014    1    1   1    0.76
128    2    0.000    2    1   1    0.71
40    1    0.032    2    2   0    0.97
103    2    0.000    1    2   0    0.84
113    2    0.000    2    1   1    0.89
45    1    0.032    2    2   0    0.93
18    1    0.000    1    1   1    0.82
47    1    -0.014    1    1   0    0.78
14    1    0.014    2    2   0    0.79
90    2    0.032    1    2   0    0.86
25    1    0.032    2    2   0    0.76
82    2    -0.014    2    1   0    0.55
6    1    -0.032    1    1   0    0.60
105    2    0.032    1    2   0    0.67
120    2    0.032    1    2   0    0.59
104    2    0.014    1    2   0    0.79
44    1    0.014    2    2   0    0.83
13    1    0.000    1    1   1    0.65
68    1    0.000    1    1   1    0.93
108    2    0.000    1    2   0    1.69
1    1    -0.032    1    1   0    0.71
131    2    -0.032    2    1   0    0.86
136    2    -0.032    2    1   0    0.99
83    2    0.000    2    1   1    1.55
3    1    0.000    1    1   1    1.58
117    2    -0.014    1    2   1    0.73
5    1    0.032    2    2   0    1.09
20    1    0.032    2    2   0    1.67
143    2    0.000    2    1   1    1.38
26    1    -0.032    1    1   0    0.66
106    2    -0.032    2    1   0    1.07
2    1    -0.014    1    1   0    2.85
50    1    0.032    2    2   0    0.70
70    1    0.032    2    2   0    0.59
119    2    0.014    1    2   0    0.99
132    2    -0.014    2    1   0    0.74
55    1    0.032    2    2   0    0.91
84    2    0.014    1    2   0    0.60
102    2    -0.014    2    1   0    1.01
54    1    0.014    1    1   1    0.67
41    1    -0.032    1    1   0    0.67
141    2    -0.032    2    1   0    0.73
73    1    0.000    2    2   0    0.64
58    1    0.000    1    1   1    1.16
134    2    0.014    2    1   1    0.71
39    1    0.014    2    2   0    0.93
32    1    -0.014    1    1   0    1.07
42    1    -0.014    1    1   0    1.99
85    2    0.032    1    2   0    0.67
101    2    -0.032    2    1   0    0.68
79    2    0.014    1    2   0    0.74
78    2    0.000    1    2   0    1.45
16    1    -0.032    1    1   0    0.96
107    2    -0.014    2    1   0    0.67
125    2    0.032    1    2   0    0.99
29    1    0.014    2    2   0    0.76
74    1    0.014    1    1   1    0.98
12    1    -0.014    1    1   0    1.28
71    1    -0.032    1    1   0    0.75
99    2    0.014    1    2   0    1.04
36    1    -0.032    1    1   0    0.58
19    1    0.014    2    2   0    0.92
77    2    -0.014    1    2   1    0.94
130    2    0.032    1    2   0    1.19
31    1    -0.032    1    1   0    2.65
69    1    0.014    2    2   0    2.61
67    1    -0.014    1    1   0    1.33
48    1    0.000    2    2   0    1.11
91    2    -0.032    2    1   0    1.41
97    2    -0.014    2    1   0    1.39
37    1    -0.014    2    2   1    1.91
27    1    -0.014    1    1   0    1.18
121    2    -0.032    2    1   0    0.79
98    2    0.000    2    1   1    0.65
116    2    -0.032    2    1   0    0.70
56    1    -0.032    1    1   0    0.94
61    1    -0.032    1    1   0    0.68
62    1    -0.014    1    1   0    1.14
100    2    0.032    1    2   0    0.55
64    1    0.014    2    2   0    1.12
146    2    -0.032    2    1   0    1.16
17    1    -0.014    1    1   0    0.75
81    2    -0.032    2    1   0    0.93
122    2    -0.014    2    1   0    1.45
72    1    -0.014    1    1   0    0.72
94    2    0.014    1    2   0    1.01
43    1    0.000    1    1   1    2.65
11    1    -0.032    1    1   0    0.69
124    2    0.014    1    2   0    0.78
35    1    0.032    2    2   0    0.80
87    2    -0.014    2    1   0    0.55
63    1    0.000    2    2   0    1.35
8    1    0.000    2    2   0    1.90
129    2    0.014    1    2   0    0.73
137    2    -0.014    2    1   0    0.66
53    1    0.000    2    2   0    0.81
140    2    0.032    1    2   0    0.64
