--------------------------------
15-Dec-2014 14:05:46 
data from observer A23 
#occlusion2 expt 
reference disparity (degrees) 0.160000 

stim order disp kresp testresp correct time
1    2    -0.074    1    2   1    0.87
2    2    0.069    2    1   1    0.45
3    2    -0.065    1    2   1    0.48
4    1    0.060    1    1   1    0.54
5    1    0.055    1    1   1    0.45
6    2    0.051    2    1   1    0.48
7    1    -0.046    2    2   1    0.43
8    1    -0.042    2    2   1    0.50
9    2    0.037    2    1   1    0.78
10    2    0.032    2    1   1    0.53
11    1    0.028    1    1   1    0.44
12    1    0.023    1    1   1    0.53
13    1    -0.018    2    2   1    0.54
14    2    -0.014    1    2   1    0.56
15    2    -0.009    1    2   1    0.56
16    2    0.005    1    2   0    1.38
17    1    0.014    1    1   1    0.63
18    1    0.014    1    1   1    0.62
19    2    -0.009    2    1   0    0.51
20    2    -0.018    1    2   1    0.44
21    2    0.018    2    1   1    0.59
22    1    0.014    1    1   1    0.48
23    1    0.014    1    1   1    0.61
24    2    -0.009    1    2   1    0.58
25    1    -0.009    2    2   1    0.61
26    1    0.005    1    1   1    0.58
27    1    -0.005    1    1   0    0.53
28    2    -0.014    1    2   1    0.56
29    2    0.014    1    2   0    0.32
30    1    0.023    1    1   1    0.59
31    2    0.023    2    1   1    0.43
32    1    -0.018    2    2   1    0.57
33    1    -0.018    2    2   1    1.27
34    2    -0.014    1    2   1    0.58
35    2    0.014    2    1   1    0.71
36    1    0.009    1    1   1    0.60
37    1    0.009    1    1   1    0.49
38    1    -0.005    1    1   0    0.65
39    2    0.014    1    2   0    0.68
40    2    -0.023    1    2   1    0.87
41    2    -0.023    1    2   1    0.60
42    2    -0.018    1    2   1    0.46
43    2    0.018    2    1   1    0.64
44    1    -0.014    2    2   1    0.61
45    1    -0.014    2    2   1    1.71
46    2    -0.009    1    2   1    0.76
47    2    0.009    2    1   1    0.94
48    2    0.005    2    1   1    0.66
49    2    -0.005    1    2   1    0.93
50    1    0.005    2    2   0    0.42
-------------------------
Final staircase threshold estimate (mean) is 0.0120
-------------------------
146    2    -0.032    1    2   1    1.31
29    1    0.014    1    1   1    0.55
126    2    -0.032    1    2   1    0.46
101    2    -0.032    1    2   1    0.74
130    2    0.032    2    1   1    0.77
115    2    0.032    2    1   1    0.59
136    2    -0.032    1    2   1    0.69
35    1    0.032    1    1   1    0.56
66    1    -0.032    2    2   1    0.95
16    1    -0.032    2    2   1    0.49
67    1    -0.014    2    2   1    0.84
42    1    -0.014    2    2   1    1.39
55    1    0.032    1    1   1    0.47
44    1    0.014    1    1   1    0.52
63    1    0.000    2    2   0    0.70
6    1    -0.032    2    2   1    0.75
56    1    -0.032    2    2   1    0.56
149    2    0.014    2    1   1    1.03
45    1    0.032    1    1   1    0.81
58    1    0.000    1    1   1    0.70
32    1    -0.014    2    2   1    0.65
24    1    0.014    1    1   1    0.76
81    2    -0.032    1    2   1    0.62
133    2    0.000    1    2   0    1.41
17    1    -0.014    2    2   1    0.56
34    1    0.014    1    1   1    0.54
9    1    0.014    1    1   1    0.55
105    2    0.032    2    1   1    0.50
106    2    -0.032    1    2   1    0.55
104    2    0.014    2    1   1    0.69
137    2    -0.014    1    2   1    0.48
26    1    -0.032    2    2   1    0.49
11    1    -0.032    2    2   1    0.47
52    1    -0.014    2    2   1    0.52
65    1    0.032    1    1   1    0.60
148    2    0.000    1    2   0    0.56
135    2    0.032    2    1   1    0.62
20    1    0.032    1    1   1    0.43
8    1    0.000    2    2   0    0.47
113    2    0.000    2    1   1    1.15
18    1    0.000    2    2   0    0.77
103    2    0.000    1    2   0    1.96
79    2    0.014    2    1   1    0.64
31    1    -0.032    2    2   1    0.57
48    1    0.000    1    1   1    1.01
107    2    -0.014    1    2   1    0.58
39    1    0.014    1    1   1    0.76
138    2    0.000    1    2   0    1.11
94    2    0.014    2    1   1    0.67
12    1    -0.014    2    2   1    0.50
22    1    -0.014    2    2   1    0.59
134    2    0.014    2    1   1    0.51
84    2    0.014    2    1   1    0.61
82    2    -0.014    1    2   1    0.66
62    1    -0.014    2    2   1    0.65
123    2    0.000    1    2   0    0.52
21    1    -0.032    2    2   1    0.75
72    1    -0.014    2    2   1    0.59
108    2    0.000    1    2   0    1.29
110    2    0.032    2    1   1    0.52
4    1    0.014    1    1   1    0.51
75    2    0.032    2    1   1    0.46
33    1    0.000    1    1   1    0.97
23    1    0.000    2    2   0    0.67
69    1    0.014    1    1   1    0.36
54    1    0.014    1    1   1    0.59
116    2    -0.032    1    2   1    0.58
111    2    -0.032    1    2   1    0.46
77    2    -0.014    1    2   1    0.38
10    1    0.032    1    1   1    0.34
1    1    -0.032    2    2   1    0.63
13    1    0.000    1    1   1    1.15
60    1    0.032    1    1   1    0.46
141    2    -0.032    1    2   1    0.48
3    1    0.000    2    2   0    0.51
46    1    -0.032    2    2   1    0.51
83    2    0.000    1    2   0    0.55
102    2    -0.014    1    2   1    0.58
73    1    0.000    1    1   1    0.60
95    2    0.032    2    1   1    0.52
127    2    -0.014    1    2   1    0.57
5    1    0.032    1    1   1    0.54
118    2    0.000    1    2   0    0.30
99    2    0.014    2    1   1    0.56
132    2    -0.014    1    2   1    0.60
50    1    0.032    1    1   1    0.59
142    2    -0.014    1    2   1    1.52
92    2    -0.014    1    2   1    1.10
119    2    0.014    2    1   1    0.52
109    2    0.014    2    1   1    0.92
43    1    0.000    1    1   1    0.81
121    2    -0.032    1    2   1    0.73
93    2    0.000    2    1   1    0.53
114    2    0.014    2    1   1    0.70
85    2    0.032    2    1   1    0.64
70    1    0.032    1    1   1    0.67
91    2    -0.032    1    2   1    0.56
97    2    -0.014    1    2   1    1.46
128    2    0.000    1    2   0    1.18
68    1    0.000    1    1   1    1.06
80    2    0.032    2    1   1    1.02
122    2    -0.014    1    2   1    0.56
47    1    -0.014    2    2   1    0.52
41    1    -0.032    2    2   1    0.84
143    2    0.000    2    1   1    1.38
61    1    -0.032    2    2   1    0.52
74    1    0.014    1    1   1    0.83
90    2    0.032    2    1   1    0.41
120    2    0.032    2    1   1    0.51
112    2    -0.014    1    2   1    0.60
36    1    -0.032    2    2   1    0.49
76    2    -0.032    1    2   1    0.46
89    2    0.014    2    1   1    0.80
98    2    0.000    1    2   0    1.12
25    1    0.032    1    1   1    0.54
57    1    -0.014    2    2   1    0.55
27    1    -0.014    2    2   1    0.50
38    1    0.000    1    1   1    0.51
117    2    -0.014    1    2   1    0.49
30    1    0.032    1    1   1    0.60
64    1    0.014    1    1   1    0.53
15    1    0.032    1    1   1    0.41
7    1    -0.014    2    2   1    0.56
71    1    -0.032    2    2   1    0.49
14    1    0.014    1    1   1    0.55
53    1    0.000    2    2   0    0.62
28    1    0.000    2    2   0    0.62
86    2    -0.032    1    2   1    0.44
37    1    -0.014    2    2   1    0.60
40    1    0.032    1    1   1    0.48
88    2    0.000    2    1   1    0.50
78    2    0.000    1    2   0    0.63
19    1    0.014    1    1   1    1.01
147    2    -0.014    1    2   1    0.72
124    2    0.014    2    1   1    0.61
150    2    0.032    2    1   1    0.72
87    2    -0.014    1    2   1    0.61
131    2    -0.032    1    2   1    0.74
96    2    -0.032    1    2   1    0.53
129    2    0.014    2    1   1    0.78
51    1    -0.032    2    2   1    1.06
145    2    0.032    2    1   1    0.97
100    2    0.032    2    1   1    0.90
125    2    0.032    2    1   1    0.56
140    2    0.032    2    1   1    0.61
49    1    0.014    1    1   1    0.56
59    1    0.014    1    1   1    0.56
139    2    0.014    2    1   1    0.69
2    1    -0.014    1    1   0    1.25
144    2    0.014    2    1   1    0.57
