--------------------------------
15-Dec-2014 14:16:57 
data from observer A23 
#occlusion2 expt 
reference disparity (degrees) 0.160000 

stim order disp kresp testresp correct time
1    2    0.074    1    2   1    4.19
2    1    -0.069    2    2   0    0.64
3    1    -0.079    1    1   1    1.03
4    1    -0.079    2    2   0    2.26
5    1    0.088    2    2   1    1.76
6    2    -0.088    2    1   1    1.00
7    2    -0.083    2    1   1    0.66
8    1    0.083    2    2   1    1.07
9    2    -0.079    2    1   1    0.70
10    1    0.079    2    2   1    0.57
11    2    -0.074    2    1   1    1.34
12    2    -0.074    2    1   1    0.62
13    2    -0.069    2    1   1    0.57
14    1    0.069    2    2   1    0.45
15    1    -0.065    2    2   0    0.58
16    1    0.074    2    2   1    0.56
17    1    0.074    2    2   1    0.58
18    1    0.069    2    2   1    0.46
19    1    -0.069    2    2   0    0.46
20    2    -0.079    2    1   1    0.43
21    2    0.079    2    1   0    0.47
22    2    -0.088    2    1   1    0.50
23    1    0.088    2    2   1    0.36
24    2    -0.083    2    1   1    0.44
25    1    0.083    2    2   1    0.47
26    2    0.079    2    1   0    0.34
27    2    0.088    2    1   0    0.57
28    1    -0.097    2    2   0    0.39
29    2    -0.106    2    1   1    0.50
30    1    -0.106    2    2   0    0.14
31    2    -0.115    2    1   1    0.35
32    2    0.115    2    1   0    0.36
33    2    0.125    2    1   0    0.25
34    1    -0.134    2    2   0    0.48
35    1    0.143    2    2   1    0.46
36    1    -0.143    2    2   0    0.40
37    2    0.148    2    1   0    0.30
38    2    0.148    2    1   0    0.29
39    1    -0.148    2    2   0    0.42
40    2    0.148    2    1   0    0.28
41    1    0.148    2    2   1    0.38
42    1    -0.148    2    2   0    0.26
43    2    -0.148    2    1   1    0.28
44    2    0.148    2    1   0    1.10
45    1    -0.148    2    2   0    0.13
46    1    0.148    2    2   1    0.43
47    2    0.148    2    1   0    0.00
48    2    0.148    2    1   0    0.54
49    1    -0.148    2    2   0    1.87
50    2    -0.148    2    1   1    0.39
-------------------------
Final staircase threshold estimate (mean) is 0.1478
-------------------------
5    1    0.148    2    2   0    4.03
139    2    0.143    2    1   1    0.52
2    1    -0.143    2    2   1    0.33
21    1    -0.148    2    2   1    0.42
112    2    -0.143    2    1   0    0.41
111    2    -0.148    1    2   1    0.82
135    2    0.148    2    1   1    0.92
20    1    0.148    2    2   0    0.69
105    2    0.148    2    1   1    3.10
126    2    -0.148    2    1   0    0.36
117    2    -0.143    1    2   1    0.87
119    2    0.143    2    1   1    0.60
27    1    -0.143    1    1   0    0.82
91    2    -0.148    2    1   0    1.44
94    2    0.143    2    1   1    0.74
108    2    0.000    1    2   0    1.01
123    2    0.000    2    1   1    0.59
113    2    0.000    2    1   1    0.56
97    2    -0.143    2    1   0    0.50
40    1    0.148    1    1   1    1.88
35    1    0.148    2    2   0    1.55
70    1    0.148    2    2   0    0.70
116    2    -0.148    2    1   0    1.02
43    1    0.000    2    2   0    1.16
62    1    -0.143    2    2   1    0.60
39    1    0.143    2    2   0    0.77
15    1    0.148    1    1   1    0.56
18    1    0.000    2    2   0    0.66
81    2    -0.148    2    1   0    0.49
34    1    0.143    2    2   0    0.83
65    1    0.148    2    2   0    0.72
13    1    0.000    2    2   0    0.80
125    2    0.148    2    1   1    0.11
64    1    0.143    2    2   0    1.34
103    2    0.000    1    2   0    0.62
118    2    0.000    1    2   0    0.55
93    2    0.000    2    1   1    0.61
85    2    0.148    2    1   1    0.48
122    2    -0.143    2    1   0    0.53
72    1    -0.143    1    1   0    0.62
57    1    -0.143    1    1   0    0.70
86    2    -0.148    1    2   1    0.37
100    2    0.148    2    1   1    0.50
54    1    0.143    1    1   1    0.56
142    2    -0.143    2    1   0    2.01
7    1    -0.143    1    1   0    1.08
8    1    0.000    1    1   1    6.72
75    2    0.148    2    1   1    0.78
56    1    -0.148    1    1   0    0.64
127    2    -0.143    1    2   1    0.75
60    1    0.148    2    2   0    0.62
10    1    0.148    1    1   1    0.69
99    2    0.143    1    2   0    2.81
137    2    -0.143    2    1   0    0.77
128    2    0.000    2    1   1    2.11
68    1    0.000    2    2   0    8.96
48    1    0.000    2    2   0    0.93
9    1    0.143    1    1   1    0.66
16    1    -0.148    1    1   0    0.63
149    2    0.143    2    1   1    0.77
45    1    0.148    2    2   0    1.48
74    1    0.143    1    1   1    3.59
6    1    -0.148    2    2   1    3.21
49    1    0.143    2    2   0    0.81
41    1    -0.148    1    1   0    0.63
141    2    -0.148    2    1   0    0.83
129    2    0.143    1    2   0    1.39
87    2    -0.143    2    1   0    0.90
66    1    -0.148    1    1   0    1.45
115    2    0.148    1    2   0    1.23
143    2    0.000    2    1   1    6.27
59    1    0.143    2    2   0    0.81
29    1    0.143    2    2   0    0.62
89    2    0.143    1    2   0    4.30
4    1    0.143    2    2   0    0.61
3    1    0.000    2    2   0    1.41
138    2    0.000    2    1   1    5.62
76    2    -0.148    2    1   0    0.73
148    2    0.000    1    2   0    0.66
110    2    0.148    1    2   0    1.32
52    1    -0.143    2    2   1    0.75
92    2    -0.143    2    1   0    0.62
47    1    -0.143    1    1   0    0.90
69    1    0.143    2    2   0    0.69
11    1    -0.148    1    1   0    0.53
106    2    -0.148    2    1   0    0.63
61    1    -0.148    1    1   0    0.63
17    1    -0.143    1    1   0    0.61
71    1    -0.148    1    1   0    0.59
145    2    0.148    1    2   0    1.03
44    1    0.143    2    2   0    0.88
96    2    -0.148    2    1   0    0.73
90    2    0.148    1    2   0    0.75
79    2    0.143    2    1   1    0.53
132    2    -0.143    2    1   0    0.63
14    1    0.143    2    2   0    0.58
23    1    0.000    2    2   0    2.56
12    1    -0.143    2    2   1    0.60
1    1    -0.148    1    1   0    0.69
130    2    0.148    1    2   0    1.27
63    1    0.000    2    2   0    0.94
124    2    0.143    1    2   0    1.74
150    2    0.148    1    2   0    1.10
31    1    -0.148    1    1   0    0.52
36    1    -0.148    1    1   0    0.49
55    1    0.148    2    2   0    0.67
19    1    0.143    2    2   0    0.69
98    2    0.000    1    2   0    2.66
140    2    0.148    1    2   0    1.45
133    2    0.000    1    2   0    0.77
144    2    0.143    1    2   0    1.31
46    1    -0.148    1    1   0    0.88
58    1    0.000    2    2   0    0.61
67    1    -0.143    1    1   0    0.70
78    2    0.000    1    2   0    0.67
33    1    0.000    2    2   0    1.16
146    2    -0.148    2    1   0    0.65
30    1    0.148    2    2   0    0.54
134    2    0.143    1    2   0    0.84
104    2    0.143    1    2   0    0.66
136    2    -0.148    2    1   0    0.61
101    2    -0.148    2    1   0    0.63
121    2    -0.148    2    1   0    0.43
114    2    0.143    2    1   1    0.61
95    2    0.148    1    2   0    0.55
107    2    -0.143    2    1   0    0.51
53    1    0.000    2    2   0    0.88
77    2    -0.143    2    1   0    0.41
25    1    0.148    2    2   0    0.37
32    1    -0.143    1    1   0    0.63
84    2    0.143    1    2   0    1.10
120    2    0.148    1    2   0    1.30
83    2    0.000    1    2   0    1.44
28    1    0.000    1    1   1    1.29
38    1    0.000    1    1   1    2.14
42    1    -0.143    1    1   0    0.79
51    1    -0.148    1    1   0    0.48
102    2    -0.143    2    1   0    0.74
82    2    -0.143    2    1   0    1.06
109    2    0.143    2    1   1    0.00
131    2    -0.148    2    1   0    0.59
88    2    0.000    1    2   0    1.51
50    1    0.148    2    2   0    0.79
147    2    -0.143    2    1   0    0.56
24    1    0.143    2    2   0    0.83
26    1    -0.148    1    1   0    0.84
37    1    -0.143    1    1   0    1.32
73    1    0.000    1    1   1    1.12
80    2    0.148    1    2   0    1.00
22    1    -0.143    1    1   0    1.15
