--------------------------------
19-Dec-2014 11:19:55 
data from observer A24 
#occlusion2 expt 
reference disparity (degrees) 0.160000 

stim order disp kresp testresp correct time
1    1    -0.074    2    2   1    5.38
2    2    -0.069    1    2   1    0.53
3    2    0.065    2    1   1    0.58
4    1    -0.060    2    2   1    0.52
5    1    -0.055    2    2   1    0.47
6    2    -0.051    1    2   1    0.47
7    1    0.046    2    2   0    0.31
8    2    -0.055    1    2   1    0.47
9    1    -0.055    2    2   1    0.50
10    2    0.051    2    1   1    0.53
11    1    0.051    1    1   1    0.58
12    1    0.046    1    1   1    2.52
13    1    -0.046    2    2   1    0.53
14    2    -0.042    1    2   1    0.60
15    1    0.042    1    1   1    0.50
16    1    -0.037    2    2   1    0.59
17    1    0.037    1    1   1    0.36
18    1    -0.032    2    2   1    0.34
19    1    -0.032    1    1   0    0.36
20    1    -0.042    2    2   1    0.49
21    1    0.042    1    1   1    0.50
22    1    -0.037    2    2   1    0.27
23    2    -0.037    1    2   1    0.37
24    1    -0.032    2    2   1    0.66
25    1    -0.032    1    1   0    0.22
26    2    -0.042    1    2   1    0.53
27    2    0.042    2    1   1    0.74
28    2    0.037    1    2   0    0.55
29    2    -0.046    2    1   0    0.42
30    1    -0.055    1    1   0    0.32
31    1    0.065    2    2   0    0.26
32    2    -0.074    1    2   1    0.26
33    1    0.074    2    2   0    0.38
34    2    -0.083    1    2   1    1.41
35    1    0.083    1    1   1    0.59
36    2    -0.079    1    2   1    0.87
37    2    0.079    2    1   1    0.49
38    2    -0.074    1    2   1    0.33
39    2    0.074    2    1   1    0.57
40    2    0.069    1    2   0    0.33
41    1    0.079    1    1   1    0.70
42    1    -0.079    1    1   0    0.71
43    2    0.088    2    1   1    0.53
44    1    0.088    1    1   1    0.42
45    2    -0.083    2    1   0    0.26
46    2    -0.092    1    2   1    0.50
47    1    -0.092    2    2   1    0.56
48    2    -0.088    1    2   1    0.43
49    1    -0.088    2    2   1    0.52
50    2    -0.083    1    2   1    0.34
-------------------------
Final staircase threshold estimate (mean) is 0.0859
-------------------------
3    1    0.000    1    1   1    3.64
87    2    -0.088    1    2   1    0.84
81    2    -0.148    1    2   1    0.56
32    1    -0.088    2    2   1    0.57
76    2    -0.148    1    2   1    0.41
24    1    0.088    1    1   1    0.48
53    1    0.000    1    1   1    0.66
59    1    0.088    1    1   1    0.51
138    2    0.000    1    2   0    0.70
57    1    -0.088    2    2   1    0.40
150    2    0.148    2    1   1    0.64
4    1    0.088    1    1   1    0.52
22    1    -0.088    2    2   1    0.40
135    2    0.148    1    2   0    0.20
112    2    -0.088    1    2   1    0.60
102    2    -0.088    1    2   1    0.53
149    2    0.088    2    1   1    0.54
45    1    0.148    1    1   1    0.54
99    2    0.088    2    1   1    0.59
103    2    0.000    1    2   0    0.60
74    1    0.088    1    1   1    0.93
66    1    -0.148    2    2   1    0.76
71    1    -0.148    2    2   1    0.46
125    2    0.148    2    1   1    0.56
49    1    0.088    1    1   1    0.57
127    2    -0.088    1    2   1    0.61
120    2    0.148    2    1   1    0.55
13    1    0.000    1    1   1    1.03
77    2    -0.088    1    2   1    0.61
28    1    0.000    1    1   1    1.64
141    2    -0.148    1    2   1    0.55
140    2    0.148    2    1   1    0.42
42    1    -0.088    2    2   1    0.57
110    2    0.148    2    1   1    0.48
107    2    -0.088    1    2   1    0.44
41    1    -0.148    2    2   1    0.56
116    2    -0.148    1    2   1    0.37
104    2    0.088    2    1   1    0.35
11    1    -0.148    2    2   1    0.57
85    2    0.148    2    1   1    0.49
38    1    0.000    1    1   1    0.70
89    2    0.088    1    2   0    1.10
93    2    0.000    1    2   0    0.66
90    2    0.148    2    1   1    0.44
31    1    -0.148    2    2   1    0.44
80    2    0.148    2    1   1    0.47
17    1    -0.088    2    2   1    0.37
114    2    0.088    2    1   1    0.40
146    2    -0.148    1    2   1    0.60
142    2    -0.088    1    2   1    0.39
16    1    -0.148    2    2   1    0.44
44    1    0.088    1    1   1    0.71
10    1    0.148    1    1   1    0.47
132    2    -0.088    1    2   1    1.62
139    2    0.088    2    1   1    0.89
119    2    0.088    2    1   1    1.74
118    2    0.000    1    2   0    0.66
128    2    0.000    1    2   0    3.12
136    2    -0.148    1    2   1    0.53
95    2    0.148    2    1   1    0.60
105    2    0.148    1    2   0    0.27
75    2    0.148    2    1   1    0.67
130    2    0.148    2    1   1    0.52
147    2    -0.088    1    2   1    0.67
83    2    0.000    1    2   0    0.55
67    1    -0.088    2    2   1    0.70
51    1    -0.148    2    2   1    0.63
69    1    0.088    1    1   1    0.60
56    1    -0.148    2    2   1    0.48
144    2    0.088    2    1   1    1.10
35    1    0.148    1    1   1    0.57
88    2    0.000    1    2   0    3.19
124    2    0.088    2    1   1    0.56
5    1    0.148    1    1   1    0.58
58    1    0.000    1    1   1    0.75
106    2    -0.148    1    2   1    1.41
2    1    -0.088    2    2   1    0.64
23    1    0.000    1    1   1    0.84
54    1    0.088    1    1   1    0.64
96    2    -0.148    1    2   1    0.57
40    1    0.148    1    1   1    0.79
134    2    0.088    2    1   1    0.86
52    1    -0.088    2    2   1    0.59
21    1    -0.148    2    2   1    0.54
61    1    -0.148    2    2   1    0.54
27    1    -0.088    2    2   1    0.99
126    2    -0.148    1    2   1    0.68
111    2    -0.148    1    2   1    0.66
98    2    0.000    1    2   0    0.86
64    1    0.088    1    1   1    0.60
94    2    0.088    2    1   1    0.47
55    1    0.148    1    1   1    0.73
63    1    0.000    1    1   1    0.75
47    1    -0.088    2    2   1    0.45
26    1    -0.148    2    2   1    0.48
78    2    0.000    1    2   0    0.67
115    2    0.148    2    1   1    0.60
113    2    0.000    1    2   0    0.80
117    2    -0.088    1    2   1    0.75
62    1    -0.088    2    2   1    0.94
86    2    -0.148    1    2   1    0.57
72    1    -0.088    2    2   1    0.43
18    1    0.000    1    1   1    0.78
133    2    0.000    2    1   1    0.49
36    1    -0.148    2    2   1    0.69
29    1    0.088    1    1   1    0.47
19    1    0.088    1    1   1    0.56
30    1    0.148    1    1   1    0.50
121    2    -0.148    1    2   1    0.65
101    2    -0.148    1    2   1    1.21
92    2    -0.088    1    2   1    0.62
25    1    0.148    1    1   1    0.53
70    1    0.148    1    1   1    0.51
34    1    0.088    1    1   1    0.63
12    1    -0.088    2    2   1    0.57
37    1    -0.088    2    2   1    0.50
109    2    0.088    2    1   1    0.53
20    1    0.148    1    1   1    0.53
145    2    0.148    2    1   1    0.60
122    2    -0.088    1    2   1    0.52
1    1    -0.148    2    2   1    0.55
108    2    0.000    1    2   0    0.79
50    1    0.148    1    1   1    0.86
100    2    0.148    2    1   1    0.54
68    1    0.000    1    1   1    0.67
7    1    -0.088    2    2   1    0.60
33    1    0.000    1    1   1    0.56
60    1    0.148    1    1   1    0.88
129    2    0.088    2    1   1    0.48
79    2    0.088    2    1   1    0.55
43    1    0.000    1    1   1    0.85
82    2    -0.088    1    2   1    0.82
84    2    0.088    2    1   1    0.57
39    1    0.088    1    1   1    0.83
73    1    0.000    1    1   1    0.77
143    2    0.000    2    1   1    0.75
137    2    -0.088    1    2   1    0.55
131    2    -0.148    1    2   1    0.58
123    2    0.000    1    2   0    0.80
15    1    0.148    1    1   1    0.63
8    1    0.000    1    1   1    0.69
46    1    -0.148    2    2   1    0.68
148    2    0.000    1    2   0    1.13
6    1    -0.148    2    2   1    0.80
91    2    -0.148    1    2   1    0.57
65    1    0.148    1    1   1    0.57
14    1    0.088    1    1   1    0.56
97    2    -0.088    1    2   1    0.68
9    1    0.088    1    1   1    0.65
48    1    0.000    2    2   0    0.61
