--------------------------------
19-Dec-2014 11:37:43 
data from observer A24 
#occlusion2 expt 
reference disparity (degrees) 0.160000 

stim order disp kresp testresp correct time
1    1    0.074    1    1   1    1.08
2    2    0.069    2    1   1    0.54
3    1    0.065    1    1   1    0.53
4    2    0.060    1    2   0    1.11
5    1    0.069    1    1   1    0.49
6    1    -0.069    2    2   1    0.49
7    1    0.065    1    1   1    0.45
8    1    0.065    1    1   1    0.53
9    2    0.060    2    1   1    0.60
10    2    0.060    2    1   1    0.59
11    2    -0.055    1    2   1    0.46
12    2    0.055    2    1   1    0.54
13    2    -0.051    1    2   1    0.48
14    1    0.051    1    1   1    0.44
15    1    -0.046    2    2   1    0.63
16    1    0.046    2    2   0    0.14
17    1    -0.055    2    2   1    0.62
18    1    -0.055    2    2   1    0.49
19    2    -0.051    1    2   1    0.60
20    1    -0.051    1    1   0    0.56
21    1    0.060    1    1   1    0.55
22    2    -0.060    1    2   1    1.29
23    1    -0.055    2    2   1    0.51
24    1    0.055    1    1   1    0.79
25    1    -0.051    2    2   1    0.59
26    2    0.051    2    1   1    0.61
27    1    0.046    1    1   1    0.60
28    2    0.046    2    1   1    0.53
29    1    -0.042    2    2   1    0.52
30    1    -0.042    1    1   0    0.98
31    1    0.051    1    1   1    0.65
32    2    -0.051    1    2   1    0.66
33    1    0.046    1    1   1    0.50
34    2    0.046    2    1   1    0.76
35    2    0.042    2    1   1    0.72
36    2    -0.042    1    2   1    0.50
37    1    -0.037    2    2   1    0.63
38    1    0.037    1    1   1    0.60
39    1    -0.032    2    2   1    0.77
40    2    0.032    2    1   1    0.76
41    2    0.028    1    2   0    1.09
42    2    -0.037    1    2   1    0.65
43    1    -0.037    1    1   0    0.74
44    1    0.046    1    1   1    0.66
45    2    0.046    2    1   1    0.54
46    1    -0.042    2    2   1    0.66
47    1    0.042    1    1   1    0.66
48    1    -0.037    2    2   1    0.59
49    1    0.037    1    1   1    0.51
50    2    0.032    2    1   1    0.60
-------------------------
Final staircase threshold estimate (mean) is 0.0383
-------------------------
121    2    -0.097    1    2   1    1.41
14    1    0.037    1    1   1    0.59
90    2    0.097    2    1   1    0.95
149    2    0.037    1    2   0    0.69
111    2    -0.097    1    2   1    0.50
23    1    0.000    1    1   1    0.65
117    2    -0.037    1    2   1    0.54
15    1    0.097    1    1   1    0.62
57    1    -0.037    2    2   1    0.56
137    2    -0.037    1    2   1    1.14
76    2    -0.097    1    2   1    0.55
81    2    -0.097    1    2   1    0.57
5    1    0.097    1    1   1    0.61
87    2    -0.037    1    2   1    0.57
136    2    -0.097    1    2   1    0.73
96    2    -0.097    1    2   1    0.59
129    2    0.037    2    1   1    0.48
122    2    -0.037    1    2   1    0.53
45    1    0.097    1    1   1    0.49
1    1    -0.097    2    2   1    0.45
128    2    0.000    1    2   0    0.77
100    2    0.097    2    1   1    0.48
74    1    0.037    1    1   1    0.59
75    2    0.097    2    1   1    0.49
22    1    -0.037    2    2   1    0.56
50    1    0.097    1    1   1    0.53
101    2    -0.097    1    2   1    0.53
86    2    -0.097    1    2   1    0.50
8    1    0.000    1    1   1    0.70
61    1    -0.097    2    2   1    0.41
67    1    -0.037    1    1   0    0.61
133    2    0.000    1    2   0    0.95
115    2    0.097    2    1   1    0.64
139    2    0.037    2    1   1    0.60
54    1    0.037    1    1   1    0.55
135    2    0.097    2    1   1    0.47
116    2    -0.097    1    2   1    0.35
9    1    0.037    1    1   1    0.55
150    2    0.097    2    1   1    0.47
3    1    0.000    1    1   1    0.52
124    2    0.037    1    2   0    0.46
20    1    0.097    2    2   0    0.27
44    1    0.037    1    1   1    0.49
85    2    0.097    2    1   1    1.09
134    2    0.037    1    2   0    1.18
56    1    -0.097    2    2   1    0.54
91    2    -0.097    1    2   1    0.47
145    2    0.097    2    1   1    0.35
99    2    0.037    1    2   0    1.06
11    1    -0.097    2    2   1    0.47
92    2    -0.037    1    2   1    0.52
41    1    -0.097    2    2   1    0.51
7    1    -0.037    2    2   1    0.62
36    1    -0.097    2    2   1    0.73
16    1    -0.097    1    1   0    1.00
4    1    0.037    1    1   1    1.21
123    2    0.000    1    2   0    0.61
72    1    -0.037    2    2   1    0.90
103    2    0.000    1    2   0    0.46
10    1    0.097    1    1   1    0.55
70    1    0.097    1    1   1    0.50
49    1    0.037    1    1   1    0.55
55    1    0.097    1    1   1    0.53
118    2    0.000    1    2   0    0.48
82    2    -0.037    1    2   1    0.54
32    1    -0.037    1    1   0    0.99
29    1    0.037    1    1   1    0.62
68    1    0.000    1    1   1    1.22
138    2    0.000    1    2   0    1.02
60    1    0.097    1    1   1    0.63
89    2    0.037    2    1   1    0.91
66    1    -0.097    2    2   1    0.67
130    2    0.097    2    1   1    0.69
142    2    -0.037    1    2   1    0.70
47    1    -0.037    1    1   0    1.23
95    2    0.097    2    1   1    0.70
58    1    0.000    1    1   1    0.91
131    2    -0.097    1    2   1    0.68
97    2    -0.037    1    2   1    0.57
65    1    0.097    1    1   1    0.53
105    2    0.097    2    1   1    0.77
119    2    0.037    2    1   1    0.93
53    1    0.000    1    1   1    0.45
109    2    0.037    2    1   1    1.18
19    1    0.037    1    1   1    0.62
110    2    0.097    2    1   1    0.73
108    2    0.000    1    2   0    0.49
13    1    0.000    1    1   1    0.71
51    1    -0.097    2    2   1    0.63
71    1    -0.097    1    1   0    0.46
88    2    0.000    1    2   0    0.64
114    2    0.037    1    2   0    0.72
132    2    -0.037    1    2   1    0.58
12    1    -0.037    1    1   0    0.49
77    2    -0.037    1    2   1    0.47
143    2    0.000    1    2   0    0.41
141    2    -0.097    1    2   1    0.47
98    2    0.000    1    2   0    0.57
24    1    0.037    1    1   1    0.48
120    2    0.097    2    1   1    0.74
80    2    0.097    2    1   1    0.61
73    1    0.000    1    1   1    0.69
37    1    -0.037    2    2   1    0.51
25    1    0.097    1    1   1    0.22
27    1    -0.037    2    2   1    0.93
64    1    0.037    1    1   1    0.63
17    1    -0.037    1    1   0    1.30
6    1    -0.097    2    2   1    0.86
93    2    0.000    1    2   0    0.52
79    2    0.037    1    2   0    0.65
63    1    0.000    2    2   0    0.48
39    1    0.037    1    1   1    0.47
18    1    0.000    2    2   0    0.86
106    2    -0.097    1    2   1    0.44
46    1    -0.097    2    2   1    0.60
2    1    -0.037    2    2   1    1.13
104    2    0.037    2    1   1    0.58
94    2    0.037    2    1   1    0.74
42    1    -0.037    2    2   1    0.65
148    2    0.000    1    2   0    0.37
84    2    0.037    2    1   1    0.56
33    1    0.000    1    1   1    0.51
83    2    0.000    2    1   1    0.54
78    2    0.000    1    2   0    0.35
59    1    0.037    1    1   1    0.65
21    1    -0.097    2    2   1    0.56
62    1    -0.037    1    1   0    0.35
147    2    -0.037    2    1   0    0.31
34    1    0.037    1    1   1    0.49
26    1    -0.097    2    2   1    0.60
113    2    0.000    1    2   0    1.15
146    2    -0.097    1    2   1    0.85
52    1    -0.037    1    1   0    1.05
40    1    0.097    1    1   1    0.65
35    1    0.097    1    1   1    1.23
126    2    -0.097    1    2   1    1.06
112    2    -0.037    1    2   1    0.63
38    1    0.000    1    1   1    0.63
28    1    0.000    1    1   1    0.93
125    2    0.097    1    2   0    0.60
107    2    -0.037    1    2   1    0.84
127    2    -0.037    1    2   1    0.70
30    1    0.097    1    1   1    0.63
48    1    0.000    1    1   1    2.11
144    2    0.037    2    1   1    1.04
31    1    -0.097    1    1   0    1.80
43    1    0.000    2    2   0    0.76
69    1    0.037    1    1   1    1.22
140    2    0.097    2    1   1    0.61
102    2    -0.037    1    2   1    0.67
