--------------------------------
19-Dec-2014 11:25:44 
data from observer A24 
#occlusion2 expt 
reference disparity (degrees) 0.160000 

stim order disp kresp testresp correct time
1    2    -0.074    1    2   1    0.80
2    1    0.069    1    1   1    0.59
3    1    -0.065    2    2   1    0.57
4    2    -0.060    1    2   1    0.60
5    2    0.055    2    1   1    1.45
6    2    -0.051    1    2   1    0.67
7    1    -0.046    1    1   0    0.72
8    2    -0.055    1    2   1    0.95
9    2    -0.055    2    1   0    0.57
10    2    0.065    2    1   1    0.92
11    2    -0.065    1    2   1    0.53
12    1    0.060    2    2   0    0.48
13    1    -0.069    1    1   0    0.70
14    2    0.079    2    1   1    0.79
15    1    0.079    1    1   1    0.55
16    2    -0.074    1    2   1    1.72
17    2    -0.074    2    1   0    1.61
18    1    -0.083    1    1   0    0.31
19    2    0.092    2    1   1    0.43
20    2    -0.092    1    2   1    0.54
21    1    0.088    1    1   1    1.10
22    2    0.088    2    1   1    0.80
23    2    0.083    1    2   0    0.50
24    1    -0.092    2    2   1    1.18
25    1    0.092    1    1   1    0.60
26    2    0.088    2    1   1    1.41
27    2    0.088    1    2   0    0.49
28    1    0.097    2    2   0    0.34
29    2    0.106    1    2   0    0.23
30    2    -0.115    2    1   0    0.48
31    1    0.125    1    1   1    0.00
32    1    0.125    1    1   1    0.81
33    1    0.120    1    1   1    0.62
34    2    0.120    2    1   1    0.62
35    1    0.115    1    1   1    0.60
36    1    0.115    1    1   1    1.52
37    2    0.111    2    1   1    0.68
38    1    0.111    1    1   1    0.53
39    2    -0.106    2    1   0    0.33
40    2    0.115    1    2   0    0.23
41    2    -0.125    2    1   0    0.63
42    1    -0.134    2    2   1    0.72
43    2    -0.134    2    1   0    0.67
44    1    -0.143    1    1   0    0.33
45    1    0.148    1    1   1    0.77
46    1    -0.148    1    1   0    0.77
47    2    -0.148    1    2   1    0.61
48    2    -0.148    2    1   0    0.59
49    2    0.148    1    2   0    0.49
50    1    0.148    1    1   1    0.61
-------------------------
Final staircase threshold estimate (mean) is 0.1422
-------------------------
14    1    0.143    1    1   1    3.08
56    1    -0.148    1    1   0    0.62
86    2    -0.148    1    2   1    1.98
68    1    0.000    1    1   1    0.63
115    2    0.148    2    1   1    0.57
77    2    -0.143    1    2   1    0.55
117    2    -0.143    1    2   1    0.69
28    1    0.000    2    2   0    0.75
70    1    0.148    1    1   1    0.48
89    2    0.143    2    1   1    0.65
101    2    -0.148    1    2   1    0.59
72    1    -0.143    1    1   0    0.54
91    2    -0.148    2    1   0    0.41
33    1    0.000    1    1   1    1.27
37    1    -0.143    2    2   1    0.44
19    1    0.143    1    1   1    0.49
83    2    0.000    1    2   0    0.53
90    2    0.148    1    2   0    0.42
8    1    0.000    2    2   0    0.00
47    1    -0.143    2    2   1    1.78
9    1    0.143    1    1   1    0.62
94    2    0.143    2    1   1    0.65
69    1    0.143    1    1   1    0.72
65    1    0.148    1    1   1    0.59
63    1    0.000    1    1   1    1.00
52    1    -0.143    2    2   1    0.58
25    1    0.148    1    1   1    0.64
116    2    -0.148    1    2   1    0.65
61    1    -0.148    2    2   1    0.61
38    1    0.000    2    2   0    0.80
54    1    0.143    1    1   1    1.33
100    2    0.148    1    2   0    5.13
36    1    -0.148    2    2   1    3.17
55    1    0.148    1    1   1    0.65
78    2    0.000    2    1   1    0.85
7    1    -0.143    1    1   0    0.58
137    2    -0.143    1    2   1    1.54
93    2    0.000    1    2   0    2.62
99    2    0.143    2    1   1    0.67
129    2    0.143    2    1   1    0.72
108    2    0.000    1    2   0    1.04
134    2    0.143    2    1   1    0.49
58    1    0.000    1    1   1    0.61
143    2    0.000    2    1   1    0.58
128    2    0.000    1    2   0    0.49
127    2    -0.143    2    1   0    0.66
57    1    -0.143    1    1   0    0.38
13    1    0.000    2    2   0    0.47
43    1    0.000    1    1   1    0.56
6    1    -0.148    2    2   1    0.37
142    2    -0.143    1    2   1    0.45
16    1    -0.148    2    2   1    0.06
76    2    -0.148    1    2   1    2.04
3    1    0.000    1    1   1    0.63
149    2    0.143    1    2   0    0.81
138    2    0.000    2    1   1    0.72
62    1    -0.143    1    1   0    0.62
31    1    -0.148    1    1   0    0.75
60    1    0.148    2    2   0    0.50
4    1    0.143    1    1   1    0.52
123    2    0.000    1    2   0    0.57
32    1    -0.143    2    2   1    0.31
139    2    0.143    1    2   0    0.55
150    2    0.148    1    2   0    1.18
23    1    0.000    2    2   0    0.70
74    1    0.143    1    1   1    0.57
121    2    -0.148    2    1   0    0.78
5    1    0.148    1    1   1    0.44
42    1    -0.143    2    2   1    0.92
119    2    0.143    1    2   0    0.33
88    2    0.000    2    1   1    0.57
104    2    0.143    1    2   0    0.97
11    1    -0.148    2    2   1    0.67
122    2    -0.143    1    2   1    0.11
140    2    0.148    2    1   1    0.58
103    2    0.000    1    2   0    0.75
22    1    -0.143    1    1   0    1.45
95    2    0.148    1    2   0    2.43
141    2    -0.148    2    1   0    0.55
80    2    0.148    1    2   0    0.64
26    1    -0.148    1    1   0    0.71
45    1    0.148    2    2   0    0.65
2    1    -0.143    1    1   0    0.44
34    1    0.143    1    1   1    0.71
21    1    -0.148    2    2   1    1.01
111    2    -0.148    1    2   1    0.36
59    1    0.143    1    1   1    0.54
20    1    0.148    2    2   0    0.29
147    2    -0.143    1    2   1    0.54
146    2    -0.148    2    1   0    1.15
92    2    -0.143    1    2   1    0.72
15    1    0.148    1    1   1    2.16
97    2    -0.143    1    2   1    1.32
27    1    -0.143    2    2   1    0.91
136    2    -0.148    1    2   1    0.72
41    1    -0.148    2    2   1    0.72
126    2    -0.148    1    2   1    0.80
1    1    -0.148    2    2   1    1.96
114    2    0.143    1    2   0    1.24
44    1    0.143    1    1   1    0.85
29    1    0.143    1    1   1    0.81
17    1    -0.143    2    2   1    0.71
102    2    -0.143    2    1   0    0.93
46    1    -0.148    1    1   0    0.84
73    1    0.000    1    1   1    0.85
39    1    0.143    1    1   1    0.68
48    1    0.000    1    1   1    2.82
109    2    0.143    2    1   1    0.61
87    2    -0.143    2    1   0    1.06
66    1    -0.148    1    1   0    0.85
49    1    0.143    1    1   1    1.46
98    2    0.000    2    1   1    0.75
144    2    0.143    2    1   1    0.70
130    2    0.148    1    2   0    1.02
79    2    0.143    1    2   0    1.02
40    1    0.148    1    1   1    0.84
85    2    0.148    1    2   0    1.37
148    2    0.000    2    1   1    0.83
82    2    -0.143    1    2   1    1.00
12    1    -0.143    2    2   1    0.83
67    1    -0.143    1    1   0    3.82
110    2    0.148    2    1   1    0.59
107    2    -0.143    1    2   1    0.95
131    2    -0.148    2    1   0    0.77
120    2    0.148    1    2   0    0.57
135    2    0.148    2    1   1    1.57
75    2    0.148    1    2   0    2.59
133    2    0.000    1    2   0    1.37
71    1    -0.148    2    2   1    0.84
112    2    -0.143    1    2   1    0.67
132    2    -0.143    1    2   1    0.71
51    1    -0.148    2    2   1    0.58
64    1    0.143    1    1   1    0.28
30    1    0.148    2    2   0    0.42
18    1    0.000    1    1   1    0.22
105    2    0.148    2    1   1    0.80
81    2    -0.148    1    2   1    0.49
35    1    0.148    2    2   0    0.41
125    2    0.148    1    2   0    0.31
124    2    0.143    1    2   0    1.12
113    2    0.000    1    2   0    0.67
50    1    0.148    2    2   0    0.53
96    2    -0.148    1    2   1    0.39
145    2    0.148    2    1   1    0.62
118    2    0.000    1    2   0    0.69
10    1    0.148    1    1   1    0.62
53    1    0.000    1    1   1    0.91
106    2    -0.148    2    1   0    0.44
24    1    0.143    1    1   1    0.90
84    2    0.143    2    1   1    0.35
