--------------------------------
19-Dec-2014 10:32:37 
data from observer A24 
#occlusion2 expt 
reference disparity (degrees) 0.160000 

stim order disp kresp testresp correct time
1    2    0.074    1    2   1    5.67
2    1    0.069    2    2   1    2.43
3    1    -0.065    2    2   0    0.97
4    1    0.074    1    1   0    0.69
5    1    0.083    1    1   0    1.48
6    2    -0.092    2    1   1    0.79
7    1    0.092    1    1   0    0.96
8    2    -0.102    2    1   1    0.69
9    2    -0.102    1    2   0    0.56
10    2    0.111    2    1   0    0.78
11    2    0.120    2    1   0    0.77
12    1    0.129    1    1   0    0.67
13    1    0.139    1    1   0    0.91
14    1    0.148    2    2   1    0.59
15    2    -0.148    1    2   0    1.25
16    1    -0.148    1    1   1    0.94
17    2    0.148    2    1   0    0.57
18    2    -0.148    1    2   0    0.59
19    1    0.148    1    1   0    0.94
20    2    -0.148    1    2   0    1.00
21    2    -0.148    2    1   1    0.70
22    2    -0.148    1    2   0    0.70
23    1    0.148    1    1   0    0.75
24    2    0.148    2    1   0    0.56
25    1    0.148    1    1   0    1.15
26    2    -0.148    1    2   0    1.00
27    1    -0.148    1    1   1    0.75
28    2    0.148    2    1   0    0.50
29    2    0.148    1    2   1    0.70
30    1    0.148    1    1   0    0.83
31    2    -0.148    2    1   1    1.05
32    2    -0.148    1    2   0    0.60
33    1    0.148    1    1   0    0.75
34    1    0.148    2    2   1    1.35
35    1    -0.148    1    1   1    2.88
36    2    -0.143    2    1   1    0.69
37    1    0.143    1    1   0    0.72
38    2    -0.148    1    2   0    2.04
39    2    0.148    1    2   1    0.91
40    2    0.148    2    1   0    0.61
41    2    0.148    1    2   1    0.74
42    1    0.148    1    1   0    0.74
43    1    0.148    2    2   1    0.47
44    2    0.148    1    2   1    2.18
45    1    0.143    2    2   1    0.76
46    2    -0.143    1    2   0    0.60
47    1    -0.148    2    2   0    0.62
48    1    -0.148    2    2   0    0.72
49    2    -0.148    1    2   0    0.81
50    2    0.148    2    1   0    0.65
-------------------------
Final staircase threshold estimate (mean) is 0.1468
-------------------------
96    2    -0.148    1    2   1    1.70
141    2    -0.148    1    2   1    0.72
147    2    -0.143    1    2   1    0.71
71    1    -0.148    2    2   1    0.77
65    1    0.148    1    1   1    0.66
114    2    0.143    1    2   0    0.57
109    2    0.143    2    1   1    0.43
29    1    0.143    1    1   1    0.47
111    2    -0.148    1    2   1    0.77
23    1    0.000    2    2   0    0.69
2    1    -0.143    1    1   0    0.34
79    2    0.143    1    2   0    0.46
47    1    -0.143    2    2   1    0.35
115    2    0.148    2    1   1    0.83
43    1    0.000    2    2   0    0.58
11    1    -0.148    1    1   0    0.38
18    1    0.000    2    2   0    0.64
80    2    0.148    1    2   0    0.37
40    1    0.148    2    2   0    0.49
33    1    0.000    1    1   1    0.44
140    2    0.148    2    1   1    0.39
84    2    0.143    2    1   1    0.59
127    2    -0.143    2    1   0    0.56
90    2    0.148    1    2   0    0.32
50    1    0.148    2    2   0    0.23
28    1    0.000    1    1   1    0.46
97    2    -0.143    2    1   0    0.34
121    2    -0.148    1    2   1    0.31
120    2    0.148    2    1   1    0.34
142    2    -0.143    1    2   1    0.42
21    1    -0.148    2    2   1    0.69
139    2    0.143    2    1   1    0.61
92    2    -0.143    1    2   1    0.85
63    1    0.000    2    2   0    0.28
1    1    -0.148    1    1   0    0.71
134    2    0.143    2    1   1    0.34
48    1    0.000    1    1   1    0.65
98    2    0.000    2    1   1    0.37
102    2    -0.143    1    2   1    0.42
89    2    0.143    2    1   1    0.28
32    1    -0.143    2    2   1    0.66
56    1    -0.148    1    1   0    0.37
146    2    -0.148    2    1   0    0.24
101    2    -0.148    1    2   1    0.58
123    2    0.000    2    1   1    0.39
57    1    -0.143    1    1   0    0.40
12    1    -0.143    2    2   1    0.22
66    1    -0.148    1    1   0    0.33
75    2    0.148    2    1   1    0.46
68    1    0.000    1    1   1    0.65
122    2    -0.143    1    2   1    0.92
10    1    0.148    2    2   0    0.54
119    2    0.143    2    1   1    0.62
85    2    0.148    1    2   0    0.61
118    2    0.000    2    1   1    0.27
5    1    0.148    2    2   0    0.55
34    1    0.143    1    1   1    0.48
87    2    -0.143    2    1   0    0.36
55    1    0.148    1    1   1    0.65
52    1    -0.143    1    1   0    2.83
145    2    0.148    2    1   1    0.55
9    1    0.143    1    1   1    0.57
95    2    0.148    2    1   1    0.62
112    2    -0.143    1    2   1    0.55
103    2    0.000    2    1   1    0.51
27    1    -0.143    2    2   1    0.69
60    1    0.148    1    1   1    0.69
150    2    0.148    2    1   1    0.29
70    1    0.148    1    1   1    0.83
61    1    -0.148    2    2   1    0.54
59    1    0.143    1    1   1    0.59
14    1    0.143    2    2   0    0.86
19    1    0.143    1    1   1    0.55
126    2    -0.148    1    2   1    1.47
113    2    0.000    2    1   1    0.52
42    1    -0.143    1    1   0    0.58
125    2    0.148    2    1   1    1.93
76    2    -0.148    1    2   1    2.14
45    1    0.148    1    1   1    0.81
137    2    -0.143    1    2   1    1.01
26    1    -0.148    2    2   1    0.59
106    2    -0.148    1    2   1    2.32
144    2    0.143    2    1   1    0.86
16    1    -0.148    1    1   0    0.33
117    2    -0.143    2    1   0    0.28
143    2    0.000    1    2   0    0.63
13    1    0.000    1    1   1    2.02
110    2    0.148    2    1   1    0.59
24    1    0.143    1    1   1    0.30
20    1    0.148    2    2   0    0.17
72    1    -0.143    1    1   0    0.55
100    2    0.148    2    1   1    0.59
73    1    0.000    1    1   1    0.94
22    1    -0.143    2    2   1    0.62
69    1    0.143    1    1   1    0.78
8    1    0.000    2    2   0    0.47
135    2    0.148    2    1   1    0.58
107    2    -0.143    1    2   1    0.53
149    2    0.143    2    1   1    0.66
51    1    -0.148    1    1   0    0.67
15    1    0.148    2    2   0    0.57
41    1    -0.148    1    1   0    0.55
74    1    0.143    1    1   1    0.70
81    2    -0.148    2    1   0    0.60
49    1    0.143    1    1   1    0.42
54    1    0.143    2    2   0    0.27
131    2    -0.148    1    2   1    0.77
37    1    -0.143    1    1   0    0.98
91    2    -0.148    1    2   1    1.20
129    2    0.143    1    2   0    0.65
86    2    -0.148    2    1   0    0.00
77    2    -0.143    1    2   1    1.06
108    2    0.000    2    1   1    0.26
136    2    -0.148    2    1   0    0.69
94    2    0.143    1    2   0    0.33
7    1    -0.143    2    2   1    0.54
30    1    0.148    1    1   1    1.14
82    2    -0.143    1    2   1    0.83
53    1    0.000    1    1   1    2.03
67    1    -0.143    2    2   1    0.48
46    1    -0.148    1    1   0    0.27
124    2    0.143    2    1   1    0.42
4    1    0.143    1    1   1    0.59
31    1    -0.148    2    2   1    0.34
17    1    -0.143    1    1   0    0.32
148    2    0.000    2    1   1    0.28
35    1    0.148    1    1   1    0.80
6    1    -0.148    2    2   1    0.85
130    2    0.148    2    1   1    0.71
36    1    -0.148    2    2   1    0.92
25    1    0.148    1    1   1    0.53
138    2    0.000    2    1   1    0.70
88    2    0.000    1    2   0    0.46
93    2    0.000    2    1   1    0.58
99    2    0.143    2    1   1    0.83
64    1    0.143    1    1   1    0.62
128    2    0.000    2    1   1    0.52
78    2    0.000    2    1   1    0.90
44    1    0.143    1    1   1    0.66
3    1    0.000    2    2   0    1.26
104    2    0.143    1    2   0    0.74
58    1    0.000    2    2   0    0.82
116    2    -0.148    1    2   1    0.51
105    2    0.148    2    1   1    0.72
39    1    0.143    1    1   1    0.68
62    1    -0.143    2    2   1    2.11
38    1    0.000    1    1   1    0.65
133    2    0.000    2    1   1    0.57
132    2    -0.143    1    2   1    0.59
83    2    0.000    2    1   1    0.63
