--------------------------------
19-Dec-2014 11:31:59 
data from observer A24 
#occlusion2 expt 
reference disparity (degrees) 0.160000 

stim order disp kresp testresp correct time
1    1    0.074    1    1   1    2.44
2    2    -0.069    1    2   1    0.56
3    1    0.065    1    1   1    0.77
4    1    -0.060    1    1   0    0.65
5    2    0.069    2    1   1    0.53
6    2    -0.069    1    2   1    0.44
7    1    -0.065    2    2   1    0.60
8    2    -0.065    1    2   1    0.67
9    2    0.060    2    1   1    0.47
10    2    -0.060    1    2   1    0.45
11    2    0.055    2    1   1    0.52
12    2    -0.055    1    2   1    0.58
13    1    0.051    1    1   1    0.64
14    2    0.051    2    1   1    0.51
15    2    0.046    1    2   0    0.58
16    2    -0.055    1    2   1    0.55
17    2    -0.055    1    2   1    0.58
18    1    -0.051    2    2   1    0.61
19    1    0.051    1    1   1    0.58
20    1    0.046    1    1   1    0.63
21    1    -0.046    2    2   1    0.66
22    1    0.042    1    1   1    0.52
23    2    -0.042    1    2   1    0.42
24    1    -0.037    1    1   0    0.41
25    1    0.046    2    2   0    0.91
26    1    -0.055    2    2   1    0.66
27    1    -0.055    2    2   1    0.63
28    1    0.051    1    1   1    0.56
29    1    0.051    1    1   1    0.73
30    2    0.046    2    1   1    0.65
31    2    0.046    2    1   1    0.95
32    2    -0.042    1    2   1    1.11
33    1    -0.042    2    2   1    0.99
34    2    -0.037    1    2   1    0.62
35    2    -0.037    1    2   1    0.56
36    2    0.032    2    1   1    0.49
37    1    -0.032    1    1   0    0.83
38    1    0.042    1    1   1    0.65
39    1    -0.042    2    2   1    0.53
40    1    -0.037    2    2   1    0.55
41    2    0.037    2    1   1    0.51
42    2    0.032    2    1   1    0.51
43    1    0.032    1    1   1    0.50
44    2    -0.028    1    2   1    0.67
45    1    -0.028    2    2   1    0.55
46    2    0.023    2    1   1    0.87
47    1    -0.023    1    1   0    0.70
48    2    0.032    2    1   1    0.56
49    2    -0.032    1    2   1    0.54
50    2    0.028    2    1   1    0.97
-------------------------
Final staircase threshold estimate (mean) is 0.0296
-------------------------
90    2    0.074    2    1   1    1.32
80    2    0.074    2    1   1    0.62
97    2    -0.028    1    2   1    0.49
30    1    0.074    1    1   1    0.45
100    2    0.074    2    1   1    2.62
120    2    0.074    2    1   1    0.66
42    1    -0.028    2    2   1    0.74
77    2    -0.028    1    2   1    0.45
144    2    0.028    2    1   1    0.57
87    2    -0.028    1    2   1    0.45
6    1    -0.074    2    2   1    0.50
25    1    0.074    1    1   1    0.41
58    1    0.000    1    1   1    0.57
142    2    -0.028    1    2   1    0.49
48    1    0.000    1    1   1    0.55
99    2    0.028    1    2   0    1.23
68    1    0.000    1    1   1    0.66
9    1    0.028    1    1   1    0.97
26    1    -0.074    2    2   1    0.50
55    1    0.074    1    1   1    0.62
114    2    0.028    2    1   1    0.59
117    2    -0.028    1    2   1    0.54
132    2    -0.028    1    2   1    0.64
34    1    0.028    1    1   1    0.69
52    1    -0.028    1    1   0    0.51
140    2    0.074    2    1   1    0.47
54    1    0.028    1    1   1    0.52
3    1    0.000    1    1   1    1.19
19    1    0.028    1    1   1    0.55
40    1    0.074    1    1   1    0.50
43    1    0.000    1    1   1    0.61
133    2    0.000    1    2   0    0.90
4    1    0.028    1    1   1    0.63
62    1    -0.028    2    2   1    0.69
51    1    -0.074    2    2   1    0.50
39    1    0.028    1    1   1    0.76
7    1    -0.028    1    1   0    1.11
136    2    -0.074    1    2   1    0.74
104    2    0.028    1    2   0    1.43
121    2    -0.074    1    2   1    0.59
73    1    0.000    1    1   1    1.28
37    1    -0.028    2    2   1    0.69
13    1    0.000    1    1   1    0.83
138    2    0.000    1    2   0    0.64
1    1    -0.074    2    2   1    0.74
149    2    0.028    2    1   1    0.68
56    1    -0.074    2    2   1    0.79
137    2    -0.028    1    2   1    0.77
75    2    0.074    2    1   1    0.67
86    2    -0.074    1    2   1    0.55
66    1    -0.074    2    2   1    0.36
95    2    0.074    1    2   0    0.64
57    1    -0.028    2    2   1    0.55
122    2    -0.028    1    2   1    0.95
93    2    0.000    1    2   0    0.58
125    2    0.074    1    2   0    0.57
98    2    0.000    2    1   1    0.75
128    2    0.000    1    2   0    0.77
18    1    0.000    1    1   1    0.65
20    1    0.074    1    1   1    0.49
70    1    0.074    1    1   1    0.54
147    2    -0.028    1    2   1    0.52
96    2    -0.074    1    2   1    0.63
139    2    0.028    2    1   1    0.66
28    1    0.000    1    1   1    1.04
85    2    0.074    2    1   1    0.46
67    1    -0.028    1    1   0    0.37
94    2    0.028    2    1   1    0.59
33    1    0.000    1    1   1    0.63
17    1    -0.028    2    2   1    0.59
21    1    -0.074    2    2   1    0.60
12    1    -0.028    2    2   1    0.72
110    2    0.074    2    1   1    0.49
107    2    -0.028    1    2   1    0.64
38    1    0.000    1    1   1    0.57
5    1    0.074    1    1   1    0.51
29    1    0.028    1    1   1    0.66
60    1    0.074    1    1   1    0.83
101    2    -0.074    1    2   1    0.43
116    2    -0.074    1    2   1    0.45
45    1    0.074    1    1   1    0.46
27    1    -0.028    2    2   1    0.52
31    1    -0.074    2    2   1    0.60
46    1    -0.074    2    2   1    0.46
74    1    0.028    1    1   1    0.60
148    2    0.000    1    2   0    0.55
10    1    0.074    1    1   1    0.52
102    2    -0.028    1    2   1    0.63
24    1    0.028    1    1   1    0.51
134    2    0.028    2    1   1    0.57
123    2    0.000    1    2   0    0.98
32    1    -0.028    2    2   1    0.59
8    1    0.000    1    1   1    0.46
129    2    0.028    2    1   1    0.57
16    1    -0.074    1    1   0    0.52
53    1    0.000    1    1   1    0.94
92    2    -0.028    1    2   1    0.74
64    1    0.028    1    1   1    0.56
112    2    -0.028    1    2   1    0.53
71    1    -0.074    2    2   1    0.56
91    2    -0.074    1    2   1    0.46
59    1    0.028    1    1   1    0.54
83    2    0.000    1    2   0    0.55
126    2    -0.074    1    2   1    0.78
106    2    -0.074    1    2   1    0.42
23    1    0.000    1    1   1    1.15
105    2    0.074    2    1   1    0.56
72    1    -0.028    1    1   0    0.64
103    2    0.000    1    2   0    0.65
65    1    0.074    1    1   1    0.44
141    2    -0.074    1    2   1    0.41
35    1    0.074    1    1   1    0.52
150    2    0.074    1    2   0    0.37
111    2    -0.074    1    2   1    0.55
14    1    0.028    1    1   1    0.66
135    2    0.074    2    1   1    1.00
79    2    0.028    2    1   1    1.38
109    2    0.028    2    1   1    0.75
145    2    0.074    2    1   1    0.77
36    1    -0.074    2    2   1    0.69
76    2    -0.074    1    2   1    0.72
41    1    -0.074    2    2   1    0.48
119    2    0.028    2    1   1    0.00
146    2    -0.074    1    2   1    0.70
2    1    -0.028    2    2   1    0.64
22    1    -0.028    2    2   1    1.00
82    2    -0.028    1    2   1    0.63
115    2    0.074    2    1   1    0.74
89    2    0.028    2    1   1    0.70
131    2    -0.074    1    2   1    0.66
49    1    0.028    1    1   1    0.52
69    1    0.028    1    1   1    0.60
84    2    0.028    2    1   1    0.65
81    2    -0.074    1    2   1    0.52
11    1    -0.074    2    2   1    0.50
143    2    0.000    1    2   0    1.19
50    1    0.074    1    1   1    0.63
108    2    0.000    2    1   1    0.67
130    2    0.074    2    1   1    0.86
63    1    0.000    1    1   1    0.80
124    2    0.028    1    2   0    0.72
47    1    -0.028    2    2   1    2.73
15    1    0.074    1    1   1    0.57
118    2    0.000    1    2   0    0.68
127    2    -0.028    1    2   1    0.56
44    1    0.028    1    1   1    0.58
113    2    0.000    1    2   0    0.53
61    1    -0.074    2    2   1    0.58
78    2    0.000    1    2   0    0.60
88    2    0.000    1    2   0    0.71
