--------------------------------
19-Dec-2014 10:26:09 
data from observer A24 
#occlusion2 expt 
reference disparity (degrees) 0.160000 

stim order disp kresp testresp correct time
1    1    0.074    1    1   0    4.78
2    1    -0.083    1    1   1    0.76
3    2    -0.079    2    1   1    0.52
4    1    0.079    2    2   1    0.77
5    2    -0.074    2    1   1    0.65
6    1    -0.074    1    1   1    0.56
7    1    0.069    2    2   1    0.45
8    1    -0.069    1    1   1    0.56
9    1    0.065    2    2   1    0.47
10    1    -0.065    1    1   1    0.52
11    2    0.060    1    2   1    0.84
12    2    0.060    1    2   1    0.69
13    1    0.055    2    2   1    0.53
14    1    -0.055    2    2   0    0.81
15    2    0.065    1    2   1    0.98
16    2    0.065    1    2   1    0.67
17    2    0.060    2    1   0    0.46
18    1    -0.069    1    1   1    0.67
19    2    -0.069    2    1   1    0.70
20    1    -0.065    1    1   1    0.46
21    1    -0.065    1    1   1    0.57
22    1    0.060    2    2   1    0.64
23    2    0.060    1    2   1    0.57
24    1    0.055    2    2   1    0.66
25    2    -0.055    2    1   1    0.76
26    1    -0.051    1    1   1    1.54
27    2    0.051    1    2   1    2.46
28    2    -0.046    2    1   1    1.34
29    2    -0.046    2    1   1    0.55
30    2    0.042    1    2   1    0.58
31    2    0.042    1    2   1    0.71
32    1    -0.037    1    1   1    0.65
33    1    -0.037    1    1   1    0.74
34    2    0.032    1    2   1    0.65
35    2    -0.032    2    1   1    0.64
36    2    0.028    1    2   1    0.56
37    1    -0.028    1    1   1    1.01
38    2    0.023    1    2   1    0.73
39    1    -0.023    1    1   1    0.89
40    2    -0.018    2    1   1    0.55
41    2    0.018    1    2   1    0.56
42    2    0.014    1    2   1    0.78
43    2    -0.014    2    1   1    0.61
44    2    0.009    1    2   1    0.63
45    2    0.009    2    1   0    0.44
46    2    0.018    1    2   1    0.36
47    1    -0.018    1    1   1    1.22
48    1    -0.014    1    1   1    0.64
49    1    0.014    2    2   1    0.71
50    2    0.009    1    2   1    0.25
-------------------------
Final staircase threshold estimate (mean) is 0.0139
-------------------------
14    1    0.014    1    1   1    8.96
30    1    0.032    2    2   0    0.62
19    1    0.014    1    1   1    0.85
23    1    0.000    2    2   0    0.58
96    2    -0.032    2    1   0    1.05
5    1    0.032    2    2   0    0.61
117    2    -0.014    2    1   0    0.64
84    2    0.014    1    2   0    0.59
137    2    -0.014    2    1   0    0.57
149    2    0.014    1    2   0    0.74
126    2    -0.032    2    1   0    0.75
44    1    0.014    2    2   0    0.88
47    1    -0.014    1    1   0    0.95
82    2    -0.014    2    1   0    0.54
106    2    -0.032    1    2   1    0.59
121    2    -0.032    2    1   0    0.53
146    2    -0.032    2    1   0    0.91
86    2    -0.032    2    1   0    1.11
20    1    0.032    1    1   1    1.34
150    2    0.032    2    1   1    0.64
12    1    -0.014    1    1   0    1.28
51    1    -0.032    1    1   0    1.21
4    1    0.014    1    1   1    0.78
128    2    0.000    2    1   1    0.83
56    1    -0.032    1    1   0    0.63
17    1    -0.014    2    2   1    2.58
59    1    0.014    1    1   1    1.12
13    1    0.000    1    1   1    3.51
73    1    0.000    1    1   1    1.13
108    2    0.000    2    1   1    1.17
115    2    0.032    1    2   0    2.33
2    1    -0.014    1    1   0    1.47
8    1    0.000    1    1   1    0.64
134    2    0.014    2    1   1    0.50
26    1    -0.032    1    1   0    0.65
36    1    -0.032    1    1   0    0.60
89    2    0.014    2    1   1    2.26
67    1    -0.014    1    1   0    0.66
93    2    0.000    1    2   0    0.99
45    1    0.032    2    2   0    0.69
94    2    0.014    1    2   0    1.39
102    2    -0.014    2    1   0    0.66
65    1    0.032    1    1   1    0.81
40    1    0.032    2    2   0    2.71
111    2    -0.032    2    1   0    0.74
125    2    0.032    1    2   0    0.51
142    2    -0.014    2    1   0    1.18
68    1    0.000    1    1   1    0.66
53    1    0.000    1    1   1    0.99
110    2    0.032    1    2   0    0.79
42    1    -0.014    1    1   0    0.88
129    2    0.014    1    2   0    0.67
92    2    -0.014    2    1   0    0.50
34    1    0.014    2    2   0    0.96
141    2    -0.032    2    1   0    0.68
31    1    -0.032    1    1   0    0.62
87    2    -0.014    2    1   0    0.81
101    2    -0.032    2    1   0    0.89
78    2    0.000    1    2   0    1.22
135    2    0.032    2    1   1    0.48
9    1    0.014    2    2   0    1.08
145    2    0.032    1    2   0    1.02
15    1    0.032    2    2   0    0.84
139    2    0.014    1    2   0    0.54
52    1    -0.014    1    1   0    0.86
105    2    0.032    1    2   0    0.76
64    1    0.014    2    2   0    0.59
54    1    0.014    2    2   0    0.95
16    1    -0.032    1    1   0    0.55
24    1    0.014    2    2   0    0.72
123    2    0.000    1    2   0    0.77
113    2    0.000    1    2   0    1.07
132    2    -0.014    2    1   0    0.59
74    1    0.014    2    2   0    0.90
85    2    0.032    1    2   0    0.54
48    1    0.000    1    1   1    0.87
109    2    0.014    1    2   0    0.99
1    1    -0.032    1    1   0    1.64
11    1    -0.032    1    1   0    1.05
107    2    -0.014    2    1   0    0.81
60    1    0.032    2    2   0    0.97
66    1    -0.032    1    1   0    0.52
37    1    -0.014    1    1   0    0.84
55    1    0.032    2    2   0    0.64
3    1    0.000    1    1   1    1.19
81    2    -0.032    2    1   0    0.69
7    1    -0.014    1    1   0    0.54
124    2    0.014    1    2   0    0.65
98    2    0.000    1    2   0    0.93
130    2    0.032    1    2   0    0.75
75    2    0.032    1    2   0    0.74
29    1    0.014    2    2   0    0.83
10    1    0.032    2    2   0    0.90
35    1    0.032    2    2   0    0.70
148    2    0.000    1    2   0    0.70
58    1    0.000    2    2   0    0.62
77    2    -0.014    2    1   0    0.82
18    1    0.000    1    1   1    0.69
116    2    -0.032    2    1   0    0.52
119    2    0.014    1    2   0    0.28
33    1    0.000    2    2   0    0.28
41    1    -0.032    1    1   0    1.27
6    1    -0.032    1    1   0    2.74
97    2    -0.014    1    2   1    0.85
63    1    0.000    1    1   1    0.99
136    2    -0.032    2    1   0    0.59
91    2    -0.032    2    1   0    0.81
144    2    0.014    1    2   0    0.71
112    2    -0.014    1    2   1    3.05
147    2    -0.014    2    1   0    0.93
50    1    0.032    2    2   0    1.76
79    2    0.014    1    2   0    1.44
99    2    0.014    2    1   1    3.12
138    2    0.000    1    2   0    0.67
95    2    0.032    1    2   0    0.84
62    1    -0.014    2    2   1    0.67
114    2    0.014    1    2   0    0.62
71    1    -0.032    1    1   0    0.82
49    1    0.014    2    2   0    1.28
118    2    0.000    1    2   0    0.59
104    2    0.014    1    2   0    0.81
140    2    0.032    1    2   0    0.56
46    1    -0.032    1    1   0    0.57
88    2    0.000    2    1   1    0.92
28    1    0.000    1    1   1    0.71
80    2    0.032    1    2   0    1.50
27    1    -0.014    1    1   0    0.80
39    1    0.014    2    2   0    1.00
127    2    -0.014    2    1   0    1.40
25    1    0.032    2    2   0    0.65
103    2    0.000    1    2   0    1.07
90    2    0.032    2    1   1    1.00
70    1    0.032    1    1   1    0.28
32    1    -0.014    2    2   1    0.30
57    1    -0.014    1    1   0    0.23
122    2    -0.014    2    1   0    0.34
69    1    0.014    1    1   1    0.29
76    2    -0.032    2    1   0    0.40
83    2    0.000    1    2   0    0.17
72    1    -0.014    2    2   1    0.53
61    1    -0.032    1    1   0    0.57
120    2    0.032    1    2   0    0.76
21    1    -0.032    1    1   0    0.68
22    1    -0.014    1    1   0    0.63
100    2    0.032    1    2   0    0.95
38    1    0.000    1    1   1    0.69
143    2    0.000    2    1   1    0.64
43    1    0.000    1    1   1    0.94
133    2    0.000    2    1   1    1.79
131    2    -0.032    2    1   0    1.77
