--------------------------------
19-Dec-2014 10:38:35 
data from observer A24 
#occlusion2 expt 
reference disparity (degrees) 0.160000 

stim order disp kresp testresp correct time
1    2    -0.074    2    1   1    2.71
2    2    -0.069    2    1   1    0.96
3    2    0.065    2    1   0    0.70
4    2    -0.074    1    2   0    0.71
5    2    0.083    1    2   1    0.74
6    2    -0.083    2    1   1    0.63
7    1    -0.079    1    1   1    0.78
8    2    -0.079    2    1   1    0.67
9    1    0.074    2    2   1    0.71
10    2    0.074    1    2   1    0.63
11    2    -0.069    2    1   1    1.19
12    2    -0.069    2    1   1    0.73
13    2    0.065    1    2   1    0.59
14    2    0.065    1    2   1    0.91
15    1    -0.060    1    1   1    0.66
16    2    0.060    1    2   1    0.67
17    1    -0.055    1    1   1    0.75
18    1    -0.055    1    1   1    0.82
19    2    -0.051    2    1   1    0.64
20    2    0.051    1    2   1    0.68
21    1    0.046    1    1   0    0.84
22    1    0.055    2    2   1    0.44
23    2    0.055    1    2   1    0.68
24    1    0.051    2    2   1    0.71
25    1    0.051    1    1   0    0.64
26    2    0.060    1    2   1    0.71
27    1    0.060    2    2   1    0.59
28    1    -0.055    1    1   1    0.51
29    2    0.055    1    2   1    0.67
30    1    -0.051    1    1   1    0.74
31    1    0.051    2    2   1    0.53
32    2    -0.046    2    1   1    0.74
33    2    -0.046    2    1   1    1.11
34    2    -0.042    2    1   1    0.82
35    1    -0.042    1    1   1    0.49
36    2    -0.037    2    1   1    0.59
37    1    -0.037    1    1   1    0.61
38    1    0.032    2    2   1    0.66
39    1    0.032    2    2   1    0.57
40    1    -0.028    1    1   1    0.65
41    1    -0.028    2    2   0    0.40
42    1    -0.037    1    1   1    0.86
43    1    -0.037    2    2   0    0.66
44    1    -0.046    1    1   1    0.39
45    2    -0.046    2    1   1    0.56
46    2    -0.042    2    1   1    0.73
47    1    0.042    2    2   1    0.57
48    1    -0.037    1    1   1    0.48
49    2    -0.037    2    1   1    0.47
50    2    0.032    1    2   1    0.63
-------------------------
Final staircase threshold estimate (mean) is 0.0383
-------------------------
108    2    0.000    1    2   0    4.93
127    2    -0.037    2    1   0    1.26
104    2    0.037    1    2   0    0.55
65    1    0.097    2    2   0    0.83
89    2    0.037    1    2   0    0.59
70    1    0.097    2    2   0    0.75
32    1    -0.037    2    2   1    0.51
142    2    -0.037    2    1   0    1.38
135    2    0.097    1    2   0    0.45
66    1    -0.097    2    2   1    0.98
118    2    0.000    2    1   1    0.70
17    1    -0.037    1    1   0    0.78
53    1    0.000    2    2   0    0.61
121    2    -0.097    1    2   1    0.45
5    1    0.097    2    2   0    0.65
111    2    -0.097    2    1   0    0.93
73    1    0.000    1    1   1    0.83
51    1    -0.097    1    1   0    0.69
90    2    0.097    1    2   0    0.67
92    2    -0.037    2    1   0    0.61
91    2    -0.097    2    1   0    0.58
2    1    -0.037    1    1   0    0.58
86    2    -0.097    2    1   0    0.55
67    1    -0.037    1    1   0    0.71
150    2    0.097    1    2   0    0.94
116    2    -0.097    2    1   0    0.53
125    2    0.097    1    2   0    0.60
1    1    -0.097    1    1   0    0.85
68    1    0.000    2    2   0    0.63
76    2    -0.097    1    2   1    0.42
7    1    -0.037    1    1   0    0.75
33    1    0.000    2    2   0    0.70
100    2    0.097    1    2   0    0.59
88    2    0.000    2    1   1    0.56
64    1    0.037    1    1   1    1.01
146    2    -0.097    2    1   0    0.90
11    1    -0.097    1    1   0    0.56
131    2    -0.097    2    1   0    0.85
128    2    0.000    1    2   0    0.67
74    1    0.037    2    2   0    1.10
99    2    0.037    1    2   0    0.81
147    2    -0.037    2    1   0    0.62
102    2    -0.037    2    1   0    1.33
143    2    0.000    1    2   0    0.66
129    2    0.037    1    2   0    0.86
94    2    0.037    1    2   0    0.67
24    1    0.037    2    2   0    0.56
75    2    0.097    1    2   0    0.93
123    2    0.000    1    2   0    1.67
79    2    0.037    2    1   1    0.51
22    1    -0.037    1    1   0    0.47
139    2    0.037    1    2   0    2.14
103    2    0.000    1    2   0    1.60
77    2    -0.037    2    1   0    0.67
47    1    -0.037    1    1   0    0.67
132    2    -0.037    2    1   0    0.79
46    1    -0.097    1    1   0    0.33
110    2    0.097    1    2   0    0.83
98    2    0.000    1    2   0    0.94
40    1    0.097    2    2   0    0.63
119    2    0.037    1    2   0    0.76
136    2    -0.097    2    1   0    0.65
41    1    -0.097    1    1   0    0.73
134    2    0.037    1    2   0    0.68
113    2    0.000    2    1   1    1.00
15    1    0.097    2    2   0    0.63
117    2    -0.037    2    1   0    0.58
126    2    -0.097    2    1   0    0.59
42    1    -0.037    1    1   0    0.67
28    1    0.000    1    1   1    0.79
20    1    0.097    2    2   0    1.00
36    1    -0.097    1    1   0    0.68
52    1    -0.037    1    1   0    0.70
29    1    0.037    2    2   0    0.79
61    1    -0.097    1    1   0    0.52
4    1    0.037    1    1   1    1.26
44    1    0.037    2    2   0    0.79
60    1    0.097    2    2   0    0.69
71    1    -0.097    1    1   0    0.71
137    2    -0.037    2    1   0    1.67
145    2    0.097    1    2   0    0.87
130    2    0.097    1    2   0    0.68
9    1    0.037    2    2   0    0.62
114    2    0.037    1    2   0    0.70
13    1    0.000    2    2   0    0.54
112    2    -0.037    2    1   0    0.79
49    1    0.037    2    2   0    1.14
101    2    -0.097    2    1   0    0.66
10    1    0.097    2    2   0    0.83
81    2    -0.097    2    1   0    0.63
82    2    -0.037    2    1   0    0.72
141    2    -0.097    2    1   0    0.62
14    1    0.037    1    1   1    1.12
105    2    0.097    1    2   0    0.81
144    2    0.037    1    2   0    0.56
18    1    0.000    2    2   0    0.81
124    2    0.037    1    2   0    0.44
30    1    0.097    2    2   0    0.75
23    1    0.000    1    1   1    0.66
149    2    0.037    1    2   0    0.89
69    1    0.037    2    2   0    0.88
109    2    0.037    1    2   0    0.56
96    2    -0.097    2    1   0    0.68
21    1    -0.097    1    1   0    0.50
57    1    -0.037    2    2   1    0.44
54    1    0.037    1    1   1    0.34
122    2    -0.037    2    1   0    0.31
39    1    0.037    1    1   1    0.48
72    1    -0.037    2    2   1    0.49
43    1    0.000    1    1   1    0.33
58    1    0.000    2    2   0    0.28
6    1    -0.097    1    1   0    0.00
55    1    0.097    2    2   0    0.80
3    1    0.000    1    1   1    0.26
16    1    -0.097    2    2   1    0.09
120    2    0.097    1    2   0    0.68
83    2    0.000    1    2   0    0.94
133    2    0.000    2    1   1    0.38
50    1    0.097    1    1   1    0.31
84    2    0.037    2    1   1    0.36
80    2    0.097    1    2   0    0.79
148    2    0.000    2    1   1    0.73
12    1    -0.037    1    1   0    0.55
87    2    -0.037    2    1   0    0.78
26    1    -0.097    1    1   0    1.05
25    1    0.097    2    2   0    0.79
78    2    0.000    1    2   0    0.76
8    1    0.000    1    1   1    0.86
62    1    -0.037    1    1   0    0.85
37    1    -0.037    1    1   0    0.65
140    2    0.097    1    2   0    0.63
63    1    0.000    1    1   1    0.68
138    2    0.000    1    2   0    0.66
31    1    -0.097    1    1   0    0.75
107    2    -0.037    2    1   0    0.29
59    1    0.037    2    2   0    1.11
19    1    0.037    2    2   0    0.64
97    2    -0.037    2    1   0    0.69
115    2    0.097    1    2   0    0.68
48    1    0.000    1    1   1    0.81
85    2    0.097    1    2   0    0.73
56    1    -0.097    1    1   0    0.61
38    1    0.000    2    2   0    0.43
93    2    0.000    1    2   0    0.93
95    2    0.097    1    2   0    0.94
34    1    0.037    1    1   1    0.80
35    1    0.097    2    2   0    0.46
45    1    0.097    2    2   0    1.08
27    1    -0.037    1    1   0    0.71
106    2    -0.097    2    1   0    1.36
