--------------------------------
19-Dec-2014 10:15:35 
data from observer A24 
#occlusion2 expt 
reference disparity (degrees) 0.160000 

stim order disp kresp testresp correct time
1    2    -0.074    1    2   0    20.21
2    1    0.083    1    1   0    1.71
3    2    0.092    2    1   0    2.44
4    2    0.102    2    1   0    2.26
5    1    -0.111    1    1   1    4.72
6    1    -0.106    2    2   0    1.53
7    2    0.115    1    2   1    1.52
8    2    0.115    1    2   1    1.30
9    2    -0.111    1    2   0    1.59
10    2    -0.120    2    1   1    2.08
11    1    -0.120    1    1   1    2.70
12    2    0.115    1    2   1    2.90
13    2    -0.115    2    1   1    0.81
14    2    -0.111    1    2   0    1.98
15    1    0.120    1    1   0    2.41
16    1    -0.129    2    2   0    1.13
17    2    0.139    1    2   1    7.84
18    2    -0.139    1    2   0    2.17
19    1    0.148    1    1   0    1.17
20    1    0.148    2    2   1    2.86
21    1    0.148    1    1   0    1.29
22    2    -0.148    1    2   0    2.51
23    2    -0.148    2    1   1    0.93
24    1    0.148    2    2   1    1.25
25    2    0.143    1    2   1    0.96
26    2    0.143    1    2   1    1.12
27    2    -0.139    2    1   1    1.29
28    1    0.139    2    2   1    1.00
29    1    0.134    2    2   1    1.57
30    1    -0.134    1    1   1    0.74
31    1    0.129    2    2   1    0.72
32    1    -0.129    1    1   1    0.99
33    1    -0.125    1    1   1    1.14
34    1    0.125    2    2   1    0.91
35    1    -0.120    1    1   1    2.93
36    2    -0.120    2    1   1    1.09
37    1    -0.115    1    1   1    0.92
38    1    -0.115    2    2   0    1.87
39    2    0.125    1    2   1    0.70
40    2    0.125    1    2   1    1.45
41    2    -0.120    2    1   1    0.64
42    2    0.120    1    2   1    0.96
43    1    0.115    2    2   1    0.61
44    1    0.115    2    2   1    1.23
45    2    -0.111    2    1   1    0.64
46    1    -0.111    1    1   1    0.73
47    2    0.106    2    1   0    0.64
48    1    -0.115    1    1   1    3.10
49    1    -0.115    2    2   0    2.61
50    2    0.125    2    1   0    2.93
-------------------------
Final staircase threshold estimate (mean) is 0.1154
-------------------------
9    1    0.115    2    2   0    8.66
47    1    -0.115    1    1   0    0.92
15    1    0.148    2    2   0    0.99
127    2    -0.115    2    1   0    1.19
128    2    0.000    2    1   1    1.11
19    1    0.115    2    2   0    0.78
29    1    0.115    2    2   0    0.73
82    2    -0.115    1    2   1    0.90
108    2    0.000    2    1   1    0.70
53    1    0.000    1    1   1    1.00
140    2    0.148    1    2   0    2.20
104    2    0.115    1    2   0    1.25
79    2    0.115    1    2   0    1.34
68    1    0.000    1    1   1    1.86
45    1    0.148    2    2   0    1.07
2    1    -0.115    2    2   1    1.65
93    2    0.000    1    2   0    1.29
92    2    -0.115    2    1   0    0.86
28    1    0.000    1    1   1    1.23
43    1    0.000    1    1   1    2.61
119    2    0.115    1    2   0    1.62
123    2    0.000    2    1   1    1.06
3    1    0.000    1    1   1    0.88
40    1    0.148    2    2   0    0.60
122    2    -0.115    1    2   1    0.83
67    1    -0.115    2    2   1    1.82
34    1    0.115    2    2   0    1.17
147    2    -0.115    1    2   1    0.67
112    2    -0.115    1    2   1    2.79
35    1    0.148    2    2   0    1.41
149    2    0.115    1    2   0    1.22
4    1    0.115    2    2   0    0.65
117    2    -0.115    2    1   0    2.02
56    1    -0.148    1    1   0    1.20
74    1    0.115    2    2   0    0.45
50    1    0.148    1    1   1    0.68
63    1    0.000    2    2   0    0.41
69    1    0.115    1    1   1    0.40
103    2    0.000    1    2   0    3.94
8    1    0.000    2    2   0    2.54
144    2    0.115    1    2   0    1.63
94    2    0.115    1    2   0    2.09
39    1    0.115    2    2   0    1.20
61    1    -0.148    1    1   0    1.02
11    1    -0.148    1    1   0    1.27
31    1    -0.148    1    1   0    2.00
110    2    0.148    1    2   0    1.26
99    2    0.115    1    2   0    1.49
143    2    0.000    2    1   1    1.16
98    2    0.000    1    2   0    1.33
89    2    0.115    1    2   0    1.01
118    2    0.000    1    2   0    1.05
80    2    0.148    1    2   0    1.27
137    2    -0.115    2    1   0    0.79
36    1    -0.148    1    1   0    0.62
1    1    -0.148    1    1   0    1.26
133    2    0.000    2    1   1    0.60
26    1    -0.148    1    1   0    0.70
42    1    -0.115    2    2   1    0.49
131    2    -0.148    2    1   0    2.28
38    1    0.000    1    1   1    0.74
14    1    0.115    2    2   0    0.86
114    2    0.115    1    2   0    0.66
41    1    -0.148    2    2   1    1.36
77    2    -0.115    2    1   0    1.20
142    2    -0.115    2    1   0    2.43
6    1    -0.148    1    1   0    1.30
44    1    0.115    2    2   0    2.49
113    2    0.000    1    2   0    2.00
51    1    -0.148    1    1   0    2.21
20    1    0.148    2    2   0    3.27
130    2    0.148    1    2   0    1.27
90    2    0.148    2    1   1    0.84
124    2    0.115    1    2   0    1.50
54    1    0.115    2    2   0    2.25
60    1    0.148    2    2   0    2.61
81    2    -0.148    2    1   0    2.11
95    2    0.148    1    2   0    2.12
85    2    0.148    2    1   1    1.24
10    1    0.148    2    2   0    0.91
134    2    0.115    2    1   1    1.43
126    2    -0.148    2    1   0    2.88
84    2    0.115    1    2   0    2.74
52    1    -0.115    2    2   1    0.87
121    2    -0.148    2    1   0    1.93
48    1    0.000    1    1   1    0.76
75    2    0.148    2    1   1    0.78
27    1    -0.115    1    1   0    4.32
21    1    -0.148    2    2   1    1.00
109    2    0.115    1    2   0    0.68
106    2    -0.148    2    1   0    1.69
141    2    -0.148    1    2   1    1.92
32    1    -0.115    2    2   1    5.50
66    1    -0.148    1    1   0    1.88
46    1    -0.148    2    2   1    2.68
65    1    0.148    2    2   0    1.39
102    2    -0.115    2    1   0    1.28
55    1    0.148    2    2   0    1.56
24    1    0.115    2    2   0    1.37
138    2    0.000    1    2   0    1.32
16    1    -0.148    1    1   0    1.52
120    2    0.148    2    1   1    0.89
5    1    0.148    1    1   1    1.11
116    2    -0.148    2    1   0    0.83
22    1    -0.115    1    1   0    1.85
7    1    -0.115    2    2   1    0.87
72    1    -0.115    1    1   0    1.10
97    2    -0.115    2    1   0    0.85
135    2    0.148    1    2   0    2.45
23    1    0.000    1    1   1    1.34
73    1    0.000    1    1   1    2.26
83    2    0.000    1    2   0    1.47
25    1    0.148    2    2   0    0.63
62    1    -0.115    1    1   0    0.80
91    2    -0.148    2    1   0    0.74
145    2    0.148    1    2   0    0.66
148    2    0.000    1    2   0    1.12
88    2    0.000    1    2   0    1.33
132    2    -0.115    2    1   0    0.73
49    1    0.115    2    2   0    0.82
129    2    0.115    1    2   0    0.87
76    2    -0.148    2    1   0    0.51
115    2    0.148    1    2   0    0.58
111    2    -0.148    2    1   0    2.30
86    2    -0.148    2    1   0    0.59
57    1    -0.115    1    1   0    0.68
17    1    -0.115    1    1   0    0.89
105    2    0.148    1    2   0    0.60
59    1    0.115    2    2   0    0.69
100    2    0.148    1    2   0    0.30
70    1    0.148    2    2   0    0.51
87    2    -0.115    1    2   1    0.56
136    2    -0.148    2    1   0    0.59
13    1    0.000    1    1   1    0.94
125    2    0.148    1    2   0    0.62
71    1    -0.148    1    1   0    0.66
101    2    -0.148    2    1   0    0.57
37    1    -0.115    1    1   0    0.63
12    1    -0.115    1    1   0    0.65
107    2    -0.115    2    1   0    0.93
64    1    0.115    2    2   0    0.67
33    1    0.000    1    1   1    0.75
58    1    0.000    2    2   0    1.67
18    1    0.000    1    1   1    1.21
96    2    -0.148    2    1   0    0.65
139    2    0.115    1    2   0    0.68
30    1    0.148    1    1   1    0.60
78    2    0.000    1    2   0    1.49
150    2    0.148    1    2   0    1.31
146    2    -0.148    2    1   0    0.60
