--------------------------------
12-Jan-2015 10:23:51 
data from observer A25 
#occlusion2 expt 
reference disparity (degrees) 0.160000 

stim order disp kresp testresp correct time
1    1    0.074    2    2   1    2.51
2    2    -0.069    2    1   1    0.91
3    1    -0.065    2    2   0    3.00
4    1    0.074    2    2   1    2.77
5    1    -0.074    1    1   1    0.67
6    1    0.069    2    2   1    0.59
7    1    -0.069    1    1   1    0.66
8    2    0.065    2    1   0    1.61
9    2    0.074    1    2   1    0.60
10    1    0.074    2    2   1    0.55
11    1    -0.069    1    1   1    1.14
12    2    0.069    1    2   1    0.99
13    2    0.065    2    1   0    1.22
14    2    0.074    1    2   1    0.59
15    1    -0.074    1    1   1    0.99
16    2    -0.069    2    1   1    2.14
17    1    -0.069    2    2   0    1.24
18    1    -0.079    2    2   0    1.47
19    1    0.088    2    2   1    1.49
20    2    0.088    1    2   1    3.57
21    1    0.083    2    2   1    1.18
22    2    -0.083    2    1   1    0.72
23    1    -0.079    1    1   1    0.78
24    2    0.079    2    1   0    5.82
25    2    -0.088    2    1   1    0.60
26    2    -0.088    2    1   1    2.30
27    2    0.083    1    2   1    3.25
28    2    0.083    2    1   0    5.47
29    1    -0.092    1    1   1    2.05
30    1    -0.092    2    2   0    2.08
31    2    0.102    1    2   1    1.97
32    2    -0.102    2    1   1    0.77
33    2    0.097    1    2   1    1.70
34    1    -0.097    2    2   0    0.66
35    2    0.106    1    2   1    3.65
36    1    -0.106    1    1   1    1.21
37    2    -0.102    2    1   1    0.71
38    2    0.102    1    2   1    1.00
39    2    0.097    2    1   0    4.10
40    2    -0.106    2    1   1    0.67
41    2    0.106    1    2   1    2.74
42    2    0.102    2    1   0    0.95
43    2    0.111    2    1   0    0.81
44    1    -0.120    1    1   1    0.88
45    1    -0.120    1    1   1    3.32
46    1    0.115    2    2   1    0.96
47    2    0.115    1    2   1    0.84
48    1    0.111    2    2   1    0.75
49    2    0.111    1    2   1    0.81
50    1    0.106    2    2   1    0.53
-------------------------
Final staircase threshold estimate (mean) is 0.1118
-------------------------
15    1    0.148    2    2   0    1.59
4    1    0.111    2    2   0    0.61
138    2    0.000    2    1   1    0.58
8    1    0.000    2    2   0    2.73
81    2    -0.148    2    1   0    0.64
102    2    -0.111    2    1   0    1.36
69    1    0.111    1    1   1    1.93
139    2    0.111    1    2   0    2.05
122    2    -0.111    2    1   0    0.55
145    2    0.148    1    2   0    1.28
134    2    0.111    1    2   0    0.80
111    2    -0.148    2    1   0    0.47
29    1    0.111    2    2   0    0.68
32    1    -0.111    1    1   0    0.99
67    1    -0.111    2    2   1    1.37
91    2    -0.148    2    1   0    0.51
106    2    -0.148    2    1   0    0.53
131    2    -0.148    2    1   0    1.92
71    1    -0.148    1    1   0    1.13
5    1    0.148    2    2   0    0.66
135    2    0.148    1    2   0    1.04
140    2    0.148    1    2   0    3.84
36    1    -0.148    1    1   0    2.59
113    2    0.000    2    1   1    0.56
41    1    -0.148    1    1   0    0.62
2    1    -0.111    1    1   0    1.00
44    1    0.111    2    2   0    0.52
58    1    0.000    1    1   1    0.60
93    2    0.000    1    2   0    0.80
100    2    0.148    1    2   0    0.73
119    2    0.111    1    2   0    0.81
11    1    -0.148    1    1   0    0.94
21    1    -0.148    2    2   1    2.45
74    1    0.111    1    1   1    0.69
52    1    -0.111    1    1   0    0.97
78    2    0.000    2    1   1    1.79
30    1    0.148    1    1   1    0.73
79    2    0.111    1    2   0    0.63
87    2    -0.111    2    1   0    1.81
50    1    0.148    1    1   1    0.72
148    2    0.000    2    1   1    1.78
25    1    0.148    1    1   1    1.82
147    2    -0.111    2    1   0    0.99
96    2    -0.148    2    1   0    0.66
110    2    0.148    1    2   0    1.92
127    2    -0.111    2    1   0    0.75
53    1    0.000    1    1   1    0.75
38    1    0.000    1    1   1    1.73
95    2    0.148    1    2   0    3.65
27    1    -0.111    1    1   0    2.01
114    2    0.111    1    2   0    3.59
77    2    -0.111    2    1   0    0.48
19    1    0.111    1    1   1    4.44
126    2    -0.148    2    1   0    0.54
16    1    -0.148    1    1   0    0.55
72    1    -0.111    1    1   0    1.15
86    2    -0.148    2    1   0    0.50
63    1    0.000    1    1   1    0.60
120    2    0.148    2    1   1    0.49
130    2    0.148    1    2   0    0.57
124    2    0.111    2    1   1    1.87
37    1    -0.111    1    1   0    0.72
90    2    0.148    1    2   0    0.57
142    2    -0.111    2    1   0    0.63
49    1    0.111    1    1   1    0.79
150    2    0.148    2    1   1    0.63
39    1    0.111    2    2   0    0.95
1    1    -0.148    1    1   0    0.55
9    1    0.111    2    2   0    0.72
144    2    0.111    1    2   0    1.10
137    2    -0.111    2    1   0    0.72
108    2    0.000    2    1   1    0.57
98    2    0.000    1    2   0    2.77
117    2    -0.111    2    1   0    1.13
59    1    0.111    2    2   0    5.74
70    1    0.148    2    2   0    1.00
33    1    0.000    1    1   1    2.08
94    2    0.111    1    2   0    2.58
143    2    0.000    2    1   1    1.18
92    2    -0.111    2    1   0    0.72
45    1    0.148    2    2   0    0.69
51    1    -0.148    1    1   0    0.56
22    1    -0.111    1    1   0    0.57
40    1    0.148    2    2   0    0.61
149    2    0.111    2    1   1    2.41
66    1    -0.148    1    1   0    0.69
109    2    0.111    2    1   1    0.92
83    2    0.000    2    1   1    0.74
115    2    0.148    2    1   1    1.12
60    1    0.148    2    2   0    0.60
14    1    0.111    1    1   1    1.35
20    1    0.148    1    1   1    1.72
133    2    0.000    2    1   1    0.87
43    1    0.000    2    2   0    0.82
62    1    -0.111    1    1   0    1.02
3    1    0.000    1    1   1    1.08
101    2    -0.148    2    1   0    0.60
104    2    0.111    2    1   1    2.31
18    1    0.000    1    1   1    2.10
26    1    -0.148    1    1   0    5.85
82    2    -0.111    2    1   0    0.60
48    1    0.000    2    2   0    0.59
121    2    -0.148    2    1   0    0.95
76    2    -0.148    2    1   0    0.48
129    2    0.111    2    1   1    0.56
97    2    -0.111    2    1   0    0.52
132    2    -0.111    2    1   0    0.42
35    1    0.148    2    2   0    0.49
64    1    0.111    1    1   1    2.17
84    2    0.111    1    2   0    0.90
123    2    0.000    1    2   0    4.07
80    2    0.148    1    2   0    2.88
47    1    -0.111    1    1   0    3.19
99    2    0.111    2    1   1    3.15
56    1    -0.148    1    1   0    0.60
34    1    0.111    2    2   0    1.62
103    2    0.000    1    2   0    1.60
89    2    0.111    2    1   1    0.75
125    2    0.148    1    2   0    0.76
31    1    -0.148    1    1   0    2.13
73    1    0.000    2    2   0    1.98
13    1    0.000    1    1   1    1.56
65    1    0.148    2    2   0    0.66
12    1    -0.111    1    1   0    0.67
24    1    0.111    2    2   0    0.55
112    2    -0.111    2    1   0    0.76
10    1    0.148    1    1   1    1.11
88    2    0.000    2    1   1    0.90
75    2    0.148    1    2   0    0.78
55    1    0.148    2    2   0    0.45
141    2    -0.148    1    2   1    1.62
146    2    -0.148    1    2   1    1.12
17    1    -0.111    1    1   0    1.74
42    1    -0.111    1    1   0    0.91
107    2    -0.111    2    1   0    1.85
54    1    0.111    2    2   0    1.93
61    1    -0.148    1    1   0    1.04
68    1    0.000    1    1   1    1.21
57    1    -0.111    1    1   0    1.89
46    1    -0.148    1    1   0    0.78
105    2    0.148    1    2   0    4.16
6    1    -0.148    1    1   0    0.86
7    1    -0.111    1    1   0    1.59
85    2    0.148    1    2   0    1.88
136    2    -0.148    2    1   0    0.56
23    1    0.000    2    2   0    1.69
128    2    0.000    1    2   0    1.22
28    1    0.000    2    2   0    0.60
118    2    0.000    1    2   0    0.80
116    2    -0.148    2    1   0    0.47
