--------------------------------
12-Jan-2015 14:19:53 
data from observer A25 
#occlusion2 expt 
reference disparity (degrees) 0.160000 

stim order disp kresp testresp correct time
1    2    0.074    2    1   1    2.25
2    2    0.069    2    1   1    1.82
3    2    0.065    2    1   1    1.71
4    2    0.060    2    1   1    2.70
5    1    -0.055    2    2   1    1.93
6    2    -0.051    1    2   1    2.01
7    1    0.046    1    1   1    1.68
8    2    0.042    2    1   1    0.53
9    1    -0.037    2    2   1    1.44
10    2    -0.032    2    1   0    1.15
11    1    -0.042    2    2   1    0.91
12    1    -0.042    2    2   1    1.85
13    2    -0.037    2    1   0    1.65
14    1    -0.046    2    2   1    1.06
15    2    0.046    2    1   1    0.68
16    1    -0.042    1    1   0    1.26
17    2    -0.051    1    2   1    1.03
18    2    -0.051    2    1   0    0.87
19    2    -0.060    1    2   1    0.73
20    1    0.060    2    2   0    2.03
21    2    0.069    2    1   1    0.69
22    1    0.069    1    1   1    0.65
23    2    -0.065    1    2   1    1.54
24    2    -0.065    1    2   1    0.89
25    2    0.060    2    1   1    0.42
26    1    -0.060    2    2   1    0.68
27    1    -0.055    2    2   1    0.74
28    2    -0.055    2    1   0    1.83
29    2    -0.065    2    1   0    2.12
30    2    0.074    2    1   1    0.77
31    2    -0.074    1    2   1    0.56
32    2    -0.069    2    1   0    1.71
33    1    -0.079    2    2   1    0.96
34    1    0.079    1    1   1    0.79
35    2    0.074    2    1   1    0.38
36    2    0.074    2    1   1    0.46
37    1    0.069    2    2   0    0.66
38    1    0.079    1    1   1    0.11
39    1    0.079    2    2   0    0.55
40    1    -0.088    2    2   1    0.64
41    1    -0.088    2    2   1    0.46
42    1    0.083    1    1   1    0.59
43    2    0.083    2    1   1    0.46
44    2    0.079    2    1   1    0.50
45    1    0.079    1    1   1    0.64
46    2    0.074    2    1   1    0.58
47    1    -0.074    2    2   1    0.48
48    2    0.069    2    1   1    0.47
49    2    -0.069    2    1   0    0.63
50    2    0.079    2    1   1    2.42
-------------------------
Final staircase threshold estimate (mean) is 0.0776
-------------------------
65    1    0.148    1    1   1    2.68
59    1    0.079    2    2   0    0.41
10    1    0.148    1    1   1    0.81
54    1    0.079    1    1   1    0.70
2    1    -0.079    2    2   1    0.39
136    2    -0.148    2    1   0    0.43
31    1    -0.148    2    2   1    0.42
141    2    -0.148    1    2   1    2.44
37    1    -0.079    2    2   1    0.44
116    2    -0.148    2    1   0    1.28
35    1    0.148    1    1   1    0.44
147    2    -0.079    1    2   1    2.02
128    2    0.000    2    1   1    0.43
149    2    0.079    2    1   1    0.48
113    2    0.000    1    2   0    0.27
90    2    0.148    2    1   1    0.36
80    2    0.148    2    1   1    0.43
131    2    -0.148    2    1   0    1.18
127    2    -0.079    1    2   1    0.50
133    2    0.000    2    1   1    1.46
23    1    0.000    2    2   0    0.46
77    2    -0.079    1    2   1    0.85
81    2    -0.148    1    2   1    1.84
52    1    -0.079    2    2   1    0.48
44    1    0.079    2    2   0    1.87
49    1    0.079    1    1   1    0.61
103    2    0.000    2    1   1    3.98
27    1    -0.079    2    2   1    0.93
105    2    0.148    2    1   1    0.53
98    2    0.000    1    2   0    1.15
142    2    -0.079    1    2   1    0.80
55    1    0.148    1    1   1    2.38
6    1    -0.148    2    2   1    0.49
119    2    0.079    2    1   1    0.56
118    2    0.000    2    1   1    0.53
145    2    0.148    1    2   0    0.77
20    1    0.148    1    1   1    1.32
88    2    0.000    2    1   1    0.45
85    2    0.148    2    1   1    0.51
19    1    0.079    2    2   0    0.58
94    2    0.079    2    1   1    0.49
82    2    -0.079    1    2   1    1.10
63    1    0.000    2    2   0    0.49
16    1    -0.148    2    2   1    1.40
67    1    -0.079    1    1   0    1.14
71    1    -0.148    2    2   1    0.48
150    2    0.148    2    1   1    0.44
68    1    0.000    1    1   1    0.71
9    1    0.079    1    1   1    0.69
58    1    0.000    2    2   0    0.76
140    2    0.148    2    1   1    0.49
92    2    -0.079    1    2   1    0.45
124    2    0.079    2    1   1    0.49
120    2    0.148    2    1   1    0.49
22    1    -0.079    2    2   1    0.47
110    2    0.148    2    1   1    1.48
117    2    -0.079    1    2   1    0.42
97    2    -0.079    1    2   1    0.50
96    2    -0.148    1    2   1    0.53
106    2    -0.148    2    1   0    0.50
114    2    0.079    2    1   1    0.46
73    1    0.000    1    1   1    0.39
83    2    0.000    1    2   0    0.45
53    1    0.000    2    2   0    0.55
108    2    0.000    2    1   1    0.57
139    2    0.079    2    1   1    0.52
125    2    0.148    2    1   1    0.56
61    1    -0.148    1    1   0    0.40
45    1    0.148    1    1   1    1.25
29    1    0.079    1    1   1    2.44
47    1    -0.079    2    2   1    0.66
34    1    0.079    2    2   0    7.08
122    2    -0.079    2    1   0    0.82
13    1    0.000    1    1   1    0.74
66    1    -0.148    2    2   1    0.39
102    2    -0.079    2    1   0    0.50
36    1    -0.148    2    2   1    0.65
84    2    0.079    1    2   0    0.97
1    1    -0.148    2    2   1    0.60
32    1    -0.079    1    1   0    2.24
74    1    0.079    2    2   0    0.79
18    1    0.000    1    1   1    0.89
143    2    0.000    2    1   1    1.13
112    2    -0.079    2    1   0    0.67
30    1    0.148    1    1   1    0.87
39    1    0.079    2    2   0    0.47
5    1    0.148    1    1   1    1.19
144    2    0.079    2    1   1    0.61
104    2    0.079    2    1   1    3.73
89    2    0.079    2    1   1    0.61
76    2    -0.148    1    2   1    0.63
42    1    -0.079    2    2   1    0.53
135    2    0.148    2    1   1    0.57
72    1    -0.079    1    1   0    0.40
33    1    0.000    1    1   1    0.68
41    1    -0.148    2    2   1    0.39
25    1    0.148    1    1   1    0.44
132    2    -0.079    2    1   0    1.65
146    2    -0.148    2    1   0    1.35
4    1    0.079    2    2   0    1.07
56    1    -0.148    2    2   1    0.87
93    2    0.000    1    2   0    0.60
91    2    -0.148    1    2   1    0.63
95    2    0.148    2    1   1    0.53
40    1    0.148    1    1   1    0.57
64    1    0.079    2    2   0    0.49
50    1    0.148    1    1   1    0.81
134    2    0.079    2    1   1    0.50
111    2    -0.148    1    2   1    0.67
129    2    0.079    2    1   1    1.41
14    1    0.079    1    1   1    0.54
7    1    -0.079    2    2   1    0.68
8    1    0.000    2    2   0    1.25
99    2    0.079    1    2   0    0.86
79    2    0.079    2    1   1    0.50
70    1    0.148    1    1   1    1.13
3    1    0.000    2    2   0    0.57
48    1    0.000    1    1   1    0.59
12    1    -0.079    2    2   1    0.59
15    1    0.148    1    1   1    0.51
87    2    -0.079    1    2   1    0.72
137    2    -0.079    2    1   0    0.74
123    2    0.000    2    1   1    0.36
100    2    0.148    2    1   1    0.51
86    2    -0.148    1    2   1    0.48
28    1    0.000    2    2   0    2.69
78    2    0.000    2    1   1    0.65
46    1    -0.148    2    2   1    1.06
11    1    -0.148    2    2   1    0.66
38    1    0.000    1    1   1    0.52
107    2    -0.079    1    2   1    0.55
57    1    -0.079    2    2   1    0.96
21    1    -0.148    2    2   1    0.67
60    1    0.148    1    1   1    0.57
62    1    -0.079    2    2   1    0.57
17    1    -0.079    2    2   1    0.65
51    1    -0.148    2    2   1    0.78
121    2    -0.148    1    2   1    0.46
115    2    0.148    1    2   0    0.90
109    2    0.079    1    2   0    0.66
101    2    -0.148    1    2   1    1.05
130    2    0.148    2    1   1    0.48
148    2    0.000    2    1   1    1.47
24    1    0.079    1    1   1    0.74
126    2    -0.148    2    1   0    0.82
69    1    0.079    1    1   1    0.61
43    1    0.000    2    2   0    0.76
75    2    0.148    2    1   1    0.52
26    1    -0.148    1    1   0    0.86
138    2    0.000    2    1   1    1.47
