--------------------------------
12-Jan-2015 14:26:21 
data from observer A25 
#occlusion2 expt 
reference disparity (degrees) 0.160000 

stim order disp kresp testresp correct time
1    1    -0.074    2    2   1    11.60
2    1    0.069    1    1   1    0.73
3    1    0.065    1    1   1    2.60
4    1    -0.060    2    2   1    0.87
5    1    0.055    1    1   1    0.83
6    2    0.051    2    1   1    0.48
7    2    0.046    2    1   1    0.44
8    2    -0.042    1    2   1    0.40
9    1    -0.037    2    2   1    0.87
10    2    -0.032    2    1   0    0.60
11    1    -0.042    1    1   0    0.75
12    1    0.051    1    1   1    0.56
13    1    0.051    2    2   0    0.73
14    2    -0.060    1    2   1    0.91
15    1    0.060    1    1   1    0.72
16    2    -0.055    2    1   0    2.02
17    1    -0.065    2    2   1    2.19
18    2    -0.065    1    2   1    0.62
19    1    0.060    2    2   0    0.61
20    2    0.069    2    1   1    0.53
21    1    0.069    1    1   1    0.57
22    2    -0.065    1    2   1    0.60
23    2    -0.065    1    2   1    0.63
24    1    0.060    1    1   1    1.26
25    2    -0.060    2    1   0    1.04
26    1    -0.069    2    2   1    1.11
27    1    0.069    2    2   0    0.58
28    1    0.079    1    1   1    0.49
29    1    0.079    2    2   0    0.47
30    1    0.088    1    1   1    0.66
31    2    -0.088    2    1   0    0.35
32    2    -0.097    1    2   1    0.51
33    2    0.097    2    1   1    0.70
34    1    -0.092    2    2   1    0.62
35    2    0.092    2    1   1    0.47
36    2    -0.088    1    2   1    0.55
37    2    -0.088    1    2   1    0.56
38    2    0.083    2    1   1    0.49
39    2    0.083    1    2   0    0.57
40    1    -0.092    1    1   0    0.98
41    2    0.102    2    1   1    1.36
42    2    -0.102    1    2   1    0.41
43    2    0.097    2    1   1    0.53
44    2    -0.097    1    2   1    0.50
45    1    -0.092    2    2   1    0.47
46    1    -0.092    1    1   0    0.66
47    1    -0.102    2    2   1    1.06
48    1    -0.102    1    1   0    0.54
49    1    0.111    1    1   1    0.52
50    2    -0.111    1    2   1    0.51
-------------------------
Final staircase threshold estimate (mean) is 0.1007
-------------------------
29    1    0.102    1    1   1    2.48
59    1    0.102    1    1   1    0.54
134    2    0.102    2    1   1    1.07
41    1    -0.148    2    2   1    0.51
88    2    0.000    2    1   1    2.92
50    1    0.148    1    1   1    0.51
90    2    0.148    1    2   0    0.97
1    1    -0.148    2    2   1    0.57
43    1    0.000    1    1   1    0.80
62    1    -0.102    2    2   1    0.59
74    1    0.102    1    1   1    0.56
130    2    0.148    2    1   1    0.53
45    1    0.148    1    1   1    0.61
148    2    0.000    2    1   1    0.60
64    1    0.102    1    1   1    0.49
6    1    -0.148    2    2   1    1.15
10    1    0.148    1    1   1    0.96
56    1    -0.148    1    1   0    0.89
63    1    0.000    2    2   0    0.82
142    2    -0.102    2    1   0    1.79
20    1    0.148    1    1   1    0.74
67    1    -0.102    2    2   1    0.53
42    1    -0.102    1    1   0    0.50
38    1    0.000    2    2   0    0.68
36    1    -0.148    2    2   1    0.76
150    2    0.148    2    1   1    0.65
25    1    0.148    1    1   1    0.49
89    2    0.102    2    1   1    1.09
34    1    0.102    2    2   0    0.82
11    1    -0.148    1    1   0    1.99
27    1    -0.102    2    2   1    0.92
133    2    0.000    1    2   0    0.49
73    1    0.000    1    1   1    0.51
9    1    0.102    1    1   1    1.46
28    1    0.000    2    2   0    0.91
51    1    -0.148    1    1   0    0.43
149    2    0.102    1    2   0    0.45
110    2    0.148    2    1   1    0.59
66    1    -0.148    2    2   1    0.79
72    1    -0.102    2    2   1    0.86
102    2    -0.102    1    2   1    0.44
81    2    -0.148    2    1   0    0.30
107    2    -0.102    2    1   0    0.65
31    1    -0.148    1    1   0    0.41
116    2    -0.148    2    1   0    0.93
101    2    -0.148    1    2   1    0.58
100    2    0.148    1    2   0    4.22
30    1    0.148    1    1   1    0.69
16    1    -0.148    2    2   1    0.93
115    2    0.148    2    1   1    1.85
49    1    0.102    1    1   1    0.75
122    2    -0.102    1    2   1    1.38
111    2    -0.148    2    1   0    1.23
35    1    0.148    1    1   1    0.72
4    1    0.102    1    1   1    1.04
33    1    0.000    1    1   1    0.67
96    2    -0.148    2    1   0    1.49
5    1    0.148    1    1   1    0.54
144    2    0.102    2    1   1    1.03
126    2    -0.148    2    1   0    2.22
112    2    -0.102    1    2   1    1.17
123    2    0.000    1    2   0    1.57
47    1    -0.102    1    1   0    0.94
94    2    0.102    1    2   0    0.99
128    2    0.000    2    1   1    1.51
15    1    0.148    1    1   1    0.95
92    2    -0.102    1    2   1    0.59
61    1    -0.148    2    2   1    0.54
77    2    -0.102    1    2   1    0.52
95    2    0.148    2    1   1    0.65
113    2    0.000    1    2   0    0.79
76    2    -0.148    2    1   0    1.25
124    2    0.102    1    2   0    2.15
68    1    0.000    2    2   0    1.06
114    2    0.102    2    1   1    1.65
53    1    0.000    1    1   1    0.61
129    2    0.102    2    1   1    1.38
18    1    0.000    1    1   1    0.55
136    2    -0.148    2    1   0    2.30
7    1    -0.102    2    2   1    0.88
84    2    0.102    1    2   0    1.55
32    1    -0.102    2    2   1    0.73
120    2    0.148    1    2   0    0.78
119    2    0.102    1    2   0    0.60
65    1    0.148    2    2   0    0.81
70    1    0.148    1    1   1    4.87
109    2    0.102    2    1   1    0.49
14    1    0.102    1    1   1    0.57
99    2    0.102    2    1   1    0.56
138    2    0.000    1    2   0    0.44
127    2    -0.102    1    2   1    0.48
87    2    -0.102    1    2   1    1.01
145    2    0.148    2    1   1    0.46
17    1    -0.102    2    2   1    1.13
2    1    -0.102    1    1   0    0.71
146    2    -0.148    1    2   1    0.71
137    2    -0.102    2    1   0    0.20
75    2    0.148    2    1   1    0.42
19    1    0.102    2    2   0    0.75
141    2    -0.148    1    2   1    0.43
46    1    -0.148    2    2   1    0.38
12    1    -0.102    2    2   1    0.61
132    2    -0.102    2    1   0    0.80
21    1    -0.148    1    1   0    0.50
82    2    -0.102    2    1   0    0.66
147    2    -0.102    1    2   1    1.00
60    1    0.148    1    1   1    0.62
39    1    0.102    2    2   0    0.54
22    1    -0.102    2    2   1    0.76
71    1    -0.148    1    1   0    0.75
117    2    -0.102    1    2   1    0.64
103    2    0.000    2    1   1    0.49
52    1    -0.102    1    1   0    0.68
143    2    0.000    2    1   1    2.71
13    1    0.000    1    1   1    0.69
139    2    0.102    2    1   1    0.92
58    1    0.000    1    1   1    0.57
121    2    -0.148    1    2   1    0.41
55    1    0.148    2    2   0    0.94
40    1    0.148    2    2   0    0.90
83    2    0.000    1    2   0    0.67
80    2    0.148    2    1   1    0.52
135    2    0.148    2    1   1    0.80
104    2    0.102    1    2   0    0.41
93    2    0.000    1    2   0    2.46
108    2    0.000    2    1   1    0.67
131    2    -0.148    1    2   1    0.48
48    1    0.000    1    1   1    0.56
106    2    -0.148    2    1   0    0.62
44    1    0.102    2    2   0    1.45
85    2    0.148    2    1   1    0.63
105    2    0.148    1    2   0    0.82
24    1    0.102    1    1   1    0.71
37    1    -0.102    1    1   0    0.70
3    1    0.000    2    2   0    0.56
78    2    0.000    1    2   0    0.46
54    1    0.102    1    1   1    0.60
8    1    0.000    2    2   0    0.41
98    2    0.000    1    2   0    0.56
140    2    0.148    2    1   1    0.43
97    2    -0.102    1    2   1    0.58
86    2    -0.148    2    1   0    0.50
125    2    0.148    1    2   0    0.63
23    1    0.000    2    2   0    0.42
69    1    0.102    1    1   1    0.35
118    2    0.000    2    1   1    0.30
91    2    -0.148    1    2   1    0.31
26    1    -0.148    2    2   1    0.41
79    2    0.102    1    2   0    0.59
57    1    -0.102    2    2   1    0.88
