--------------------------------
12-Jan-2015 10:40:54 
data from observer A25 
#occlusion2 expt 
reference disparity (degrees) 0.160000 

stim order disp kresp testresp correct time
1    1    0.074    2    2   1    6.26
2    2    0.069    1    2   1    6.64
3    1    -0.065    1    1   1    0.87
4    2    0.060    1    2   1    1.71
5    1    -0.055    1    1   1    1.07
6    1    0.051    2    2   1    0.64
7    1    0.046    2    2   1    1.02
8    2    0.042    1    2   1    1.30
9    2    0.037    1    2   1    2.70
10    2    0.032    2    1   0    2.09
11    1    -0.042    2    2   0    1.15
12    2    0.051    2    1   0    0.81
13    1    -0.060    1    1   1    0.67
14    1    -0.060    1    1   1    4.14
15    1    0.055    2    2   1    1.20
16    2    0.055    2    1   0    2.98
17    1    -0.065    2    2   0    4.48
18    1    -0.074    1    1   1    1.26
19    2    0.074    2    1   0    2.30
20    1    -0.083    1    1   1    3.49
21    2    -0.083    2    1   1    1.58
22    2    0.079    2    1   0    2.98
23    1    -0.088    2    2   0    1.89
24    2    -0.097    2    1   1    0.67
25    2    0.097    1    2   1    2.03
26    1    -0.092    1    1   1    0.79
27    2    -0.092    2    1   1    0.44
28    2    0.088    1    2   1    0.78
29    1    0.088    2    2   1    0.52
30    2    0.083    1    2   1    0.95
31    1    -0.083    1    1   1    0.90
32    1    0.079    2    2   1    0.62
33    1    -0.079    1    1   1    1.73
34    1    -0.074    2    2   0    0.48
35    1    -0.083    2    2   0    1.02
36    1    -0.092    1    1   1    0.55
37    1    -0.092    2    2   0    0.44
38    2    -0.102    2    1   1    0.75
39    2    -0.102    2    1   1    1.11
40    2    -0.097    2    1   1    1.59
41    2    0.097    1    2   1    0.54
42    2    0.092    2    1   0    1.33
43    2    -0.102    1    2   0    1.38
44    1    -0.111    1    1   1    0.68
45    1    0.111    2    2   1    0.62
46    2    0.106    2    1   0    0.83
47    2    -0.115    2    1   1    0.75
48    2    -0.115    2    1   1    0.75
49    2    0.111    2    1   0    1.18
50    2    -0.120    2    1   1    0.52
-------------------------
Final staircase threshold estimate (mean) is 0.1081
-------------------------
87    2    -0.106    2    1   0    2.21
106    2    -0.148    2    1   0    0.62
148    2    0.000    2    1   1    1.39
135    2    0.148    1    2   0    2.61
83    2    0.000    2    1   1    0.71
44    1    0.106    2    2   0    0.47
68    1    0.000    1    1   1    1.06
49    1    0.106    2    2   0    0.45
11    1    -0.148    1    1   0    2.71
121    2    -0.148    2    1   0    0.51
114    2    0.106    1    2   0    1.02
45    1    0.148    2    2   0    0.47
97    2    -0.106    2    1   0    0.73
136    2    -0.148    2    1   0    0.57
32    1    -0.106    1    1   0    0.69
140    2    0.148    1    2   0    1.03
100    2    0.148    2    1   1    1.70
143    2    0.000    2    1   1    0.56
150    2    0.148    2    1   1    1.62
90    2    0.148    2    1   1    0.55
52    1    -0.106    1    1   0    1.36
30    1    0.148    2    2   0    1.62
69    1    0.106    2    2   0    0.51
71    1    -0.148    1    1   0    0.81
70    1    0.148    2    2   0    0.65
65    1    0.148    2    2   0    1.14
46    1    -0.148    1    1   0    2.29
129    2    0.106    1    2   0    1.30
95    2    0.148    1    2   0    1.48
104    2    0.106    1    2   0    2.97
47    1    -0.106    1    1   0    0.78
55    1    0.148    1    1   1    0.88
12    1    -0.106    1    1   0    2.12
79    2    0.106    2    1   1    2.53
67    1    -0.106    2    2   1    2.12
43    1    0.000    1    1   1    1.39
125    2    0.148    2    1   1    1.19
110    2    0.148    1    2   0    1.38
107    2    -0.106    2    1   0    0.99
53    1    0.000    2    2   0    1.69
78    2    0.000    1    2   0    1.46
126    2    -0.148    2    1   0    5.45
81    2    -0.148    2    1   0    0.64
122    2    -0.106    2    1   0    1.17
108    2    0.000    1    2   0    0.91
73    1    0.000    1    1   1    0.94
3    1    0.000    2    2   0    1.50
54    1    0.106    2    2   0    0.56
102    2    -0.106    2    1   0    0.71
58    1    0.000    1    1   1    0.49
1    1    -0.148    1    1   0    0.67
118    2    0.000    2    1   1    1.33
82    2    -0.106    1    2   1    0.90
149    2    0.106    1    2   0    0.64
56    1    -0.148    1    1   0    0.51
26    1    -0.148    1    1   0    0.61
111    2    -0.148    2    1   0    0.45
25    1    0.148    1    1   1    3.19
89    2    0.106    2    1   1    0.56
77    2    -0.106    2    1   0    0.56
19    1    0.106    1    1   1    0.69
141    2    -0.148    2    1   0    0.55
98    2    0.000    2    1   1    0.86
115    2    0.148    1    2   0    0.59
134    2    0.106    1    2   0    0.57
131    2    -0.148    2    1   0    0.50
20    1    0.148    1    1   1    1.22
113    2    0.000    2    1   1    1.16
92    2    -0.106    2    1   0    0.60
96    2    -0.148    2    1   0    0.66
105    2    0.148    1    2   0    2.25
21    1    -0.148    1    1   0    0.79
7    1    -0.106    2    2   1    0.78
138    2    0.000    2    1   1    0.52
15    1    0.148    1    1   1    0.52
31    1    -0.148    2    2   1    0.67
8    1    0.000    1    1   1    0.76
40    1    0.148    2    2   0    1.08
132    2    -0.106    2    1   0    2.45
23    1    0.000    1    1   1    1.77
39    1    0.106    2    2   0    1.44
50    1    0.148    2    2   0    1.28
116    2    -0.148    1    2   1    1.87
124    2    0.106    1    2   0    2.96
109    2    0.106    2    1   1    1.20
93    2    0.000    1    2   0    1.62
91    2    -0.148    2    1   0    0.58
28    1    0.000    1    1   1    0.77
80    2    0.148    1    2   0    1.85
142    2    -0.106    2    1   0    0.53
60    1    0.148    1    1   1    1.08
61    1    -0.148    1    1   0    0.59
120    2    0.148    2    1   1    0.87
84    2    0.106    1    2   0    0.70
123    2    0.000    2    1   1    0.78
137    2    -0.106    1    2   1    1.04
103    2    0.000    2    1   1    0.72
9    1    0.106    1    1   1    1.01
2    1    -0.106    1    1   0    0.58
128    2    0.000    1    2   0    0.80
48    1    0.000    2    2   0    0.42
147    2    -0.106    2    1   0    0.73
145    2    0.148    1    2   0    1.19
88    2    0.000    2    1   1    0.60
75    2    0.148    1    2   0    0.53
36    1    -0.148    1    1   0    0.71
33    1    0.000    2    2   0    0.35
101    2    -0.148    2    1   0    0.57
18    1    0.000    2    2   0    0.91
51    1    -0.148    1    1   0    0.72
22    1    -0.106    1    1   0    3.20
37    1    -0.106    2    2   1    0.78
34    1    0.106    1    1   1    0.37
133    2    0.000    2    1   1    2.09
130    2    0.148    2    1   1    0.58
99    2    0.106    1    2   0    0.43
62    1    -0.106    2    2   1    0.41
112    2    -0.106    2    1   0    0.66
29    1    0.106    2    2   0    0.67
63    1    0.000    1    1   1    1.14
59    1    0.106    1    1   1    0.65
127    2    -0.106    2    1   0    0.90
66    1    -0.148    1    1   0    0.50
5    1    0.148    2    2   0    0.56
4    1    0.106    2    2   0    0.52
57    1    -0.106    1    1   0    0.54
41    1    -0.148    2    2   1    0.47
16    1    -0.148    1    1   0    0.66
119    2    0.106    1    2   0    0.73
42    1    -0.106    2    2   1    0.89
117    2    -0.106    2    1   0    0.54
10    1    0.148    1    1   1    0.59
86    2    -0.148    2    1   0    0.43
38    1    0.000    2    2   0    1.00
76    2    -0.148    2    1   0    0.54
94    2    0.106    1    2   0    0.47
27    1    -0.106    1    1   0    0.67
64    1    0.106    2    2   0    0.58
144    2    0.106    1    2   0    0.96
146    2    -0.148    2    1   0    0.50
35    1    0.148    1    1   1    0.75
139    2    0.106    2    1   1    0.88
17    1    -0.106    1    1   0    1.10
72    1    -0.106    1    1   0    0.96
74    1    0.106    2    2   0    0.57
13    1    0.000    2    2   0    0.58
14    1    0.106    1    1   1    0.55
24    1    0.106    2    2   0    0.49
6    1    -0.148    1    1   0    1.30
85    2    0.148    2    1   1    0.69
