--------------------------------
12-Jan-2015 14:32:31 
data from observer A25 
#occlusion2 expt 
reference disparity (degrees) 0.160000 

stim order disp kresp testresp correct time
1    2    0.074    2    1   1    2.51
2    2    0.069    2    1   1    1.20
3    1    -0.065    2    2   1    1.87
4    2    0.060    2    1   1    2.35
5    1    -0.055    2    2   1    1.41
6    2    -0.051    1    2   1    1.04
7    1    -0.046    2    2   1    0.60
8    2    0.042    1    2   0    0.11
9    1    -0.051    1    1   0    0.80
10    1    -0.060    2    2   1    0.65
11    1    0.060    2    2   0    1.54
12    2    -0.069    2    1   0    1.63
13    1    -0.079    1    1   0    0.85
14    2    0.088    2    1   1    0.59
15    1    0.088    1    1   1    0.59
16    2    -0.083    1    2   1    0.75
17    2    -0.083    2    1   0    0.85
18    2    0.092    2    1   1    1.40
19    1    -0.092    1    1   0    0.51
20    1    0.102    1    1   1    0.51
21    1    -0.102    2    2   1    0.50
22    2    -0.097    1    2   1    0.76
23    2    0.097    2    1   1    0.50
24    1    -0.092    1    1   0    0.49
25    2    0.102    2    1   1    0.50
26    1    -0.102    2    2   1    2.54
27    1    -0.097    2    2   1    0.84
28    2    -0.097    2    1   0    0.95
29    1    0.106    1    1   1    0.83
30    1    -0.106    2    2   1    0.81
31    2    0.102    2    1   1    1.52
32    2    -0.102    1    2   1    0.51
33    2    -0.097    1    2   1    0.75
34    2    0.097    2    1   1    0.48
35    1    -0.092    2    2   1    0.67
36    1    -0.092    2    2   1    0.54
37    1    0.088    1    1   1    0.61
38    1    0.088    1    1   1    1.62
39    2    0.083    2    1   1    0.54
40    1    0.083    1    1   1    1.21
41    2    -0.079    1    2   1    0.87
42    1    -0.079    1    1   0    0.99
43    1    0.088    2    2   0    2.08
44    2    0.097    2    1   1    0.63
45    2    0.097    2    1   1    0.69
46    2    -0.092    1    2   1    0.71
47    1    -0.092    2    2   1    1.21
48    1    0.088    2    2   0    0.94
49    2    0.097    2    1   1    0.71
50    1    0.097    1    1   1    0.50
-------------------------
Final staircase threshold estimate (mean) is 0.0905
-------------------------
106    2    -0.148    2    1   0    1.67
96    2    -0.148    1    2   1    0.48
113    2    0.000    2    1   1    3.34
46    1    -0.148    2    2   1    0.57
116    2    -0.148    1    2   1    0.42
136    2    -0.148    1    2   1    0.50
58    1    0.000    2    2   0    0.78
93    2    0.000    1    2   0    0.53
103    2    0.000    2    1   1    0.49
22    1    -0.092    1    1   0    0.72
41    1    -0.148    2    2   1    0.64
74    1    0.092    2    2   0    0.54
64    1    0.092    1    1   1    0.40
115    2    0.148    2    1   1    0.49
84    2    0.092    1    2   0    0.63
25    1    0.148    2    2   0    0.45
42    1    -0.092    2    2   1    0.57
15    1    0.148    1    1   1    0.95
71    1    -0.148    2    2   1    0.79
130    2    0.148    1    2   0    0.37
133    2    0.000    2    1   1    1.00
148    2    0.000    2    1   1    0.61
50    1    0.148    1    1   1    0.52
68    1    0.000    2    2   0    0.48
5    1    0.148    1    1   1    0.52
70    1    0.148    1    1   1    0.76
19    1    0.092    1    1   1    0.67
35    1    0.148    1    1   1    0.55
56    1    -0.148    2    2   1    0.65
59    1    0.092    1    1   1    1.80
149    2    0.092    2    1   1    0.54
20    1    0.148    1    1   1    0.60
78    2    0.000    2    1   1    0.55
67    1    -0.092    2    2   1    1.19
55    1    0.148    1    1   1    0.53
23    1    0.000    1    1   1    0.51
120    2    0.148    2    1   1    0.44
137    2    -0.092    1    2   1    0.50
89    2    0.092    2    1   1    0.53
53    1    0.000    2    2   0    1.34
29    1    0.092    1    1   1    0.43
17    1    -0.092    2    2   1    0.53
72    1    -0.092    2    2   1    0.59
91    2    -0.148    1    2   1    0.38
102    2    -0.092    1    2   1    0.54
14    1    0.092    1    1   1    0.57
82    2    -0.092    1    2   1    0.69
7    1    -0.092    2    2   1    0.74
1    1    -0.148    2    2   1    0.66
111    2    -0.148    1    2   1    0.46
73    1    0.000    2    2   0    0.79
138    2    0.000    2    1   1    0.84
109    2    0.092    2    1   1    0.88
141    2    -0.148    1    2   1    0.56
114    2    0.092    2    1   1    0.53
144    2    0.092    2    1   1    2.27
34    1    0.092    1    1   1    0.59
36    1    -0.148    2    2   1    0.66
11    1    -0.148    1    1   0    1.15
86    2    -0.148    1    2   1    0.94
112    2    -0.092    1    2   1    1.12
44    1    0.092    2    2   0    0.76
101    2    -0.148    1    2   1    0.54
83    2    0.000    2    1   1    1.71
110    2    0.148    2    1   1    0.76
49    1    0.092    1    1   1    0.44
33    1    0.000    1    1   1    0.70
37    1    -0.092    2    2   1    1.11
28    1    0.000    2    2   0    0.74
126    2    -0.148    1    2   1    0.61
6    1    -0.148    2    2   1    0.63
123    2    0.000    2    1   1    0.85
54    1    0.092    1    1   1    0.52
16    1    -0.148    2    2   1    0.67
21    1    -0.148    2    2   1    0.74
45    1    0.148    1    1   1    0.44
76    2    -0.148    2    1   0    0.59
117    2    -0.092    1    2   1    0.51
132    2    -0.092    1    2   1    0.77
61    1    -0.148    2    2   1    0.95
43    1    0.000    2    2   0    1.29
47    1    -0.092    2    2   1    1.30
62    1    -0.092    2    2   1    0.72
3    1    0.000    2    2   0    2.25
90    2    0.148    2    1   1    0.62
26    1    -0.148    2    2   1    1.01
118    2    0.000    1    2   0    1.53
40    1    0.148    2    2   0    0.87
150    2    0.148    2    1   1    0.70
139    2    0.092    2    1   1    1.31
48    1    0.000    1    1   1    0.61
24    1    0.092    1    1   1    0.60
145    2    0.148    2    1   1    1.08
32    1    -0.092    2    2   1    0.93
69    1    0.092    1    1   1    0.63
2    1    -0.092    1    1   0    1.10
108    2    0.000    1    2   0    2.05
80    2    0.148    2    1   1    0.61
128    2    0.000    2    1   1    0.64
87    2    -0.092    2    1   0    0.66
107    2    -0.092    1    2   1    0.57
75    2    0.148    2    1   1    1.07
99    2    0.092    1    2   0    0.98
142    2    -0.092    1    2   1    1.08
122    2    -0.092    1    2   1    0.73
39    1    0.092    1    1   1    0.68
121    2    -0.148    2    1   0    0.93
88    2    0.000    1    2   0    0.83
119    2    0.092    2    1   1    0.87
81    2    -0.148    1    2   1    0.63
12    1    -0.092    2    2   1    0.62
51    1    -0.148    1    1   0    0.54
127    2    -0.092    2    1   0    0.44
30    1    0.148    2    2   0    0.84
4    1    0.092    1    1   1    0.52
95    2    0.148    2    1   1    0.90
125    2    0.148    2    1   1    0.71
52    1    -0.092    2    2   1    0.64
92    2    -0.092    1    2   1    1.31
57    1    -0.092    2    2   1    0.77
135    2    0.148    2    1   1    1.48
18    1    0.000    2    2   0    0.61
38    1    0.000    2    2   0    0.66
98    2    0.000    1    2   0    0.52
131    2    -0.148    1    2   1    0.63
105    2    0.148    2    1   1    0.81
147    2    -0.092    1    2   1    3.28
65    1    0.148    1    1   1    0.42
85    2    0.148    2    1   1    0.34
100    2    0.148    2    1   1    0.53
97    2    -0.092    2    1   0    0.64
27    1    -0.092    2    2   1    0.85
66    1    -0.148    2    2   1    0.53
10    1    0.148    1    1   1    0.46
124    2    0.092    2    1   1    0.51
146    2    -0.148    1    2   1    0.44
13    1    0.000    1    1   1    0.47
79    2    0.092    2    1   1    0.30
140    2    0.148    1    2   0    0.33
9    1    0.092    1    1   1    0.42
63    1    0.000    2    2   0    0.21
31    1    -0.148    2    2   1    0.52
134    2    0.092    1    2   0    0.42
143    2    0.000    2    1   1    0.57
60    1    0.148    2    2   0    1.82
8    1    0.000    1    1   1    0.32
129    2    0.092    2    1   1    0.48
77    2    -0.092    1    2   1    0.47
94    2    0.092    2    1   1    0.48
104    2    0.092    2    1   1    0.58
