--------------------------------
12-Jan-2015 10:15:26 
data from observer A25 
#occlusion2 expt 
reference disparity (degrees) 0.160000 

stim order disp kresp testresp correct time
1    2    0.074    1    2   1    3.72
2    1    -0.069    2    2   0    4.64
3    1    -0.079    1    1   1    3.32
4    2    0.079    2    1   0    1.69
5    2    0.088    2    1   0    2.62
6    2    -0.097    2    1   1    1.16
7    2    -0.097    2    1   1    1.34
8    1    -0.092    1    1   1    1.57
9    2    0.092    1    2   1    2.09
10    2    -0.088    2    1   1    1.36
11    2    -0.088    2    1   1    0.99
12    1    0.083    1    1   0    3.26
13    1    -0.092    2    2   0    4.15
14    2    0.102    1    2   1    1.74
15    2    -0.102    2    1   1    1.34
16    1    0.097    2    2   1    2.52
17    1    0.097    2    2   1    0.97
18    1    0.092    2    2   1    0.68
19    2    -0.092    2    1   1    1.42
20    2    -0.088    2    1   1    1.26
21    1    0.088    1    1   0    3.03
22    2    0.097    1    2   1    0.99
23    2    0.097    1    2   1    1.16
24    2    -0.092    2    1   1    0.76
25    1    0.092    2    2   1    0.72
26    1    0.088    2    2   1    0.74
27    1    -0.088    1    1   1    0.72
28    1    0.083    2    2   1    0.96
29    1    -0.083    1    1   1    0.55
30    1    -0.079    1    1   1    2.73
31    1    0.079    1    1   0    2.45
32    1    -0.088    2    2   0    8.21
33    2    -0.097    2    1   1    1.28
34    1    -0.097    1    1   1    0.55
35    1    -0.092    1    1   1    0.74
36    2    0.092    2    1   0    1.53
37    2    0.102    1    2   1    1.97
38    2    -0.102    2    1   1    0.57
39    2    0.097    1    2   1    0.64
40    1    0.097    2    2   1    0.78
41    1    0.092    2    2   1    0.52
42    2    -0.092    2    1   1    0.60
43    1    -0.088    1    1   1    0.71
44    2    0.088    2    1   0    0.78
45    1    -0.097    2    2   0    0.65
46    1    -0.106    2    2   0    0.76
47    2    0.115    1    2   1    1.21
48    1    -0.115    1    1   1    2.10
49    2    -0.111    2    1   1    0.47
50    2    -0.111    2    1   1    1.08
-------------------------
Final staircase threshold estimate (mean) is 0.1016
-------------------------
32    1    -0.102    1    1   0    5.02
112    2    -0.102    2    1   0    2.34
148    2    0.000    1    2   0    3.61
113    2    0.000    2    1   1    1.17
4    1    0.102    2    2   0    1.87
14    1    0.102    2    2   0    1.13
67    1    -0.102    1    1   0    2.39
93    2    0.000    1    2   0    4.05
38    1    0.000    2    2   0    0.60
142    2    -0.102    2    1   0    0.53
125    2    0.148    1    2   0    0.61
89    2    0.102    1    2   0    0.53
64    1    0.102    2    2   0    0.50
53    1    0.000    1    1   1    3.74
30    1    0.148    2    2   0    0.56
78    2    0.000    1    2   0    0.47
77    2    -0.102    2    1   0    0.43
13    1    0.000    1    1   1    2.60
28    1    0.000    2    2   0    0.57
104    2    0.102    1    2   0    0.70
108    2    0.000    2    1   1    0.71
25    1    0.148    2    2   0    1.60
107    2    -0.102    2    1   0    0.97
52    1    -0.102    1    1   0    1.59
19    1    0.102    1    1   1    3.52
132    2    -0.102    2    1   0    1.28
97    2    -0.102    2    1   0    2.69
20    1    0.148    2    2   0    0.78
145    2    0.148    1    2   0    0.65
134    2    0.102    1    2   0    1.00
102    2    -0.102    2    1   0    0.53
41    1    -0.148    1    1   0    0.57
59    1    0.102    2    2   0    0.49
35    1    0.148    2    2   0    1.13
48    1    0.000    2    2   0    0.60
54    1    0.102    1    1   1    0.97
88    2    0.000    1    2   0    1.32
129    2    0.102    1    2   0    0.59
79    2    0.102    2    1   1    0.81
24    1    0.102    2    2   0    0.60
46    1    -0.148    1    1   0    0.64
16    1    -0.148    1    1   0    0.69
95    2    0.148    2    1   1    0.55
84    2    0.102    2    1   1    2.62
128    2    0.000    2    1   1    5.28
83    2    0.000    1    2   0    1.86
74    1    0.102    2    2   0    0.51
103    2    0.000    1    2   0    3.43
65    1    0.148    2    2   0    0.57
122    2    -0.102    2    1   0    0.59
21    1    -0.148    1    1   0    0.59
141    2    -0.148    2    1   0    0.43
118    2    0.000    1    2   0    0.61
11    1    -0.148    1    1   0    0.61
27    1    -0.102    1    1   0    0.61
116    2    -0.148    2    1   0    0.67
23    1    0.000    2    2   0    2.21
99    2    0.102    1    2   0    0.70
26    1    -0.148    1    1   0    0.74
62    1    -0.102    2    2   1    0.82
127    2    -0.102    2    1   0    0.61
137    2    -0.102    2    1   0    0.84
146    2    -0.148    2    1   0    0.74
29    1    0.102    1    1   1    1.15
98    2    0.000    2    1   1    2.30
36    1    -0.148    1    1   0    0.61
5    1    0.148    2    2   0    1.08
115    2    0.148    1    2   0    1.12
75    2    0.148    1    2   0    3.67
109    2    0.102    1    2   0    0.74
39    1    0.102    2    2   0    0.72
139    2    0.102    1    2   0    0.85
45    1    0.148    2    2   0    0.50
66    1    -0.148    1    1   0    0.47
80    2    0.148    1    2   0    0.57
70    1    0.148    2    2   0    0.44
119    2    0.102    1    2   0    0.64
111    2    -0.148    2    1   0    0.53
69    1    0.102    2    2   0    0.82
37    1    -0.102    1    1   0    0.74
106    2    -0.148    2    1   0    0.44
33    1    0.000    2    2   0    0.50
60    1    0.148    1    1   1    1.10
12    1    -0.102    2    2   1    0.73
6    1    -0.148    1    1   0    2.42
94    2    0.102    1    2   0    0.58
91    2    -0.148    2    1   0    0.49
126    2    -0.148    2    1   0    0.50
143    2    0.000    2    1   1    0.45
17    1    -0.102    1    1   0    0.42
51    1    -0.148    1    1   0    0.55
31    1    -0.148    1    1   0    0.52
50    1    0.148    2    2   0    0.42
87    2    -0.102    2    1   0    1.33
40    1    0.148    1    1   1    1.22
9    1    0.102    2    2   0    0.88
123    2    0.000    2    1   1    1.21
1    1    -0.148    1    1   0    0.47
105    2    0.148    2    1   1    0.67
101    2    -0.148    2    1   0    0.57
7    1    -0.102    2    2   1    0.71
57    1    -0.102    1    1   0    1.64
82    2    -0.102    2    1   0    1.94
120    2    0.148    1    2   0    2.02
8    1    0.000    1    1   1    1.24
58    1    0.000    2    2   0    1.46
68    1    0.000    1    1   1    3.73
10    1    0.148    2    2   0    0.60
138    2    0.000    1    2   0    0.90
47    1    -0.102    1    1   0    1.18
147    2    -0.102    2    1   0    0.43
76    2    -0.148    2    1   0    0.98
130    2    0.148    1    2   0    0.73
150    2    0.148    2    1   1    0.46
133    2    0.000    1    2   0    0.56
73    1    0.000    2    2   0    0.85
117    2    -0.102    2    1   0    0.53
34    1    0.102    1    1   1    1.18
136    2    -0.148    2    1   0    0.47
114    2    0.102    1    2   0    0.94
140    2    0.148    1    2   0    1.24
61    1    -0.148    2    2   1    1.60
100    2    0.148    1    2   0    0.55
96    2    -0.148    2    1   0    0.72
71    1    -0.148    1    1   0    4.44
42    1    -0.102    1    1   0    1.20
2    1    -0.102    2    2   1    1.16
90    2    0.148    2    1   1    1.49
44    1    0.102    2    2   0    1.13
85    2    0.148    1    2   0    0.58
55    1    0.148    2    2   0    0.53
72    1    -0.102    1    1   0    0.57
121    2    -0.148    2    1   0    0.47
110    2    0.148    1    2   0    0.95
144    2    0.102    1    2   0    2.53
56    1    -0.148    1    1   0    1.17
86    2    -0.148    2    1   0    0.57
22    1    -0.102    1    1   0    1.19
149    2    0.102    1    2   0    1.12
92    2    -0.102    2    1   0    0.55
49    1    0.102    1    1   1    0.68
18    1    0.000    1    1   1    4.84
43    1    0.000    2    2   0    1.30
3    1    0.000    1    1   1    1.34
81    2    -0.148    2    1   0    0.65
124    2    0.102    2    1   1    2.62
15    1    0.148    1    1   1    1.86
63    1    0.000    2    2   0    1.22
135    2    0.148    2    1   1    0.85
131    2    -0.148    2    1   0    0.73
