--------------------------------
12-Jan-2015 10:32:38 
data from observer A25 
#occlusion2 expt 
reference disparity (degrees) 0.160000 

stim order disp kresp testresp correct time
1    1    0.074    1    1   0    3.82
2    1    -0.083    1    1   1    2.07
3    2    -0.079    2    1   1    0.79
4    2    0.079    1    2   1    1.05
5    2    0.074    1    2   1    0.83
6    1    -0.074    1    1   1    2.24
7    2    -0.069    2    1   1    1.84
8    2    0.069    1    2   1    8.77
9    2    0.065    1    2   1    1.21
10    1    -0.065    1    1   1    1.67
11    2    0.060    1    2   1    1.24
12    2    0.060    2    1   0    4.25
13    2    -0.069    2    1   1    1.81
14    2    -0.069    2    1   1    1.61
15    2    -0.065    1    2   0    1.89
16    2    -0.074    2    1   1    3.86
17    2    0.074    1    2   1    1.50
18    1    0.069    2    2   1    0.79
19    1    0.069    1    1   0    1.94
20    2    -0.079    1    2   0    1.72
21    1    -0.088    2    2   0    1.62
22    2    -0.097    2    1   1    0.76
23    1    -0.097    1    1   1    0.64
24    1    0.092    1    1   0    1.90
25    2    0.102    1    2   1    3.08
26    2    -0.102    2    1   1    0.82
27    2    0.097    1    2   1    0.63
28    1    0.097    2    2   1    0.65
29    2    -0.092    2    1   1    0.74
30    1    0.092    1    1   0    3.86
31    2    -0.102    2    1   1    1.10
32    1    -0.102    1    1   1    0.55
33    1    0.097    2    2   1    0.66
34    2    0.097    1    2   1    1.04
35    1    -0.092    1    1   1    1.73
36    2    0.092    1    2   1    3.34
37    1    -0.088    1    1   1    0.77
38    2    -0.088    2    1   1    0.73
39    1    -0.083    1    1   1    0.64
40    1    -0.083    1    1   1    0.65
41    2    -0.079    2    1   1    0.72
42    1    0.079    1    1   0    1.27
43    1    0.088    2    2   1    0.80
44    2    -0.088    2    1   1    1.02
45    2    -0.083    1    2   0    1.09
46    1    -0.092    1    1   1    0.78
47    1    -0.092    1    1   1    0.66
48    2    0.088    1    2   1    2.06
49    1    0.088    2    2   1    1.10
50    1    0.083    2    2   1    1.11
-------------------------
Final staircase threshold estimate (mean) is 0.0859
-------------------------
79    2    0.088    1    2   0    4.92
124    2    0.088    2    1   1    1.22
130    2    0.148    1    2   0    1.43
54    1    0.088    1    1   1    3.39
48    1    0.000    1    1   1    1.54
97    2    -0.088    2    1   0    0.48
92    2    -0.088    2    1   0    1.24
12    1    -0.088    1    1   0    1.15
94    2    0.088    2    1   1    0.57
6    1    -0.148    1    1   0    0.57
62    1    -0.088    2    2   1    1.59
30    1    0.148    1    1   1    3.32
98    2    0.000    2    1   1    2.21
26    1    -0.148    1    1   0    0.68
141    2    -0.148    2    1   0    0.62
1    1    -0.148    1    1   0    0.73
63    1    0.000    2    2   0    1.80
23    1    0.000    1    1   1    2.20
16    1    -0.148    1    1   0    0.82
123    2    0.000    1    2   0    2.76
67    1    -0.088    1    1   0    1.69
110    2    0.148    2    1   1    1.27
73    1    0.000    2    2   0    1.35
33    1    0.000    1    1   1    1.17
11    1    -0.148    1    1   0    0.64
80    2    0.148    1    2   0    1.19
104    2    0.088    1    2   0    3.50
103    2    0.000    2    1   1    0.90
125    2    0.148    1    2   0    0.60
4    1    0.088    2    2   0    1.00
122    2    -0.088    2    1   0    0.65
75    2    0.148    1    2   0    0.58
46    1    -0.148    1    1   0    0.61
142    2    -0.088    2    1   0    0.58
134    2    0.088    2    1   1    2.24
117    2    -0.088    1    2   1    1.09
31    1    -0.148    2    2   1    0.80
81    2    -0.148    2    1   0    0.45
85    2    0.148    2    1   1    5.92
72    1    -0.088    2    2   1    4.14
15    1    0.148    2    2   0    0.69
39    1    0.088    1    1   1    1.26
129    2    0.088    1    2   0    0.82
84    2    0.088    1    2   0    0.93
106    2    -0.148    2    1   0    0.52
40    1    0.148    2    2   0    12.12
49    1    0.088    2    2   0    4.00
58    1    0.000    2    2   0    0.56
51    1    -0.148    1    1   0    0.62
105    2    0.148    2    1   1    0.81
102    2    -0.088    2    1   0    0.58
68    1    0.000    2    2   0    1.12
101    2    -0.148    2    1   0    0.56
17    1    -0.088    1    1   0    0.61
70    1    0.148    2    2   0    1.53
38    1    0.000    2    2   0    1.64
35    1    0.148    2    2   0    1.59
128    2    0.000    1    2   0    1.61
144    2    0.088    1    2   0    0.83
78    2    0.000    2    1   1    1.05
95    2    0.148    1    2   0    1.76
86    2    -0.148    2    1   0    0.49
10    1    0.148    1    1   1    2.61
43    1    0.000    2    2   0    0.95
133    2    0.000    2    1   1    0.79
53    1    0.000    1    1   1    0.62
44    1    0.088    2    2   0    0.87
42    1    -0.088    1    1   0    0.56
2    1    -0.088    2    2   1    1.79
109    2    0.088    1    2   0    0.55
145    2    0.148    2    1   1    1.34
138    2    0.000    1    2   0    0.50
96    2    -0.148    2    1   0    0.52
25    1    0.148    2    2   0    0.67
108    2    0.000    1    2   0    2.40
59    1    0.088    2    2   0    0.65
28    1    0.000    1    1   1    1.75
120    2    0.148    1    2   0    1.59
9    1    0.088    2    2   0    0.52
89    2    0.088    1    2   0    0.72
127    2    -0.088    2    1   0    0.71
100    2    0.148    1    2   0    0.72
126    2    -0.148    2    1   0    0.64
149    2    0.088    1    2   0    1.45
93    2    0.000    2    1   1    2.33
7    1    -0.088    2    2   1    1.04
3    1    0.000    1    1   1    1.24
55    1    0.148    2    2   0    0.67
83    2    0.000    1    2   0    1.56
56    1    -0.148    1    1   0    0.59
5    1    0.148    2    2   0    0.70
52    1    -0.088    1    1   0    0.91
118    2    0.000    2    1   1    2.20
90    2    0.148    1    2   0    1.54
132    2    -0.088    2    1   0    0.55
34    1    0.088    2    2   0    0.55
24    1    0.088    2    2   0    0.53
57    1    -0.088    1    1   0    0.89
64    1    0.088    2    2   0    1.04
32    1    -0.088    1    1   0    0.59
37    1    -0.088    1    1   0    0.81
114    2    0.088    1    2   0    0.51
20    1    0.148    2    2   0    0.56
74    1    0.088    2    2   0    0.50
112    2    -0.088    2    1   0    0.59
69    1    0.088    1    1   1    1.14
60    1    0.148    2    2   0    0.52
91    2    -0.148    2    1   0    0.56
119    2    0.088    1    2   0    0.53
77    2    -0.088    2    1   0    0.67
13    1    0.000    1    1   1    0.53
65    1    0.148    2    2   0    0.54
148    2    0.000    1    2   0    2.28
36    1    -0.148    1    1   0    2.65
50    1    0.148    2    2   0    0.49
29    1    0.088    2    2   0    1.14
107    2    -0.088    2    1   0    4.45
14    1    0.088    2    2   0    0.77
135    2    0.148    1    2   0    0.47
131    2    -0.148    2    1   0    0.64
143    2    0.000    1    2   0    0.70
136    2    -0.148    2    1   0    0.60
18    1    0.000    1    1   1    0.86
113    2    0.000    1    2   0    3.40
140    2    0.148    1    2   0    1.97
19    1    0.088    2    2   0    0.90
8    1    0.000    1    1   1    1.17
121    2    -0.148    2    1   0    0.79
137    2    -0.088    2    1   0    2.53
71    1    -0.148    1    1   0    2.20
76    2    -0.148    2    1   0    0.73
82    2    -0.088    2    1   0    0.92
47    1    -0.088    1    1   0    2.74
111    2    -0.148    2    1   0    0.61
61    1    -0.148    1    1   0    0.84
27    1    -0.088    1    1   0    1.75
87    2    -0.088    2    1   0    4.54
150    2    0.148    1    2   0    5.76
41    1    -0.148    1    1   0    2.59
99    2    0.088    2    1   1    1.78
88    2    0.000    2    1   1    3.50
22    1    -0.088    1    1   0    0.91
45    1    0.148    2    2   0    1.07
146    2    -0.148    2    1   0    2.38
21    1    -0.148    1    1   0    1.42
147    2    -0.088    2    1   0    2.16
139    2    0.088    2    1   1    1.75
116    2    -0.148    2    1   0    0.97
115    2    0.148    1    2   0    0.65
66    1    -0.148    1    1   0    1.22
