--------------------------------
12-Jan-2015 14:38:25 
data from observer A25 
#occlusion2 expt 
reference disparity (degrees) 0.160000 

stim order disp kresp testresp correct time
1    2    0.074    2    1   1    18.34
2    2    -0.069    1    2   1    0.65
3    1    -0.065    2    2   1    0.58
4    2    -0.060    1    2   1    0.53
5    1    -0.055    2    2   1    0.54
6    2    -0.051    1    2   1    0.50
7    1    -0.046    2    2   1    0.56
8    1    -0.042    2    2   1    1.01
9    1    -0.037    1    1   0    0.48
10    1    0.046    2    2   0    0.49
11    1    0.055    1    1   1    0.48
12    1    0.055    1    1   1    0.47
13    2    0.051    2    1   1    0.47
14    2    -0.051    1    2   1    0.45
15    2    -0.046    2    1   0    0.89
16    2    -0.055    1    2   1    0.66
17    1    0.055    2    2   0    0.48
18    1    0.065    1    1   1    0.42
19    1    0.065    2    2   0    0.54
20    2    -0.074    1    2   1    0.58
21    2    -0.074    2    1   0    0.21
22    2    0.083    2    1   1    0.60
23    2    -0.083    1    2   1    0.42
24    2    -0.079    1    2   1    0.49
25    1    -0.079    1    1   0    0.45
26    1    0.088    2    2   0    0.26
27    1    0.097    2    2   0    0.79
28    2    -0.106    1    2   1    0.37
29    2    0.106    2    1   1    0.46
30    2    0.102    2    1   1    0.58
31    1    -0.102    2    2   1    0.61
32    2    0.097    2    1   1    0.63
33    2    -0.097    1    2   1    0.50
34    1    -0.092    2    2   1    0.89
35    2    -0.092    1    2   1    0.56
36    2    -0.088    1    2   1    2.07
37    2    -0.088    1    2   1    0.98
38    2    0.083    2    1   1    0.71
39    1    0.083    1    1   1    0.59
40    2    0.079    2    1   1    0.56
41    1    0.079    1    1   1    0.50
42    2    -0.074    2    1   0    1.33
43    1    -0.083    2    2   1    0.84
44    2    0.083    1    2   0    1.35
45    2    -0.092    1    2   1    1.26
46    1    -0.092    2    2   1    0.63
47    1    -0.088    1    1   0    0.81
48    2    -0.097    1    2   1    0.70
49    2    -0.097    2    1   0    0.64
50    1    -0.106    2    2   1    0.63
-------------------------
Final staircase threshold estimate (mean) is 0.0891
-------------------------
139    2    0.088    2    1   1    2.12
32    1    -0.088    1    1   0    1.11
17    1    -0.088    1    1   0    1.31
108    2    0.000    1    2   0    1.05
12    1    -0.088    2    2   1    0.48
16    1    -0.148    1    1   0    0.99
10    1    0.148    1    1   1    0.69
129    2    0.088    2    1   1    0.61
41    1    -0.148    2    2   1    0.51
135    2    0.148    2    1   1    1.46
33    1    0.000    1    1   1    0.45
75    2    0.148    2    1   1    0.52
94    2    0.088    1    2   0    0.46
99    2    0.088    1    2   0    0.72
23    1    0.000    1    1   1    0.56
105    2    0.148    2    1   1    0.27
114    2    0.088    1    2   0    1.14
147    2    -0.088    2    1   0    1.03
140    2    0.148    2    1   1    0.65
63    1    0.000    1    1   1    0.75
19    1    0.088    1    1   1    0.65
146    2    -0.148    2    1   0    0.58
118    2    0.000    1    2   0    0.41
92    2    -0.088    2    1   0    0.37
1    1    -0.148    1    1   0    0.52
93    2    0.000    2    1   1    0.39
40    1    0.148    2    2   0    0.33
68    1    0.000    1    1   1    0.32
119    2    0.088    2    1   1    0.52
104    2    0.088    1    2   0    0.34
26    1    -0.148    2    2   1    0.98
79    2    0.088    2    1   1    0.72
85    2    0.148    2    1   1    1.84
133    2    0.000    1    2   0    0.79
72    1    -0.088    1    1   0    1.11
134    2    0.088    1    2   0    1.62
5    1    0.148    1    1   1    1.16
27    1    -0.088    2    2   1    0.90
21    1    -0.148    1    1   0    0.51
142    2    -0.088    2    1   0    0.92
38    1    0.000    2    2   0    0.57
62    1    -0.088    1    1   0    0.49
103    2    0.000    1    2   0    0.71
4    1    0.088    1    1   1    0.75
74    1    0.088    2    2   0    0.33
109    2    0.088    1    2   0    0.36
11    1    -0.148    2    2   1    0.66
117    2    -0.088    2    1   0    1.16
29    1    0.088    1    1   1    0.50
110    2    0.148    2    1   1    0.68
59    1    0.088    2    2   0    0.65
25    1    0.148    2    2   0    0.86
54    1    0.088    1    1   1    0.61
34    1    0.088    1    1   1    0.60
22    1    -0.088    2    2   1    1.02
141    2    -0.148    1    2   1    0.55
90    2    0.148    1    2   0    1.11
121    2    -0.148    2    1   0    0.63
28    1    0.000    1    1   1    0.50
88    2    0.000    1    2   0    0.73
67    1    -0.088    2    2   1    0.45
73    1    0.000    2    2   0    1.33
136    2    -0.148    1    2   1    1.09
100    2    0.148    2    1   1    0.70
50    1    0.148    1    1   1    0.64
47    1    -0.088    2    2   1    0.59
86    2    -0.148    1    2   1    0.71
78    2    0.000    2    1   1    0.60
107    2    -0.088    1    2   1    0.44
84    2    0.088    2    1   1    0.38
15    1    0.148    1    1   1    0.36
148    2    0.000    2    1   1    0.49
65    1    0.148    1    1   1    0.58
113    2    0.000    1    2   0    0.59
76    2    -0.148    2    1   0    1.04
149    2    0.088    1    2   0    0.56
115    2    0.148    2    1   1    0.57
83    2    0.000    1    2   0    1.10
123    2    0.000    2    1   1    0.67
137    2    -0.088    1    2   1    0.46
71    1    -0.148    2    2   1    0.50
3    1    0.000    1    1   1    0.34
127    2    -0.088    2    1   0    0.31
37    1    -0.088    2    2   1    0.41
128    2    0.000    1    2   0    0.67
6    1    -0.148    2    2   1    0.33
126    2    -0.148    1    2   1    0.37
31    1    -0.148    2    2   1    0.45
69    1    0.088    1    1   1    0.32
89    2    0.088    2    1   1    0.82
106    2    -0.148    1    2   1    0.68
132    2    -0.088    1    2   1    0.60
150    2    0.148    2    1   1    0.36
30    1    0.148    1    1   1    0.73
13    1    0.000    2    2   0    0.78
95    2    0.148    2    1   1    0.52
116    2    -0.148    1    2   1    0.50
42    1    -0.088    1    1   0    0.00
138    2    0.000    2    1   1    0.35
8    1    0.000    2    2   0    0.50
7    1    -0.088    1    1   0    0.41
98    2    0.000    2    1   1    0.37
91    2    -0.148    2    1   0    0.34
55    1    0.148    1    1   1    0.46
43    1    0.000    1    1   1    1.23
45    1    0.148    1    1   1    0.70
82    2    -0.088    2    1   0    0.45
35    1    0.148    2    2   0    0.74
14    1    0.088    1    1   1    0.41
24    1    0.088    2    2   0    0.31
111    2    -0.148    1    2   1    0.59
97    2    -0.088    2    1   0    0.40
81    2    -0.148    1    2   1    0.66
57    1    -0.088    2    2   1    0.39
36    1    -0.148    2    2   1    0.97
124    2    0.088    1    2   0    0.61
64    1    0.088    1    1   1    0.66
20    1    0.148    1    1   1    0.70
122    2    -0.088    2    1   0    0.59
112    2    -0.088    1    2   1    0.51
60    1    0.148    2    2   0    0.63
102    2    -0.088    2    1   0    0.51
51    1    -0.148    1    1   0    0.38
101    2    -0.148    1    2   1    0.65
96    2    -0.148    1    2   1    0.74
77    2    -0.088    1    2   1    1.47
39    1    0.088    2    2   0    0.49
2    1    -0.088    2    2   1    0.54
80    2    0.148    2    1   1    0.62
52    1    -0.088    1    1   0    0.59
44    1    0.088    2    2   0    0.52
131    2    -0.148    1    2   1    0.42
70    1    0.148    2    2   0    0.44
58    1    0.000    1    1   1    0.62
53    1    0.000    2    2   0    0.57
144    2    0.088    2    1   1    0.99
130    2    0.148    1    2   0    1.36
56    1    -0.148    2    2   1    0.63
46    1    -0.148    1    1   0    0.80
143    2    0.000    2    1   1    0.46
125    2    0.148    2    1   1    0.78
145    2    0.148    1    2   0    0.52
9    1    0.088    1    1   1    0.69
48    1    0.000    2    2   0    0.57
66    1    -0.148    2    2   1    0.91
49    1    0.088    1    1   1    1.31
61    1    -0.148    2    2   1    0.71
18    1    0.000    1    1   1    0.96
87    2    -0.088    1    2   1    2.90
120    2    0.148    2    1   1    0.56
