--------------------------------
18-Jan-2015 14:50:31 
data from observer A26 
#occlusion2 expt 
reference disparity (degrees) 0.160000 

stim order disp kresp testresp correct time
1    2    -0.074    2    1   0    21.00
2    2    -0.083    2    1   0    1.40
3    1    -0.092    2    2   1    0.86
4    1    -0.088    2    2   1    0.77
5    2    0.088    2    1   1    1.51
6    1    -0.083    2    2   1    1.46
7    2    -0.083    2    1   0    1.06
8    2    0.092    2    1   1    1.10
9    2    0.092    2    1   1    1.43
10    1    -0.088    2    2   1    0.84
11    2    0.088    2    1   1    1.14
12    2    -0.083    2    1   0    1.15
13    1    0.092    2    2   0    1.00
14    1    0.102    2    2   0    1.07
15    1    0.111    2    2   0    1.26
16    1    -0.120    2    2   1    1.18
17    2    -0.120    2    1   0    1.04
18    2    -0.129    2    1   0    1.40
19    1    -0.139    2    2   1    1.05
20    2    0.139    2    1   1    0.90
21    1    0.134    2    2   0    1.09
22    2    0.143    2    1   1    0.95
23    2    -0.143    2    1   0    1.87
24    2    0.148    2    1   1    1.15
25    2    -0.148    2    1   0    1.54
26    2    0.148    2    1   1    1.68
27    2    0.148    2    1   1    1.35
28    1    -0.143    2    2   1    1.24
29    1    -0.143    2    2   1    1.44
30    1    -0.139    2    2   1    2.14
31    1    0.139    2    2   0    1.76
32    1    -0.148    2    2   1    1.50
33    1    -0.148    2    2   1    1.72
34    1    0.143    2    2   0    3.38
35    1    -0.148    2    2   1    1.43
36    1    0.148    2    2   0    1.01
37    2    0.148    2    1   1    0.88
38    1    0.148    2    2   0    0.87
39    1    -0.148    2    2   1    0.86
40    1    0.148    2    2   0    0.98
41    2    -0.148    2    1   0    1.36
42    1    -0.148    2    2   1    1.52
43    1    0.148    2    2   0    1.54
44    2    0.148    2    1   1    1.35
45    1    -0.148    2    2   1    1.11
46    2    0.143    2    1   1    1.10
47    2    0.143    2    1   1    1.71
48    2    -0.139    2    1   0    1.35
49    2    -0.148    2    1   0    1.20
50    2    -0.148    2    1   0    1.42
-------------------------
Final staircase threshold estimate (mean) is 0.1459
-------------------------
34    1    0.143    2    2   0    21.66
2    1    -0.143    2    2   1    0.85
114    2    0.143    2    1   1    1.58
150    2    0.148    2    1   1    1.11
115    2    0.148    2    1   1    1.13
6    1    -0.148    2    2   1    1.00
16    1    -0.148    2    2   1    0.83
69    1    0.143    2    2   0    1.24
95    2    0.148    2    1   1    0.84
40    1    0.148    2    2   0    0.91
144    2    0.143    2    1   1    1.22
127    2    -0.143    2    1   0    0.84
91    2    -0.148    2    1   0    1.02
66    1    -0.148    2    2   1    1.19
55    1    0.148    2    2   0    0.96
32    1    -0.143    2    2   1    1.60
80    2    0.148    2    1   1    1.22
79    2    0.143    2    1   1    0.96
15    1    0.148    2    2   0    1.15
30    1    0.148    1    1   1    5.44
106    2    -0.148    2    1   0    5.73
110    2    0.148    2    1   1    1.03
27    1    -0.143    2    2   1    0.67
109    2    0.143    2    1   1    0.87
54    1    0.143    2    2   0    3.55
21    1    -0.148    2    2   1    1.27
134    2    0.143    2    1   1    1.38
99    2    0.143    2    1   1    1.96
22    1    -0.143    2    2   1    0.91
147    2    -0.143    2    1   0    3.08
136    2    -0.148    2    1   0    0.81
104    2    0.143    2    1   1    0.75
43    1    0.000    2    2   0    0.75
61    1    -0.148    2    2   1    3.09
37    1    -0.143    2    2   1    1.34
50    1    0.148    2    2   0    2.03
56    1    -0.148    2    2   1    3.47
90    2    0.148    2    1   1    1.42
131    2    -0.148    2    1   0    1.46
81    2    -0.148    2    1   0    1.11
26    1    -0.148    2    2   1    1.16
48    1    0.000    2    2   0    1.43
18    1    0.000    2    2   0    0.59
97    2    -0.143    2    1   0    0.61
86    2    -0.148    2    1   0    0.59
130    2    0.148    2    1   1    0.61
85    2    0.148    2    1   1    0.58
76    2    -0.148    2    1   0    0.67
105    2    0.148    2    1   1    0.71
67    1    -0.143    2    2   1    1.24
124    2    0.143    2    1   1    0.69
23    1    0.000    2    2   0    0.56
143    2    0.000    2    1   1    0.92
120    2    0.148    2    1   1    0.73
13    1    0.000    2    2   0    0.57
29    1    0.143    2    2   0    0.86
118    2    0.000    2    1   1    1.10
25    1    0.148    2    2   0    0.87
1    1    -0.148    2    2   1    0.48
101    2    -0.148    2    1   0    1.21
28    1    0.000    2    2   0    0.98
64    1    0.143    2    2   0    2.57
129    2    0.143    2    1   1    1.02
139    2    0.143    2    1   1    0.72
148    2    0.000    2    1   1    0.91
31    1    -0.148    2    2   1    1.45
100    2    0.148    2    1   1    2.34
38    1    0.000    2    2   0    0.86
7    1    -0.143    2    2   1    0.73
117    2    -0.143    2    1   0    1.17
77    2    -0.143    2    1   0    0.83
111    2    -0.148    2    1   0    1.12
41    1    -0.148    2    2   1    1.30
141    2    -0.148    2    1   0    0.94
47    1    -0.143    2    2   1    0.76
68    1    0.000    2    2   0    0.82
82    2    -0.143    2    1   0    1.14
72    1    -0.143    2    2   1    1.13
121    2    -0.148    2    1   0    4.22
113    2    0.000    2    1   1    0.86
71    1    -0.148    2    2   1    1.96
39    1    0.143    2    2   0    1.21
108    2    0.000    2    1   1    1.00
35    1    0.148    2    2   0    1.29
62    1    -0.143    2    2   1    0.97
14    1    0.143    2    2   0    0.93
8    1    0.000    2    2   0    0.94
96    2    -0.148    2    1   0    0.85
93    2    0.000    2    1   1    2.00
128    2    0.000    2    1   1    0.96
145    2    0.148    2    1   1    0.61
19    1    0.143    2    2   0    0.79
53    1    0.000    2    2   0    0.71
33    1    0.000    2    2   0    0.69
52    1    -0.143    2    2   1    0.57
89    2    0.143    2    1   1    0.63
42    1    -0.143    2    2   1    0.90
11    1    -0.148    2    2   1    0.73
125    2    0.148    2    1   1    1.03
3    1    0.000    2    2   0    5.32
107    2    -0.143    1    2   1    5.31
103    2    0.000    2    1   1    5.14
9    1    0.143    2    2   0    0.90
59    1    0.143    2    2   0    0.77
84    2    0.143    2    1   1    0.93
122    2    -0.143    2    1   0    0.71
10    1    0.148    1    1   1    0.80
60    1    0.148    1    1   1    2.22
70    1    0.148    1    1   1    0.83
12    1    -0.143    2    2   1    0.95
140    2    0.148    2    1   1    0.98
49    1    0.143    1    1   1    1.85
149    2    0.143    2    1   1    5.88
78    2    0.000    2    1   1    1.21
132    2    -0.143    2    1   0    0.94
135    2    0.148    2    1   1    1.12
75    2    0.148    2    1   1    1.42
119    2    0.143    2    1   1    0.93
36    1    -0.148    2    2   1    1.00
138    2    0.000    2    1   1    0.56
116    2    -0.148    2    1   0    0.63
142    2    -0.143    2    1   0    4.96
63    1    0.000    2    2   0    6.28
102    2    -0.143    1    2   1    1.36
98    2    0.000    2    1   1    1.66
73    1    0.000    1    1   1    2.47
44    1    0.143    1    1   1    2.06
4    1    0.143    1    1   1    0.96
92    2    -0.143    1    2   1    0.75
46    1    -0.148    1    1   0    1.51
87    2    -0.143    1    2   1    0.91
57    1    -0.143    1    1   0    0.79
74    1    0.143    1    1   1    0.85
123    2    0.000    1    2   0    1.10
112    2    -0.143    1    2   1    0.80
146    2    -0.148    1    2   1    0.64
58    1    0.000    1    1   1    0.69
88    2    0.000    1    2   0    0.62
24    1    0.143    1    1   1    1.39
94    2    0.143    1    2   0    1.93
51    1    -0.148    1    1   0    0.71
20    1    0.148    1    1   1    0.57
45    1    0.148    1    1   1    0.78
5    1    0.148    1    1   1    0.49
83    2    0.000    1    2   0    1.07
126    2    -0.148    1    2   1    0.72
17    1    -0.143    1    1   0    0.55
65    1    0.148    1    1   1    0.72
137    2    -0.143    1    2   1    0.46
133    2    0.000    1    2   0    0.48
