--------------------------------
22-Jan-2015 17:15:05 
data from observer A27 
#occlusion2 expt 
reference disparity (degrees) 0.160000 

stim order disp kresp testresp correct time
1    2    0.074    2    1   0    2.69
2    2    -0.083    2    1   1    3.81
3    1    -0.079    2    2   0    1.17
4    2    0.088    2    1   0    3.00
5    1    -0.097    2    2   0    2.08
6    2    -0.106    1    2   0    4.32
7    2    -0.115    2    1   1    2.17
8    1    0.115    2    2   1    1.66
9    2    0.111    2    1   0    1.87
10    2    -0.120    2    1   1    2.67
11    2    -0.120    2    1   1    1.87
12    2    -0.115    2    1   1    2.76
13    1    -0.115    2    2   0    2.62
14    2    -0.125    1    2   0    4.32
15    2    -0.134    1    2   0    2.42
16    1    0.143    2    2   1    10.99
17    1    0.143    2    2   1    3.16
18    2    0.139    2    1   0    1.39
19    2    0.148    2    1   0    1.16
20    2    -0.148    2    1   1    2.38
21    2    -0.148    2    1   1    3.01
22    1    -0.143    2    2   0    1.49
23    1    0.148    2    2   1    3.46
24    2    0.148    2    1   0    1.17
25    1    -0.148    2    2   0    3.72
26    2    0.148    2    1   0    1.42
27    1    -0.148    2    2   0    1.78
28    2    -0.148    1    2   0    2.90
29    2    -0.148    2    1   1    1.21
30    2    0.148    2    1   0    1.36
31    1    0.148    1    1   0    3.63
32    2    0.148    2    1   0    5.30
33    2    0.148    1    2   1    1.77
34    2    0.148    2    1   0    1.55
35    1    -0.148    2    2   0    3.83
36    1    -0.148    1    1   1    4.39
37    1    -0.148    2    2   0    2.47
38    1    -0.148    1    1   1    2.41
39    2    -0.148    2    1   1    3.91
40    1    0.143    2    2   1    1.95
41    1    0.143    2    2   1    2.64
42    2    -0.139    2    1   1    1.76
43    1    0.139    2    2   1    1.30
44    1    0.134    2    2   1    1.04
45    2    -0.134    2    1   1    4.25
46    1    -0.129    1    1   1    6.67
47    1    -0.129    2    2   0    3.72
48    1    0.139    2    2   1    2.56
49    2    0.139    1    2   1    4.09
50    1    -0.134    1    1   1    7.83
-------------------------
Final staircase threshold estimate (mean) is 0.1358
-------------------------
145    2    0.148    1    2   0    21.52
82    2    -0.134    2    1   0    1.96
119    2    0.134    1    2   0    4.10
69    1    0.134    2    2   0    1.85
96    2    -0.148    2    1   0    2.13
80    2    0.148    1    2   0    3.34
23    1    0.000    2    2   0    3.55
5    1    0.148    2    2   0    1.13
63    1    0.000    1    1   1    2.86
83    2    0.000    2    1   1    2.06
38    1    0.000    2    2   0    2.64
22    1    -0.134    2    2   1    3.21
126    2    -0.148    2    1   0    3.16
106    2    -0.148    2    1   0    1.42
17    1    -0.134    2    2   1    1.21
21    1    -0.148    1    1   0    2.78
102    2    -0.134    2    1   0    2.95
34    1    0.134    2    2   0    2.47
109    2    0.134    1    2   0    1.85
47    1    -0.134    1    1   0    2.17
125    2    0.148    1    2   0    4.15
149    2    0.134    1    2   0    2.07
92    2    -0.134    2    1   0    2.05
133    2    0.000    1    2   0    6.32
78    2    0.000    2    1   1    2.73
60    1    0.148    2    2   0    5.74
84    2    0.134    1    2   0    1.94
85    2    0.148    1    2   0    1.15
132    2    -0.134    2    1   0    1.26
20    1    0.148    2    2   0    0.74
29    1    0.134    2    2   0    0.87
100    2    0.148    1    2   0    1.74
75    2    0.148    1    2   0    1.81
77    2    -0.134    2    1   0    1.02
1    1    -0.148    2    2   1    0.88
87    2    -0.134    2    1   0    1.02
61    1    -0.148    1    1   0    2.29
59    1    0.134    2    2   0    0.95
67    1    -0.134    1    1   0    2.79
8    1    0.000    2    2   0    1.57
30    1    0.148    2    2   0    1.31
97    2    -0.134    2    1   0    1.08
112    2    -0.134    2    1   0    1.35
62    1    -0.134    1    1   0    1.76
39    1    0.134    2    2   0    1.06
11    1    -0.148    1    1   0    1.50
138    2    0.000    2    1   1    1.56
113    2    0.000    1    2   0    3.47
42    1    -0.134    1    1   0    1.52
72    1    -0.134    1    1   0    1.47
117    2    -0.134    2    1   0    2.62
123    2    0.000    1    2   0    2.99
32    1    -0.134    1    1   0    1.55
71    1    -0.148    1    1   0    4.11
24    1    0.134    2    2   0    1.49
90    2    0.148    1    2   0    3.01
146    2    -0.148    2    1   0    1.63
49    1    0.134    2    2   0    1.73
57    1    -0.134    1    1   0    2.78
74    1    0.134    2    2   0    0.84
9    1    0.134    2    2   0    0.84
37    1    -0.134    2    2   1    0.83
79    2    0.134    1    2   0    1.18
134    2    0.134    1    2   0    1.13
105    2    0.148    1    2   0    0.86
81    2    -0.148    2    1   0    1.22
54    1    0.134    2    2   0    1.25
147    2    -0.134    2    1   0    0.83
135    2    0.148    1    2   0    0.77
116    2    -0.148    2    1   0    2.07
56    1    -0.148    1    1   0    2.74
127    2    -0.134    2    1   0    1.06
14    1    0.134    2    2   0    1.40
35    1    0.148    2    2   0    2.21
128    2    0.000    1    2   0    2.45
122    2    -0.134    2    1   0    2.12
111    2    -0.148    2    1   0    1.17
12    1    -0.134    1    1   0    2.29
43    1    0.000    2    2   0    4.01
115    2    0.148    1    2   0    4.07
33    1    0.000    2    2   0    8.76
95    2    0.148    1    2   0    0.80
50    1    0.148    2    2   0    0.87
131    2    -0.148    2    1   0    1.41
144    2    0.134    1    2   0    1.43
141    2    -0.148    2    1   0    1.19
89    2    0.134    1    2   0    1.00
64    1    0.134    2    2   0    1.31
40    1    0.148    2    2   0    1.42
120    2    0.148    1    2   0    2.93
6    1    -0.148    1    1   0    1.15
103    2    0.000    2    1   1    3.92
25    1    0.148    2    2   0    0.76
140    2    0.148    1    2   0    0.98
76    2    -0.148    2    1   0    1.10
150    2    0.148    1    2   0    1.50
118    2    0.000    2    1   1    4.47
19    1    0.134    2    2   0    0.82
88    2    0.000    2    1   1    5.09
107    2    -0.134    2    1   0    1.23
7    1    -0.134    1    1   0    2.82
28    1    0.000    2    2   0    3.47
86    2    -0.148    2    1   0    1.12
27    1    -0.134    2    2   1    3.64
44    1    0.134    2    2   0    1.25
148    2    0.000    1    2   0    2.84
108    2    0.000    2    1   1    3.00
101    2    -0.148    2    1   0    2.45
31    1    -0.148    2    2   1    3.46
114    2    0.134    1    2   0    4.00
16    1    -0.148    2    2   1    1.45
46    1    -0.148    2    2   1    6.34
68    1    0.000    1    1   1    1.75
130    2    0.148    1    2   0    2.46
58    1    0.000    1    1   1    2.62
99    2    0.134    1    2   0    3.38
129    2    0.134    1    2   0    4.15
2    1    -0.134    1    1   0    5.47
41    1    -0.148    2    2   1    3.12
45    1    0.148    2    2   0    1.82
73    1    0.000    2    2   0    4.83
70    1    0.148    2    2   0    1.25
4    1    0.134    2    2   0    1.98
13    1    0.000    1    1   1    3.74
94    2    0.134    1    2   0    1.94
66    1    -0.148    2    2   1    1.44
104    2    0.134    1    2   0    4.50
143    2    0.000    2    1   1    5.04
124    2    0.134    1    2   0    2.22
10    1    0.148    2    2   0    1.76
53    1    0.000    1    1   1    1.39
55    1    0.148    2    2   0    0.92
15    1    0.148    2    2   0    1.82
142    2    -0.134    2    1   0    3.11
26    1    -0.148    2    2   1    1.39
93    2    0.000    2    1   1    4.06
139    2    0.134    1    2   0    2.04
110    2    0.148    1    2   0    3.10
3    1    0.000    2    2   0    2.71
48    1    0.000    2    2   0    5.94
137    2    -0.134    2    1   0    2.17
121    2    -0.148    2    1   0    1.77
65    1    0.148    2    2   0    2.15
52    1    -0.134    2    2   1    6.30
136    2    -0.148    2    1   0    0.86
18    1    0.000    1    1   1    2.44
51    1    -0.148    1    1   0    2.98
91    2    -0.148    2    1   0    4.38
36    1    -0.148    1    1   0    6.40
98    2    0.000    2    1   1    6.48
--------------------------------
22-Jan-2015 13:22:42 
data from observer A27 
#occlusion2 expt 
reference disparity (degrees) 0.160000 

stim order disp kresp testresp correct time
1    2    0.074    2    1   0    6.99
2    2    0.083    2    1   0    2.22
3    1    -0.092    2    2   0    1.20
4    1    0.102    2    2   1    1.73
5    2    0.097    2    1   0    3.21
6    1    -0.106    2    2   0    0.74
7    2    -0.115    1    2   0    1.53
8    1    0.125    2    2   1    2.39
9    1    -0.125    2    2   0    3.92
10    1    0.134    2    2   1    5.63
11    2    -0.134    2    1   1    2.15
12    1    -0.129    2    2   0    0.97
13    1    0.139    2    2   1    3.51
14    1    0.139    1    1   0    4.09
15    1    -0.148    2    2   0    2.13
16    1    0.148    2    2   1    3.04
17    2    -0.148    2    1   1    3.32
18    2    -0.143    2    1   1    5.49
19    1    -0.143    2    2   0    0.93
20    1    0.148    2    2   1    2.84
21    2    0.148    2    1   0    2.10
22    1    0.148    2    2   1    3.71
23    2    0.148    2    1   0    2.45
24    1    0.148    1    1   0    3.80
25    2    0.148    2    1   0    9.96
26    1    -0.148    1    1   1    6.18
27    2    -0.148    2    1   1    8.18
28    1    0.143    1    1   0    2.39
29    2    0.148    1    2   1    5.25
30    2    -0.148    2    1   1    3.43
31    2    0.143    2    1   0    2.61
32    1    -0.148    2    2   0    2.06
33    2    0.148    1    2   1    4.42
34    2    -0.148    1    2   0    3.35
35    1    0.148    2    2   1    18.96
36    1    -0.148    2    2   0    1.07
37    1    0.148    1    1   0    3.78
38    1    0.148    1    1   0    2.19
39    1    0.148    2    2   1    5.04
40    1    -0.148    1    1   1    5.23
41    2    0.143    1    2   1    5.13
42    2    0.143    1    2   1    3.66
43    1    -0.139    1    1   1    4.64
44    1    0.139    2    2   1    2.68
45    2    0.134    1    2   1    4.04
46    2    0.134    1    2   1    2.25
47    1    0.129    2    2   1    4.29
48    2    0.129    1    2   1    3.05
49    1    0.125    2    2   1    1.59
50    2    -0.125    2    1   1    1.50
-------------------------
Final staircase threshold estimate (mean) is 0.1339
-------------------------
141    2    -0.148    2    1   0    9.27
38    1    0.000    1    1   1    4.16
32    1    -0.134    2    2   1    1.45
27    1    -0.134    1    1   0    1.81
109    2    0.134    1    2   0    1.90
4    1    0.134    2    2   0    1.96
114    2    0.134    1    2   0    2.81
10    1    0.148    2    2   0    1.28
89    2    0.134    1    2   0    1.90
8    1    0.000    2    2   0    10.38
120    2    0.148    1    2   0    1.49
101    2    -0.148    2    1   0    1.65
122    2    -0.134    2    1   0    2.25
86    2    -0.148    2    1   0    1.64
63    1    0.000    1    1   1    7.62
53    1    0.000    1    1   1    2.19
104    2    0.134    1    2   0    1.79
135    2    0.148    1    2   0    1.99
142    2    -0.134    2    1   0    2.24
100    2    0.148    1    2   0    2.73
106    2    -0.148    2    1   0    1.84
50    1    0.148    2    2   0    1.20
136    2    -0.148    2    1   0    1.59
54    1    0.134    2    2   0    1.79
25    1    0.148    2    2   0    1.31
17    1    -0.134    2    2   1    1.84
22    1    -0.134    1    1   0    2.10
76    2    -0.148    2    1   0    2.14
78    2    0.000    2    1   1    4.28
71    1    -0.148    1    1   0    2.01
148    2    0.000    1    2   0    5.61
115    2    0.148    1    2   0    1.71
28    1    0.000    2    2   0    2.40
92    2    -0.134    2    1   0    1.75
91    2    -0.148    2    1   0    3.96
118    2    0.000    2    1   1    3.34
61    1    -0.148    1    1   0    2.31
58    1    0.000    2    2   0    1.94
129    2    0.134    1    2   0    1.12
67    1    -0.134    1    1   0    2.62
55    1    0.148    2    2   0    1.78
36    1    -0.148    1    1   0    2.34
132    2    -0.134    2    1   0    1.67
40    1    0.148    2    2   0    1.51
44    1    0.134    2    2   0    1.80
123    2    0.000    1    2   0    2.53
41    1    -0.148    2    2   1    1.73
31    1    -0.148    1    1   0    2.32
113    2    0.000    2    1   1    3.94
65    1    0.148    2    2   0    1.86
97    2    -0.134    2    1   0    1.50
93    2    0.000    1    2   0    2.29
83    2    0.000    2    1   1    1.82
127    2    -0.134    2    1   0    1.92
90    2    0.148    1    2   0    1.91
70    1    0.148    2    2   0    1.16
69    1    0.134    2    2   0    1.00
79    2    0.134    1    2   0    2.18
87    2    -0.134    2    1   0    1.42
137    2    -0.134    1    2   1    1.69
46    1    -0.148    1    1   0    3.55
56    1    -0.148    1    1   0    2.00
26    1    -0.148    1    1   0    3.07
81    2    -0.148    2    1   0    2.33
112    2    -0.134    2    1   0    1.62
98    2    0.000    1    2   0    5.97
34    1    0.134    2    2   0    1.80
18    1    0.000    1    1   1    4.78
2    1    -0.134    1    1   0    4.04
20    1    0.148    2    2   0    1.42
7    1    -0.134    1    1   0    3.68
95    2    0.148    1    2   0    2.40
125    2    0.148    1    2   0    1.83
149    2    0.134    1    2   0    2.32
39    1    0.134    2    2   0    1.49
75    2    0.148    1    2   0    3.38
9    1    0.134    2    2   0    1.99
57    1    -0.134    1    1   0    3.12
126    2    -0.148    2    1   0    1.49
5    1    0.148    2    2   0    2.13
47    1    -0.134    1    1   0    1.81
116    2    -0.148    2    1   0    1.45
85    2    0.148    1    2   0    2.74
3    1    0.000    1    1   1    4.86
12    1    -0.134    1    1   0    2.47
117    2    -0.134    2    1   0    4.44
77    2    -0.134    2    1   0    1.70
62    1    -0.134    1    1   0    3.54
49    1    0.134    2    2   0    1.21
15    1    0.148    2    2   0    0.91
108    2    0.000    1    2   0    5.53
45    1    0.148    2    2   0    0.98
6    1    -0.148    1    1   0    4.12
14    1    0.134    2    2   0    1.61
130    2    0.148    1    2   0    1.64
124    2    0.134    1    2   0    1.87
105    2    0.148    1    2   0    1.74
119    2    0.134    1    2   0    1.54
139    2    0.134    1    2   0    2.48
29    1    0.134    2    2   0    1.17
66    1    -0.148    1    1   0    3.37
64    1    0.134    2    2   0    1.12
140    2    0.148    1    2   0    0.91
68    1    0.000    2    2   0    3.12
138    2    0.000    2    1   1    2.52
13    1    0.000    1    1   1    3.93
37    1    -0.134    1    1   0    5.02
23    1    0.000    2    2   0    2.15
107    2    -0.134    2    1   0    3.58
84    2    0.134    1    2   0    1.31
102    2    -0.134    2    1   0    2.17
72    1    -0.134    1    1   0    2.18
52    1    -0.134    1    1   0    2.12
145    2    0.148    1    2   0    1.28
43    1    0.000    2    2   0    3.14
21    1    -0.148    1    1   0    2.67
143    2    0.000    2    1   1    2.90
128    2    0.000    2    1   1    3.68
134    2    0.134    1    2   0    2.19
150    2    0.148    1    2   0    5.45
60    1    0.148    2    2   0    1.32
110    2    0.148    1    2   0    1.55
96    2    -0.148    2    1   0    2.49
133    2    0.000    1    2   0    1.86
73    1    0.000    1    1   1    2.32
59    1    0.134    2    2   0    0.86
1    1    -0.148    1    1   0    2.52
51    1    -0.148    1    1   0    3.08
144    2    0.134    1    2   0    2.19
19    1    0.134    2    2   0    1.70
11    1    -0.148    1    1   0    4.53
80    2    0.148    1    2   0    1.95
30    1    0.148    2    2   0    1.73
33    1    0.000    2    2   0    3.97
35    1    0.148    2    2   0    2.06
24    1    0.134    2    2   0    1.36
147    2    -0.134    2    1   0    2.03
131    2    -0.148    2    1   0    3.09
94    2    0.134    1    2   0    3.32
88    2    0.000    2    1   1    3.11
82    2    -0.134    2    1   0    2.95
74    1    0.134    2    2   0    2.62
103    2    0.000    1    2   0    3.99
121    2    -0.148    2    1   0    2.55
146    2    -0.148    2    1   0    1.70
99    2    0.134    1    2   0    1.95
42    1    -0.134    2    2   1    4.08
16    1    -0.148    1    1   0    3.73
48    1    0.000    2    2   0    2.29
111    2    -0.148    2    1   0    2.38
