--------------------------------
22-Jan-2015 13:49:32 
data from observer A27 
#occlusion2 expt 
reference disparity (degrees) 0.160000 

stim order disp kresp testresp correct time
1    2    0.074    1    2   1    6.17
2    2    -0.069    2    1   1    8.52
3    1    -0.065    2    2   0    1.98
4    2    -0.074    1    2   0    11.29
5    2    0.083    1    2   1    9.88
6    2    -0.083    2    1   1    3.96
7    2    0.079    1    2   1    3.47
8    2    -0.079    2    1   1    2.10
9    1    0.074    2    2   1    3.64
10    2    0.074    2    1   0    5.54
11    2    0.083    2    1   0    4.27
12    2    -0.092    1    2   0    4.60
13    2    -0.102    2    1   1    2.47
14    1    -0.102    2    2   0    4.63
15    1    0.111    2    2   1    5.71
16    1    0.111    2    2   1    5.17
17    1    -0.106    1    1   1    4.22
18    1    0.106    2    2   1    4.92
19    2    -0.102    2    1   1    3.51
20    1    -0.102    1    1   1    3.11
21    1    0.097    2    2   1    4.47
22    1    -0.097    1    1   1    2.55
23    1    -0.092    1    1   1    6.19
24    1    0.092    2    2   1    5.58
25    1    0.088    2    2   1    2.81
26    2    0.088    1    2   1    5.09
27    2    0.083    1    2   1    5.44
28    2    -0.083    2    1   1    4.77
29    1    -0.079    2    2   0    3.00
30    2    -0.088    2    1   1    3.51
31    2    -0.088    2    1   1    2.65
32    2    0.083    1    2   1    2.36
33    1    -0.083    1    1   1    7.48
34    1    0.079    2    2   1    2.58
35    1    -0.079    1    1   1    3.68
36    1    -0.074    2    2   0    8.67
37    2    0.083    1    2   1    2.39
38    2    0.083    1    2   1    3.04
39    1    0.079    2    2   1    2.46
40    2    -0.079    2    1   1    2.36
41    1    -0.074    1    1   1    3.05
42    2    0.074    1    2   1    3.42
43    1    -0.069    1    1   1    2.59
44    2    0.069    1    2   1    2.33
45    2    -0.065    2    1   1    2.92
46    2    0.065    1    2   1    4.37
47    2    -0.060    2    1   1    2.22
48    1    -0.060    1    1   1    7.31
49    1    0.055    2    2   1    3.27
50    1    0.055    2    2   1    3.19
-------------------------
Final staircase threshold estimate (mean) is 0.0647
-------------------------
70    1    0.148    2    2   0    26.20
60    1    0.148    2    2   0    5.75
77    2    -0.065    2    1   0    4.85
10    1    0.148    1    1   1    1.80
80    2    0.148    1    2   0    3.28
100    2    0.148    1    2   0    2.13
22    1    -0.065    1    1   0    2.69
57    1    -0.065    1    1   0    3.75
124    2    0.065    1    2   0    3.57
67    1    -0.065    2    2   1    6.58
144    2    0.065    1    2   0    1.92
5    1    0.148    2    2   0    2.16
38    1    0.000    1    1   1    2.44
122    2    -0.065    2    1   0    1.71
28    1    0.000    1    1   1    3.18
79    2    0.065    1    2   0    3.80
48    1    0.000    2    2   0    3.57
6    1    -0.148    1    1   0    2.43
35    1    0.148    2    2   0    4.15
94    2    0.065    1    2   0    1.88
97    2    -0.065    2    1   0    1.61
112    2    -0.065    2    1   0    2.17
148    2    0.000    1    2   0    2.93
14    1    0.065    2    2   0    2.11
32    1    -0.065    1    1   0    2.73
120    2    0.148    1    2   0    8.22
34    1    0.065    2    2   0    1.69
20    1    0.148    2    2   0    1.98
23    1    0.000    1    1   1    2.60
113    2    0.000    2    1   1    1.94
42    1    -0.065    1    1   0    3.81
31    1    -0.148    1    1   0    2.44
19    1    0.065    2    2   0    1.98
116    2    -0.148    2    1   0    1.96
84    2    0.065    1    2   0    2.71
101    2    -0.148    2    1   0    1.99
53    1    0.000    2    2   0    3.87
17    1    -0.065    1    1   0    2.99
118    2    0.000    2    1   1    3.76
129    2    0.065    1    2   0    3.14
36    1    -0.148    1    1   0    3.31
117    2    -0.065    2    1   0    1.18
55    1    0.148    2    2   0    5.15
66    1    -0.148    1    1   0    2.18
46    1    -0.148    1    1   0    1.57
75    2    0.148    1    2   0    1.05
37    1    -0.065    1    1   0    5.59
102    2    -0.065    2    1   0    2.78
73    1    0.000    2    2   0    2.60
105    2    0.148    1    2   0    2.90
78    2    0.000    1    2   0    2.29
108    2    0.000    2    1   1    3.25
50    1    0.148    2    2   0    4.59
142    2    -0.065    2    1   0    1.40
127    2    -0.065    2    1   0    2.15
76    2    -0.148    2    1   0    1.88
119    2    0.065    1    2   0    3.80
134    2    0.065    1    2   0    2.52
8    1    0.000    1    1   1    1.74
65    1    0.148    2    2   0    2.30
47    1    -0.065    1    1   0    2.25
74    1    0.065    2    2   0    1.99
13    1    0.000    2    2   0    2.36
1    1    -0.148    1    1   0    2.24
136    2    -0.148    2    1   0    1.45
90    2    0.148    1    2   0    2.35
87    2    -0.065    2    1   0    1.13
18    1    0.000    1    1   1    3.00
9    1    0.065    2    2   0    4.36
140    2    0.148    1    2   0    3.58
40    1    0.148    2    2   0    1.52
81    2    -0.148    2    1   0    3.79
147    2    -0.065    2    1   0    1.13
138    2    0.000    1    2   0    5.25
96    2    -0.148    2    1   0    1.19
25    1    0.148    2    2   0    5.96
7    1    -0.065    1    1   0    2.09
11    1    -0.148    1    1   0    2.87
26    1    -0.148    1    1   0    1.72
131    2    -0.148    2    1   0    2.06
54    1    0.065    2    2   0    3.51
128    2    0.000    1    2   0    2.14
82    2    -0.065    2    1   0    1.09
132    2    -0.065    2    1   0    1.58
4    1    0.065    2    2   0    1.85
114    2    0.065    2    1   1    1.36
137    2    -0.065    2    1   0    1.97
103    2    0.000    2    1   1    2.09
12    1    -0.065    1    1   0    2.29
109    2    0.065    2    1   1    1.35
33    1    0.000    1    1   1    2.14
72    1    -0.065    2    2   1    2.61
44    1    0.065    2    2   0    1.44
92    2    -0.065    2    1   0    1.01
51    1    -0.148    1    1   0    3.11
71    1    -0.148    1    1   0    3.08
39    1    0.065    2    2   0    2.37
63    1    0.000    2    2   0    1.64
106    2    -0.148    2    1   0    1.37
86    2    -0.148    2    1   0    2.50
3    1    0.000    1    1   1    2.45
139    2    0.065    1    2   0    2.09
150    2    0.148    1    2   0    4.59
85    2    0.148    1    2   0    1.82
146    2    -0.148    2    1   0    2.95
52    1    -0.065    1    1   0    1.63
83    2    0.000    2    1   1    1.80
45    1    0.148    1    1   1    3.30
121    2    -0.148    2    1   0    1.66
15    1    0.148    2    2   0    4.17
130    2    0.148    1    2   0    6.20
91    2    -0.148    2    1   0    2.01
115    2    0.148    1    2   0    8.16
59    1    0.065    2    2   0    5.19
89    2    0.065    1    2   0    3.62
125    2    0.148    1    2   0    5.33
141    2    -0.148    2    1   0    2.51
16    1    -0.148    1    1   0    2.47
56    1    -0.148    1    1   0    5.30
21    1    -0.148    1    1   0    2.88
149    2    0.065    2    1   1    2.95
99    2    0.065    2    1   1    4.10
133    2    0.000    2    1   1    4.52
126    2    -0.148    2    1   0    2.48
2    1    -0.065    1    1   0    5.46
62    1    -0.065    1    1   0    3.31
95    2    0.148    1    2   0    8.68
69    1    0.065    2    2   0    1.49
111    2    -0.148    2    1   0    1.90
29    1    0.065    2    2   0    1.53
135    2    0.148    1    2   0    3.79
49    1    0.065    2    2   0    1.31
64    1    0.065    2    2   0    4.41
61    1    -0.148    1    1   0    2.74
123    2    0.000    2    1   1    4.78
30    1    0.148    2    2   0    2.72
88    2    0.000    1    2   0    4.98
110    2    0.148    1    2   0    1.92
143    2    0.000    2    1   1    2.38
43    1    0.000    2    2   0    2.46
104    2    0.065    1    2   0    1.56
27    1    -0.065    1    1   0    2.15
98    2    0.000    2    1   1    1.87
107    2    -0.065    2    1   0    2.25
24    1    0.065    2    2   0    1.85
93    2    0.000    1    2   0    2.11
41    1    -0.148    1    1   0    2.60
58    1    0.000    2    2   0    2.95
68    1    0.000    2    2   0    6.51
145    2    0.148    1    2   0    2.33
