--------------------------------
22-Jan-2015 10:48:59 
data from observer A27 
#occlusion2 expt 
reference disparity (degrees) 0.160000 

stim order disp kresp testresp correct time
1    2    -0.074    1    2   1    6.95
2    1    -0.069    2    2   1    0.71
3    1    -0.065    2    2   1    1.07
4    2    0.060    2    1   1    1.58
5    2    0.055    2    1   1    3.01
6    1    0.051    1    1   1    1.68
7    2    -0.046    1    2   1    2.08
8    1    -0.042    2    2   1    1.15
9    1    -0.037    2    2   1    1.03
10    1    0.032    1    1   1    1.40
11    2    0.028    2    1   1    1.01
12    2    0.023    2    1   1    0.96
13    2    -0.018    1    2   1    1.08
14    2    0.014    2    1   1    0.81
15    2    0.009    2    1   1    1.60
16    2    0.005    1    2   0    2.04
17    2    -0.014    1    2   1    1.14
18    2    0.014    2    1   1    0.80
19    1    -0.009    2    2   1    1.21
20    2    0.009    2    1   1    1.78
21    1    0.005    1    1   1    1.94
22    2    0.005    2    1   1    1.19
23    1    -0.005    1    1   0    1.16
24    1    -0.014    2    2   1    1.35
25    1    0.014    1    1   1    1.09
26    1    0.009    1    1   1    1.88
27    1    -0.009    2    2   1    2.24
28    1    0.005    1    1   1    1.24
29    2    -0.005    2    1   0    1.94
30    2    0.014    2    1   1    0.92
31    1    0.014    1    1   1    0.90
32    1    -0.009    2    2   1    1.31
33    1    -0.009    2    2   1    1.51
34    1    0.005    1    1   1    1.73
35    1    -0.005    2    2   1    1.01
36    1    0.005    1    1   1    1.68
37    1    0.005    2    2   0    0.69
38    2    -0.014    1    2   1    1.25
39    1    0.014    1    1   1    1.00
40    1    0.009    1    1   1    1.45
41    2    -0.009    2    1   0    1.49
42    1    -0.018    2    2   1    1.16
43    2    -0.018    1    2   1    0.82
44    1    0.014    1    1   1    3.62
45    2    -0.014    1    2   1    1.06
46    2    -0.009    2    1   0    1.15
47    2    0.018    2    1   1    1.13
48    2    0.018    2    1   1    0.80
49    1    0.014    1    1   1    2.43
50    1    -0.014    2    2   1    1.59
-------------------------
Final staircase threshold estimate (mean) is 0.0148
-------------------------
64    1    0.014    2    2   0    5.84
83    2    0.000    1    2   0    1.56
125    2    0.037    2    1   1    0.87
112    2    -0.014    1    2   1    2.36
60    1    0.037    2    2   0    1.93
21    1    -0.037    2    2   1    1.58
45    1    0.037    1    1   1    1.62
26    1    -0.037    2    2   1    1.72
98    2    0.000    2    1   1    1.78
91    2    -0.037    1    2   1    1.74
22    1    -0.014    2    2   1    3.12
74    1    0.014    1    1   1    3.33
129    2    0.014    2    1   1    1.22
149    2    0.014    2    1   1    1.53
113    2    0.000    1    2   0    1.72
9    1    0.014    1    1   1    3.43
117    2    -0.014    2    1   0    2.29
77    2    -0.014    1    2   1    3.27
120    2    0.037    2    1   1    2.14
127    2    -0.014    1    2   1    2.24
67    1    -0.014    2    2   1    2.69
29    1    0.014    1    1   1    3.73
7    1    -0.014    2    2   1    1.88
46    1    -0.037    2    2   1    1.96
48    1    0.000    2    2   0    1.02
47    1    -0.014    2    2   1    2.38
42    1    -0.014    2    2   1    2.17
23    1    0.000    2    2   0    2.56
106    2    -0.037    1    2   1    1.96
72    1    -0.014    2    2   1    1.41
81    2    -0.037    2    1   0    1.42
24    1    0.014    1    1   1    4.21
32    1    -0.014    2    2   1    2.51
144    2    0.014    2    1   1    1.56
56    1    -0.037    2    2   1    0.74
44    1    0.014    1    1   1    2.51
20    1    0.037    1    1   1    2.27
102    2    -0.014    1    2   1    3.23
87    2    -0.014    1    2   1    3.78
84    2    0.014    2    1   1    0.69
30    1    0.037    1    1   1    3.68
55    1    0.037    1    1   1    3.45
103    2    0.000    2    1   1    1.12
58    1    0.000    2    2   0    2.39
99    2    0.014    2    1   1    1.72
85    2    0.037    2    1   1    2.92
50    1    0.037    1    1   1    3.29
31    1    -0.037    2    2   1    1.00
79    2    0.014    2    1   1    5.95
35    1    0.037    1    1   1    1.25
95    2    0.037    2    1   1    0.71
132    2    -0.014    1    2   1    2.12
59    1    0.014    1    1   1    2.09
137    2    -0.014    2    1   0    1.67
136    2    -0.037    1    2   1    1.47
126    2    -0.037    1    2   1    2.47
33    1    0.000    2    2   0    1.69
3    1    0.000    2    2   0    1.52
138    2    0.000    2    1   1    3.33
88    2    0.000    1    2   0    3.41
2    1    -0.014    1    1   0    1.50
66    1    -0.037    2    2   1    1.62
54    1    0.014    2    2   0    2.42
118    2    0.000    1    2   0    2.65
75    2    0.037    2    1   1    1.69
92    2    -0.014    1    2   1    3.75
111    2    -0.037    1    2   1    2.36
108    2    0.000    2    1   1    1.98
90    2    0.037    2    1   1    1.50
69    1    0.014    1    1   1    4.09
73    1    0.000    2    2   0    0.88
82    2    -0.014    1    2   1    1.67
115    2    0.037    2    1   1    1.21
8    1    0.000    2    2   0    3.47
17    1    -0.014    2    2   1    0.83
109    2    0.014    2    1   1    0.91
16    1    -0.037    2    2   1    1.06
27    1    -0.014    2    2   1    0.99
93    2    0.000    1    2   0    2.36
131    2    -0.037    1    2   1    1.67
101    2    -0.037    1    2   1    2.77
86    2    -0.037    1    2   1    3.31
133    2    0.000    2    1   1    5.32
70    1    0.037    2    2   0    1.53
68    1    0.000    2    2   0    1.62
5    1    0.037    1    1   1    4.60
57    1    -0.014    2    2   1    4.12
119    2    0.014    2    1   1    3.95
37    1    -0.014    2    2   1    3.14
38    1    0.000    2    2   0    4.69
97    2    -0.014    1    2   1    2.31
61    1    -0.037    2    2   1    1.62
100    2    0.037    2    1   1    1.54
114    2    0.014    2    1   1    1.65
80    2    0.037    2    1   1    1.19
105    2    0.037    2    1   1    1.63
25    1    0.037    1    1   1    1.17
128    2    0.000    2    1   1    1.87
124    2    0.014    2    1   1    1.52
122    2    -0.014    1    2   1    1.23
65    1    0.037    1    1   1    0.99
52    1    -0.014    2    2   1    1.39
150    2    0.037    2    1   1    0.76
13    1    0.000    1    1   1    4.71
10    1    0.037    1    1   1    0.78
139    2    0.014    2    1   1    1.29
78    2    0.000    1    2   0    1.07
130    2    0.037    2    1   1    1.18
28    1    0.000    2    2   0    2.28
14    1    0.014    1    1   1    1.01
11    1    -0.037    2    2   1    0.74
134    2    0.014    2    1   1    0.85
110    2    0.037    2    1   1    0.80
107    2    -0.014    1    2   1    2.55
76    2    -0.037    1    2   1    0.69
39    1    0.014    1    1   1    1.30
89    2    0.014    2    1   1    0.71
6    1    -0.037    2    2   1    0.56
141    2    -0.037    1    2   1    0.57
147    2    -0.014    1    2   1    1.30
40    1    0.037    1    1   1    0.79
36    1    -0.037    2    2   1    0.61
104    2    0.014    2    1   1    1.32
43    1    0.000    1    1   1    4.81
34    1    0.014    1    1   1    1.00
18    1    0.000    2    2   0    0.69
135    2    0.037    2    1   1    0.60
96    2    -0.037    1    2   1    0.51
19    1    0.014    1    1   1    0.69
94    2    0.014    2    1   1    0.76
63    1    0.000    2    2   0    1.42
145    2    0.037    2    1   1    0.67
15    1    0.037    1    1   1    0.67
140    2    0.037    2    1   1    0.57
143    2    0.000    1    2   0    0.73
53    1    0.000    2    2   0    0.75
148    2    0.000    2    1   1    2.51
142    2    -0.014    1    2   1    0.81
71    1    -0.037    2    2   1    2.66
4    1    0.014    1    1   1    1.91
41    1    -0.037    2    2   1    1.42
121    2    -0.037    1    2   1    0.65
123    2    0.000    2    1   1    1.35
12    1    -0.014    2    2   1    1.06
116    2    -0.037    1    2   1    0.73
49    1    0.014    1    1   1    0.81
51    1    -0.037    2    2   1    0.61
1    1    -0.037    2    2   1    0.64
146    2    -0.037    1    2   1    0.64
62    1    -0.014    2    2   1    1.92
