--------------------------------
22-Jan-2015 10:20:30 
data from observer A27 
#occlusion2 expt 
reference disparity (degrees) 0.160000 

stim order disp kresp testresp correct time
1    2    0.074    2    1   1    2.24
2    1    -0.069    2    2   1    2.23
3    1    0.065    1    1   1    0.90
4    1    0.060    1    1   1    1.51
5    2    0.055    2    1   1    1.52
6    1    -0.051    2    2   1    1.18
7    1    0.046    1    1   1    0.95
8    2    0.042    2    1   1    0.97
9    1    -0.037    2    2   1    0.97
10    2    -0.032    1    2   1    1.41
11    1    -0.028    2    2   1    0.92
12    2    -0.023    2    1   0    1.00
13    2    0.032    1    2   0    0.84
14    2    0.042    1    2   0    1.37
15    1    -0.051    2    2   1    0.72
16    1    0.051    1    1   1    0.99
17    2    -0.046    2    1   0    1.43
18    2    0.055    2    1   1    0.99
19    2    0.055    1    2   0    1.24
20    1    0.065    1    1   1    0.95
21    2    0.065    2    1   1    0.96
22    2    0.060    2    1   1    1.34
23    1    0.060    1    1   1    1.43
24    2    -0.055    1    2   1    1.61
25    1    -0.055    2    2   1    1.24
26    1    -0.051    2    2   1    0.86
27    2    -0.051    2    1   0    1.10
28    1    -0.060    1    1   0    0.76
29    1    -0.069    1    1   0    0.92
30    1    -0.079    2    2   1    0.82
31    1    -0.079    2    2   1    1.18
32    2    -0.074    1    2   1    1.16
33    2    0.074    2    1   1    0.99
34    1    -0.069    1    1   0    1.09
35    2    -0.079    1    2   1    1.15
36    2    -0.079    1    2   1    0.91
37    2    0.074    2    1   1    0.89
38    1    -0.074    2    2   1    0.98
39    1    -0.069    2    2   1    0.75
40    2    0.069    2    1   1    1.16
41    1    -0.065    1    1   0    1.05
42    1    0.074    1    1   1    1.48
43    2    0.074    2    1   1    1.19
44    1    0.069    1    1   1    2.24
45    1    0.069    2    2   0    1.23
46    1    0.079    1    1   1    1.50
47    2    -0.079    1    2   1    1.81
48    2    -0.074    2    1   0    0.90
49    1    0.083    1    1   1    1.96
50    1    0.083    2    2   0    2.35
-------------------------
Final staircase threshold estimate (mean) is 0.0748
-------------------------
13    1    0.000    1    1   1    3.20
93    2    0.000    2    1   1    0.59
129    2    0.074    2    1   1    0.67
94    2    0.074    2    1   1    1.00
48    1    0.000    1    1   1    0.77
74    1    0.074    1    1   1    0.86
19    1    0.074    1    1   1    1.12
123    2    0.000    2    1   1    1.17
106    2    -0.148    2    1   0    1.85
70    1    0.148    1    1   1    0.71
45    1    0.148    1    1   1    1.02
34    1    0.074    2    2   0    1.07
11    1    -0.148    2    2   1    2.15
59    1    0.074    1    1   1    0.76
58    1    0.000    2    2   0    1.31
9    1    0.074    1    1   1    3.09
85    2    0.148    2    1   1    0.93
89    2    0.074    2    1   1    3.14
6    1    -0.148    1    1   0    2.33
88    2    0.000    2    1   1    3.07
33    1    0.000    2    2   0    2.83
133    2    0.000    1    2   0    1.48
113    2    0.000    2    1   1    3.99
78    2    0.000    2    1   1    2.76
1    1    -0.148    2    2   1    1.56
126    2    -0.148    1    2   1    1.45
115    2    0.148    2    1   1    1.22
83    2    0.000    1    2   0    1.77
22    1    -0.074    2    2   1    2.08
40    1    0.148    1    1   1    1.38
143    2    0.000    1    2   0    2.68
16    1    -0.148    2    2   1    1.06
29    1    0.074    1    1   1    0.84
35    1    0.148    1    1   1    0.99
69    1    0.074    2    2   0    1.72
110    2    0.148    2    1   1    0.65
60    1    0.148    1    1   1    0.58
5    1    0.148    1    1   1    0.66
27    1    -0.074    2    2   1    3.08
76    2    -0.148    1    2   1    0.75
65    1    0.148    1    1   1    0.70
109    2    0.074    2    1   1    1.08
64    1    0.074    1    1   1    2.16
55    1    0.148    1    1   1    0.65
84    2    0.074    2    1   1    0.71
46    1    -0.148    2    2   1    1.44
103    2    0.000    1    2   0    1.47
2    1    -0.074    2    2   1    2.68
122    2    -0.074    1    2   1    1.95
99    2    0.074    2    1   1    0.91
8    1    0.000    1    1   1    1.05
97    2    -0.074    2    1   0    1.99
4    1    0.074    1    1   1    2.41
80    2    0.148    2    1   1    0.72
144    2    0.074    2    1   1    0.84
7    1    -0.074    2    2   1    1.02
140    2    0.148    2    1   1    0.83
43    1    0.000    1    1   1    1.15
108    2    0.000    2    1   1    2.59
118    2    0.000    1    2   0    1.90
127    2    -0.074    1    2   1    3.14
10    1    0.148    1    1   1    1.25
79    2    0.074    2    1   1    0.73
17    1    -0.074    1    1   0    3.04
96    2    -0.148    1    2   1    1.33
56    1    -0.148    2    2   1    1.68
90    2    0.148    2    1   1    1.08
142    2    -0.074    2    1   0    3.21
20    1    0.148    1    1   1    1.10
134    2    0.074    2    1   1    1.03
120    2    0.148    2    1   1    0.79
26    1    -0.148    2    2   1    0.97
47    1    -0.074    2    2   1    0.75
135    2    0.148    2    1   1    0.62
61    1    -0.148    2    2   1    1.29
51    1    -0.148    2    2   1    0.66
100    2    0.148    2    1   1    1.20
150    2    0.148    2    1   1    0.84
92    2    -0.074    1    2   1    0.73
50    1    0.148    1    1   1    0.78
146    2    -0.148    1    2   1    1.49
132    2    -0.074    1    2   1    2.26
18    1    0.000    2    2   0    2.83
87    2    -0.074    2    1   0    1.86
14    1    0.074    1    1   1    1.86
41    1    -0.148    2    2   1    1.20
75    2    0.148    2    1   1    1.04
72    1    -0.074    2    2   1    1.65
107    2    -0.074    2    1   0    1.64
124    2    0.074    1    2   0    2.35
32    1    -0.074    2    2   1    4.67
12    1    -0.074    2    2   1    1.13
31    1    -0.148    1    1   0    1.82
68    1    0.000    2    2   0    4.42
21    1    -0.148    2    2   1    0.68
104    2    0.074    2    1   1    0.88
86    2    -0.148    1    2   1    1.85
82    2    -0.074    1    2   1    1.19
139    2    0.074    2    1   1    0.69
38    1    0.000    2    2   0    1.54
145    2    0.148    2    1   1    3.97
63    1    0.000    2    2   0    0.79
101    2    -0.148    1    2   1    1.01
39    1    0.074    2    2   0    1.67
49    1    0.074    1    1   1    2.33
119    2    0.074    2    1   1    1.82
28    1    0.000    1    1   1    2.36
128    2    0.000    1    2   0    1.16
57    1    -0.074    2    2   1    1.23
147    2    -0.074    1    2   1    3.13
111    2    -0.148    1    2   1    1.82
131    2    -0.148    1    2   1    0.98
114    2    0.074    2    1   1    2.15
54    1    0.074    1    1   1    0.85
98    2    0.000    2    1   1    1.01
15    1    0.148    1    1   1    0.66
117    2    -0.074    2    1   0    0.85
95    2    0.148    2    1   1    0.88
121    2    -0.148    1    2   1    2.25
42    1    -0.074    2    2   1    2.21
81    2    -0.148    1    2   1    2.14
77    2    -0.074    2    1   0    1.24
52    1    -0.074    1    1   0    1.51
23    1    0.000    2    2   0    1.05
71    1    -0.148    2    2   1    0.79
25    1    0.148    1    1   1    2.39
66    1    -0.148    2    2   1    2.47
137    2    -0.074    2    1   0    3.30
36    1    -0.148    2    2   1    0.88
53    1    0.000    1    1   1    1.38
102    2    -0.074    2    1   0    0.83
91    2    -0.148    2    1   0    0.85
125    2    0.148    2    1   1    1.30
37    1    -0.074    2    2   1    0.78
67    1    -0.074    2    2   1    1.22
3    1    0.000    1    1   1    3.18
141    2    -0.148    2    1   0    2.33
130    2    0.148    2    1   1    2.01
73    1    0.000    2    2   0    2.04
30    1    0.148    1    1   1    1.34
138    2    0.000    1    2   0    4.24
149    2    0.074    2    1   1    2.81
24    1    0.074    1    1   1    1.72
62    1    -0.074    2    2   1    2.17
105    2    0.148    2    1   1    3.42
44    1    0.074    1    1   1    1.27
116    2    -0.148    1    2   1    0.70
136    2    -0.148    1    2   1    1.22
112    2    -0.074    1    2   1    1.75
148    2    0.000    2    1   1    1.37
