--------------------------------
22-Jan-2015 14:18:36 
data from observer A27 
#occlusion2 expt 
reference disparity (degrees) 0.160000 

stim order disp kresp testresp correct time
1    2    0.074    2    1   1    18.77
2    1    -0.069    2    2   1    2.38
3    1    -0.065    2    2   1    2.01
4    1    0.060    1    1   1    1.59
5    1    -0.055    2    2   1    1.54
6    2    -0.051    2    1   0    1.31
7    2    0.060    1    2   0    4.12
8    1    0.069    2    2   0    2.48
9    2    -0.079    1    2   1    4.13
10    1    0.079    1    1   1    2.27
11    2    -0.074    1    2   1    4.31
12    1    -0.074    2    2   1    1.68
13    2    0.069    2    1   1    2.28
14    1    0.069    1    1   1    1.95
15    2    0.065    2    1   1    7.15
16    2    0.065    2    1   1    3.01
17    1    -0.060    2    2   1    1.64
18    2    0.060    2    1   1    2.72
19    1    0.055    1    1   1    2.99
20    1    -0.055    2    2   1    1.53
21    1    -0.051    2    2   1    1.98
22    2    -0.051    1    2   1    2.40
23    1    -0.046    2    2   1    1.54
24    2    -0.046    1    2   1    3.45
25    1    0.042    1    1   1    3.16
26    1    -0.042    2    2   1    0.89
27    2    -0.037    1    2   1    2.79
28    1    -0.037    2    2   1    4.73
29    2    0.032    2    1   1    2.24
30    1    -0.032    2    2   1    1.66
31    1    -0.028    2    2   1    1.75
32    2    -0.028    1    2   1    1.40
33    1    -0.023    2    2   1    6.07
34    1    0.023    1    1   1    1.24
35    1    0.018    1    1   1    1.82
36    1    -0.018    2    2   1    1.88
37    2    0.014    2    1   1    3.95
38    2    -0.014    1    2   1    1.15
39    2    0.009    2    1   1    2.48
40    1    0.009    1    1   1    1.02
41    1    -0.005    1    1   0    3.02
42    2    -0.014    1    2   1    1.60
43    1    -0.014    2    2   1    1.70
44    2    0.009    2    1   1    1.70
45    1    0.009    1    1   1    5.34
46    2    -0.005    1    2   1    4.10
47    1    -0.005    2    2   1    0.84
48    2    -0.005    1    2   1    3.42
49    1    0.005    1    1   1    1.64
50    2    0.005    2    1   1    2.21
-------------------------
Final staircase threshold estimate (mean) is 0.0074
-------------------------
33    1    0.000    2    2   0    19.37
63    1    0.000    1    1   1    2.66
44    1    0.009    2    2   0    2.73
88    2    0.000    1    2   0    1.78
150    2    0.018    2    1   1    1.90
64    1    0.009    1    1   1    1.20
110    2    0.018    2    1   1    1.24
105    2    0.018    2    1   1    2.21
47    1    -0.009    2    2   1    2.24
135    2    0.018    2    1   1    1.10
79    2    0.009    1    2   0    2.75
75    2    0.018    2    1   1    0.87
108    2    0.000    1    2   0    0.93
109    2    0.009    2    1   1    2.18
125    2    0.018    2    1   1    1.30
42    1    -0.009    1    1   0    2.98
32    1    -0.009    2    2   1    3.67
46    1    -0.018    2    2   1    1.37
19    1    0.009    1    1   1    1.18
56    1    -0.018    2    2   1    3.91
10    1    0.018    1    1   1    1.84
27    1    -0.009    2    2   1    1.81
70    1    0.018    1    1   1    1.18
133    2    0.000    1    2   0    2.10
107    2    -0.009    1    2   1    1.22
119    2    0.009    2    1   1    1.68
39    1    0.009    1    1   1    1.61
36    1    -0.018    2    2   1    1.01
94    2    0.009    2    1   1    3.60
43    1    0.000    1    1   1    6.35
41    1    -0.018    2    2   1    1.64
131    2    -0.018    1    2   1    1.12
28    1    0.000    2    2   0    1.26
53    1    0.000    1    1   1    1.33
31    1    -0.018    2    2   1    0.94
38    1    0.000    1    1   1    0.96
141    2    -0.018    1    2   1    0.97
45    1    0.018    1    1   1    1.03
85    2    0.018    2    1   1    1.26
95    2    0.018    2    1   1    0.88
91    2    -0.018    1    2   1    0.86
25    1    0.018    1    1   1    0.79
142    2    -0.009    1    2   1    1.12
144    2    0.009    2    1   1    1.14
65    1    0.018    1    1   1    1.08
90    2    0.018    2    1   1    0.66
87    2    -0.009    1    2   1    0.99
12    1    -0.009    2    2   1    0.79
26    1    -0.018    2    2   1    0.91
146    2    -0.018    1    2   1    0.93
78    2    0.000    2    1   1    2.90
58    1    0.000    1    1   1    1.77
89    2    0.009    2    1   1    2.04
127    2    -0.009    1    2   1    1.63
99    2    0.009    2    1   1    1.66
48    1    0.000    2    2   0    3.57
130    2    0.018    2    1   1    0.85
116    2    -0.018    1    2   1    1.59
29    1    0.009    1    1   1    3.31
14    1    0.009    1    1   1    1.00
103    2    0.000    2    1   1    2.36
134    2    0.009    2    1   1    1.57
68    1    0.000    1    1   1    1.39
22    1    -0.009    2    2   1    4.55
84    2    0.009    1    2   0    1.30
92    2    -0.009    1    2   1    2.32
149    2    0.009    2    1   1    6.23
24    1    0.009    1    1   1    1.36
137    2    -0.009    1    2   1    2.41
86    2    -0.018    1    2   1    1.16
3    1    0.000    2    2   0    2.52
122    2    -0.009    1    2   1    1.38
50    1    0.018    1    1   1    1.63
59    1    0.009    1    1   1    1.69
97    2    -0.009    2    1   0    1.86
128    2    0.000    2    1   1    3.18
124    2    0.009    1    2   0    1.20
60    1    0.018    1    1   1    1.19
52    1    -0.009    2    2   1    1.41
69    1    0.009    1    1   1    1.22
13    1    0.000    2    2   0    1.94
77    2    -0.009    1    2   1    3.04
57    1    -0.009    2    2   1    4.22
143    2    0.000    1    2   0    3.27
96    2    -0.018    2    1   0    7.38
118    2    0.000    2    1   1    1.55
21    1    -0.018    2    2   1    4.15
49    1    0.009    2    2   0    3.52
112    2    -0.009    2    1   0    2.83
93    2    0.000    2    1   1    6.23
9    1    0.009    1    1   1    3.71
139    2    0.009    2    1   1    3.68
140    2    0.018    1    2   0    4.41
126    2    -0.018    2    1   0    4.26
129    2    0.009    2    1   1    8.24
23    1    0.000    1    1   1    5.67
114    2    0.009    2    1   1    3.03
6    1    -0.018    2    2   1    4.19
30    1    0.018    1    1   1    5.02
66    1    -0.018    2    2   1    8.45
106    2    -0.018    1    2   1    2.51
121    2    -0.018    1    2   1    2.30
20    1    0.018    1    1   1    2.82
40    1    0.018    1    1   1    4.08
35    1    0.018    1    1   1    1.99
4    1    0.009    1    1   1    5.46
5    1    0.018    1    1   1    1.65
62    1    -0.009    2    2   1    2.18
71    1    -0.018    2    2   1    3.04
123    2    0.000    1    2   0    2.79
37    1    -0.009    2    2   1    2.78
104    2    0.009    2    1   1    1.75
72    1    -0.009    1    1   0    3.82
98    2    0.000    2    1   1    2.33
115    2    0.018    2    1   1    4.07
55    1    0.018    1    1   1    2.34
113    2    0.000    1    2   0    2.31
15    1    0.018    1    1   1    9.03
2    1    -0.009    2    2   1    7.77
102    2    -0.009    1    2   1    6.38
34    1    0.009    1    1   1    2.04
82    2    -0.009    2    1   0    4.91
54    1    0.009    1    1   1    2.11
8    1    0.000    2    2   0    1.29
73    1    0.000    2    2   0    1.60
80    2    0.018    2    1   1    1.31
76    2    -0.018    1    2   1    1.02
16    1    -0.018    2    2   1    0.84
17    1    -0.009    2    2   1    1.53
100    2    0.018    2    1   1    1.12
120    2    0.018    2    1   1    1.32
148    2    0.000    1    2   0    1.37
83    2    0.000    2    1   1    1.41
117    2    -0.009    1    2   1    1.63
61    1    -0.018    2    2   1    0.92
18    1    0.000    1    1   1    1.14
11    1    -0.018    2    2   1    0.84
81    2    -0.018    1    2   1    1.26
101    2    -0.018    1    2   1    0.87
136    2    -0.018    1    2   1    0.78
67    1    -0.009    2    2   1    1.31
1    1    -0.018    2    2   1    0.83
145    2    0.018    2    1   1    3.02
74    1    0.009    1    1   1    1.97
147    2    -0.009    1    2   1    2.63
111    2    -0.018    1    2   1    2.24
7    1    -0.009    2    2   1    4.47
138    2    0.000    2    1   1    3.67
132    2    -0.009    1    2   1    2.14
51    1    -0.018    2    2   1    1.03
--------------------------------
22-Jan-2015 10:30:42 
data from observer A27 
#occlusion2 expt 
reference disparity (degrees) 0.160000 

stim order disp kresp testresp correct time
1    1    -0.074    2    2   1    3.90
2    1    0.069    1    1   1    5.75
3    1    0.065    2    2   0    2.73
4    2    0.074    2    1   1    27.20
5    1    -0.074    2    2   1    2.76
6    1    0.069    2    2   0    8.41
7    1    -0.079    2    2   1    1.21
8    1    0.079    2    2   0    1.41
9    2    0.088    2    1   1    1.74
10    2    0.088    2    1   1    1.88
11    1    0.083    1    1   1    2.50
12    2    -0.083    2    1   0    1.20
13    2    -0.092    2    1   0    5.42
14    2    0.102    2    1   1    1.80
15    2    0.102    1    2   0    2.59
16    1    -0.111    2    2   1    1.84
17    2    -0.111    1    2   1    1.67
18    1    0.106    1    1   1    1.49
19    1    0.106    1    1   1    1.76
20    1    0.102    1    1   1    1.95
21    1    -0.102    2    2   1    1.19
22    2    0.097    2    1   1    1.25
23    1    -0.097    1    1   0    3.90
24    1    -0.106    2    2   1    2.70
25    1    -0.106    2    2   1    6.04
26    1    0.102    1    1   1    3.74
27    1    -0.102    2    2   1    6.09
28    2    -0.097    2    1   0    2.44
29    2    0.106    1    2   0    2.11
30    2    -0.115    1    2   1    5.30
31    2    0.115    2    1   1    5.64
32    1    0.111    1    1   1    4.29
33    2    0.111    2    1   1    1.24
34    2    -0.106    1    2   1    4.32
35    1    -0.106    2    2   1    1.17
36    1    -0.102    2    2   1    1.38
37    1    0.102    1    1   1    1.31
38    1    0.097    1    1   1    1.26
39    1    -0.097    2    2   1    1.07
40    2    0.092    2    1   1    0.86
41    2    0.092    2    1   1    1.23
42    1    -0.088    2    2   1    1.03
43    2    0.088    2    1   1    0.85
44    1    0.083    1    1   1    1.07
45    1    -0.083    2    2   1    1.09
46    1    -0.079    2    2   1    0.97
47    1    0.079    1    1   1    0.67
48    1    -0.074    2    2   1    0.85
49    2    0.074    2    1   1    1.42
50    1    0.069    1    1   1    0.81
-------------------------
Final staircase threshold estimate (mean) is 0.0808
-------------------------
116    2    -0.148    1    2   1    3.63
136    2    -0.148    1    2   1    1.18
150    2    0.148    2    1   1    1.17
59    1    0.079    1    1   1    0.77
80    2    0.148    2    1   1    0.98
47    1    -0.079    2    2   1    1.10
141    2    -0.148    1    2   1    1.09
117    2    -0.079    1    2   1    0.75
100    2    0.148    2    1   1    0.75
123    2    0.000    1    2   0    1.26
112    2    -0.079    1    2   1    2.38
89    2    0.079    2    1   1    0.96
148    2    0.000    2    1   1    5.38
7    1    -0.079    2    2   1    1.19
10    1    0.148    1    1   1    1.19
45    1    0.148    1    1   1    1.91
69    1    0.079    1    1   1    0.98
84    2    0.079    2    1   1    1.77
109    2    0.079    2    1   1    0.97
49    1    0.079    1    1   1    1.58
113    2    0.000    2    1   1    2.97
118    2    0.000    1    2   0    3.12
14    1    0.079    1    1   1    0.91
91    2    -0.148    1    2   1    0.82
19    1    0.079    1    1   1    0.91
22    1    -0.079    2    2   1    0.99
36    1    -0.148    2    2   1    0.64
71    1    -0.148    2    2   1    1.00
139    2    0.079    2    1   1    6.70
78    2    0.000    1    2   0    3.08
134    2    0.079    2    1   1    0.69
97    2    -0.079    1    2   1    1.22
52    1    -0.079    2    2   1    0.86
30    1    0.148    1    1   1    0.67
56    1    -0.148    2    2   1    0.61
8    1    0.000    1    1   1    2.06
57    1    -0.079    2    2   1    0.96
65    1    0.148    1    1   1    0.92
28    1    0.000    2    2   0    0.98
126    2    -0.148    1    2   1    1.22
133    2    0.000    2    1   1    1.33
3    1    0.000    2    2   0    1.51
125    2    0.148    2    1   1    0.89
74    1    0.079    1    1   1    0.77
88    2    0.000    2    1   1    1.06
105    2    0.148    2    1   1    0.98
31    1    -0.148    2    2   1    1.04
16    1    -0.148    2    2   1    1.36
73    1    0.000    1    1   1    2.29
5    1    0.148    1    1   1    1.33
129    2    0.079    2    1   1    0.67
92    2    -0.079    1    2   1    1.16
147    2    -0.079    1    2   1    0.75
55    1    0.148    1    1   1    0.78
104    2    0.079    2    1   1    0.91
50    1    0.148    1    1   1    0.76
64    1    0.079    1    1   1    1.20
41    1    -0.148    2    2   1    0.86
98    2    0.000    1    2   0    2.91
108    2    0.000    2    1   1    1.04
102    2    -0.079    1    2   1    0.65
15    1    0.148    1    1   1    1.66
135    2    0.148    2    1   1    0.63
143    2    0.000    1    2   0    1.31
149    2    0.079    2    1   1    0.62
68    1    0.000    1    1   1    2.10
120    2    0.148    2    1   1    1.71
27    1    -0.079    2    2   1    0.73
128    2    0.000    2    1   1    1.73
17    1    -0.079    2    2   1    0.63
122    2    -0.079    1    2   1    0.70
115    2    0.148    2    1   1    0.88
86    2    -0.148    1    2   1    0.82
76    2    -0.148    1    2   1    0.58
95    2    0.148    2    1   1    0.64
37    1    -0.079    2    2   1    1.07
140    2    0.148    2    1   1    0.79
48    1    0.000    1    1   1    2.79
11    1    -0.148    2    2   1    1.76
72    1    -0.079    2    2   1    0.81
144    2    0.079    2    1   1    0.80
121    2    -0.148    1    2   1    0.64
70    1    0.148    1    1   1    0.65
23    1    0.000    1    1   1    1.15
145    2    0.148    2    1   1    0.58
29    1    0.079    1    1   1    0.72
18    1    0.000    2    2   0    3.04
127    2    -0.079    1    2   1    0.69
44    1    0.079    1    1   1    0.77
138    2    0.000    2    1   1    1.26
87    2    -0.079    1    2   1    0.67
61    1    -0.148    2    2   1    1.09
132    2    -0.079    1    2   1    0.59
93    2    0.000    2    1   1    1.39
38    1    0.000    1    1   1    0.65
111    2    -0.148    1    2   1    0.57
21    1    -0.148    2    2   1    0.68
130    2    0.148    2    1   1    0.81
40    1    0.148    1    1   1    0.69
79    2    0.079    2    1   1    0.65
82    2    -0.079    1    2   1    0.53
146    2    -0.148    1    2   1    1.24
4    1    0.079    1    1   1    0.81
60    1    0.148    1    1   1    1.24
26    1    -0.148    2    2   1    0.67
99    2    0.079    2    1   1    0.69
54    1    0.079    1    1   1    0.55
107    2    -0.079    1    2   1    0.57
75    2    0.148    2    1   1    0.69
110    2    0.148    2    1   1    1.06
13    1    0.000    1    1   1    1.70
42    1    -0.079    2    2   1    0.83
62    1    -0.079    2    2   1    0.59
101    2    -0.148    1    2   1    1.02
58    1    0.000    2    2   0    4.98
25    1    0.148    1    1   1    1.38
77    2    -0.079    1    2   1    1.41
34    1    0.079    1    1   1    0.82
12    1    -0.079    2    2   1    1.08
81    2    -0.148    1    2   1    0.48
67    1    -0.079    2    2   1    0.59
103    2    0.000    1    2   0    1.32
9    1    0.079    1    1   1    0.92
51    1    -0.148    2    2   1    0.84
43    1    0.000    1    1   1    1.00
2    1    -0.079    2    2   1    0.69
90    2    0.148    2    1   1    0.84
142    2    -0.079    1    2   1    1.14
137    2    -0.079    1    2   1    0.77
66    1    -0.148    2    2   1    0.57
53    1    0.000    1    1   1    0.72
33    1    0.000    2    2   0    0.74
119    2    0.079    2    1   1    1.12
124    2    0.079    2    1   1    0.98
20    1    0.148    1    1   1    0.63
85    2    0.148    2    1   1    0.95
32    1    -0.079    2    2   1    0.81
39    1    0.079    1    1   1    0.89
46    1    -0.148    2    2   1    0.69
35    1    0.148    1    1   1    0.92
24    1    0.079    1    1   1    1.36
131    2    -0.148    1    2   1    0.97
83    2    0.000    2    1   1    1.41
63    1    0.000    2    2   0    1.73
114    2    0.079    2    1   1    0.66
1    1    -0.148    2    2   1    0.83
106    2    -0.148    1    2   1    0.66
6    1    -0.148    2    2   1    1.63
96    2    -0.148    1    2   1    1.06
94    2    0.079    2    1   1    0.68
