--------------------------------
22-Jan-2015 14:07:28 
data from observer A27 
#occlusion2 expt 
reference disparity (degrees) 0.160000 

stim order disp kresp testresp correct time
1    2    -0.074    2    1   1    6.04
2    2    -0.069    2    1   1    2.44
3    2    -0.065    2    1   1    2.31
4    1    -0.060    1    1   1    2.05
5    1    0.055    2    2   1    1.37
6    1    0.051    2    2   1    2.26
7    2    0.046    1    2   1    2.10
8    1    0.042    2    2   1    0.82
9    2    -0.037    2    1   1    0.84
10    2    -0.032    2    1   1    1.27
11    1    -0.028    1    1   1    3.06
12    1    0.023    2    2   1    1.63
13    2    0.018    1    2   1    2.29
14    1    0.014    2    2   1    1.16
15    1    0.009    1    1   0    1.31
16    2    0.018    1    2   1    2.81
17    1    -0.018    2    2   0    1.26
18    1    -0.028    1    1   1    0.98
19    1    -0.028    1    1   1    1.39
20    1    0.023    2    2   1    1.39
21    1    0.023    2    2   1    1.24
22    1    0.018    2    2   1    1.51
23    2    -0.018    2    1   1    1.40
24    1    0.014    2    2   1    1.67
25    1    0.014    2    2   1    1.88
26    2    -0.009    2    1   1    2.03
27    2    0.009    1    2   1    3.41
28    1    0.005    1    1   0    1.59
29    2    0.014    2    1   0    2.66
30    2    0.023    1    2   1    1.86
31    1    -0.023    1    1   1    1.93
32    2    0.018    1    2   1    1.71
33    2    -0.018    2    1   1    0.91
34    2    0.014    2    1   0    1.74
35    1    -0.023    1    1   1    2.25
36    1    0.023    2    2   1    0.86
37    2    0.018    1    2   1    1.41
38    1    -0.018    1    1   1    1.99
39    2    -0.014    2    1   1    1.63
40    2    0.014    1    2   1    4.82
41    2    0.009    2    1   0    2.31
42    1    -0.018    1    1   1    3.80
43    2    0.018    1    2   1    1.60
44    2    0.014    2    1   0    1.54
45    2    -0.023    2    1   1    1.98
46    2    -0.023    2    1   1    2.68
47    1    -0.018    1    1   1    3.00
48    1    -0.018    1    1   1    2.43
49    1    -0.014    1    1   1    2.20
50    1    0.014    2    2   1    1.16
-------------------------
Final staircase threshold estimate (mean) is 0.0171
-------------------------
98    2    0.000    2    1   1    5.57
67    1    -0.018    1    1   0    5.98
134    2    0.018    2    1   1    2.05
126    2    -0.042    2    1   0    1.13
88    2    0.000    2    1   1    6.92
94    2    0.018    1    2   0    3.69
34    1    0.018    2    2   0    1.17
114    2    0.018    1    2   0    3.10
53    1    0.000    2    2   0    1.66
58    1    0.000    1    1   1    1.76
64    1    0.018    2    2   0    1.67
113    2    0.000    2    1   1    4.62
130    2    0.042    1    2   0    2.20
73    1    0.000    2    2   0    2.13
150    2    0.042    1    2   0    4.32
106    2    -0.042    2    1   0    2.26
99    2    0.018    1    2   0    2.57
22    1    -0.018    1    1   0    1.90
143    2    0.000    2    1   1    2.44
105    2    0.042    1    2   0    1.67
77    2    -0.018    2    1   0    1.51
51    1    -0.042    1    1   0    1.93
137    2    -0.018    2    1   0    1.34
52    1    -0.018    1    1   0    2.35
133    2    0.000    2    1   1    1.45
27    1    -0.018    1    1   0    2.39
78    2    0.000    2    1   1    2.54
63    1    0.000    2    2   0    1.57
128    2    0.000    1    2   0    3.39
38    1    0.000    2    2   0    1.72
44    1    0.018    2    2   0    1.03
110    2    0.042    1    2   0    2.45
92    2    -0.018    2    1   0    1.36
116    2    -0.042    2    1   0    1.85
31    1    -0.042    1    1   0    2.40
112    2    -0.018    2    1   0    1.98
93    2    0.000    2    1   1    3.96
127    2    -0.018    2    1   0    1.58
101    2    -0.042    2    1   0    0.94
21    1    -0.042    1    1   0    2.23
131    2    -0.042    2    1   0    1.47
62    1    -0.018    1    1   0    2.07
111    2    -0.042    2    1   0    1.56
148    2    0.000    1    2   0    1.65
33    1    0.000    1    1   1    2.81
68    1    0.000    1    1   1    2.21
122    2    -0.018    2    1   0    0.95
76    2    -0.042    2    1   0    1.28
138    2    0.000    1    2   0    2.30
141    2    -0.042    2    1   0    1.02
69    1    0.018    2    2   0    1.11
18    1    0.000    2    2   0    2.36
13    1    0.000    1    1   1    1.77
100    2    0.042    1    2   0    2.43
49    1    0.018    2    2   0    2.09
80    2    0.042    1    2   0    2.38
47    1    -0.018    1    1   0    1.89
146    2    -0.042    1    2   1    3.05
26    1    -0.042    1    1   0    1.68
32    1    -0.018    1    1   0    3.18
95    2    0.042    1    2   0    2.12
59    1    0.018    2    2   0    1.46
9    1    0.018    2    2   0    1.88
6    1    -0.042    1    1   0    1.95
45    1    0.042    2    2   0    1.88
115    2    0.042    2    1   1    2.93
37    1    -0.018    1    1   0    2.08
66    1    -0.042    1    1   0    1.46
43    1    0.000    1    1   1    2.63
140    2    0.042    1    2   0    1.77
107    2    -0.018    2    1   0    1.39
119    2    0.018    2    1   1    1.40
24    1    0.018    2    2   0    1.13
72    1    -0.018    2    2   1    4.06
35    1    0.042    2    2   0    1.34
108    2    0.000    2    1   1    1.98
74    1    0.018    2    2   0    1.46
42    1    -0.018    1    1   0    1.67
82    2    -0.018    2    1   0    2.08
142    2    -0.018    2    1   0    3.54
136    2    -0.042    2    1   0    3.04
96    2    -0.042    1    2   1    3.40
30    1    0.042    2    2   0    0.80
86    2    -0.042    2    1   0    0.74
129    2    0.018    1    2   0    1.63
87    2    -0.018    2    1   0    0.82
85    2    0.042    1    2   0    1.20
28    1    0.000    1    1   1    1.14
48    1    0.000    1    1   1    3.00
65    1    0.042    2    2   0    3.04
91    2    -0.042    2    1   0    1.15
109    2    0.018    2    1   1    3.61
54    1    0.018    2    2   0    1.54
120    2    0.042    1    2   0    2.70
118    2    0.000    2    1   1    3.31
149    2    0.018    1    2   0    2.28
75    2    0.042    1    2   0    2.31
1    1    -0.042    1    1   0    4.04
97    2    -0.018    2    1   0    2.30
139    2    0.018    2    1   1    2.42
57    1    -0.018    1    1   0    1.89
50    1    0.042    2    2   0    2.02
147    2    -0.018    2    1   0    2.96
14    1    0.018    2    2   0    3.27
2    1    -0.018    1    1   0    2.20
4    1    0.018    2    2   0    4.33
41    1    -0.042    1    1   0    4.06
70    1    0.042    1    1   1    4.55
56    1    -0.042    1    1   0    3.71
40    1    0.042    2    2   0    1.69
144    2    0.018    1    2   0    1.79
16    1    -0.042    1    1   0    2.04
83    2    0.000    2    1   1    5.15
145    2    0.042    1    2   0    2.51
23    1    0.000    1    1   1    2.57
81    2    -0.042    2    1   0    2.63
71    1    -0.042    1    1   0    2.63
19    1    0.018    2    2   0    2.02
125    2    0.042    1    2   0    3.77
61    1    -0.042    1    1   0    6.01
10    1    0.042    2    2   0    1.03
60    1    0.042    2    2   0    4.24
55    1    0.042    2    2   0    2.89
132    2    -0.018    2    1   0    4.01
36    1    -0.042    1    1   0    2.10
39    1    0.018    2    2   0    1.11
124    2    0.018    1    2   0    3.00
11    1    -0.042    1    1   0    2.06
3    1    0.000    1    1   1    11.16
90    2    0.042    1    2   0    3.85
123    2    0.000    2    1   1    1.66
29    1    0.018    2    2   0    2.06
17    1    -0.018    1    1   0    2.22
12    1    -0.018    1    1   0    1.72
103    2    0.000    2    1   1    3.09
89    2    0.018    1    2   0    1.87
15    1    0.042    2    2   0    1.01
5    1    0.042    2    2   0    0.86
102    2    -0.018    2    1   0    3.36
84    2    0.018    1    2   0    2.28
104    2    0.018    1    2   0    2.66
7    1    -0.018    1    1   0    2.91
25    1    0.042    2    2   0    0.77
121    2    -0.042    2    1   0    0.80
8    1    0.000    1    1   1    3.64
20    1    0.042    2    2   0    0.80
46    1    -0.042    1    1   0    2.35
117    2    -0.018    2    1   0    1.71
79    2    0.018    1    2   0    2.11
135    2    0.042    1    2   0    1.45
