--------------------------------
22-Jan-2015 13:37:18 
data from observer A27 
#occlusion2 expt 
reference disparity (degrees) 0.160000 

stim order disp kresp testresp correct time
1    1    -0.074    2    2   0    8.47
2    2    0.083    1    2   1    8.20
3    1    0.079    2    2   1    4.54
4    2    -0.079    2    1   1    1.38
5    2    -0.074    2    1   1    0.96
6    1    -0.074    1    1   1    3.17
7    2    0.069    1    2   1    1.44
8    2    -0.069    2    1   1    5.88
9    1    0.065    2    2   1    0.79
10    2    0.065    1    2   1    4.02
11    2    0.060    1    2   1    2.42
12    1    -0.060    1    1   1    5.58
13    1    0.055    2    2   1    1.34
14    2    0.055    1    2   1    2.75
15    2    0.051    1    2   1    5.35
16    1    0.051    2    2   1    0.72
17    2    0.046    1    2   1    3.21
18    2    -0.046    2    1   1    0.93
19    1    0.042    2    2   1    2.63
20    1    0.042    2    2   1    1.73
21    1    0.037    2    2   1    1.68
22    2    0.037    1    2   1    4.34
23    1    0.032    2    2   1    1.26
24    1    0.032    2    2   1    0.81
25    2    0.028    1    2   1    3.36
26    1    0.028    2    2   1    1.80
27    2    -0.023    2    1   1    2.13
28    2    0.023    1    2   1    1.10
29    2    -0.018    2    1   1    2.59
30    1    -0.018    1    1   1    4.33
31    2    -0.014    2    1   1    2.33
32    1    -0.014    1    1   1    5.00
33    1    0.009    2    2   1    2.33
34    1    -0.009    2    2   0    3.75
35    2    -0.018    2    1   1    5.67
36    2    -0.018    1    2   0    1.55
37    2    0.028    1    2   1    1.88
38    1    0.028    2    2   1    1.91
39    2    0.023    1    2   1    3.77
40    1    -0.023    1    1   1    1.77
41    2    -0.018    2    1   1    1.97
42    2    -0.018    2    1   1    3.52
43    2    0.014    1    2   1    5.28
44    2    0.014    1    2   1    4.79
45    1    -0.009    2    2   0    1.62
46    1    -0.018    1    1   1    2.47
47    1    0.018    2    2   1    2.28
48    1    0.014    2    2   1    2.12
49    1    0.014    2    2   1    2.38
50    1    -0.009    1    1   1    3.68
-------------------------
Final staircase threshold estimate (mean) is 0.0148
-------------------------
26    1    -0.037    1    1   0    8.45
101    2    -0.037    2    1   0    1.17
8    1    0.000    1    1   1    1.74
55    1    0.037    2    2   0    1.27
133    2    0.000    2    1   1    3.36
17    1    -0.014    1    1   0    2.05
57    1    -0.014    1    1   0    1.97
10    1    0.037    2    2   0    1.53
29    1    0.014    2    2   0    2.20
41    1    -0.037    1    1   0    3.84
97    2    -0.014    2    1   0    1.59
12    1    -0.014    1    1   0    3.44
115    2    0.037    1    2   0    2.11
31    1    -0.037    1    1   0    5.96
122    2    -0.014    2    1   0    3.11
136    2    -0.037    2    1   0    2.19
23    1    0.000    2    2   0    2.09
30    1    0.037    2    2   0    1.56
109    2    0.014    1    2   0    2.51
141    2    -0.037    2    1   0    2.37
34    1    0.014    1    1   1    2.11
9    1    0.014    1    1   1    1.46
5    1    0.037    2    2   0    1.06
3    1    0.000    2    2   0    1.56
117    2    -0.014    2    1   0    1.41
56    1    -0.037    2    2   1    3.52
1    1    -0.037    1    1   0    0.86
144    2    0.014    1    2   0    3.06
139    2    0.014    1    2   0    2.87
100    2    0.037    1    2   0    2.00
40    1    0.037    2    2   0    2.11
18    1    0.000    1    1   1    3.50
116    2    -0.037    2    1   0    1.32
123    2    0.000    1    2   0    1.59
126    2    -0.037    2    1   0    1.03
77    2    -0.014    2    1   0    1.64
33    1    0.000    1    1   1    1.93
39    1    0.014    2    2   0    2.14
69    1    0.014    2    2   0    1.18
48    1    0.000    1    1   1    2.36
127    2    -0.014    2    1   0    1.70
74    1    0.014    2    2   0    2.19
124    2    0.014    2    1   1    3.64
83    2    0.000    1    2   0    4.31
68    1    0.000    2    2   0    2.46
67    1    -0.014    1    1   0    1.98
143    2    0.000    2    1   1    3.21
82    2    -0.014    2    1   0    1.80
16    1    -0.037    1    1   0    1.57
89    2    0.014    1    2   0    3.03
78    2    0.000    2    1   1    2.24
2    1    -0.014    1    1   0    3.69
63    1    0.000    2    2   0    1.23
111    2    -0.037    2    1   0    1.03
93    2    0.000    1    2   0    3.96
79    2    0.014    1    2   0    0.89
90    2    0.037    1    2   0    3.59
14    1    0.014    2    2   0    1.68
61    1    -0.037    1    1   0    2.69
95    2    0.037    1    2   0    1.31
59    1    0.014    2    2   0    2.31
28    1    0.000    2    2   0    4.99
44    1    0.014    2    2   0    2.92
62    1    -0.014    1    1   0    1.71
80    2    0.037    1    2   0    2.99
43    1    0.000    2    2   0    3.44
91    2    -0.037    2    1   0    2.90
119    2    0.014    1    2   0    2.12
140    2    0.037    1    2   0    1.36
35    1    0.037    2    2   0    0.81
150    2    0.037    1    2   0    2.99
81    2    -0.037    2    1   0    2.20
20    1    0.037    2    2   0    2.43
96    2    -0.037    2    1   0    1.59
137    2    -0.014    2    1   0    7.45
103    2    0.000    1    2   0    1.71
134    2    0.014    1    2   0    2.53
51    1    -0.037    1    1   0    2.85
87    2    -0.014    2    1   0    2.44
86    2    -0.037    2    1   0    1.85
32    1    -0.014    1    1   0    10.64
37    1    -0.014    1    1   0    1.96
76    2    -0.037    2    1   0    0.86
66    1    -0.037    1    1   0    1.69
105    2    0.037    1    2   0    1.63
94    2    0.014    2    1   1    2.57
54    1    0.014    2    2   0    2.74
112    2    -0.014    1    2   1    2.54
129    2    0.014    1    2   0    6.03
113    2    0.000    2    1   1    1.98
104    2    0.014    1    2   0    2.60
42    1    -0.014    2    2   1    1.72
108    2    0.000    2    1   1    2.52
13    1    0.000    1    1   1    2.10
121    2    -0.037    2    1   0    1.33
99    2    0.014    1    2   0    2.35
120    2    0.037    1    2   0    2.02
49    1    0.014    2    2   0    2.21
128    2    0.000    1    2   0    1.89
114    2    0.014    1    2   0    1.95
27    1    -0.014    1    1   0    1.60
6    1    -0.037    1    1   0    1.88
148    2    0.000    2    1   1    2.36
149    2    0.014    1    2   0    2.41
38    1    0.000    2    2   0    1.69
84    2    0.014    1    2   0    1.98
130    2    0.037    1    2   0    3.25
70    1    0.037    2    2   0    1.06
19    1    0.014    2    2   0    2.22
146    2    -0.037    2    1   0    2.71
110    2    0.037    1    2   0    3.19
132    2    -0.014    2    1   0    1.36
106    2    -0.037    2    1   0    0.82
25    1    0.037    2    2   0    1.06
88    2    0.000    1    2   0    3.88
22    1    -0.014    2    2   1    4.44
142    2    -0.014    2    1   0    2.55
7    1    -0.014    1    1   0    1.25
50    1    0.037    2    2   0    1.80
47    1    -0.014    1    1   0    3.62
102    2    -0.014    2    1   0    1.04
71    1    -0.037    1    1   0    1.96
60    1    0.037    2    2   0    1.04
75    2    0.037    1    2   0    0.87
98    2    0.000    2    1   1    2.36
15    1    0.037    2    2   0    2.11
73    1    0.000    1    1   1    2.45
11    1    -0.037    2    2   1    1.85
52    1    -0.014    1    1   0    1.74
72    1    -0.014    2    2   1    2.33
147    2    -0.014    2    1   0    2.14
4    1    0.014    2    2   0    1.46
131    2    -0.037    2    1   0    2.29
45    1    0.037    2    2   0    3.22
21    1    -0.037    1    1   0    4.16
65    1    0.037    2    2   0    0.86
107    2    -0.014    2    1   0    1.39
64    1    0.014    2    2   0    2.01
125    2    0.037    1    2   0    2.31
135    2    0.037    1    2   0    1.68
53    1    0.000    2    2   0    3.03
118    2    0.000    1    2   0    1.83
92    2    -0.014    1    2   1    1.95
36    1    -0.037    2    2   1    1.06
138    2    0.000    1    2   0    2.51
85    2    0.037    1    2   0    1.78
58    1    0.000    1    1   1    5.68
46    1    -0.037    1    1   0    1.77
24    1    0.014    2    2   0    1.99
145    2    0.037    1    2   0    4.23
