--------------------------------
22-Jan-2015 10:39:53 
data from observer A27 
#occlusion2 expt 
reference disparity (degrees) 0.160000 

stim order disp kresp testresp correct time
1    1    0.074    2    2   0    4.24
2    1    -0.083    2    2   1    2.01
3    2    0.079    1    2   0    0.88
4    1    0.088    1    1   1    1.24
5    1    0.088    2    2   0    1.75
6    2    -0.097    2    1   0    1.62
7    1    0.106    2    2   0    2.04
8    1    0.115    1    1   1    1.87
9    1    0.115    1    1   1    1.41
10    2    0.111    2    1   1    1.21
11    2    0.111    2    1   1    1.46
12    1    0.106    1    1   1    1.11
13    1    0.106    2    2   0    2.44
14    1    -0.115    2    2   1    3.18
15    2    -0.115    1    2   1    2.10
16    1    0.111    1    1   1    1.75
17    1    -0.111    2    2   1    1.97
18    2    0.106    2    1   1    1.59
19    1    -0.106    2    2   1    1.49
20    2    -0.102    2    1   0    2.14
21    1    0.111    1    1   1    1.56
22    2    0.111    2    1   1    1.96
23    1    0.106    1    1   1    1.00
24    1    -0.106    2    2   1    1.50
25    1    0.102    1    1   1    1.05
26    2    -0.102    2    1   0    1.63
27    1    0.111    1    1   1    3.12
28    2    -0.111    1    2   1    2.99
29    1    -0.106    2    2   1    6.35
30    2    0.106    1    2   0    4.35
31    1    -0.115    2    2   1    0.93
32    1    0.115    1    1   1    1.55
33    1    -0.111    2    2   1    1.58
34    2    0.111    2    1   1    0.81
35    2    -0.106    2    1   0    1.56
36    1    -0.115    1    1   0    0.69
37    2    0.125    2    1   1    0.77
38    2    -0.125    1    2   1    1.51
39    2    -0.120    1    2   1    1.40
40    2    0.120    2    1   1    4.41
41    2    0.115    2    1   1    1.55
42    2    -0.115    1    2   1    1.76
43    1    -0.111    2    2   1    1.50
44    1    0.111    1    1   1    2.95
45    1    -0.106    2    2   1    1.05
46    2    -0.106    1    2   1    2.77
47    2    -0.102    1    2   1    2.38
48    2    0.102    2    1   1    1.38
49    2    -0.097    2    1   0    1.04
50    2    -0.106    1    2   1    5.07
-------------------------
Final staircase threshold estimate (mean) is 0.1071
-------------------------
58    1    0.000    2    2   0    15.34
103    2    0.000    1    2   0    3.65
109    2    0.106    2    1   1    0.94
33    1    0.000    2    2   0    5.45
27    1    -0.106    2    2   1    2.47
76    2    -0.148    2    1   0    2.18
71    1    -0.148    2    2   1    3.28
73    1    0.000    1    1   1    2.21
41    1    -0.148    2    2   1    7.82
9    1    0.106    1    1   1    0.80
77    2    -0.106    1    2   1    1.10
5    1    0.148    1    1   1    1.22
135    2    0.148    2    1   1    2.18
136    2    -0.148    1    2   1    2.09
147    2    -0.106    2    1   0    1.74
120    2    0.148    2    1   1    0.96
42    1    -0.106    2    2   1    1.15
2    1    -0.106    2    2   1    0.66
102    2    -0.106    2    1   0    1.01
46    1    -0.148    2    2   1    1.62
89    2    0.106    2    1   1    0.98
52    1    -0.106    2    2   1    0.95
12    1    -0.106    2    2   1    1.94
59    1    0.106    2    2   0    3.18
83    2    0.000    1    2   0    1.06
144    2    0.106    2    1   1    0.93
82    2    -0.106    2    1   0    1.47
104    2    0.106    2    1   1    1.05
131    2    -0.148    1    2   1    0.83
137    2    -0.106    1    2   1    2.78
101    2    -0.148    2    1   0    1.29
54    1    0.106    1    1   1    0.74
25    1    0.148    1    1   1    0.75
121    2    -0.148    1    2   1    1.20
113    2    0.000    2    1   1    1.28
96    2    -0.148    1    2   1    3.15
10    1    0.148    1    1   1    3.50
60    1    0.148    1    1   1    0.77
64    1    0.106    1    1   1    1.11
51    1    -0.148    2    2   1    1.31
133    2    0.000    1    2   0    1.64
18    1    0.000    2    2   0    1.00
108    2    0.000    1    2   0    2.56
148    2    0.000    2    1   1    1.07
63    1    0.000    2    2   0    1.76
132    2    -0.106    2    1   0    1.68
85    2    0.148    2    1   1    1.36
19    1    0.106    1    1   1    0.81
28    1    0.000    2    2   0    1.65
37    1    -0.106    2    2   1    0.79
30    1    0.148    1    1   1    1.14
84    2    0.106    2    1   1    1.29
81    2    -0.148    1    2   1    1.86
47    1    -0.106    2    2   1    0.77
80    2    0.148    2    1   1    0.75
49    1    0.106    1    1   1    0.57
17    1    -0.106    2    2   1    0.61
14    1    0.106    1    1   1    0.60
107    2    -0.106    1    2   1    1.07
123    2    0.000    2    1   1    1.36
57    1    -0.106    2    2   1    0.77
74    1    0.106    1    1   1    0.62
65    1    0.148    1    1   1    0.58
22    1    -0.106    2    2   1    0.54
112    2    -0.106    1    2   1    0.66
32    1    -0.106    2    2   1    0.60
23    1    0.000    2    2   0    1.82
21    1    -0.148    2    2   1    1.30
88    2    0.000    1    2   0    2.39
124    2    0.106    2    1   1    0.84
117    2    -0.106    1    2   1    0.97
75    2    0.148    2    1   1    1.96
4    1    0.106    1    1   1    0.70
87    2    -0.106    1    2   1    1.70
38    1    0.000    2    2   0    0.73
130    2    0.148    2    1   1    0.69
7    1    -0.106    2    2   1    0.69
99    2    0.106    2    1   1    0.93
68    1    0.000    1    1   1    1.66
106    2    -0.148    1    2   1    1.09
146    2    -0.148    1    2   1    2.56
79    2    0.106    2    1   1    0.79
105    2    0.148    2    1   1    0.71
134    2    0.106    2    1   1    0.66
128    2    0.000    1    2   0    0.87
72    1    -0.106    2    2   1    0.63
34    1    0.106    1    1   1    0.58
62    1    -0.106    2    2   1    0.56
35    1    0.148    1    1   1    0.63
31    1    -0.148    2    2   1    0.90
97    2    -0.106    1    2   1    0.60
69    1    0.106    1    1   1    0.65
111    2    -0.148    1    2   1    3.35
13    1    0.000    2    2   0    0.99
3    1    0.000    1    1   1    0.86
36    1    -0.148    2    2   1    0.77
43    1    0.000    1    1   1    0.81
11    1    -0.148    2    2   1    3.25
16    1    -0.148    1    1   0    1.04
93    2    0.000    2    1   1    2.13
53    1    0.000    1    1   1    0.68
91    2    -0.148    1    2   1    0.93
48    1    0.000    1    1   1    3.79
39    1    0.106    1    1   1    1.14
140    2    0.148    2    1   1    1.70
70    1    0.148    1    1   1    1.29
98    2    0.000    2    1   1    0.80
56    1    -0.148    1    1   0    0.69
44    1    0.106    1    1   1    0.90
127    2    -0.106    1    2   1    1.37
15    1    0.148    1    1   1    0.75
29    1    0.106    1    1   1    1.43
8    1    0.000    2    2   0    1.40
86    2    -0.148    1    2   1    3.41
114    2    0.106    2    1   1    1.26
139    2    0.106    2    1   1    1.37
110    2    0.148    2    1   1    1.19
122    2    -0.106    1    2   1    1.71
115    2    0.148    2    1   1    3.33
150    2    0.148    2    1   1    0.88
92    2    -0.106    1    2   1    1.22
119    2    0.106    2    1   1    0.67
100    2    0.148    2    1   1    0.63
116    2    -0.148    2    1   0    3.09
50    1    0.148    1    1   1    1.69
55    1    0.148    1    1   1    0.89
61    1    -0.148    2    2   1    2.11
26    1    -0.148    2    2   1    0.76
90    2    0.148    2    1   1    1.95
40    1    0.148    1    1   1    1.46
149    2    0.106    2    1   1    0.61
6    1    -0.148    2    2   1    4.85
66    1    -0.148    1    1   0    1.31
129    2    0.106    2    1   1    4.41
20    1    0.148    1    1   1    4.72
78    2    0.000    2    1   1    2.52
67    1    -0.106    2    2   1    0.88
1    1    -0.148    2    2   1    3.34
24    1    0.106    1    1   1    1.51
138    2    0.000    1    2   0    3.29
125    2    0.148    2    1   1    2.91
145    2    0.148    2    1   1    9.64
126    2    -0.148    1    2   1    2.49
141    2    -0.148    2    1   0    1.39
118    2    0.000    1    2   0    2.05
95    2    0.148    2    1   1    0.73
94    2    0.106    2    1   1    0.86
143    2    0.000    1    2   0    3.35
45    1    0.148    1    1   1    0.96
142    2    -0.106    1    2   1    3.00
