--------------------------------
23-Jan-2015 10:59:12 
data from observer A28 
#occlusion2 expt 
reference disparity (degrees) 0.160000 

stim order disp kresp testresp correct time
1    1    -0.074    1    1   1    2.47
2    2    -0.069    2    1   1    0.80
3    2    0.065    1    2   1    0.73
4    2    0.060    1    2   1    0.81
5    1    -0.055    1    1   1    1.01
6    2    0.051    1    2   1    0.60
7    2    0.046    1    2   1    4.22
8    2    -0.042    2    1   1    0.89
9    2    -0.037    2    1   1    0.78
10    2    -0.032    2    1   1    0.97
11    2    -0.028    2    1   1    0.75
12    2    0.023    1    2   1    0.59
13    1    0.018    2    2   1    0.90
14    1    0.014    2    2   1    3.12
15    2    -0.009    2    1   1    6.91
16    1    -0.005    1    1   1    0.96
17    2    -0.005    2    1   1    0.91
18    1    -0.005    1    1   1    0.91
19    1    0.005    1    1   0    7.18
20    2    0.014    1    2   1    0.71
21    2    -0.014    2    1   1    1.02
22    2    0.009    1    2   1    0.80
23    1    0.009    2    2   1    2.54
24    2    -0.005    1    2   0    1.03
25    1    0.014    2    2   1    0.89
26    2    -0.014    2    1   1    2.42
27    1    -0.009    1    1   1    0.67
28    1    0.009    2    2   1    0.86
29    2    0.005    1    2   1    0.67
30    1    -0.005    1    1   1    0.68
31    2    0.005    1    2   1    0.86
32    1    -0.005    1    1   1    0.82
33    2    -0.005    2    1   1    2.06
34    1    -0.005    2    2   0    4.77
35    1    -0.014    1    1   1    1.00
36    2    -0.014    2    1   1    0.91
37    1    0.009    2    2   1    2.30
38    1    0.009    1    1   0    0.67
39    2    -0.018    2    1   1    0.76
40    2    -0.018    2    1   1    1.05
41    1    -0.014    1    1   1    0.73
42    1    -0.014    1    1   1    0.75
43    2    0.009    1    2   1    0.69
44    1    0.009    2    2   1    2.38
45    1    0.005    2    2   1    3.15
46    1    -0.005    1    1   1    0.99
47    2    -0.005    2    1   1    1.67
48    1    -0.005    1    1   1    0.83
49    1    -0.005    1    1   1    1.25
50    2    0.005    1    2   1    0.62
-------------------------
Final staircase threshold estimate (mean) is 0.0074
-------------------------
54    1    0.009    1    1   1    3.85
147    2    -0.009    1    2   1    3.05
99    2    0.009    1    2   0    2.99
105    2    0.018    1    2   0    1.15
29    1    0.009    2    2   0    0.91
23    1    0.000    1    1   1    1.88
72    1    -0.009    1    1   0    0.87
67    1    -0.009    1    1   0    0.88
69    1    0.009    2    2   0    3.84
37    1    -0.009    1    1   0    1.14
5    1    0.018    2    2   0    1.30
73    1    0.000    1    1   1    2.38
1    1    -0.018    1    1   0    2.03
131    2    -0.018    2    1   0    1.48
132    2    -0.009    2    1   0    2.98
143    2    0.000    1    2   0    1.01
116    2    -0.018    2    1   0    0.76
38    1    0.000    1    1   1    3.83
98    2    0.000    2    1   1    5.21
42    1    -0.009    1    1   0    1.67
85    2    0.018    1    2   0    0.72
48    1    0.000    1    1   1    1.42
8    1    0.000    1    1   1    1.14
55    1    0.018    2    2   0    0.82
79    2    0.009    1    2   0    0.78
140    2    0.018    1    2   0    0.76
78    2    0.000    1    2   0    1.58
100    2    0.018    1    2   0    0.95
127    2    -0.009    2    1   0    1.74
133    2    0.000    1    2   0    0.81
97    2    -0.009    2    1   0    2.40
50    1    0.018    2    2   0    0.78
21    1    -0.018    2    2   1    2.23
117    2    -0.009    2    1   0    3.31
109    2    0.009    1    2   0    2.06
150    2    0.018    1    2   0    3.29
92    2    -0.009    2    1   0    2.20
6    1    -0.018    2    2   1    5.08
56    1    -0.018    1    1   0    3.90
60    1    0.018    2    2   0    4.95
47    1    -0.009    2    2   1    2.16
129    2    0.009    1    2   0    1.01
14    1    0.009    2    2   0    0.97
104    2    0.009    1    2   0    1.27
144    2    0.009    1    2   0    0.82
59    1    0.009    2    2   0    0.99
128    2    0.000    1    2   0    4.67
81    2    -0.018    2    1   0    0.95
15    1    0.018    2    2   0    0.89
24    1    0.009    2    2   0    2.45
33    1    0.000    2    2   0    4.69
26    1    -0.018    1    1   0    0.71
80    2    0.018    1    2   0    0.73
77    2    -0.009    2    1   0    0.62
43    1    0.000    2    2   0    2.11
76    2    -0.018    2    1   0    1.15
45    1    0.018    2    2   0    1.11
13    1    0.000    2    2   0    1.60
10    1    0.018    2    2   0    0.99
103    2    0.000    2    1   1    3.01
119    2    0.009    1    2   0    0.98
53    1    0.000    1    1   1    4.46
70    1    0.018    2    2   0    0.82
61    1    -0.018    1    1   0    1.69
18    1    0.000    1    1   1    3.53
108    2    0.000    2    1   1    2.63
28    1    0.000    1    1   1    0.84
19    1    0.009    1    1   1    2.15
17    1    -0.009    1    1   0    1.65
84    2    0.009    1    2   0    0.70
120    2    0.018    1    2   0    0.91
113    2    0.000    2    1   1    6.35
71    1    -0.018    1    1   0    2.14
83    2    0.000    2    1   1    6.12
34    1    0.009    1    1   1    1.09
126    2    -0.018    2    1   0    1.25
3    1    0.000    1    1   1    2.27
95    2    0.018    1    2   0    0.73
64    1    0.009    2    2   0    1.90
102    2    -0.009    2    1   0    4.14
142    2    -0.009    1    2   1    1.49
75    2    0.018    1    2   0    0.77
101    2    -0.018    2    1   0    0.94
130    2    0.018    1    2   0    1.50
124    2    0.009    1    2   0    0.77
68    1    0.000    2    2   0    3.47
30    1    0.018    2    2   0    10.68
58    1    0.000    1    1   1    2.79
31    1    -0.018    1    1   0    1.94
27    1    -0.009    1    1   0    0.77
93    2    0.000    2    1   1    1.52
65    1    0.018    2    2   0    0.67
107    2    -0.009    2    1   0    1.26
9    1    0.009    2    2   0    0.94
148    2    0.000    1    2   0    1.69
32    1    -0.009    1    1   0    0.92
39    1    0.009    2    2   0    2.57
7    1    -0.009    1    1   0    0.64
12    1    -0.009    1    1   0    1.62
89    2    0.009    1    2   0    1.82
49    1    0.009    1    1   1    2.75
87    2    -0.009    2    1   0    0.99
44    1    0.009    2    2   0    2.13
35    1    0.018    2    2   0    1.45
136    2    -0.018    2    1   0    0.81
66    1    -0.018    1    1   0    0.71
94    2    0.009    1    2   0    1.11
52    1    -0.009    1    1   0    0.92
40    1    0.018    2    2   0    1.13
123    2    0.000    2    1   1    0.88
11    1    -0.018    1    1   0    1.64
25    1    0.018    2    2   0    0.96
4    1    0.009    2    2   0    1.66
82    2    -0.009    2    1   0    1.52
149    2    0.009    1    2   0    0.92
110    2    0.018    1    2   0    0.84
135    2    0.018    1    2   0    0.81
106    2    -0.018    2    1   0    0.84
118    2    0.000    2    1   1    4.74
111    2    -0.018    2    1   0    1.30
146    2    -0.018    2    1   0    0.82
88    2    0.000    2    1   1    4.28
115    2    0.018    1    2   0    0.74
96    2    -0.018    2    1   0    3.59
112    2    -0.009    2    1   0    0.78
46    1    -0.018    1    1   0    0.78
51    1    -0.018    1    1   0    0.80
57    1    -0.009    1    1   0    0.72
22    1    -0.009    1    1   0    0.64
86    2    -0.018    2    1   0    0.58
36    1    -0.018    1    1   0    0.74
145    2    0.018    1    2   0    0.55
2    1    -0.009    1    1   0    0.53
62    1    -0.009    1    1   0    0.75
125    2    0.018    1    2   0    1.12
16    1    -0.018    1    1   0    1.10
74    1    0.009    2    2   0    1.41
63    1    0.000    1    1   1    1.11
20    1    0.018    2    2   0    1.81
134    2    0.009    2    1   1    4.31
121    2    -0.018    2    1   0    3.00
141    2    -0.018    2    1   0    0.67
122    2    -0.009    2    1   0    2.22
137    2    -0.009    2    1   0    2.21
114    2    0.009    1    2   0    1.12
91    2    -0.018    2    1   0    1.05
90    2    0.018    1    2   0    0.99
139    2    0.009    2    1   1    3.44
41    1    -0.018    1    1   0    0.86
138    2    0.000    2    1   1    3.67
