--------------------------------
23-Jan-2015 11:08:44 
data from observer A28 
#occlusion2 expt 
reference disparity (degrees) 0.160000 

stim order disp kresp testresp correct time
1    1    -0.074    1    1   1    2.11
2    1    -0.069    1    1   1    1.48
3    2    0.065    1    2   1    0.71
4    2    0.060    1    2   1    0.63
5    1    0.055    2    2   1    0.68
6    2    -0.051    2    1   1    0.62
7    1    -0.046    1    1   1    3.91
8    1    -0.042    1    1   1    0.89
9    1    0.037    2    2   1    0.70
10    2    0.032    1    2   1    0.87
11    2    0.028    1    2   1    0.97
12    2    -0.023    2    1   1    0.70
13    2    0.018    1    2   1    1.00
14    2    0.014    1    2   1    1.03
15    2    0.009    1    2   1    4.86
16    2    -0.005    2    1   1    1.49
17    2    0.005    1    2   1    0.92
18    1    -0.005    1    1   1    0.84
19    2    0.005    1    2   1    4.42
20    1    0.005    2    2   1    0.90
21    2    0.005    1    2   1    1.82
22    1    -0.005    2    2   0    9.18
23    1    -0.014    1    1   1    1.28
24    1    0.014    2    2   1    0.95
25    1    0.009    2    2   1    1.62
26    1    -0.009    1    1   1    3.34
27    1    0.005    2    2   1    4.72
28    2    -0.005    2    1   1    1.68
29    2    0.005    1    2   1    0.84
30    1    0.005    2    2   1    5.92
31    1    -0.005    1    1   1    0.91
32    1    -0.005    2    2   0    1.20
33    1    0.014    2    2   1    1.62
34    1    -0.014    1    1   1    1.28
35    1    0.009    2    2   1    2.98
36    1    0.009    2    2   1    2.92
37    2    -0.005    1    2   0    1.00
38    1    0.014    2    2   1    1.55
39    1    0.014    2    2   1    2.65
40    2    -0.009    2    1   1    4.80
41    1    -0.009    1    1   1    0.84
42    2    -0.005    2    1   1    6.16
43    1    0.005    2    2   1    2.55
44    2    -0.005    2    1   1    4.54
45    2    -0.005    1    2   0    13.20
46    2    0.014    1    2   1    0.88
47    2    0.014    1    2   1    0.76
48    1    0.009    2    2   1    0.82
49    1    -0.009    1    1   1    0.85
50    1    0.005    2    2   1    0.86
-------------------------
Final staircase threshold estimate (mean) is 0.0079
-------------------------
59    1    0.009    2    2   0    3.61
78    2    0.000    2    1   1    6.94
120    2    0.018    1    2   0    0.78
107    2    -0.009    2    1   0    0.88
55    1    0.018    2    2   0    0.90
16    1    -0.018    1    1   0    0.68
40    1    0.018    2    2   0    0.80
21    1    -0.018    1    1   0    0.95
93    2    0.000    2    1   1    14.41
86    2    -0.018    2    1   0    5.01
17    1    -0.009    1    1   0    4.27
69    1    0.009    2    2   0    0.94
124    2    0.009    1    2   0    6.86
144    2    0.009    1    2   0    2.38
108    2    0.000    2    1   1    4.29
4    1    0.009    2    2   0    1.60
112    2    -0.009    2    1   0    2.02
72    1    -0.009    1    1   0    1.10
115    2    0.018    1    2   0    0.98
122    2    -0.009    2    1   0    0.82
62    1    -0.009    1    1   0    0.69
24    1    0.009    2    2   0    2.45
2    1    -0.009    1    1   0    10.24
41    1    -0.018    1    1   0    0.71
43    1    0.000    2    2   0    8.83
42    1    -0.009    1    1   0    5.60
37    1    -0.009    1    1   0    0.67
18    1    0.000    2    2   0    3.98
101    2    -0.018    2    1   0    2.77
67    1    -0.009    1    1   0    0.90
76    2    -0.018    2    1   0    1.06
19    1    0.009    2    2   0    2.29
27    1    -0.009    1    1   0    0.95
139    2    0.009    1    2   0    1.43
51    1    -0.018    1    1   0    1.03
39    1    0.009    2    2   0    2.91
15    1    0.018    2    2   0    0.76
97    2    -0.009    2    1   0    2.91
82    2    -0.009    2    1   0    4.72
79    2    0.009    1    2   0    0.75
25    1    0.018    2    2   0    1.44
50    1    0.018    2    2   0    2.07
98    2    0.000    1    2   0    1.11
53    1    0.000    2    2   0    8.70
94    2    0.009    1    2   0    0.81
80    2    0.018    1    2   0    0.80
45    1    0.018    2    2   0    0.86
26    1    -0.018    1    1   0    1.42
74    1    0.009    2    2   0    2.96
30    1    0.018    2    2   0    0.77
90    2    0.018    1    2   0    0.90
127    2    -0.009    2    1   0    1.31
54    1    0.009    2    2   0    7.62
132    2    -0.009    1    2   1    5.88
131    2    -0.018    2    1   0    1.00
121    2    -0.018    2    1   0    1.52
28    1    0.000    1    1   1    1.63
146    2    -0.018    2    1   0    3.02
133    2    0.000    2    1   1    2.45
83    2    0.000    1    2   0    5.46
61    1    -0.018    1    1   0    4.08
49    1    0.009    2    2   0    2.98
149    2    0.009    1    2   0    0.86
113    2    0.000    1    2   0    7.76
70    1    0.018    2    2   0    0.75
87    2    -0.009    2    1   0    0.75
106    2    -0.018    2    1   0    0.96
103    2    0.000    2    1   1    1.88
85    2    0.018    1    2   0    0.91
64    1    0.009    2    2   0    3.35
68    1    0.000    1    1   1    2.11
77    2    -0.009    2    1   0    0.80
110    2    0.018    1    2   0    1.07
3    1    0.000    1    1   1    1.75
12    1    -0.009    1    1   0    1.10
104    2    0.009    1    2   0    2.84
11    1    -0.018    1    1   0    0.77
22    1    -0.009    1    1   0    0.87
88    2    0.000    1    2   0    0.91
126    2    -0.018    2    1   0    1.13
96    2    -0.018    2    1   0    0.89
81    2    -0.018    2    1   0    1.31
128    2    0.000    1    2   0    7.26
65    1    0.018    2    2   0    1.05
63    1    0.000    2    2   0    3.73
52    1    -0.009    1    1   0    0.75
114    2    0.009    1    2   0    0.60
32    1    -0.009    1    1   0    4.59
33    1    0.000    2    2   0    4.98
92    2    -0.009    2    1   0    2.37
56    1    -0.018    1    1   0    2.20
95    2    0.018    1    2   0    0.66
109    2    0.009    1    2   0    4.39
75    2    0.018    1    2   0    0.73
100    2    0.018    1    2   0    0.90
20    1    0.018    2    2   0    0.73
123    2    0.000    1    2   0    2.32
119    2    0.009    1    2   0    0.87
117    2    -0.009    2    1   0    0.70
60    1    0.018    2    2   0    0.87
47    1    -0.009    1    1   0    0.90
147    2    -0.009    2    1   0    0.74
145    2    0.018    1    2   0    0.92
8    1    0.000    2    2   0    5.10
5    1    0.018    2    2   0    0.85
134    2    0.009    1    2   0    1.18
73    1    0.000    1    1   1    5.92
125    2    0.018    1    2   0    0.74
23    1    0.000    1    1   1    0.65
9    1    0.009    2    2   0    0.70
6    1    -0.018    1    1   0    3.71
129    2    0.009    2    1   1    2.13
105    2    0.018    1    2   0    1.19
102    2    -0.009    2    1   0    1.08
71    1    -0.018    1    1   0    0.67
34    1    0.009    2    2   0    0.98
84    2    0.009    1    2   0    5.04
1    1    -0.018    1    1   0    0.91
136    2    -0.018    2    1   0    0.75
150    2    0.018    1    2   0    1.09
142    2    -0.009    2    1   0    1.16
35    1    0.018    2    2   0    0.74
31    1    -0.018    1    1   0    7.66
99    2    0.009    1    2   0    10.50
38    1    0.000    2    2   0    1.40
29    1    0.009    2    2   0    0.78
13    1    0.000    2    2   0    2.08
130    2    0.018    1    2   0    1.00
91    2    -0.018    2    1   0    1.06
14    1    0.009    2    2   0    3.01
89    2    0.009    1    2   0    0.83
58    1    0.000    2    2   0    2.78
140    2    0.018    1    2   0    1.69
10    1    0.018    2    2   0    0.77
135    2    0.018    1    2   0    1.12
138    2    0.000    2    1   1    0.89
48    1    0.000    2    2   0    3.80
143    2    0.000    2    1   1    3.03
137    2    -0.009    1    2   1    0.71
148    2    0.000    2    1   1    2.49
66    1    -0.018    1    1   0    0.93
36    1    -0.018    1    1   0    0.98
116    2    -0.018    2    1   0    0.94
118    2    0.000    2    1   1    3.56
7    1    -0.009    1    1   0    1.71
111    2    -0.018    2    1   0    1.13
44    1    0.009    2    2   0    2.14
46    1    -0.018    1    1   0    0.91
141    2    -0.018    2    1   0    0.78
57    1    -0.009    2    2   1    6.36
