--------------------------------
23-Jan-2015 14:34:16 
data from observer A28 
#occlusion2 expt 
reference disparity (degrees) 0.160000 

stim order disp kresp testresp correct time
1    1    0.074    1    1   1    1.04
2    2    0.069    2    1   1    0.83
3    2    0.065    2    1   1    0.56
4    2    -0.060    1    2   1    0.94
5    2    -0.055    1    2   1    0.76
6    1    -0.051    2    2   1    0.55
7    2    0.046    2    1   1    0.60
8    1    -0.042    2    2   1    0.61
9    2    0.037    2    1   1    0.61
10    1    0.032    1    1   1    0.56
11    2    -0.028    1    2   1    0.53
12    1    -0.023    2    2   1    0.61
13    1    0.018    1    1   1    0.60
14    1    -0.014    2    2   1    0.52
15    1    -0.009    2    2   1    0.71
16    2    0.005    1    2   0    0.61
17    1    -0.014    2    2   1    0.93
18    1    -0.014    2    2   1    0.83
19    2    -0.009    1    2   1    0.65
20    1    -0.009    2    2   1    1.05
21    2    -0.005    1    2   1    0.73
22    2    -0.005    1    2   1    0.91
23    2    0.005    1    2   0    1.34
24    1    -0.014    2    2   1    0.71
25    1    -0.014    2    2   1    0.67
26    2    0.009    2    1   1    0.66
27    1    0.009    1    1   1    0.87
28    2    -0.005    1    2   1    0.88
29    2    0.005    2    1   1    3.14
30    2    0.005    1    2   0    1.84
31    1    -0.014    2    2   1    0.85
32    1    0.014    1    1   1    0.86
33    2    0.009    2    1   1    1.66
34    1    0.009    1    1   1    0.95
35    2    -0.005    1    2   1    0.60
36    2    -0.005    1    2   1    0.67
37    1    0.005    1    1   1    0.97
38    1    -0.005    2    2   1    0.72
39    2    0.005    2    1   1    0.64
40    2    0.005    2    1   1    4.00
41    1    0.005    1    1   1    0.64
42    2    -0.005    1    2   1    0.55
43    1    0.005    1    1   1    1.10
44    2    0.005    2    1   1    0.73
45    2    0.005    2    1   1    0.72
46    1    0.005    1    1   1    0.77
47    2    -0.005    1    2   1    0.60
48    1    -0.005    2    2   1    0.63
49    1    -0.005    2    2   1    0.90
50    2    -0.005    1    2   1    1.58
-------------------------
Final staircase threshold estimate (mean) is 0.0046
-------------------------
97    2    -0.005    1    2   1    2.08
66    1    -0.009    2    2   1    6.79
133    2    0.000    1    2   0    2.22
125    2    0.009    2    1   1    1.40
87    2    -0.005    1    2   1    0.82
93    2    0.000    1    2   0    2.98
33    1    0.000    2    2   0    1.52
113    2    0.000    1    2   0    2.80
52    1    -0.005    1    1   0    1.52
57    1    -0.005    2    2   1    1.51
63    1    0.000    1    1   1    0.96
112    2    -0.005    1    2   1    0.81
129    2    0.005    2    1   1    4.56
72    1    -0.005    1    1   0    0.84
149    2    0.005    2    1   1    2.70
105    2    0.009    2    1   1    0.72
98    2    0.000    1    2   0    0.81
21    1    -0.009    2    2   1    0.85
142    2    -0.005    1    2   1    0.74
104    2    0.005    2    1   1    1.32
76    2    -0.009    1    2   1    0.75
50    1    0.009    1    1   1    0.69
136    2    -0.009    1    2   1    1.46
51    1    -0.009    2    2   1    1.00
132    2    -0.005    1    2   1    0.90
26    1    -0.009    2    2   1    1.40
77    2    -0.005    1    2   1    0.63
62    1    -0.005    1    1   0    1.66
127    2    -0.005    1    2   1    0.75
37    1    -0.005    2    2   1    4.65
43    1    0.000    1    1   1    0.65
109    2    0.005    1    2   0    0.94
91    2    -0.009    1    2   1    0.70
115    2    0.009    2    1   1    0.79
30    1    0.009    1    1   1    0.69
111    2    -0.009    1    2   1    0.90
92    2    -0.005    1    2   1    0.60
126    2    -0.009    1    2   1    0.57
100    2    0.009    2    1   1    0.58
20    1    0.009    1    1   1    1.27
130    2    0.009    2    1   1    1.14
61    1    -0.009    2    2   1    2.61
110    2    0.009    2    1   1    2.46
147    2    -0.005    1    2   1    0.59
32    1    -0.005    1    1   0    0.86
67    1    -0.005    2    2   1    4.79
121    2    -0.009    1    2   1    0.62
75    2    0.009    2    1   1    1.20
137    2    -0.005    1    2   1    0.55
140    2    0.009    2    1   1    0.84
68    1    0.000    1    1   1    0.52
17    1    -0.005    1    1   0    1.02
12    1    -0.005    1    1   0    1.22
99    2    0.005    1    2   0    2.56
48    1    0.000    1    1   1    0.90
79    2    0.005    2    1   1    0.76
46    1    -0.009    2    2   1    0.57
145    2    0.009    2    1   1    1.02
25    1    0.009    1    1   1    0.70
31    1    -0.009    1    1   0    1.03
150    2    0.009    2    1   1    1.31
94    2    0.005    1    2   0    2.75
58    1    0.000    1    1   1    3.79
8    1    0.000    1    1   1    1.44
5    1    0.009    1    1   1    0.80
44    1    0.005    1    1   1    1.14
114    2    0.005    2    1   1    1.80
36    1    -0.009    2    2   1    0.75
65    1    0.009    1    1   1    0.68
42    1    -0.005    2    2   1    0.67
139    2    0.005    2    1   1    4.55
106    2    -0.009    1    2   1    0.60
118    2    0.000    1    2   0    0.62
23    1    0.000    1    1   1    1.00
71    1    -0.009    2    2   1    0.65
34    1    0.005    1    1   1    1.13
107    2    -0.005    1    2   1    1.29
73    1    0.000    2    2   0    5.38
41    1    -0.009    2    2   1    0.83
81    2    -0.009    1    2   1    0.58
141    2    -0.009    1    2   1    0.89
135    2    0.009    2    1   1    0.93
95    2    0.009    2    1   1    0.78
29    1    0.005    1    1   1    0.56
85    2    0.009    2    1   1    0.64
128    2    0.000    1    2   0    0.72
86    2    -0.009    1    2   1    0.58
84    2    0.005    2    1   1    0.98
27    1    -0.005    2    2   1    1.14
47    1    -0.005    2    2   1    0.81
64    1    0.005    1    1   1    0.53
90    2    0.009    2    1   1    0.76
108    2    0.000    1    2   0    0.56
53    1    0.000    1    1   1    0.87
119    2    0.005    2    1   1    1.04
117    2    -0.005    1    2   1    0.61
148    2    0.000    1    2   0    1.82
74    1    0.005    1    1   1    1.42
96    2    -0.009    1    2   1    0.67
138    2    0.000    1    2   0    0.74
56    1    -0.009    2    2   1    0.54
49    1    0.005    1    1   1    0.87
146    2    -0.009    1    2   1    1.05
13    1    0.000    1    1   1    1.50
1    1    -0.009    2    2   1    0.63
3    1    0.000    2    2   0    4.48
40    1    0.009    1    1   1    1.00
69    1    0.005    1    1   1    0.69
55    1    0.009    1    1   1    0.73
39    1    0.005    1    1   1    0.79
143    2    0.000    1    2   0    1.05
15    1    0.009    1    1   1    0.78
82    2    -0.005    2    1   0    4.18
144    2    0.005    2    1   1    0.87
22    1    -0.005    2    2   1    0.66
80    2    0.009    2    1   1    0.70
70    1    0.009    1    1   1    0.66
18    1    0.000    1    1   1    1.93
124    2    0.005    2    1   1    5.00
60    1    0.009    1    1   1    0.70
9    1    0.005    1    1   1    0.67
59    1    0.005    1    1   1    1.18
54    1    0.005    1    1   1    0.62
131    2    -0.009    1    2   1    0.58
35    1    0.009    1    1   1    1.13
38    1    0.000    1    1   1    4.33
123    2    0.000    1    2   0    1.00
10    1    0.009    1    1   1    0.79
2    1    -0.005    2    2   1    1.24
89    2    0.005    1    2   0    3.21
122    2    -0.005    1    2   1    0.80
28    1    0.000    2    2   0    2.62
16    1    -0.009    2    2   1    2.00
11    1    -0.009    1    1   0    0.83
102    2    -0.005    1    2   1    0.95
88    2    0.000    2    1   1    2.47
14    1    0.005    1    1   1    0.59
4    1    0.005    1    1   1    0.94
101    2    -0.009    1    2   1    0.61
83    2    0.000    2    1   1    0.83
103    2    0.000    1    2   0    0.65
6    1    -0.009    2    2   1    0.86
24    1    0.005    1    1   1    0.79
120    2    0.009    2    1   1    1.63
7    1    -0.005    1    1   0    1.04
19    1    0.005    1    1   1    3.05
45    1    0.009    1    1   1    2.58
116    2    -0.009    1    2   1    1.18
78    2    0.000    1    2   0    4.41
134    2    0.005    2    1   1    0.80
