--------------------------------
23-Jan-2015 16:37:12 
data from observer A28 
#occlusion2 expt 
reference disparity (degrees) 0.160000 

stim order disp kresp testresp correct time
1    2    0.074    1    2   1    3.50
2    2    -0.069    2    1   1    3.73
3    1    0.065    2    2   1    1.82
4    1    0.060    2    2   1    0.83
5    1    0.055    2    2   1    0.76
6    1    0.051    2    2   1    1.34
7    2    0.046    1    2   1    0.87
8    1    -0.042    1    1   1    0.90
9    2    -0.037    2    1   1    1.02
10    1    0.032    2    2   1    1.22
11    2    0.028    1    2   1    0.93
12    2    0.023    1    2   1    0.89
13    1    0.018    2    2   1    0.56
14    2    -0.014    2    1   1    0.57
15    2    0.009    1    2   1    0.83
16    1    -0.005    2    2   0    1.72
17    1    0.014    2    2   1    1.84
18    1    0.014    2    2   1    0.74
19    2    -0.009    2    1   1    0.75
20    2    -0.009    2    1   1    1.00
21    1    0.005    2    2   1    6.80
22    2    0.005    1    2   1    2.30
23    1    -0.005    1    1   1    4.25
24    1    -0.005    2    2   0    0.87
25    2    0.014    1    2   1    0.94
26    1    0.014    2    2   1    1.06
27    1    0.009    2    2   1    0.93
28    2    0.009    1    2   1    2.05
29    2    -0.005    2    1   1    0.98
30    2    0.005    2    1   0    4.04
31    2    0.014    1    2   1    0.68
32    2    -0.014    2    1   1    0.96
33    2    -0.009    2    1   1    0.91
34    1    -0.009    1    1   1    0.94
35    2    -0.005    2    1   1    1.08
36    2    -0.005    2    1   1    2.22
37    2    0.005    1    2   1    0.67
38    1    0.005    2    2   1    1.90
39    1    -0.005    1    1   1    1.55
40    2    -0.005    2    1   1    0.86
41    2    0.005    1    2   1    8.14
42    1    0.005    2    2   1    3.44
43    1    0.005    2    2   1    1.70
44    1    0.005    1    1   0    2.63
45    1    -0.014    1    1   1    0.94
46    2    -0.014    2    1   1    1.88
47    2    0.009    1    2   1    4.56
48    2    0.009    2    1   0    1.94
49    2    -0.018    2    1   1    1.91
50    2    0.018    1    2   1    0.75
-------------------------
Final staircase threshold estimate (mean) is 0.0102
-------------------------
140    2    0.028    1    2   0    3.96
40    1    0.028    2    2   0    0.73
14    1    0.009    2    2   0    1.06
128    2    0.000    1    2   0    1.19
26    1    -0.023    1    1   0    0.74
41    1    -0.023    1    1   0    1.02
64    1    0.009    2    2   0    0.74
12    1    -0.009    1    1   0    0.79
133    2    0.000    2    1   1    0.73
52    1    -0.009    1    1   0    3.47
24    1    0.009    2    2   0    0.70
10    1    0.028    2    2   0    0.61
65    1    0.028    2    2   0    0.53
31    1    -0.023    1    1   0    2.72
84    2    0.009    1    2   0    1.00
92    2    -0.009    2    1   0    0.65
66    1    -0.023    1    1   0    0.63
30    1    0.028    2    2   0    0.57
106    2    -0.023    2    1   0    0.64
139    2    0.009    1    2   0    0.81
17    1    -0.009    2    2   1    7.83
149    2    0.009    1    2   0    1.41
102    2    -0.009    2    1   0    0.71
20    1    0.028    2    2   0    0.71
57    1    -0.009    1    1   0    2.30
108    2    0.000    2    1   1    2.16
145    2    0.028    1    2   0    0.85
35    1    0.028    2    2   0    0.80
119    2    0.009    1    2   0    0.77
72    1    -0.009    1    1   0    1.56
109    2    0.009    1    2   0    0.79
73    1    0.000    2    2   0    2.22
137    2    -0.009    2    1   0    0.65
147    2    -0.009    2    1   0    1.47
58    1    0.000    2    2   0    2.55
138    2    0.000    1    2   0    9.25
70    1    0.028    2    2   0    0.70
7    1    -0.009    1    1   0    0.84
148    2    0.000    2    1   1    2.94
150    2    0.028    1    2   0    0.83
100    2    0.028    1    2   0    0.69
4    1    0.009    2    2   0    0.76
121    2    -0.023    2    1   0    1.11
16    1    -0.023    1    1   0    0.73
94    2    0.009    1    2   0    0.94
91    2    -0.023    2    1   0    1.25
8    1    0.000    2    2   0    2.22
97    2    -0.009    2    1   0    0.95
80    2    0.028    1    2   0    0.68
104    2    0.009    1    2   0    0.86
11    1    -0.023    1    1   0    3.64
122    2    -0.009    2    1   0    0.97
127    2    -0.009    2    1   0    1.56
48    1    0.000    1    1   1    0.91
111    2    -0.023    2    1   0    1.10
38    1    0.000    2    2   0    4.53
103    2    0.000    2    1   1    9.87
23    1    0.000    2    2   0    2.02
25    1    0.028    2    2   0    1.00
6    1    -0.023    1    1   0    0.60
18    1    0.000    1    1   1    1.13
134    2    0.009    1    2   0    0.62
75    2    0.028    1    2   0    0.62
22    1    -0.009    1    1   0    2.27
54    1    0.009    2    2   0    0.91
37    1    -0.009    1    1   0    1.18
85    2    0.028    1    2   0    0.71
90    2    0.028    1    2   0    0.66
86    2    -0.023    2    1   0    0.63
95    2    0.028    1    2   0    0.84
126    2    -0.023    2    1   0    1.09
51    1    -0.023    2    2   1    3.12
107    2    -0.009    2    1   0    1.71
141    2    -0.023    2    1   0    0.75
130    2    0.028    1    2   0    4.59
114    2    0.009    2    1   1    3.37
117    2    -0.009    2    1   0    1.56
13    1    0.000    1    1   1    1.76
131    2    -0.023    2    1   0    5.43
19    1    0.009    2    2   0    0.94
99    2    0.009    1    2   0    0.75
60    1    0.028    2    2   0    0.68
124    2    0.009    1    2   0    1.02
27    1    -0.009    1    1   0    0.63
44    1    0.009    2    2   0    1.09
105    2    0.028    1    2   0    0.68
144    2    0.009    1    2   0    1.65
34    1    0.009    2    2   0    0.98
59    1    0.009    2    2   0    0.87
96    2    -0.023    2    1   0    0.78
50    1    0.028    2    2   0    0.58
3    1    0.000    2    2   0    5.97
78    2    0.000    2    1   1    1.85
5    1    0.028    2    2   0    0.68
88    2    0.000    2    1   1    2.41
43    1    0.000    2    2   0    2.76
112    2    -0.009    2    1   0    1.71
55    1    0.028    2    2   0    0.66
132    2    -0.009    2    1   0    7.68
29    1    0.009    1    1   1    1.94
146    2    -0.023    2    1   0    1.29
74    1    0.009    2    2   0    0.71
98    2    0.000    1    2   0    11.35
76    2    -0.023    2    1   0    1.44
118    2    0.000    1    2   0    0.93
142    2    -0.009    2    1   0    1.24
42    1    -0.009    1    1   0    1.20
129    2    0.009    2    1   1    3.29
69    1    0.009    2    2   0    2.99
87    2    -0.009    2    1   0    4.27
49    1    0.009    2    2   0    2.29
115    2    0.028    1    2   0    0.81
136    2    -0.023    2    1   0    2.18
46    1    -0.023    1    1   0    0.96
71    1    -0.023    1    1   0    0.72
143    2    0.000    1    2   0    0.73
45    1    0.028    2    2   0    1.06
63    1    0.000    1    1   1    4.22
81    2    -0.023    2    1   0    0.90
2    1    -0.009    1    1   0    0.84
79    2    0.009    1    2   0    1.23
56    1    -0.023    1    1   0    0.75
1    1    -0.023    1    1   0    0.55
39    1    0.009    2    2   0    0.62
77    2    -0.009    2    1   0    2.84
116    2    -0.023    2    1   0    1.99
28    1    0.000    1    1   1    0.93
125    2    0.028    1    2   0    2.67
93    2    0.000    1    2   0    6.12
135    2    0.028    1    2   0    0.86
32    1    -0.009    2    2   1    2.58
53    1    0.000    1    1   1    0.66
47    1    -0.009    2    2   1    2.99
101    2    -0.023    2    1   0    2.59
110    2    0.028    1    2   0    0.89
89    2    0.009    1    2   0    1.78
123    2    0.000    2    1   1    9.58
67    1    -0.009    1    1   0    0.88
62    1    -0.009    1    1   0    1.01
36    1    -0.023    1    1   0    0.67
83    2    0.000    2    1   1    0.67
61    1    -0.023    1    1   0    0.63
9    1    0.009    2    2   0    0.89
15    1    0.028    2    2   0    0.70
33    1    0.000    2    2   0    0.93
120    2    0.028    1    2   0    0.55
68    1    0.000    2    2   0    0.91
113    2    0.000    1    2   0    1.18
82    2    -0.009    2    1   0    0.76
21    1    -0.023    1    1   0    0.79
--------------------------------
23-Jan-2015 10:40:22 
data from observer A28 
#occlusion2 expt 
reference disparity (degrees) 0.160000 

stim order disp kresp testresp correct time
1    1    -0.074    1    1   1    2.16
2    2    -0.069    2    1   1    1.18
3    2    0.065    1    2   1    1.26
4    1    0.060    1    1   0    2.34
5    1    0.069    2    2   1    1.38
6    2    0.069    1    2   1    2.93
7    2    -0.065    2    1   1    5.82
8    2    0.065    1    2   1    0.74
9    2    0.060    1    2   1    0.57
10    2    0.060    1    2   1    0.58
11    2    -0.055    2    1   1    0.74
12    2    -0.055    2    1   1    0.60
13    2    0.051    1    2   1    1.13
14    1    0.051    2    2   1    0.86
15    2    -0.046    2    1   1    4.96
16    2    -0.046    2    1   1    0.76
17    1    -0.042    1    1   1    0.57
18    2    0.042    1    2   1    0.59
19    1    0.037    2    2   1    1.53
20    2    -0.037    2    1   1    2.27
21    1    0.032    2    2   1    1.27
22    1    0.032    1    1   0    2.85
23    2    0.042    1    2   1    0.62
24    2    -0.042    2    1   1    1.74
25    1    -0.037    1    1   1    0.59
26    1    -0.037    1    1   1    0.58
27    1    -0.032    1    1   1    0.62
28    1    -0.032    1    1   1    0.54
29    1    -0.028    1    1   1    0.58
30    1    -0.028    1    1   1    0.82
31    1    -0.023    1    1   1    0.94
32    2    0.023    2    1   0    3.79
33    2    -0.032    2    1   1    2.12
34    1    -0.032    1    1   1    0.69
35    1    0.028    2    2   1    1.03
36    1    0.028    1    1   0    1.50
37    2    0.037    1    2   1    0.87
38    2    0.037    2    1   0    1.68
39    2    -0.046    1    2   0    1.44
40    1    -0.055    1    1   1    1.51
41    1    0.055    2    2   1    2.05
42    1    -0.051    1    1   1    0.81
43    1    0.051    2    2   1    3.11
44    2    -0.046    2    1   1    3.64
45    2    -0.046    2    1   1    2.28
46    2    0.042    1    2   1    0.94
47    1    -0.042    1    1   1    0.69
48    1    0.037    2    2   1    1.61
49    2    0.037    1    2   1    0.79
50    2    0.032    1    2   1    1.46
-------------------------
Final staircase threshold estimate (mean) is 0.0439
-------------------------
26    1    -0.111    1    1   0    5.70
106    2    -0.111    2    1   0    1.07
142    2    -0.042    2    1   0    1.25
107    2    -0.042    2    1   0    1.23
8    1    0.000    1    1   1    1.74
61    1    -0.111    2    2   1    1.26
87    2    -0.042    2    1   0    1.71
32    1    -0.042    2    2   1    3.54
136    2    -0.111    2    1   0    0.67
119    2    0.042    1    2   0    0.97
83    2    0.000    2    1   1    1.23
58    1    0.000    2    2   0    3.58
47    1    -0.042    1    1   0    0.81
24    1    0.042    2    2   0    0.97
72    1    -0.042    1    1   0    0.66
71    1    -0.111    2    2   1    1.35
7    1    -0.042    1    1   0    0.82
22    1    -0.042    2    2   1    1.31
98    2    0.000    2    1   1    1.49
102    2    -0.042    2    1   0    1.05
19    1    0.042    2    2   0    0.73
101    2    -0.111    1    2   1    0.72
46    1    -0.111    2    2   1    1.32
146    2    -0.111    2    1   0    0.69
13    1    0.000    1    1   1    1.41
126    2    -0.111    2    1   0    2.30
91    2    -0.111    1    2   1    5.64
14    1    0.042    2    2   0    0.96
139    2    0.042    2    1   1    1.81
128    2    0.000    1    2   0    4.11
96    2    -0.111    2    1   0    2.28
35    1    0.111    2    2   0    3.64
53    1    0.000    2    2   0    1.89
29    1    0.042    2    2   0    1.41
42    1    -0.042    2    2   1    2.21
48    1    0.000    1    1   1    1.11
82    2    -0.042    2    1   0    1.20
123    2    0.000    1    2   0    0.99
73    1    0.000    2    2   0    1.18
18    1    0.000    1    1   1    2.24
40    1    0.111    2    2   0    0.67
10    1    0.111    2    2   0    1.79
89    2    0.042    2    1   1    3.34
78    2    0.000    1    2   0    1.58
122    2    -0.042    2    1   0    0.99
77    2    -0.042    2    1   0    2.70
68    1    0.000    1    1   1    2.28
97    2    -0.042    2    1   0    0.69
59    1    0.042    2    2   0    0.73
116    2    -0.111    2    1   0    0.70
15    1    0.111    1    1   1    1.81
135    2    0.111    2    1   1    0.78
112    2    -0.042    2    1   0    0.99
5    1    0.111    1    1   1    0.94
21    1    -0.111    2    2   1    0.98
110    2    0.111    2    1   1    0.79
17    1    -0.042    1    1   0    3.14
93    2    0.000    2    1   1    4.44
20    1    0.111    1    1   1    1.40
56    1    -0.111    1    1   0    2.21
121    2    -0.111    2    1   0    2.20
131    2    -0.111    2    1   0    1.12
140    2    0.111    1    2   0    2.53
23    1    0.000    1    1   1    0.76
92    2    -0.042    2    1   0    0.99
30    1    0.111    2    2   0    0.79
109    2    0.042    1    2   0    0.95
69    1    0.042    2    2   0    0.72
103    2    0.000    1    2   0    6.47
33    1    0.000    1    1   1    3.97
147    2    -0.042    2    1   0    0.79
133    2    0.000    1    2   0    0.91
39    1    0.042    2    2   0    1.23
60    1    0.111    1    1   1    3.04
148    2    0.000    2    1   1    2.03
74    1    0.042    1    1   1    0.91
64    1    0.042    2    2   0    1.48
113    2    0.000    1    2   0    1.64
105    2    0.111    2    1   1    5.64
63    1    0.000    1    1   1    1.85
145    2    0.111    1    2   0    1.11
31    1    -0.111    2    2   1    1.54
100    2    0.111    1    2   0    0.76
27    1    -0.042    2    2   1    1.03
54    1    0.042    2    2   0    1.25
6    1    -0.111    1    1   0    4.89
88    2    0.000    2    1   1    1.22
85    2    0.111    1    2   0    0.70
120    2    0.111    1    2   0    0.70
137    2    -0.042    2    1   0    0.78
11    1    -0.111    1    1   0    0.68
45    1    0.111    2    2   0    0.73
25    1    0.111    2    2   0    0.92
44    1    0.042    2    2   0    0.90
81    2    -0.111    2    1   0    1.22
34    1    0.042    2    2   0    0.76
3    1    0.000    1    1   1    1.39
117    2    -0.042    2    1   0    1.05
99    2    0.042    1    2   0    1.02
95    2    0.111    1    2   0    0.83
1    1    -0.111    1    1   0    1.38
51    1    -0.111    1    1   0    0.74
76    2    -0.111    2    1   0    0.87
114    2    0.042    1    2   0    0.97
2    1    -0.042    1    1   0    0.92
52    1    -0.042    1    1   0    0.73
62    1    -0.042    1    1   0    0.61
4    1    0.042    1    1   1    0.51
132    2    -0.042    2    1   0    0.83
41    1    -0.111    1    1   0    1.80
141    2    -0.111    2    1   0    1.82
70    1    0.111    2    2   0    0.95
124    2    0.042    1    2   0    1.13
144    2    0.042    1    2   0    0.84
127    2    -0.042    2    1   0    0.91
67    1    -0.042    1    1   0    0.76
111    2    -0.111    2    1   0    0.94
28    1    0.000    1    1   1    4.44
130    2    0.111    1    2   0    1.20
108    2    0.000    2    1   1    6.26
134    2    0.042    1    2   0    0.74
55    1    0.111    2    2   0    1.31
94    2    0.042    1    2   0    0.83
90    2    0.111    1    2   0    0.83
65    1    0.111    2    2   0    0.78
36    1    -0.111    1    1   0    0.83
84    2    0.042    1    2   0    1.13
38    1    0.000    1    1   1    8.02
79    2    0.042    1    2   0    0.70
150    2    0.111    1    2   0    0.69
49    1    0.042    2    2   0    0.83
66    1    -0.111    1    1   0    0.81
115    2    0.111    1    2   0    0.78
104    2    0.042    1    2   0    1.01
138    2    0.000    2    1   1    6.41
50    1    0.111    2    2   0    0.99
80    2    0.111    1    2   0    0.74
16    1    -0.111    1    1   0    0.66
143    2    0.000    2    1   1    5.65
86    2    -0.111    2    1   0    1.71
43    1    0.000    2    2   0    9.03
12    1    -0.042    1    1   0    0.64
37    1    -0.042    1    1   0    0.68
75    2    0.111    1    2   0    0.64
118    2    0.000    2    1   1    5.27
9    1    0.042    2    2   0    1.18
57    1    -0.042    1    1   0    0.95
129    2    0.042    1    2   0    0.90
149    2    0.042    1    2   0    0.92
125    2    0.111    1    2   0    0.54
