--------------------------------
23-Jan-2015 14:08:06 
data from observer A28 
#occlusion2 expt 
reference disparity (degrees) 0.160000 

stim order disp kresp testresp correct time
1    1    0.074    1    1   1    1.21
2    1    0.069    1    1   1    0.75
3    1    -0.065    2    2   1    0.58
4    2    -0.060    1    2   1    0.55
5    1    0.055    1    1   1    0.69
6    1    -0.051    2    2   1    0.58
7    1    0.046    1    1   1    0.51
8    1    -0.042    2    2   1    0.68
9    1    -0.037    2    2   1    0.68
10    1    -0.032    2    2   1    0.59
11    1    0.028    1    1   1    0.81
12    1    -0.023    2    2   1    0.65
13    2    -0.018    1    2   1    0.82
14    1    -0.014    2    2   1    1.72
15    1    -0.009    2    2   1    1.26
16    2    -0.005    1    2   1    5.69
17    2    0.005    2    1   1    4.90
18    2    0.005    2    1   1    3.15
19    2    -0.005    1    2   1    1.70
20    1    -0.005    2    2   1    1.45
21    1    0.005    2    2   0    7.98
22    2    -0.014    1    2   1    1.49
23    1    0.014    1    1   1    0.96
24    2    -0.009    1    2   1    0.73
25    1    0.009    1    1   1    0.63
26    2    -0.005    1    2   1    2.83
27    2    0.005    2    1   1    0.92
28    2    -0.005    1    2   1    3.20
29    2    0.005    2    1   1    3.40
30    2    0.005    2    1   1    1.01
31    1    0.005    1    1   1    4.92
32    1    -0.005    2    2   1    0.81
33    2    0.005    2    1   1    0.96
34    1    0.005    1    1   1    0.95
35    2    -0.005    1    2   1    1.01
36    2    -0.005    2    1   0    4.59
37    1    -0.014    2    2   1    0.86
38    2    -0.014    1    2   1    0.77
39    1    -0.009    2    2   1    0.84
40    2    -0.009    1    2   1    0.66
41    2    0.005    2    1   1    0.78
42    2    0.005    2    1   1    4.91
43    2    -0.005    1    2   1    2.62
44    1    -0.005    2    2   1    8.51
45    1    0.005    1    1   1    2.47
46    2    0.005    2    1   1    3.07
47    1    -0.005    2    2   1    3.48
48    2    0.005    1    2   0    5.74
49    1    -0.014    2    2   1    2.15
50    2    0.014    2    1   1    0.78
-------------------------
Final staircase threshold estimate (mean) is 0.0065
-------------------------
140    2    0.018    2    1   1    2.61
37    1    -0.005    1    1   0    9.49
31    1    -0.014    2    2   1    0.83
26    1    -0.014    2    2   1    2.25
108    2    0.000    1    2   0    3.11
3    1    0.000    1    1   1    7.06
113    2    0.000    1    2   0    0.97
9    1    0.005    2    2   0    2.34
88    2    0.000    1    2   0    2.54
7    1    -0.005    2    2   1    3.25
119    2    0.005    2    1   1    3.16
100    2    0.018    2    1   1    1.02
121    2    -0.014    1    2   1    0.68
85    2    0.018    2    1   1    0.62
62    1    -0.005    2    2   1    1.23
52    1    -0.005    1    1   0    2.29
103    2    0.000    1    2   0    0.84
134    2    0.005    1    2   0    0.84
141    2    -0.014    1    2   1    1.05
99    2    0.005    2    1   1    0.65
105    2    0.018    2    1   1    0.91
49    1    0.005    1    1   1    0.67
135    2    0.018    2    1   1    0.62
53    1    0.000    1    1   1    0.65
24    1    0.005    1    1   1    0.57
16    1    -0.014    2    2   1    0.69
21    1    -0.014    2    2   1    5.02
75    2    0.018    2    1   1    0.67
77    2    -0.005    1    2   1    0.67
70    1    0.018    1    1   1    0.58
147    2    -0.005    1    2   1    0.61
114    2    0.005    2    1   1    2.33
27    1    -0.005    2    2   1    1.83
91    2    -0.014    1    2   1    0.68
90    2    0.018    2    1   1    1.51
117    2    -0.005    1    2   1    0.84
60    1    0.018    1    1   1    0.66
57    1    -0.005    1    1   0    1.21
128    2    0.000    1    2   0    0.83
66    1    -0.014    2    2   1    0.70
54    1    0.005    1    1   1    0.77
35    1    0.018    1    1   1    0.98
131    2    -0.014    1    2   1    2.11
39    1    0.005    1    1   1    1.61
43    1    0.000    2    2   0    1.98
122    2    -0.005    1    2   1    1.37
40    1    0.018    1    1   1    0.86
30    1    0.018    1    1   1    1.77
112    2    -0.005    1    2   1    3.98
64    1    0.005    2    2   0    5.10
96    2    -0.014    1    2   1    0.59
92    2    -0.005    1    2   1    1.27
82    2    -0.005    1    2   1    1.01
126    2    -0.014    1    2   1    0.78
89    2    0.005    2    1   1    1.95
69    1    0.005    1    1   1    1.87
68    1    0.000    1    1   1    6.36
78    2    0.000    2    1   1    5.62
86    2    -0.014    1    2   1    1.42
136    2    -0.014    1    2   1    1.36
45    1    0.018    1    1   1    2.39
55    1    0.018    1    1   1    0.73
25    1    0.018    1    1   1    2.00
80    2    0.018    2    1   1    0.71
111    2    -0.014    1    2   1    0.61
97    2    -0.005    1    2   1    0.76
33    1    0.000    1    1   1    3.63
17    1    -0.005    2    2   1    1.46
1    1    -0.014    2    2   1    0.77
19    1    0.005    1    1   1    0.67
6    1    -0.014    2    2   1    0.72
94    2    0.005    2    1   1    6.07
124    2    0.005    1    2   0    0.93
148    2    0.000    1    2   0    0.89
38    1    0.000    1    1   1    0.82
74    1    0.005    1    1   1    0.90
8    1    0.000    1    1   1    0.81
150    2    0.018    2    1   1    0.70
56    1    -0.014    2    2   1    0.64
125    2    0.018    2    1   1    0.75
4    1    0.005    1    1   1    0.79
46    1    -0.014    2    2   1    0.70
115    2    0.018    2    1   1    1.16
84    2    0.005    1    2   0    3.20
2    1    -0.005    2    2   1    0.71
11    1    -0.014    2    2   1    1.01
116    2    -0.014    1    2   1    0.71
76    2    -0.014    1    2   1    0.63
61    1    -0.014    2    2   1    1.05
48    1    0.000    1    1   1    0.92
14    1    0.005    1    1   1    0.67
107    2    -0.005    1    2   1    3.12
44    1    0.005    1    1   1    1.77
5    1    0.018    1    1   1    0.67
13    1    0.000    2    2   0    0.57
129    2    0.005    2    1   1    4.05
123    2    0.000    1    2   0    1.11
104    2    0.005    1    2   0    0.80
118    2    0.000    1    2   0    2.98
138    2    0.000    1    2   0    3.02
28    1    0.000    1    1   1    0.88
65    1    0.018    1    1   1    2.72
63    1    0.000    2    2   0    3.26
139    2    0.005    2    1   1    1.39
67    1    -0.005    2    2   1    1.82
137    2    -0.005    2    1   0    1.28
12    1    -0.005    2    2   1    1.29
36    1    -0.014    2    2   1    0.70
22    1    -0.005    2    2   1    2.12
106    2    -0.014    1    2   1    0.75
83    2    0.000    1    2   0    1.49
101    2    -0.014    1    2   1    1.32
71    1    -0.014    2    2   1    1.00
51    1    -0.014    2    2   1    1.04
144    2    0.005    2    1   1    3.18
42    1    -0.005    2    2   1    6.84
20    1    0.018    1    1   1    0.65
142    2    -0.005    1    2   1    0.67
127    2    -0.005    1    2   1    0.84
133    2    0.000    1    2   0    1.72
149    2    0.005    2    1   1    1.02
59    1    0.005    1    1   1    0.83
109    2    0.005    2    1   1    2.27
95    2    0.018    2    1   1    0.72
132    2    -0.005    1    2   1    0.78
72    1    -0.005    2    2   1    3.01
58    1    0.000    1    1   1    0.84
50    1    0.018    1    1   1    0.59
143    2    0.000    1    2   0    2.28
18    1    0.000    2    2   0    3.40
10    1    0.018    1    1   1    0.61
79    2    0.005    2    1   1    3.37
29    1    0.005    1    1   1    0.68
32    1    -0.005    2    2   1    1.14
34    1    0.005    1    1   1    3.91
23    1    0.000    2    2   0    5.49
146    2    -0.014    1    2   1    0.68
130    2    0.018    2    1   1    0.67
93    2    0.000    1    2   0    1.09
87    2    -0.005    1    2   1    0.89
81    2    -0.014    1    2   1    1.61
73    1    0.000    2    2   0    4.90
102    2    -0.005    1    2   1    7.22
120    2    0.018    2    1   1    0.68
145    2    0.018    2    1   1    0.66
98    2    0.000    2    1   1    3.14
41    1    -0.014    2    2   1    0.85
15    1    0.018    1    1   1    1.00
47    1    -0.005    2    2   1    2.46
110    2    0.018    2    1   1    1.41
