--------------------------------
23-Jan-2015 14:26:16 
data from observer A28 
#occlusion2 expt 
reference disparity (degrees) 0.160000 

stim order disp kresp testresp correct time
1    2    0.074    2    1   1    1.72
2    2    -0.069    1    2   1    1.87
3    1    -0.065    2    2   1    1.42
4    2    -0.060    1    2   1    1.00
5    2    0.055    2    1   1    0.94
6    2    -0.051    1    2   1    0.59
7    2    0.046    2    1   1    0.70
8    2    -0.042    1    2   1    2.97
9    1    0.037    1    1   1    1.16
10    2    0.032    2    1   1    1.67
11    2    0.028    2    1   1    0.91
12    2    -0.023    1    2   1    0.67
13    2    -0.018    1    2   1    0.75
14    1    -0.014    2    2   1    0.86
15    1    0.009    1    1   1    1.46
16    1    0.005    1    1   1    0.91
17    1    -0.005    2    2   1    1.90
18    1    0.005    1    1   1    0.77
19    2    -0.005    1    2   1    2.74
20    1    -0.005    2    2   1    1.84
21    1    0.005    1    1   1    0.78
22    1    -0.005    2    2   1    4.31
23    1    -0.005    2    2   1    2.63
24    1    0.005    1    1   1    0.70
25    1    0.005    1    1   1    1.10
26    2    0.005    2    1   1    1.84
27    2    0.005    1    2   0    1.35
28    2    -0.014    1    2   1    0.70
29    1    -0.014    2    2   1    0.91
30    2    -0.009    1    2   1    0.66
31    2    -0.009    1    2   1    0.74
32    2    0.005    2    1   1    0.98
33    1    -0.005    2    2   1    4.66
34    1    0.005    1    1   1    3.66
35    1    -0.005    2    2   1    3.18
36    1    -0.005    2    2   1    1.62
37    2    0.005    2    1   1    4.12
38    2    0.005    2    1   1    2.52
39    1    0.005    1    1   1    0.62
40    2    -0.005    1    2   1    0.64
41    1    -0.005    2    2   1    1.48
42    2    0.005    2    1   1    2.22
43    1    -0.005    1    1   0    0.68
44    2    0.014    2    1   1    0.67
45    2    -0.014    1    2   1    0.59
46    2    0.009    2    1   1    1.47
47    2    -0.009    1    2   1    0.59
48    1    -0.005    1    1   0    1.22
49    1    0.014    1    1   1    0.65
50    1    0.014    1    1   1    0.72
-------------------------
Final staircase threshold estimate (mean) is 0.0092
-------------------------
70    1    0.023    1    1   1    2.14
60    1    0.023    1    1   1    0.65
77    2    -0.009    1    2   1    0.62
10    1    0.023    1    1   1    0.78
80    2    0.023    2    1   1    0.59
100    2    0.023    2    1   1    0.66
22    1    -0.009    2    2   1    3.42
57    1    -0.009    2    2   1    1.57
124    2    0.009    2    1   1    1.08
67    1    -0.009    2    2   1    3.12
144    2    0.009    2    1   1    1.11
5    1    0.023    1    1   1    0.57
38    1    0.000    1    1   1    0.68
122    2    -0.009    1    2   1    0.93
28    1    0.000    2    2   0    1.93
79    2    0.009    2    1   1    1.37
48    1    0.000    1    1   1    1.34
6    1    -0.023    2    2   1    0.71
35    1    0.023    1    1   1    0.69
94    2    0.009    2    1   1    0.77
97    2    -0.009    1    2   1    0.81
112    2    -0.009    1    2   1    1.32
148    2    0.000    1    2   0    5.89
14    1    0.009    1    1   1    0.93
32    1    -0.009    1    1   0    0.74
120    2    0.023    2    1   1    0.63
34    1    0.009    1    1   1    0.74
20    1    0.023    1    1   1    0.69
23    1    0.000    2    2   0    3.53
113    2    0.000    1    2   0    3.48
42    1    -0.009    2    2   1    3.28
31    1    -0.023    2    2   1    0.76
19    1    0.009    1    1   1    0.79
116    2    -0.023    1    2   1    0.66
84    2    0.009    2    1   1    0.75
101    2    -0.023    1    2   1    0.59
53    1    0.000    2    2   0    0.75
17    1    -0.009    2    2   1    4.58
118    2    0.000    1    2   0    0.93
129    2    0.009    2    1   1    1.02
36    1    -0.023    2    2   1    0.68
117    2    -0.009    1    2   1    0.68
55    1    0.023    1    1   1    0.67
66    1    -0.023    2    2   1    1.45
46    1    -0.023    2    2   1    0.70
75    2    0.023    2    1   1    0.59
37    1    -0.009    2    2   1    2.78
102    2    -0.009    1    2   1    0.53
73    1    0.000    1    1   1    0.53
105    2    0.023    2    1   1    0.70
78    2    0.000    1    2   0    3.46
108    2    0.000    1    2   0    4.89
50    1    0.023    1    1   1    0.69
142    2    -0.009    1    2   1    0.66
127    2    -0.009    1    2   1    0.95
76    2    -0.023    1    2   1    0.73
119    2    0.009    2    1   1    0.58
134    2    0.009    2    1   1    1.06
8    1    0.000    1    1   1    3.71
65    1    0.023    1    1   1    0.61
47    1    -0.009    2    2   1    0.79
74    1    0.009    1    1   1    0.81
13    1    0.000    2    2   0    0.63
1    1    -0.023    2    2   1    1.08
136    2    -0.023    1    2   1    0.58
90    2    0.023    2    1   1    0.59
87    2    -0.009    1    2   1    0.66
18    1    0.000    2    2   0    3.98
9    1    0.009    1    1   1    0.71
140    2    0.023    2    1   1    0.57
40    1    0.023    1    1   1    0.50
81    2    -0.023    1    2   1    0.55
147    2    -0.009    1    2   1    0.67
138    2    0.000    2    1   1    2.96
96    2    -0.023    1    2   1    0.62
25    1    0.023    1    1   1    0.57
7    1    -0.009    2    2   1    1.21
11    1    -0.023    2    2   1    0.65
26    1    -0.023    2    2   1    0.62
131    2    -0.023    1    2   1    0.66
54    1    0.009    1    1   1    1.20
128    2    0.000    2    1   1    3.34
82    2    -0.009    1    2   1    0.67
132    2    -0.009    1    2   1    0.89
4    1    0.009    1    1   1    0.82
114    2    0.009    2    1   1    0.57
137    2    -0.009    1    2   1    0.67
103    2    0.000    2    1   1    0.79
12    1    -0.009    2    2   1    2.83
109    2    0.009    2    1   1    1.09
33    1    0.000    1    1   1    4.72
72    1    -0.009    2    2   1    0.65
44    1    0.009    1    1   1    0.66
92    2    -0.009    1    2   1    1.47
51    1    -0.023    2    2   1    0.64
71    1    -0.023    2    2   1    0.65
39    1    0.009    1    1   1    0.96
63    1    0.000    1    1   1    2.07
106    2    -0.023    1    2   1    0.93
86    2    -0.023    1    2   1    0.59
3    1    0.000    2    2   0    5.30
139    2    0.009    2    1   1    2.02
150    2    0.023    2    1   1    0.63
85    2    0.023    2    1   1    0.80
146    2    -0.023    1    2   1    0.70
52    1    -0.009    2    2   1    0.83
83    2    0.000    2    1   1    1.44
45    1    0.023    1    1   1    0.62
121    2    -0.023    1    2   1    0.69
15    1    0.023    1    1   1    0.81
130    2    0.023    2    1   1    0.61
91    2    -0.023    1    2   1    0.55
115    2    0.023    2    1   1    0.60
59    1    0.009    1    1   1    0.92
89    2    0.009    2    1   1    0.65
125    2    0.023    2    1   1    1.06
141    2    -0.023    1    2   1    0.61
16    1    -0.023    2    2   1    0.68
56    1    -0.023    2    2   1    0.64
21    1    -0.023    2    2   1    0.66
149    2    0.009    2    1   1    1.07
99    2    0.009    2    1   1    2.54
133    2    0.000    1    2   0    5.23
126    2    -0.023    1    2   1    0.66
2    1    -0.009    2    2   1    1.87
62    1    -0.009    2    2   1    6.78
95    2    0.023    2    1   1    0.77
69    1    0.009    1    1   1    0.71
111    2    -0.023    1    2   1    0.66
29    1    0.009    1    1   1    1.17
135    2    0.023    2    1   1    0.60
49    1    0.009    1    1   1    0.77
64    1    0.009    1    1   1    0.86
61    1    -0.023    2    2   1    0.64
123    2    0.000    1    2   0    0.62
30    1    0.023    1    1   1    0.64
88    2    0.000    1    2   0    1.10
110    2    0.023    2    1   1    0.63
143    2    0.000    1    2   0    0.97
43    1    0.000    1    1   1    0.67
104    2    0.009    2    1   1    1.20
27    1    -0.009    2    2   1    0.85
98    2    0.000    2    1   1    6.80
107    2    -0.009    1    2   1    0.56
24    1    0.009    1    1   1    0.66
93    2    0.000    2    1   1    0.83
41    1    -0.023    2    2   1    0.84
58    1    0.000    1    1   1    0.66
68    1    0.000    1    1   1    1.12
145    2    0.023    2    1   1    0.67
