--------------------------------
23-Jan-2015 14:18:10 
data from observer A28 
#occlusion2 expt 
reference disparity (degrees) 0.160000 

stim order disp kresp testresp correct time
1    1    -0.074    2    2   1    0.85
2    2    0.069    2    1   1    0.59
3    1    0.065    1    1   1    0.56
4    2    -0.060    1    2   1    0.74
5    2    -0.055    1    2   1    2.61
6    1    -0.051    2    2   1    0.67
7    2    0.046    2    1   1    0.55
8    2    -0.042    1    2   1    0.54
9    1    0.037    1    1   1    0.56
10    2    0.032    2    1   1    0.65
11    2    0.028    2    1   1    0.61
12    1    -0.023    2    2   1    0.55
13    1    0.018    1    1   1    0.53
14    2    0.014    2    1   1    0.60
15    2    0.009    2    1   1    0.94
16    1    0.005    1    1   1    3.21
17    2    0.005    2    1   1    2.24
18    2    -0.005    1    2   1    2.56
19    1    0.005    1    1   1    3.16
20    1    0.005    1    1   1    1.58
21    1    0.005    1    1   1    0.84
22    2    0.005    2    1   1    0.60
23    1    0.005    1    1   1    2.27
24    1    0.005    1    1   1    1.86
25    2    0.005    2    1   1    1.26
26    1    0.005    1    1   1    0.73
27    2    -0.005    1    2   1    1.13
28    2    0.005    2    1   1    3.53
29    2    -0.005    1    2   1    0.87
30    1    -0.005    2    2   1    1.22
31    2    -0.005    2    1   0    8.22
32    1    -0.014    2    2   1    0.85
33    1    0.014    1    1   1    2.87
34    1    -0.009    2    2   1    0.89
35    2    -0.009    1    2   1    1.73
36    2    -0.005    2    1   0    2.96
37    2    0.014    2    1   1    0.83
38    1    0.014    1    1   1    0.96
39    2    0.009    2    1   1    0.72
40    1    -0.009    2    2   1    0.68
41    2    -0.005    1    2   1    1.50
42    2    -0.005    2    1   0    0.75
43    2    0.014    2    1   1    1.28
44    2    0.014    2    1   1    0.81
45    1    -0.009    2    2   1    1.15
46    1    -0.009    2    2   1    1.74
47    1    0.005    1    1   1    3.47
48    1    0.005    1    1   1    0.73
49    1    0.005    1    1   1    0.69
50    1    -0.005    2    2   1    0.67
-------------------------
Final staircase threshold estimate (mean) is 0.0074
-------------------------
26    1    -0.018    2    2   1    1.67
101    2    -0.018    1    2   1    0.59
8    1    0.000    2    2   0    6.85
55    1    0.018    1    1   1    0.65
133    2    0.000    2    1   1    3.82
17    1    -0.009    2    2   1    0.69
57    1    -0.009    2    2   1    0.75
10    1    0.018    1    1   1    0.82
29    1    0.009    1    1   1    0.73
41    1    -0.018    2    2   1    0.71
97    2    -0.009    1    2   1    0.89
12    1    -0.009    1    1   0    2.02
115    2    0.018    2    1   1    0.78
31    1    -0.018    2    2   1    0.71
122    2    -0.009    1    2   1    0.75
136    2    -0.018    1    2   1    0.71
23    1    0.000    1    1   1    1.62
30    1    0.018    1    1   1    1.68
109    2    0.009    2    1   1    0.84
141    2    -0.018    1    2   1    0.82
34    1    0.009    1    1   1    2.01
9    1    0.009    1    1   1    2.23
5    1    0.018    1    1   1    1.07
3    1    0.000    2    2   0    9.72
117    2    -0.009    1    2   1    1.49
56    1    -0.018    2    2   1    0.65
1    1    -0.018    2    2   1    0.67
144    2    0.009    2    1   1    0.81
139    2    0.009    2    1   1    2.58
100    2    0.018    2    1   1    0.84
40    1    0.018    1    1   1    0.65
18    1    0.000    2    2   0    3.61
116    2    -0.018    1    2   1    0.66
123    2    0.000    1    2   0    0.99
126    2    -0.018    1    2   1    0.79
77    2    -0.009    1    2   1    4.10
33    1    0.000    2    2   0    1.28
39    1    0.009    1    1   1    0.75
69    1    0.009    1    1   1    2.42
48    1    0.000    2    2   0    1.22
127    2    -0.009    1    2   1    0.96
74    1    0.009    1    1   1    0.77
124    2    0.009    2    1   1    1.41
83    2    0.000    2    1   1    1.22
68    1    0.000    1    1   1    4.70
67    1    -0.009    2    2   1    1.88
143    2    0.000    1    2   0    2.28
82    2    -0.009    1    2   1    1.37
16    1    -0.018    2    2   1    1.05
89    2    0.009    2    1   1    0.71
78    2    0.000    1    2   0    2.64
2    1    -0.009    2    2   1    0.83
63    1    0.000    1    1   1    5.54
111    2    -0.018    1    2   1    0.72
93    2    0.000    1    2   0    3.53
79    2    0.009    2    1   1    0.65
90    2    0.018    2    1   1    0.87
14    1    0.009    1    1   1    1.05
61    1    -0.018    2    2   1    0.75
95    2    0.018    2    1   1    0.65
59    1    0.009    1    1   1    1.17
28    1    0.000    1    1   1    4.71
44    1    0.009    1    1   1    0.64
62    1    -0.009    2    2   1    0.52
80    2    0.018    2    1   1    0.75
43    1    0.000    1    1   1    0.73
91    2    -0.018    1    2   1    0.62
119    2    0.009    2    1   1    1.57
140    2    0.018    2    1   1    0.64
35    1    0.018    1    1   1    0.68
150    2    0.018    2    1   1    0.56
81    2    -0.018    1    2   1    0.63
20    1    0.018    1    1   1    0.70
96    2    -0.018    1    2   1    1.03
137    2    -0.009    1    2   1    3.47
103    2    0.000    1    2   0    1.51
134    2    0.009    2    1   1    0.71
51    1    -0.018    2    2   1    0.53
87    2    -0.009    1    2   1    0.71
86    2    -0.018    1    2   1    0.98
32    1    -0.009    2    2   1    0.85
37    1    -0.009    2    2   1    1.61
76    2    -0.018    1    2   1    0.65
66    1    -0.018    2    2   1    0.56
105    2    0.018    2    1   1    0.58
94    2    0.009    2    1   1    1.54
54    1    0.009    1    1   1    1.48
112    2    -0.009    1    2   1    1.48
129    2    0.009    2    1   1    0.99
113    2    0.000    2    1   1    4.18
104    2    0.009    2    1   1    1.86
42    1    -0.009    2    2   1    0.79
108    2    0.000    2    1   1    1.97
13    1    0.000    2    2   0    3.63
121    2    -0.018    1    2   1    0.75
99    2    0.009    2    1   1    0.98
120    2    0.018    2    1   1    0.67
49    1    0.009    1    1   1    0.87
128    2    0.000    1    2   0    3.66
114    2    0.009    2    1   1    0.61
27    1    -0.009    2    2   1    0.65
6    1    -0.018    2    2   1    0.63
148    2    0.000    1    2   0    0.57
149    2    0.009    2    1   1    0.65
38    1    0.000    2    2   0    4.91
84    2    0.009    2    1   1    1.07
130    2    0.018    2    1   1    1.30
70    1    0.018    1    1   1    0.53
19    1    0.009    1    1   1    0.64
146    2    -0.018    1    2   1    0.63
110    2    0.018    2    1   1    0.67
132    2    -0.009    1    2   1    0.73
106    2    -0.018    1    2   1    0.60
25    1    0.018    1    1   1    0.61
88    2    0.000    1    2   0    3.45
22    1    -0.009    2    2   1    0.68
142    2    -0.009    1    2   1    0.91
7    1    -0.009    2    2   1    1.33
50    1    0.018    1    1   1    0.83
47    1    -0.009    2    2   1    1.69
102    2    -0.009    1    2   1    0.92
71    1    -0.018    2    2   1    0.63
60    1    0.018    1    1   1    0.74
75    2    0.018    2    1   1    0.53
98    2    0.000    1    2   0    0.87
15    1    0.018    1    1   1    0.66
73    1    0.000    1    1   1    1.18
11    1    -0.018    2    2   1    0.76
52    1    -0.009    2    2   1    0.87
72    1    -0.009    2    2   1    1.34
147    2    -0.009    1    2   1    0.62
4    1    0.009    1    1   1    1.52
131    2    -0.018    1    2   1    0.92
45    1    0.018    1    1   1    0.65
21    1    -0.018    2    2   1    0.54
65    1    0.018    1    1   1    0.72
107    2    -0.009    1    2   1    2.14
64    1    0.009    1    1   1    1.13
125    2    0.018    2    1   1    0.58
135    2    0.018    2    1   1    0.59
53    1    0.000    2    2   0    4.78
118    2    0.000    1    2   0    3.66
92    2    -0.009    1    2   1    0.88
36    1    -0.018    2    2   1    0.74
138    2    0.000    2    1   1    0.68
85    2    0.018    2    1   1    0.79
58    1    0.000    1    1   1    1.16
46    1    -0.018    2    2   1    0.62
24    1    0.009    1    1   1    0.71
145    2    0.018    2    1   1    0.62
