--------------------------------
23-Jan-2015 14:41:44 
data from observer A28 
#occlusion2 expt 
reference disparity (degrees) 0.160000 

stim order disp kresp testresp correct time
1    2    0.074    1    2   1    0.80
2    1    0.069    2    2   1    0.73
3    1    -0.065    1    1   1    0.79
4    2    0.060    1    2   1    0.72
5    1    -0.055    1    1   1    0.55
6    1    0.051    2    2   1    0.65
7    2    -0.046    2    1   1    0.72
8    2    -0.042    2    1   1    0.73
9    1    -0.037    1    1   1    0.69
10    2    0.032    1    2   1    0.73
11    1    0.028    2    2   1    0.66
12    1    0.023    2    2   1    0.92
13    2    -0.018    2    1   1    0.78
14    2    -0.014    2    1   1    1.02
15    2    0.009    1    2   1    0.75
16    2    0.005    1    2   1    1.01
17    1    0.005    2    2   1    1.98
18    2    -0.005    1    2   0    0.72
19    2    0.014    1    2   1    1.48
20    1    -0.014    1    1   1    1.50
21    1    0.009    2    2   1    2.65
22    1    -0.009    1    1   1    0.58
23    1    0.005    2    2   1    4.32
24    1    0.005    2    2   1    5.83
25    2    -0.005    1    2   0    4.79
26    1    -0.014    1    1   1    0.68
27    1    0.014    2    2   1    0.62
28    1    0.009    2    2   1    0.76
29    2    -0.009    2    1   1    0.61
30    1    -0.005    1    1   1    0.71
31    1    0.005    2    2   1    1.03
32    1    0.005    2    2   1    0.79
33    1    -0.005    1    1   1    0.99
34    2    -0.005    2    1   1    0.65
35    2    0.005    1    2   1    1.09
36    1    -0.005    1    1   1    0.70
37    2    -0.005    2    1   1    1.75
38    1    -0.005    1    1   1    0.73
39    2    -0.005    2    1   1    0.93
40    2    -0.005    1    2   0    0.66
41    1    0.014    2    2   1    0.82
42    1    -0.014    1    1   1    0.68
43    1    -0.009    1    1   1    1.04
44    2    -0.009    2    1   1    0.95
45    2    -0.005    1    2   0    0.76
46    1    0.014    2    2   1    1.04
47    1    -0.014    1    1   1    0.81
48    1    -0.009    1    1   1    1.10
49    2    -0.009    2    1   1    0.95
50    2    -0.005    2    1   1    2.07
-------------------------
Final staircase threshold estimate (mean) is 0.0102
-------------------------
34    1    0.009    2    2   0    2.97
64    1    0.009    2    2   0    3.15
45    1    0.028    2    2   0    2.74
89    2    0.009    1    2   0    0.70
65    1    0.028    2    2   0    0.69
111    2    -0.023    2    1   0    0.75
106    2    -0.023    2    1   0    0.72
48    1    0.000    1    1   1    0.67
136    2    -0.023    2    1   0    0.59
80    2    0.028    1    2   0    0.57
76    2    -0.023    2    1   0    0.62
109    2    0.009    1    2   0    0.78
110    2    0.028    1    2   0    0.60
126    2    -0.023    2    1   0    0.74
43    1    0.000    1    1   1    0.87
33    1    0.000    1    1   1    0.79
47    1    -0.009    1    1   0    0.63
20    1    0.028    2    2   0    0.57
57    1    -0.009    1    1   0    0.62
11    1    -0.023    1    1   0    0.68
28    1    0.000    2    2   0    4.86
71    1    -0.023    1    1   0    0.62
134    2    0.009    1    2   0    3.10
108    2    0.000    1    2   0    5.75
120    2    0.028    1    2   0    1.07
40    1    0.028    2    2   0    0.72
37    1    -0.009    1    1   0    1.08
95    2    0.028    1    2   0    0.74
44    1    0.009    2    2   0    4.14
42    1    -0.009    1    1   0    1.56
132    2    -0.009    2    1   0    2.20
29    1    0.009    2    2   0    2.09
54    1    0.009    2    2   0    1.64
32    1    -0.009    1    1   0    0.54
39    1    0.009    2    2   0    1.59
142    2    -0.009    2    1   0    2.21
46    1    -0.023    1    1   0    0.59
86    2    -0.023    2    1   0    0.95
96    2    -0.023    2    1   0    1.23
92    2    -0.009    1    2   1    0.56
26    1    -0.023    1    1   0    0.79
143    2    0.000    2    1   1    3.76
145    2    0.028    1    2   0    0.60
66    1    -0.023    1    1   0    0.70
1    1    -0.023    1    1   0    0.61
91    2    -0.023    2    1   0    0.61
88    2    0.000    2    1   1    1.82
13    1    0.000    1    1   1    0.77
27    1    -0.009    1    1   0    0.73
147    2    -0.009    2    1   0    0.76
79    2    0.009    1    2   0    0.62
59    1    0.009    2    2   0    0.71
90    2    0.028    1    2   0    0.78
128    2    0.000    1    2   0    0.81
100    2    0.028    1    2   0    0.68
49    1    0.009    2    2   0    0.62
131    2    -0.023    2    1   0    0.64
117    2    -0.009    2    1   0    1.82
30    1    0.028    2    2   0    0.66
15    1    0.028    2    2   0    0.66
104    2    0.009    1    2   0    0.85
135    2    0.028    1    2   0    0.70
69    1    0.009    2    2   0    0.59
23    1    0.000    1    1   1    5.89
85    2    0.028    1    2   0    0.74
93    2    0.000    2    1   1    0.97
150    2    0.028    1    2   0    0.70
25    1    0.028    2    2   0    0.71
138    2    0.000    1    2   0    4.19
87    2    -0.009    2    1   0    2.77
4    1    0.009    2    2   0    1.24
123    2    0.000    1    2   0    1.09
51    1    -0.023    1    1   0    0.92
60    1    0.028    2    2   0    0.80
98    2    0.000    2    1   1    1.14
129    2    0.009    1    2   0    0.75
125    2    0.028    1    2   0    0.57
61    1    -0.023    1    1   0    0.57
53    1    0.000    2    2   0    0.66
70    1    0.028    2    2   0    0.81
14    1    0.009    2    2   0    2.19
78    2    0.000    1    2   0    0.63
58    1    0.000    1    1   1    1.77
144    2    0.009    1    2   0    0.76
97    2    -0.009    2    1   0    0.82
119    2    0.009    1    2   0    0.74
22    1    -0.009    1    1   0    1.04
50    1    0.028    2    2   0    0.57
113    2    0.000    2    1   1    0.97
94    2    0.009    1    2   0    1.11
10    1    0.028    2    2   0    0.58
140    2    0.028    1    2   0    0.55
141    2    -0.023    2    1   0    0.54
127    2    -0.009    2    1   0    0.80
130    2    0.028    1    2   0    0.78
24    1    0.009    2    2   0    1.13
115    2    0.028    1    2   0    0.69
7    1    -0.009    1    1   0    0.68
31    1    -0.023    1    1   0    0.65
67    1    -0.009    1    1   0    0.56
107    2    -0.009    2    1   0    0.61
122    2    -0.009    2    1   0    0.87
21    1    -0.023    1    1   0    0.82
41    1    -0.023    1    1   0    0.79
36    1    -0.023    1    1   0    0.57
5    1    0.028    2    2   0    0.62
6    1    -0.023    1    1   0    0.56
63    1    0.000    2    2   0    0.99
72    1    -0.009    1    1   0    1.80
124    2    0.009    1    2   0    1.04
38    1    0.000    2    2   0    5.80
105    2    0.028    1    2   0    0.84
73    1    0.000    2    2   0    1.55
99    2    0.009    1    2   0    0.77
116    2    -0.023    2    1   0    0.71
56    1    -0.023    1    1   0    0.62
114    2    0.009    1    2   0    0.98
16    1    -0.023    1    1   0    1.04
3    1    0.000    2    2   0    1.10
103    2    0.000    2    1   1    1.19
35    1    0.028    2    2   0    0.65
83    2    0.000    2    1   1    1.27
55    1    0.028    2    2   0    0.63
9    1    0.009    2    2   0    0.77
74    1    0.009    1    1   1    1.05
81    2    -0.023    2    1   0    0.63
77    2    -0.009    2    1   0    0.72
17    1    -0.009    1    1   0    0.85
18    1    0.000    1    1   1    4.27
101    2    -0.023    2    1   0    0.74
121    2    -0.023    2    1   0    0.56
149    2    0.009    2    1   1    1.14
84    2    0.009    1    2   0    0.76
118    2    0.000    2    1   1    5.47
62    1    -0.009    1    1   0    0.56
19    1    0.009    2    2   0    1.10
12    1    -0.009    1    1   0    0.63
82    2    -0.009    2    1   0    0.73
102    2    -0.009    2    1   0    0.65
137    2    -0.009    2    1   0    0.98
68    1    0.000    1    1   1    1.84
2    1    -0.009    1    1   0    1.36
146    2    -0.023    2    1   0    0.56
75    2    0.028    1    2   0    0.86
148    2    0.000    2    1   1    0.77
112    2    -0.009    2    1   0    0.79
8    1    0.000    1    1   1    2.37
139    2    0.009    1    2   0    0.80
133    2    0.000    1    2   0    0.63
52    1    -0.009    1    1   0    0.65
--------------------------------
23-Jan-2015 10:50:00 
data from observer A28 
#occlusion2 expt 
reference disparity (degrees) 0.160000 

stim order disp kresp testresp correct time
1    1    -0.074    1    1   1    1.15
2    1    0.069    2    2   1    1.28
3    1    -0.065    1    1   1    1.79
4    1    0.060    2    2   1    0.74
5    1    -0.055    1    1   1    0.53
6    2    0.051    1    2   1    0.65
7    2    0.046    1    2   1    0.62
8    1    0.042    2    2   1    0.73
9    1    -0.037    1    1   1    0.53
10    2    0.032    1    2   1    0.80
11    2    0.028    1    2   1    0.54
12    2    0.023    1    2   1    0.71
13    1    -0.018    1    1   1    0.61
14    2    -0.014    2    1   1    0.70
15    1    -0.009    1    1   1    0.81
16    1    -0.005    2    2   0    8.30
17    1    0.014    2    2   1    0.91
18    2    0.014    1    2   1    0.86
19    1    0.009    2    2   1    0.75
20    2    -0.009    2    1   1    0.82
21    1    -0.005    1    1   1    1.89
22    2    0.005    2    1   0    1.97
23    2    -0.014    2    1   1    0.71
24    2    -0.014    2    1   1    0.97
25    2    0.009    1    2   1    1.11
26    2    0.009    1    2   1    2.65
27    1    -0.005    2    2   0    4.32
28    1    -0.014    1    1   1    1.03
29    2    0.014    1    2   1    1.02
30    2    -0.009    2    1   1    1.13
31    2    0.009    2    1   0    5.31
32    1    -0.018    1    1   1    1.92
33    2    0.018    2    1   0    3.48
34    1    -0.028    1    1   1    0.78
35    2    -0.028    2    1   1    0.67
36    2    0.023    1    2   1    0.71
37    2    0.023    1    2   1    0.93
38    2    -0.018    2    1   1    0.69
39    2    0.018    1    2   1    1.43
40    2    0.014    1    2   1    0.85
41    2    0.014    1    2   1    0.54
42    1    -0.009    1    1   1    6.41
43    1    -0.009    2    2   0    4.33
44    1    0.018    2    2   1    1.46
45    2    0.018    1    2   1    1.44
46    1    0.014    2    2   1    3.45
47    2    0.014    1    2   1    1.56
48    1    0.009    2    2   1    1.47
49    1    -0.009    1    1   1    1.87
50    2    0.005    2    1   0    4.37
-------------------------
Final staircase threshold estimate (mean) is 0.0120
-------------------------
5    1    0.032    2    2   0    3.21
128    2    0.000    2    1   1    5.11
148    2    0.000    2    1   1    3.86
71    1    -0.032    1    1   0    0.80
92    2    -0.014    2    1   0    1.45
59    1    0.014    2    2   0    3.98
129    2    0.014    1    2   0    0.84
112    2    -0.014    2    1   0    1.63
135    2    0.032    1    2   0    0.61
124    2    0.014    1    2   0    0.78
101    2    -0.032    2    1   0    0.74
19    1    0.014    2    2   0    2.09
22    1    -0.014    1    1   0    0.65
57    1    -0.014    1    1   0    0.74
81    2    -0.032    2    1   0    0.76
96    2    -0.032    2    1   0    0.63
121    2    -0.032    2    1   0    0.64
61    1    -0.032    1    1   0    0.64
125    2    0.032    1    2   0    0.57
130    2    0.032    1    2   0    0.57
26    1    -0.032    1    1   0    0.60
103    2    0.000    2    1   1    3.70
31    1    -0.032    1    1   0    0.69
34    1    0.014    2    2   0    1.01
48    1    0.000    1    1   1    2.65
83    2    0.000    1    2   0    2.54
90    2    0.032    1    2   0    0.70
146    2    -0.032    2    1   0    0.91
109    2    0.014    1    2   0    0.68
1    1    -0.032    1    1   0    0.68
11    1    -0.032    1    1   0    0.63
64    1    0.014    2    2   0    1.03
42    1    -0.014    1    1   0    1.49
68    1    0.000    2    2   0    5.15
20    1    0.032    2    2   0    0.61
69    1    0.014    2    2   0    2.93
77    2    -0.014    2    1   0    6.69
40    1    0.032    2    2   0    0.79
138    2    0.000    2    1   1    5.90
145    2    0.032    1    2   0    0.60
15    1    0.032    2    2   0    0.77
137    2    -0.014    2    1   0    2.40
86    2    -0.032    2    1   0    1.89
100    2    0.032    1    2   0    0.71
117    2    -0.014    2    1   0    1.29
43    1    0.000    1    1   1    1.33
28    1    0.000    1    1   1    0.81
85    2    0.032    1    2   0    0.81
17    1    -0.014    1    1   0    0.79
141    2    -0.032    2    1   0    3.39
104    2    0.014    1    2   0    0.87
67    1    -0.014    1    1   0    0.95
9    1    0.014    2    2   0    1.25
116    2    -0.032    2    1   0    1.24
6    1    -0.032    1    1   0    0.90
62    1    -0.014    1    1   0    0.99
76    2    -0.032    2    1   0    0.88
53    1    0.000    1    1   1    2.35
110    2    0.032    1    2   0    0.82
120    2    0.032    1    2   0    0.60
114    2    0.014    1    2   0    0.85
27    1    -0.014    1    1   0    0.79
147    2    -0.014    2    1   0    0.91
80    2    0.032    1    2   0    0.70
132    2    -0.014    2    1   0    4.00
39    1    0.014    2    2   0    2.11
140    2    0.032    1    2   0    0.59
29    1    0.014    2    2   0    0.81
134    2    0.014    1    2   0    1.04
127    2    -0.014    2    1   0    0.76
98    2    0.000    1    2   0    0.91
88    2    0.000    2    1   1    7.80
107    2    -0.014    2    1   0    0.78
49    1    0.014    2    2   0    1.59
60    1    0.032    2    2   0    0.79
23    1    0.000    1    1   1    1.34
84    2    0.014    1    2   0    0.83
133    2    0.000    2    1   1    4.06
82    2    -0.014    2    1   0    1.06
35    1    0.032    2    2   0    0.67
41    1    -0.032    1    1   0    0.66
12    1    -0.014    1    1   0    0.66
30    1    0.032    2    2   0    0.86
139    2    0.014    1    2   0    0.66
56    1    -0.032    1    1   0    0.72
150    2    0.032    1    2   0    0.67
99    2    0.014    1    2   0    0.64
73    1    0.000    2    2   0    6.79
144    2    0.014    1    2   0    0.79
105    2    0.032    1    2   0    0.69
50    1    0.032    2    2   0    0.89
4    1    0.014    2    2   0    1.64
10    1    0.032    2    2   0    0.70
123    2    0.000    1    2   0    11.36
33    1    0.000    1    1   1    7.14
142    2    -0.014    1    2   1    3.70
52    1    -0.014    1    1   0    0.72
91    2    -0.032    2    1   0    0.74
94    2    0.014    1    2   0    0.80
8    1    0.000    1    1   1    2.42
16    1    -0.032    1    1   0    0.62
72    1    -0.014    1    1   0    1.15
38    1    0.000    1    1   1    1.03
111    2    -0.032    2    1   0    0.76
66    1    -0.032    1    1   0    0.73
119    2    0.014    1    2   0    0.86
87    2    -0.014    2    1   0    1.10
122    2    -0.014    2    1   0    3.60
25    1    0.032    2    2   0    0.72
54    1    0.014    2    2   0    1.04
74    1    0.014    2    2   0    2.23
113    2    0.000    1    2   0    0.60
70    1    0.032    2    2   0    0.67
37    1    -0.014    1    1   0    0.90
89    2    0.014    1    2   0    0.98
46    1    -0.032    1    1   0    0.60
24    1    0.014    2    2   0    0.70
93    2    0.000    2    1   1    5.24
79    2    0.014    1    2   0    0.69
115    2    0.032    1    2   0    0.66
21    1    -0.032    1    1   0    0.79
63    1    0.000    2    2   0    9.54
3    1    0.000    1    1   1    1.10
55    1    0.032    2    2   0    0.69
2    1    -0.014    1    1   0    0.90
14    1    0.014    2    2   0    1.31
102    2    -0.014    2    1   0    2.16
149    2    0.014    1    2   0    0.90
78    2    0.000    1    2   0    4.83
65    1    0.032    2    2   0    0.95
45    1    0.032    2    2   0    0.73
131    2    -0.032    2    1   0    0.81
136    2    -0.032    2    1   0    0.64
7    1    -0.014    1    1   0    0.75
32    1    -0.014    1    1   0    1.02
97    2    -0.014    2    1   0    2.87
44    1    0.014    2    2   0    1.79
51    1    -0.032    1    1   0    0.58
58    1    0.000    2    2   0    3.98
47    1    -0.014    1    1   0    0.63
36    1    -0.032    1    1   0    0.54
143    2    0.000    2    1   1    3.68
95    2    0.032    1    2   0    0.67
75    2    0.032    1    2   0    0.58
126    2    -0.032    2    1   0    0.80
13    1    0.000    1    1   1    5.72
118    2    0.000    1    2   0    0.91
18    1    0.000    1    1   1    3.08
108    2    0.000    1    2   0    2.08
106    2    -0.032    2    1   0    0.71

