--------------------------------
01-Feb-2015 12:51:02 
data from observer ASDYas 
#occlusion2 expt 
reference disparity (degrees) 0.160000 

stim order disp kresp testresp correct time
1    2    0.074    1    2   1    2.96
2    2    -0.069    2    1   1    0.95
3    2    -0.065    2    1   1    0.99
4    2    0.060    1    2   1    1.27
5    2    -0.055    2    1   1    1.07
6    2    0.051    1    2   1    1.47
7    2    -0.046    2    1   1    1.40
8    2    -0.042    2    1   1    0.90
9    1    -0.037    1    1   1    1.13
10    1    0.032    2    2   1    0.90
11    1    0.028    2    2   1    1.91
12    2    0.023    1    2   1    1.04
13    1    -0.018    2    2   0    1.12
14    2    0.028    1    2   1    1.65
15    1    -0.028    1    1   1    1.38
16    1    -0.023    1    1   1    1.68
17    1    -0.023    1    1   1    1.65
18    2    0.018    2    1   0    1.88
19    2    -0.028    2    1   1    1.61
20    1    -0.028    2    2   0    1.17
21    2    0.037    2    1   0    3.89
22    1    -0.046    1    1   1    0.69
23    1    0.046    2    2   1    0.70
24    2    0.042    1    2   1    0.76
25    2    -0.042    2    1   1    0.86
26    2    0.037    2    1   0    1.13
27    1    0.046    2    2   1    0.84
28    2    -0.046    2    1   1    0.74
29    2    0.042    2    1   0    0.36
30    1    0.051    2    2   1    0.56
31    2    -0.051    2    1   1    0.44
32    2    0.046    2    1   0    0.85
33    1    -0.055    1    1   1    1.25
34    2    -0.055    2    1   1    1.30
35    2    -0.051    2    1   1    0.91
36    2    -0.051    2    1   1    0.66
37    2    -0.046    2    1   1    0.83
38    2    -0.046    2    1   1    0.72
39    1    -0.042    1    1   1    1.58
40    1    0.042    2    2   1    0.80
41    2    0.037    1    2   1    2.51
42    2    0.037    1    2   1    1.02
43    1    0.032    2    2   1    0.89
44    2    0.032    1    2   1    1.33
45    2    0.028    1    2   1    0.86
46    2    -0.028    2    1   1    0.79
47    1    -0.023    1    1   1    1.37
48    1    0.023    2    2   1    0.92
49    1    0.018    1    1   0    2.90
50    2    0.028    1    2   1    1.06
-------------------------
Final staircase threshold estimate (mean) is 0.0286
-------------------------
96    2    -0.069    2    1   0    5.89
115    2    0.074    1    2   0    1.65
144    2    0.028    1    2   0    2.38
92    2    -0.028    2    1   0    0.87
53    1    0.000    2    2   0    1.53
77    2    -0.028    2    1   0    0.76
58    1    0.000    1    1   1    0.70
20    1    0.074    2    2   0    0.02
130    2    0.074    1    2   0    0.93
123    2    0.000    2    1   1    0.86
54    1    0.028    2    2   0    1.23
106    2    -0.069    2    1   0    0.78
5    1    0.074    2    2   0    0.63
145    2    0.074    1    2   0    1.02
41    1    -0.069    1    1   0    0.94
149    2    0.028    1    2   0    1.04
109    2    0.028    1    2   0    1.19
99    2    0.028    1    2   0    0.85
61    1    -0.069    1    1   0    1.03
39    1    0.028    2    2   0    1.01
78    2    0.000    2    1   1    1.27
80    2    0.074    1    2   0    0.78
79    2    0.028    1    2   0    1.14
74    1    0.028    1    1   1    0.85
55    1    0.074    2    2   0    0.84
138    2    0.000    2    1   1    1.41
104    2    0.028    1    2   0    1.76
113    2    0.000    1    2   0    1.60
56    1    -0.069    1    1   0    1.00
64    1    0.028    2    2   0    1.05
21    1    -0.069    1    1   0    1.18
88    2    0.000    2    1   1    1.13
76    2    -0.069    2    1   0    0.91
52    1    -0.028    1    1   0    1.26
134    2    0.028    1    2   0    0.79
119    2    0.028    1    2   0    1.03
116    2    -0.069    1    2   1    4.20
62    1    -0.028    2    2   1    0.86
87    2    -0.028    2    1   0    2.00
135    2    0.074    2    1   1    1.76
90    2    0.074    1    2   0    2.32
131    2    -0.069    2    1   0    1.07
117    2    -0.028    1    2   1    1.90
82    2    -0.028    2    1   0    0.86
12    1    -0.028    1    1   0    2.65
63    1    0.000    2    2   0    2.11
111    2    -0.069    2    1   0    2.17
67    1    -0.028    1    1   0    0.77
10    1    0.074    2    2   0    0.59
127    2    -0.028    2    1   0    0.91
91    2    -0.069    1    2   1    0.76
65    1    0.074    2    2   0    1.39
35    1    0.074    1    1   1    1.41
120    2    0.074    1    2   0    1.21
34    1    0.028    2    2   0    0.89
98    2    0.000    1    2   0    1.30
86    2    -0.069    2    1   0    0.50
28    1    0.000    1    1   1    0.98
150    2    0.074    1    2   0    0.89
107    2    -0.028    2    1   0    0.98
124    2    0.028    1    2   0    0.89
143    2    0.000    2    1   1    0.81
140    2    0.074    1    2   0    1.02
29    1    0.028    1    1   1    1.40
122    2    -0.028    2    1   0    0.76
101    2    -0.069    2    1   0    0.82
3    1    0.000    1    1   1    0.94
105    2    0.074    2    1   1    1.34
114    2    0.028    1    2   0    0.89
30    1    0.074    2    2   0    0.69
16    1    -0.069    2    2   1    1.15
147    2    -0.028    2    1   0    0.77
8    1    0.000    1    1   1    0.79
24    1    0.028    2    2   0    0.87
40    1    0.074    1    1   1    0.63
17    1    -0.028    2    2   1    0.30
49    1    0.028    1    1   1    0.65
141    2    -0.069    2    1   0    0.66
32    1    -0.028    1    1   0    0.99
48    1    0.000    1    1   1    1.53
59    1    0.028    2    2   0    0.69
125    2    0.074    1    2   0    1.12
133    2    0.000    1    2   0    1.39
118    2    0.000    1    2   0    1.78
102    2    -0.028    2    1   0    0.45
1    1    -0.069    1    1   0    2.70
100    2    0.074    1    2   0    1.15
37    1    -0.028    1    1   0    1.01
89    2    0.028    1    2   0    1.06
69    1    0.028    2    2   0    0.65
70    1    0.074    2    2   0    0.85
129    2    0.028    1    2   0    1.46
2    1    -0.028    2    2   1    0.99
93    2    0.000    1    2   0    0.78
132    2    -0.028    2    1   0    0.66
146    2    -0.069    2    1   0    1.27
6    1    -0.069    1    1   0    0.64
112    2    -0.028    2    1   0    0.66
18    1    0.000    1    1   1    2.60
11    1    -0.069    1    1   0    1.38
137    2    -0.028    2    1   0    0.86
57    1    -0.028    1    1   0    0.94
97    2    -0.028    2    1   0    0.48
84    2    0.028    1    2   0    0.91
9    1    0.028    2    2   0    0.54
45    1    0.074    1    1   1    2.18
42    1    -0.028    1    1   0    1.46
110    2    0.074    1    2   0    0.98
27    1    -0.028    1    1   0    1.48
60    1    0.074    2    2   0    1.24
31    1    -0.069    1    1   0    0.77
46    1    -0.069    1    1   0    0.87
43    1    0.000    2    2   0    0.75
142    2    -0.028    1    2   1    0.83
139    2    0.028    1    2   0    0.93
4    1    0.028    2    2   0    0.64
108    2    0.000    2    1   1    2.30
71    1    -0.069    1    1   0    0.82
121    2    -0.069    2    1   0    0.69
38    1    0.000    1    1   1    0.71
72    1    -0.028    2    2   1    0.78
68    1    0.000    1    1   1    0.95
136    2    -0.069    2    1   0    0.70
75    2    0.074    1    2   0    0.98
14    1    0.028    2    2   0    0.79
13    1    0.000    1    1   1    1.31
66    1    -0.069    2    2   1    0.88
50    1    0.074    1    1   1    1.33
25    1    0.074    2    2   0    1.12
128    2    0.000    1    2   0    0.81
51    1    -0.069    2    2   1    0.48
126    2    -0.069    1    2   1    0.41
19    1    0.028    2    2   0    0.41
95    2    0.074    1    2   0    1.34
47    1    -0.028    1    1   0    0.88
7    1    -0.028    2    2   1    0.71
85    2    0.074    1    2   0    1.08
103    2    0.000    1    2   0    1.03
36    1    -0.069    1    1   0    1.43
73    1    0.000    1    1   1    1.20
44    1    0.028    2    2   0    1.08
148    2    0.000    1    2   0    0.38
26    1    -0.069    1    1   0    1.59
81    2    -0.069    2    1   0    0.58
83    2    0.000    1    2   0    1.66
22    1    -0.028    2    2   1    0.46
23    1    0.000    1    1   1    0.33
33    1    0.000    2    2   0    0.67
15    1    0.074    2    2   0    1.27
94    2    0.028    1    2   0    0.93
