--------------------------------
01-Feb-2015 12:42:58 
data from observer ASDYAs 
#occlusion2 expt 
reference disparity (degrees) 0.160000 

stim order disp kresp testresp correct time
1    2    0.074    1    2   1    3.27
2    1    0.069    2    2   1    1.82
3    2    0.065    1    2   1    1.09
4    2    0.060    1    2   1    1.86
5    1    -0.055    1    1   1    0.88
6    2    -0.051    2    1   1    1.72
7    1    0.046    2    2   1    1.58
8    1    -0.042    1    1   1    0.97
9    2    -0.037    2    1   1    1.16
10    2    0.032    1    2   1    1.94
11    2    -0.028    2    1   1    1.42
12    2    -0.023    2    1   1    5.59
13    2    0.018    1    2   1    1.12
14    1    -0.014    1    1   1    2.07
15    1    -0.009    1    1   1    0.83
16    2    -0.005    1    2   0    1.97
17    1    0.014    2    2   1    0.91
18    2    0.014    1    2   1    1.49
19    1    -0.009    1    1   1    0.96
20    1    -0.009    1    1   1    1.06
21    1    -0.005    1    1   1    1.74
22    2    0.005    1    2   1    0.88
23    2    -0.005    1    2   0    5.29
24    2    -0.014    2    1   1    1.13
25    1    0.014    2    2   1    1.38
26    1    -0.009    1    1   1    1.33
27    2    0.009    1    2   1    1.09
28    2    -0.005    1    2   0    1.48
29    2    0.014    1    2   1    1.86
30    1    -0.014    1    1   1    1.04
31    1    -0.009    2    2   0    1.04
32    2    -0.018    1    2   0    1.02
33    2    0.028    1    2   1    0.84
34    1    -0.028    1    1   1    1.47
35    1    0.023    2    2   1    1.57
36    2    -0.023    1    2   0    1.41
37    1    0.032    2    2   1    1.37
38    2    -0.032    2    1   1    1.28
39    2    -0.028    1    2   0    1.08
40    2    -0.037    1    2   0    0.83
41    2    0.046    1    2   1    1.80
42    2    0.046    1    2   1    0.88
43    2    -0.042    2    1   1    0.94
44    2    0.042    1    2   1    0.79
45    1    0.037    2    2   1    1.09
46    1    0.037    2    2   1    1.10
47    1    0.032    2    2   1    1.05
48    1    0.032    2    2   1    1.14
49    2    0.028    2    1   0    2.15
50    1    -0.037    1    1   1    0.78
-------------------------
Final staircase threshold estimate (mean) is 0.0379
-------------------------
92    2    -0.037    2    1   0    2.44
137    2    -0.037    2    1   0    1.27
143    2    0.000    1    2   0    1.52
67    1    -0.037    1    1   0    1.03
61    1    -0.092    1    1   0    1.62
110    2    0.092    1    2   0    2.99
105    2    0.092    1    2   0    2.65
25    1    0.092    2    2   0    1.38
107    2    -0.037    2    1   0    1.64
19    1    0.037    2    2   0    1.94
75    2    0.092    1    2   0    1.20
43    1    0.000    2    2   0    2.55
111    2    -0.092    2    1   0    2.46
39    1    0.037    2    2   0    2.23
7    1    -0.037    1    1   0    1.30
14    1    0.037    2    2   0    1.35
76    2    -0.092    2    1   0    3.03
36    1    -0.092    1    1   0    1.17
29    1    0.037    2    2   0    2.55
136    2    -0.092    2    1   0    1.17
80    2    0.092    1    2   0    1.28
123    2    0.000    2    1   1    2.06
86    2    -0.092    2    1   0    1.72
46    1    -0.092    1    1   0    1.06
24    1    0.037    2    2   0    0.93
93    2    0.000    1    2   0    0.95
117    2    -0.037    2    1   0    0.74
116    2    -0.092    2    1   0    0.99
138    2    0.000    2    1   1    1.67
17    1    -0.037    1    1   0    0.44
135    2    0.092    2    1   1    1.50
88    2    0.000    2    1   1    1.64
59    1    0.037    2    2   0    0.79
147    2    -0.037    1    2   1    0.66
130    2    0.092    1    2   0    1.47
44    1    0.037    2    2   0    0.75
94    2    0.037    1    2   0    1.12
98    2    0.000    2    1   1    0.50
85    2    0.092    1    2   0    0.77
28    1    0.000    2    2   0    4.39
52    1    -0.037    1    1   0    0.81
142    2    -0.037    2    1   0    1.06
97    2    -0.037    2    1   0    1.11
119    2    0.037    1    2   0    1.12
53    1    0.000    1    1   1    1.18
8    1    0.000    1    1   1    1.36
62    1    -0.037    1    1   0    1.22
71    1    -0.092    2    2   1    0.53
64    1    0.037    2    2   0    2.12
118    2    0.000    2    1   1    1.91
6    1    -0.092    2    2   1    0.87
115    2    0.092    1    2   0    2.84
81    2    -0.092    1    2   1    1.80
114    2    0.037    2    1   1    0.95
1    1    -0.092    2    2   1    1.59
30    1    0.092    2    2   0    0.62
83    2    0.000    1    2   0    2.67
51    1    -0.092    1    1   0    1.92
48    1    0.000    2    2   0    2.42
141    2    -0.092    2    1   0    1.14
5    1    0.092    2    2   0    1.50
91    2    -0.092    2    1   0    1.03
108    2    0.000    1    2   0    1.27
99    2    0.037    1    2   0    1.09
23    1    0.000    2    2   0    1.14
56    1    -0.092    1    1   0    1.51
146    2    -0.092    2    1   0    0.99
66    1    -0.092    1    1   0    1.37
57    1    -0.037    1    1   0    1.52
55    1    0.092    2    2   0    3.28
10    1    0.092    2    2   0    1.00
15    1    0.092    2    2   0    1.12
122    2    -0.037    2    1   0    1.16
109    2    0.037    2    1   1    0.90
38    1    0.000    2    2   0    1.30
121    2    -0.092    1    2   1    0.44
72    1    -0.037    2    2   1    0.33
41    1    -0.092    1    1   0    0.40
133    2    0.000    2    1   1    0.63
22    1    -0.037    1    1   0    0.89
102    2    -0.037    2    1   0    2.72
140    2    0.092    1    2   0    0.90
12    1    -0.037    2    2   1    0.86
113    2    0.000    1    2   0    2.79
139    2    0.037    1    2   0    0.87
9    1    0.037    2    2   0    1.06
106    2    -0.092    2    1   0    0.96
20    1    0.092    2    2   0    0.66
16    1    -0.092    1    1   0    0.75
68    1    0.000    2    2   0    0.56
96    2    -0.092    2    1   0    1.77
69    1    0.037    2    2   0    1.34
18    1    0.000    2    2   0    2.39
65    1    0.092    2    2   0    1.02
4    1    0.037    2    2   0    2.24
131    2    -0.092    2    1   0    1.21
103    2    0.000    2    1   1    2.53
145    2    0.092    1    2   0    2.49
47    1    -0.037    2    2   1    1.38
11    1    -0.092    1    1   0    1.21
37    1    -0.037    1    1   0    2.13
70    1    0.092    2    2   0    1.52
77    2    -0.037    2    1   0    2.08
45    1    0.092    2    2   0    1.01
50    1    0.092    2    2   0    0.69
127    2    -0.037    2    1   0    0.38
33    1    0.000    1    1   1    1.47
87    2    -0.037    1    2   1    1.19
125    2    0.092    2    1   1    0.53
82    2    -0.037    2    1   0    1.33
73    1    0.000    2    2   0    0.56
104    2    0.037    2    1   1    1.69
132    2    -0.037    2    1   0    1.77
90    2    0.092    1    2   0    1.65
3    1    0.000    2    2   0    2.09
26    1    -0.092    1    1   0    1.43
78    2    0.000    2    1   1    0.83
49    1    0.037    1    1   1    0.70
63    1    0.000    2    2   0    2.06
42    1    -0.037    1    1   0    1.01
120    2    0.092    2    1   1    1.31
27    1    -0.037    2    2   1    0.76
148    2    0.000    2    1   1    1.92
13    1    0.000    2    2   0    0.63
144    2    0.037    1    2   0    1.64
149    2    0.037    2    1   1    2.59
31    1    -0.092    1    1   0    0.86
2    1    -0.037    2    2   1    2.06
126    2    -0.092    2    1   0    0.77
32    1    -0.037    2    2   1    0.79
21    1    -0.092    2    2   1    1.03
134    2    0.037    2    1   1    0.49
150    2    0.092    2    1   1    0.33
84    2    0.037    2    1   1    1.04
89    2    0.037    2    1   1    1.58
95    2    0.092    2    1   1    1.13
60    1    0.092    2    2   0    1.49
124    2    0.037    2    1   1    1.83
74    1    0.037    2    2   0    1.60
40    1    0.092    2    2   0    0.84
100    2    0.092    1    2   0    1.53
54    1    0.037    2    2   0    3.17
112    2    -0.037    1    2   1    1.45
101    2    -0.092    2    1   0    0.61
35    1    0.092    2    2   0    1.19
58    1    0.000    2    2   0    2.68
34    1    0.037    2    2   0    0.96
129    2    0.037    2    1   1    1.07
128    2    0.000    2    1   1    1.56
79    2    0.037    2    1   1    2.38
