--------------------------------
01-Feb-2015 12:26:14 
data from observer ASDYas 
#occlusion2 expt 
reference disparity (degrees) 0.160000 

stim order disp kresp testresp correct time
1    1    0.074    2    2   1    3.93
2    2    0.069    2    1   0    0.83
3    1    0.079    2    2   1    1.39
4    2    -0.079    2    1   1    0.92
5    2    -0.074    2    1   1    1.77
6    1    0.074    2    2   1    1.04
7    2    0.069    2    1   0    0.39
8    1    -0.079    1    1   1    0.43
9    1    -0.079    2    2   0    0.56
10    1    0.088    2    2   1    0.58
11    1    0.088    2    2   1    0.57
12    2    0.083    2    1   0    0.83
13    1    -0.092    2    2   0    1.31
14    1    0.102    2    2   1    0.96
15    1    -0.102    2    2   0    0.81
16    1    0.111    2    2   1    0.65
17    2    0.111    2    1   0    0.59
18    2    0.120    2    1   0    1.18
19    1    0.129    2    2   1    2.24
20    2    -0.129    2    1   1    1.81
21    2    -0.125    2    1   1    1.90
22    2    0.125    1    2   1    1.47
23    2    0.120    2    1   0    0.58
24    1    -0.129    2    2   0    0.80
25    2    -0.139    2    1   1    0.41
26    1    0.139    2    2   1    0.81
27    1    0.134    2    2   1    1.18
28    1    0.134    1    1   0    0.77
29    1    -0.143    2    2   0    0.71
30    2    0.148    2    1   0    1.26
31    1    -0.148    2    2   0    3.14
32    1    -0.148    2    2   0    3.56
33    1    -0.148    1    1   1    0.98
34    1    0.148    2    2   1    0.72
35    1    -0.143    2    2   0    1.09
36    2    -0.148    2    1   1    1.65
37    2    0.148    2    1   0    0.93
38    2    -0.148    2    1   1    2.63
39    2    0.148    2    1   0    3.07
40    1    0.148    2    2   1    2.73
41    2    0.148    2    1   0    2.17
42    2    -0.148    2    1   1    0.67
43    1    -0.148    2    2   0    1.29
44    1    -0.148    2    2   0    2.61
45    1    0.148    2    2   1    1.44
46    1    0.148    2    2   1    2.09
47    1    -0.143    2    2   0    1.01
48    2    0.148    1    2   1    1.33
49    2    0.148    1    2   1    3.44
50    1    -0.143    2    2   0    2.27
-------------------------
Final staircase threshold estimate (mean) is 0.1468
-------------------------
17    1    -0.143    1    1   0    6.54
33    1    0.000    2    2   0    3.03
22    1    -0.143    1    1   0    2.55
26    1    -0.148    2    2   1    0.91
99    2    0.143    2    1   1    0.56
8    1    0.000    2    2   0    0.93
120    2    0.148    1    2   0    0.78
87    2    -0.143    2    1   0    1.65
140    2    0.148    2    1   1    0.85
129    2    0.143    1    2   0    0.46
47    1    -0.143    2    2   1    0.84
50    1    0.148    2    2   0    1.60
85    2    0.148    2    1   1    0.74
109    2    0.143    1    2   0    1.57
124    2    0.143    2    1   1    0.66
149    2    0.143    2    1   1    0.50
89    2    0.143    1    2   0    0.67
23    1    0.000    2    2   0    0.81
15    1    0.148    2    2   0    1.20
54    1    0.143    2    2   0    1.47
7    1    -0.143    2    2   1    0.48
131    2    -0.148    2    1   0    0.56
59    1    0.143    2    2   0    0.66
20    1    0.148    2    2   0    3.94
62    1    -0.143    2    2   1    1.34
16    1    -0.148    1    1   0    0.50
76    2    -0.148    1    2   1    0.35
111    2    -0.148    2    1   0    0.91
118    2    0.000    1    2   0    0.78
5    1    0.148    2    2   0    0.63
11    1    -0.148    1    1   0    0.35
137    2    -0.143    2    1   0    0.43
29    1    0.143    1    1   1    0.34
39    1    0.143    2    2   0    0.58
92    2    -0.143    2    1   0    2.00
70    1    0.148    1    1   1    0.75
96    2    -0.148    2    1   0    0.92
48    1    0.000    1    1   1    1.00
97    2    -0.143    2    1   0    1.06
105    2    0.148    1    2   0    1.10
68    1    0.000    2    2   0    1.55
43    1    0.000    1    1   1    0.84
114    2    0.143    1    2   0    1.07
128    2    0.000    1    2   0    0.71
145    2    0.148    2    1   1    0.67
71    1    -0.148    1    1   0    1.77
56    1    -0.148    2    2   1    0.92
113    2    0.000    2    1   1    0.89
45    1    0.148    1    1   1    0.28
132    2    -0.143    1    2   1    1.06
95    2    0.148    1    2   0    0.87
37    1    -0.143    2    2   1    1.42
144    2    0.143    1    2   0    1.31
34    1    0.143    2    2   0    1.05
90    2    0.148    1    2   0    0.50
104    2    0.143    2    1   1    0.45
81    2    -0.148    1    2   1    0.93
138    2    0.000    2    1   1    1.08
12    1    -0.143    2    2   1    2.86
148    2    0.000    1    2   0    2.38
18    1    0.000    2    2   0    6.26
142    2    -0.143    2    1   0    1.07
55    1    0.148    2    2   0    1.93
108    2    0.000    2    1   1    2.43
67    1    -0.143    1    1   0    1.27
57    1    -0.143    1    1   0    0.70
19    1    0.143    2    2   0    0.43
27    1    -0.143    2    2   1    0.74
126    2    -0.148    2    1   0    0.84
3    1    0.000    2    2   0    0.79
116    2    -0.148    2    1   0    1.54
135    2    0.148    1    2   0    3.14
77    2    -0.143    2    1   0    0.94
88    2    0.000    2    1   1    1.70
1    1    -0.148    1    1   0    1.01
51    1    -0.148    1    1   0    1.67
112    2    -0.143    2    1   0    1.93
4    1    0.143    2    2   0    2.40
14    1    0.143    2    2   0    1.41
110    2    0.148    2    1   1    1.11
63    1    0.000    2    2   0    1.89
69    1    0.143    2    2   0    2.08
40    1    0.148    2    2   0    1.54
58    1    0.000    2    2   0    0.51
6    1    -0.148    1    1   0    1.11
84    2    0.143    1    2   0    0.83
10    1    0.148    2    2   0    1.18
127    2    -0.143    2    1   0    0.68
101    2    -0.148    2    1   0    0.74
133    2    0.000    2    1   1    2.66
78    2    0.000    2    1   1    2.01
32    1    -0.143    1    1   0    1.11
13    1    0.000    1    1   1    2.26
38    1    0.000    2    2   0    1.78
61    1    -0.148    1    1   0    1.51
80    2    0.148    1    2   0    1.00
21    1    -0.148    2    2   1    1.53
119    2    0.143    1    2   0    1.79
122    2    -0.143    2    1   0    1.90
36    1    -0.148    1    1   0    2.98
44    1    0.143    2    2   0    1.28
9    1    0.143    2    2   0    1.40
100    2    0.148    1    2   0    1.60
66    1    -0.148    1    1   0    1.43
139    2    0.143    1    2   0    1.02
94    2    0.143    1    2   0    1.36
147    2    -0.143    2    1   0    0.77
115    2    0.148    1    2   0    0.76
150    2    0.148    1    2   0    0.82
53    1    0.000    1    1   1    2.13
82    2    -0.143    2    1   0    1.32
102    2    -0.143    1    2   1    2.65
141    2    -0.148    2    1   0    1.25
98    2    0.000    2    1   1    1.75
65    1    0.148    1    1   1    2.32
117    2    -0.143    2    1   0    1.40
74    1    0.143    2    2   0    1.54
52    1    -0.143    2    2   1    1.01
121    2    -0.148    2    1   0    0.97
107    2    -0.143    2    1   0    0.78
143    2    0.000    1    2   0    1.13
49    1    0.143    2    2   0    0.77
91    2    -0.148    2    1   0    0.63
31    1    -0.148    2    2   1    1.13
83    2    0.000    2    1   1    0.82
2    1    -0.143    1    1   0    1.05
30    1    0.148    2    2   0    0.74
42    1    -0.143    1    1   0    1.06
130    2    0.148    1    2   0    1.06
28    1    0.000    2    2   0    1.24
106    2    -0.148    2    1   0    1.52
93    2    0.000    2    1   1    0.94
73    1    0.000    2    2   0    2.29
35    1    0.148    2    2   0    1.02
60    1    0.148    2    2   0    0.58
125    2    0.148    1    2   0    1.17
72    1    -0.143    1    1   0    1.96
79    2    0.143    1    2   0    1.40
86    2    -0.148    2    1   0    0.81
75    2    0.148    1    2   0    0.82
64    1    0.143    2    2   0    0.31
123    2    0.000    2    1   1    1.86
24    1    0.143    2    2   0    1.78
25    1    0.148    2    2   0    0.80
103    2    0.000    1    2   0    0.75
41    1    -0.148    2    2   1    1.35
146    2    -0.148    2    1   0    0.81
46    1    -0.148    1    1   0    1.36
136    2    -0.148    2    1   0    1.58
134    2    0.143    2    1   1    1.99
