--------------------------------
01-Feb-2015 12:17:31 
data from observer ASDYas 
#occlusion2 expt 
reference disparity (degrees) 0.160000 

stim order disp kresp testresp correct time
1    1    0.074    2    2   1    7.18
2    2    0.069    1    2   1    1.69
3    2    0.065    1    2   1    1.69
4    1    -0.060    1    1   1    1.66
5    1    -0.055    1    1   1    1.23
6    2    -0.051    2    1   1    0.92
7    2    -0.046    2    1   1    3.97
8    1    -0.042    1    1   1    1.21
9    1    -0.037    1    1   1    1.93
10    2    0.032    1    2   1    1.81
11    1    -0.028    1    1   1    1.93
12    2    -0.023    2    1   1    1.01
13    2    0.018    1    2   1    1.95
14    2    0.014    1    2   1    2.27
15    1    -0.009    1    1   1    5.34
16    2    0.005    2    1   0    3.24
17    2    -0.014    2    1   1    4.42
18    1    0.014    2    2   1    1.20
19    1    0.009    2    2   1    1.01
20    1    0.009    2    2   1    1.47
21    1    -0.005    2    2   0    1.20
22    2    -0.014    2    1   1    1.35
23    2    -0.014    2    1   1    1.09
24    1    -0.009    1    1   1    1.05
25    2    0.009    1    2   1    1.87
26    1    0.005    2    2   1    0.96
27    2    0.005    1    2   1    1.31
28    2    -0.005    1    2   0    2.27
29    2    0.014    1    2   1    1.14
30    2    -0.014    1    2   0    2.74
31    2    0.023    1    2   1    0.89
32    2    0.023    1    2   1    0.82
33    1    -0.018    1    1   1    1.11
34    1    -0.018    1    1   1    0.92
35    1    -0.014    1    1   1    0.83
36    1    0.014    1    1   0    1.18
37    1    -0.023    1    1   1    1.18
38    1    -0.023    1    1   1    0.73
39    1    0.018    2    2   1    1.05
40    1    -0.018    1    1   1    2.13
41    1    0.014    2    2   1    3.93
42    2    0.014    1    2   1    1.76
43    1    0.009    1    1   0    1.72
44    1    -0.018    1    1   1    2.60
45    1    0.018    2    2   1    0.86
46    2    -0.014    2    1   1    1.21
47    1    -0.014    1    1   1    0.95
48    1    0.009    2    2   1    1.72
49    2    0.009    1    2   1    1.09
50    1    -0.005    2    2   0    1.97
-------------------------
Final staircase threshold estimate (mean) is 0.0125
-------------------------
21    1    -0.032    1    1   0    5.30
59    1    0.014    2    2   0    1.97
27    1    -0.014    1    1   0    1.45
139    2    0.014    1    2   0    1.44
140    2    0.032    1    2   0    1.41
31    1    -0.032    1    1   0    1.70
41    1    -0.032    1    1   0    1.31
94    2    0.014    1    2   0    1.73
120    2    0.032    1    2   0    4.00
65    1    0.032    2    2   0    1.55
116    2    -0.032    2    1   0    0.99
91    2    -0.032    2    1   0    1.88
80    2    0.032    1    2   0    1.71
57    1    -0.014    1    1   0    1.71
14    1    0.014    2    2   0    1.09
105    2    0.032    1    2   0    2.36
104    2    0.014    1    2   0    2.51
40    1    0.032    2    2   0    0.78
11    1    -0.032    1    1   0    0.90
55    1    0.032    2    2   0    2.15
131    2    -0.032    2    1   0    2.65
135    2    0.032    1    2   0    1.34
15    1    0.032    2    2   0    2.16
52    1    -0.014    1    1   0    2.96
134    2    0.014    1    2   0    1.52
79    2    0.014    1    2   0    2.18
46    1    -0.032    1    1   0    1.43
124    2    0.014    1    2   0    2.24
47    1    -0.014    1    1   0    1.28
16    1    -0.032    1    1   0    1.00
129    2    0.014    1    2   0    1.49
68    1    0.000    2    2   0    2.93
86    2    -0.032    2    1   0    0.91
62    1    -0.014    1    1   0    1.05
75    2    0.032    1    2   0    1.58
81    2    -0.032    2    1   0    1.03
115    2    0.032    1    2   0    1.43
20    1    0.032    2    2   0    1.30
106    2    -0.032    2    1   0    1.79
51    1    -0.032    1    1   0    2.28
73    1    0.000    2    2   0    5.02
23    1    0.000    2    2   0    1.11
43    1    0.000    1    1   1    1.43
122    2    -0.014    2    1   0    1.09
4    1    0.014    2    2   0    1.78
111    2    -0.032    2    1   0    1.03
110    2    0.032    1    2   0    1.60
101    2    -0.032    2    1   0    0.88
130    2    0.032    2    1   1    1.51
92    2    -0.014    2    1   0    1.55
149    2    0.014    2    1   1    1.44
48    1    0.000    1    1   1    1.67
13    1    0.000    2    2   0    1.29
145    2    0.032    1    2   0    2.35
38    1    0.000    2    2   0    1.89
54    1    0.014    2    2   0    1.30
143    2    0.000    1    2   0    1.73
50    1    0.032    1    1   1    0.72
26    1    -0.032    1    1   0    2.40
126    2    -0.032    2    1   0    1.36
53    1    0.000    2    2   0    0.82
89    2    0.014    2    1   1    0.66
18    1    0.000    1    1   1    0.74
56    1    -0.032    2    2   1    0.33
3    1    0.000    2    2   0    3.20
125    2    0.032    2    1   1    0.80
63    1    0.000    1    1   1    0.52
32    1    -0.014    1    1   0    0.79
142    2    -0.014    2    1   0    0.86
102    2    -0.014    2    1   0    0.55
136    2    -0.032    2    1   0    0.94
66    1    -0.032    1    1   0    1.02
5    1    0.032    1    1   1    1.53
12    1    -0.014    2    2   1    2.25
72    1    -0.014    1    1   0    0.76
93    2    0.000    2    1   1    2.15
107    2    -0.014    2    1   0    1.37
97    2    -0.014    2    1   0    1.81
22    1    -0.014    1    1   0    0.98
146    2    -0.032    2    1   0    2.13
2    1    -0.014    2    2   1    2.51
138    2    0.000    1    2   0    1.00
96    2    -0.032    2    1   0    2.20
64    1    0.014    2    2   0    2.13
133    2    0.000    2    1   1    2.68
60    1    0.032    1    1   1    0.68
87    2    -0.014    2    1   0    1.02
8    1    0.000    1    1   1    1.69
39    1    0.014    2    2   0    1.24
33    1    0.000    2    2   0    1.19
121    2    -0.032    2    1   0    0.50
118    2    0.000    1    2   0    1.49
44    1    0.014    2    2   0    0.94
78    2    0.000    1    2   0    1.95
58    1    0.000    1    1   1    0.82
77    2    -0.014    2    1   0    1.89
1    1    -0.032    1    1   0    1.93
114    2    0.014    1    2   0    2.74
67    1    -0.014    1    1   0    1.07
10    1    0.032    2    2   0    0.40
36    1    -0.032    1    1   0    0.65
150    2    0.032    2    1   1    0.66
28    1    0.000    1    1   1    4.43
132    2    -0.014    2    1   0    3.20
17    1    -0.014    1    1   0    1.57
128    2    0.000    2    1   1    3.02
34    1    0.014    1    1   1    2.00
19    1    0.014    2    2   0    1.53
84    2    0.014    2    1   1    1.44
109    2    0.014    1    2   0    1.37
147    2    -0.014    2    1   0    1.65
35    1    0.032    1    1   1    2.91
85    2    0.032    1    2   0    0.92
95    2    0.032    1    2   0    0.87
37    1    -0.014    1    1   0    0.00
74    1    0.014    2    2   0    0.40
9    1    0.014    1    1   1    1.94
103    2    0.000    1    2   0    1.87
6    1    -0.032    1    1   0    1.94
7    1    -0.014    2    2   1    1.06
100    2    0.032    2    1   1    2.52
144    2    0.014    2    1   1    1.46
61    1    -0.032    1    1   0    0.67
141    2    -0.032    2    1   0    0.52
88    2    0.000    1    2   0    0.96
127    2    -0.014    2    1   0    1.28
123    2    0.000    1    2   0    0.54
98    2    0.000    2    1   1    0.04
69    1    0.014    2    2   0    0.42
29    1    0.014    2    2   0    0.45
117    2    -0.014    2    1   0    1.60
71    1    -0.032    1    1   0    2.44
112    2    -0.014    2    1   0    0.79
82    2    -0.014    2    1   0    1.11
99    2    0.014    1    2   0    0.92
148    2    0.000    2    1   1    0.54
25    1    0.032    1    1   1    0.01
137    2    -0.014    1    2   1    0.90
83    2    0.000    2    1   1    0.65
113    2    0.000    2    1   1    0.96
49    1    0.014    2    2   0    1.72
24    1    0.014    1    1   1    0.62
119    2    0.014    2    1   1    1.24
76    2    -0.032    1    2   1    1.19
45    1    0.032    2    2   0    2.47
70    1    0.032    2    2   0    1.30
30    1    0.032    1    1   1    2.39
108    2    0.000    2    1   1    0.89
42    1    -0.014    2    2   1    1.97
90    2    0.032    2    1   1    1.98
