--------------------------------
20-Jun-2014 16:28:00 
data from observer T01 
#occlusion2 expt 
reference disparity (degrees) 0.160000 

stim order disp kresp testresp correct time
1    2    -0.074    1    2   1    6.20
2    1    0.069    1    1   1    5.99
3    1    0.065    1    1   1    1.84
4    1    0.060    1    1   1    1.58
5    2    0.055    2    1   1    0.71
6    2    0.051    2    1   1    0.58
7    2    0.046    2    1   1    0.59
8    2    -0.042    1    2   1    0.48
9    2    0.037    2    1   1    0.46
10    2    -0.032    1    2   1    1.14
11    2    -0.028    1    2   1    1.62
12    2    0.023    2    1   1    0.72
13    2    0.018    2    1   1    0.74
14    1    -0.014    2    2   1    0.67
15    1    0.009    1    1   1    1.38
16    2    -0.005    1    2   1    2.78
17    2    -0.005    2    1   0    0.62
18    2    -0.014    1    2   1    1.04
19    2    -0.014    1    2   1    1.99
20    1    0.009    2    2   0    0.64
21    2    0.018    2    1   1    0.67
22    2    0.018    2    1   1    0.61
23    1    0.014    1    1   1    1.62
24    1    0.014    2    2   0    1.78
25    1    0.023    2    2   0    0.82
26    2    0.032    2    1   1    0.73
27    1    0.032    1    1   1    0.77
28    2    -0.028    1    2   1    0.89
29    2    -0.028    1    2   1    1.63
30    2    0.023    2    1   1    0.57
31    2    0.023    2    1   1    0.52
32    2    -0.018    1    2   1    1.42
33    1    -0.018    2    2   1    0.65
34    1    -0.014    2    2   1    0.56
35    1    0.014    2    2   0    0.54
36    2    0.023    2    1   1    0.58
37    1    0.023    1    1   1    0.95
38    1    0.018    1    1   1    1.62
39    2    0.018    2    1   1    0.52
40    1    0.014    1    1   1    1.12
41    2    0.014    2    1   1    0.56
42    1    0.009    2    2   0    0.56
43    1    -0.018    2    2   1    0.56
44    2    0.018    2    1   1    1.60
45    1    -0.014    2    2   1    0.62
46    2    -0.014    1    2   1    1.31
47    1    0.009    1    1   1    2.85
48    1    0.009    1    1   1    4.17
49    2    0.005    2    1   1    0.65
50    2    0.005    2    1   1    0.63
-------------------------
Final staircase threshold estimate (mean) is 0.0115
-------------------------
86    2    -0.028    1    2   1    4.50
77    2    -0.014    2    1   0    5.48
61    1    -0.028    2    2   1    0.70
114    2    0.014    2    1   1    0.79
47    1    -0.014    2    2   1    0.71
28    1    0.000    2    2   0    1.37
130    2    0.028    2    1   1    0.76
63    1    0.000    1    1   1    1.65
87    2    -0.014    1    2   1    2.73
120    2    0.028    2    1   1    0.59
78    2    0.000    2    1   1    1.06
1    1    -0.028    2    2   1    0.65
38    1    0.000    1    1   1    1.71
98    2    0.000    2    1   1    0.57
141    2    -0.028    1    2   1    0.80
56    1    -0.028    2    2   1    0.61
107    2    -0.014    1    2   1    0.92
127    2    -0.014    1    2   1    1.09
123    2    0.000    2    1   1    0.58
82    2    -0.014    1    2   1    1.08
49    1    0.014    1    1   1    2.08
104    2    0.014    2    1   1    0.60
101    2    -0.028    1    2   1    0.76
48    1    0.000    2    2   0    0.56
150    2    0.028    2    1   1    0.64
136    2    -0.028    1    2   1    0.66
133    2    0.000    2    1   1    0.86
128    2    0.000    1    2   0    0.58
12    1    -0.014    2    2   1    0.56
2    1    -0.014    2    2   1    0.73
110    2    0.028    2    1   1    0.69
140    2    0.028    2    1   1    0.89
143    2    0.000    1    2   0    1.08
81    2    -0.028    1    2   1    0.72
135    2    0.028    2    1   1    0.60
76    2    -0.028    1    2   1    0.51
55    1    0.028    1    1   1    0.70
108    2    0.000    2    1   1    0.50
15    1    0.028    1    1   1    0.72
115    2    0.028    2    1   1    0.63
118    2    0.000    1    2   0    0.48
65    1    0.028    1    1   1    0.52
106    2    -0.028    1    2   1    0.62
122    2    -0.014    1    2   1    0.90
95    2    0.028    2    1   1    0.50
9    1    0.014    1    1   1    0.52
100    2    0.028    2    1   1    0.47
68    1    0.000    1    1   1    0.94
45    1    0.028    1    1   1    0.63
138    2    0.000    2    1   1    0.62
54    1    0.014    1    1   1    0.45
142    2    -0.014    1    2   1    0.57
80    2    0.028    2    1   1    0.48
42    1    -0.014    2    2   1    0.79
4    1    0.014    1    1   1    0.51
129    2    0.014    2    1   1    0.64
22    1    -0.014    2    2   1    1.28
94    2    0.014    1    2   0    1.22
7    1    -0.014    2    2   1    0.67
84    2    0.014    2    1   1    1.27
146    2    -0.028    1    2   1    0.67
91    2    -0.028    1    2   1    1.00
52    1    -0.014    2    2   1    1.19
83    2    0.000    1    2   0    0.77
41    1    -0.028    2    2   1    0.75
71    1    -0.028    2    2   1    0.63
148    2    0.000    1    2   0    0.71
40    1    0.028    1    1   1    0.81
43    1    0.000    2    2   0    1.78
116    2    -0.028    1    2   1    0.67
117    2    -0.014    1    2   1    0.64
27    1    -0.014    2    2   1    0.62
33    1    0.000    1    1   1    0.73
3    1    0.000    1    1   1    2.34
96    2    -0.028    1    2   1    0.58
24    1    0.014    1    1   1    1.05
46    1    -0.028    2    2   1    0.63
139    2    0.014    2    1   1    1.02
37    1    -0.014    2    2   1    1.64
29    1    0.014    1    1   1    0.85
13    1    0.000    1    1   1    0.59
32    1    -0.014    2    2   1    0.78
50    1    0.028    1    1   1    1.16
132    2    -0.014    1    2   1    0.60
44    1    0.014    1    1   1    0.79
30    1    0.028    1    1   1    0.57
31    1    -0.028    2    2   1    0.51
149    2    0.014    2    1   1    1.68
88    2    0.000    1    2   0    0.61
58    1    0.000    1    1   1    0.91
26    1    -0.028    2    2   1    0.48
17    1    -0.014    2    2   1    0.80
134    2    0.014    2    1   1    0.62
137    2    -0.014    1    2   1    0.44
124    2    0.014    2    1   1    0.50
57    1    -0.014    2    2   1    0.76
59    1    0.014    1    1   1    0.50
85    2    0.028    2    1   1    0.50
10    1    0.028    1    1   1    0.50
67    1    -0.014    2    2   1    0.48
5    1    0.028    1    1   1    0.43
69    1    0.014    1    1   1    0.62
34    1    0.014    1    1   1    0.61
147    2    -0.014    1    2   1    0.51
121    2    -0.028    1    2   1    0.55
36    1    -0.028    2    2   1    0.58
145    2    0.028    2    1   1    0.57
14    1    0.014    1    1   1    0.49
79    2    0.014    2    1   1    0.57
35    1    0.028    1    1   1    0.49
23    1    0.000    1    1   1    1.11
105    2    0.028    2    1   1    0.54
25    1    0.028    1    1   1    0.50
97    2    -0.014    1    2   1    0.58
6    1    -0.028    2    2   1    0.43
126    2    -0.028    1    2   1    0.45
112    2    -0.014    1    2   1    0.63
20    1    0.028    1    1   1    0.58
90    2    0.028    2    1   1    0.47
131    2    -0.028    1    2   1    0.46
99    2    0.014    2    1   1    0.51
60    1    0.028    1    1   1    0.48
16    1    -0.028    2    2   1    0.51
66    1    -0.028    2    2   1    0.62
39    1    0.014    1    1   1    1.16
8    1    0.000    2    2   0    0.76
109    2    0.014    2    1   1    1.06
103    2    0.000    1    2   0    0.68
144    2    0.014    2    1   1    0.56
11    1    -0.028    2    2   1    0.59
72    1    -0.014    2    2   1    1.78
113    2    0.000    2    1   1    1.61
119    2    0.014    2    1   1    1.88
111    2    -0.028    1    2   1    0.84
75    2    0.028    2    1   1    0.64
21    1    -0.028    2    2   1    1.03
70    1    0.028    1    1   1    1.36
19    1    0.014    1    1   1    1.46
64    1    0.014    1    1   1    2.99
74    1    0.014    1    1   1    0.81
73    1    0.000    2    2   0    1.81
92    2    -0.014    1    2   1    0.72
51    1    -0.028    2    2   1    0.62
53    1    0.000    1    1   1    1.03
93    2    0.000    1    2   0    1.54
102    2    -0.014    2    1   0    1.67
89    2    0.014    1    2   0    1.43
125    2    0.028    2    1   1    1.30
18    1    0.000    1    1   1    1.61
62    1    -0.014    2    2   1    0.62
