--------------------------------
20-Jun-2014 16:58:54 
data from observer T01 
#occlusion2 expt 
reference disparity (degrees) 0.160000 

stim order disp kresp testresp correct time
1    1    -0.074    2    2   1    2.53
2    1    0.069    1    1   1    2.74
3    1    0.065    1    1   1    3.92
4    1    0.060    2    2   0    3.56
5    2    0.069    2    1   1    1.17
6    2    -0.069    1    2   1    0.93
7    2    -0.065    1    2   1    2.54
8    2    -0.065    1    2   1    2.07
9    1    -0.060    2    2   1    2.51
10    1    -0.060    2    2   1    1.83
11    2    0.055    2    1   1    1.07
12    2    0.055    2    1   1    0.98
13    2    0.051    2    1   1    0.85
14    1    -0.051    2    2   1    2.58
15    2    -0.046    1    2   1    1.67
16    2    0.046    2    1   1    0.74
17    2    0.042    2    1   1    0.69
18    2    0.042    2    1   1    1.76
19    1    0.037    1    1   1    1.05
20    2    -0.037    1    2   1    3.67
21    1    -0.032    2    2   1    1.77
22    1    0.032    1    1   1    1.54
23    2    -0.028    1    2   1    1.87
24    1    0.028    1    1   1    1.55
25    1    -0.023    2    2   1    6.22
26    1    0.023    1    1   1    0.85
27    1    -0.018    2    2   1    1.59
28    1    0.018    1    1   1    3.17
29    1    0.014    1    1   1    1.31
30    2    0.014    2    1   1    0.67
31    2    0.009    2    1   1    3.90
32    1    -0.009    2    2   1    1.27
33    1    -0.005    1    1   0    2.35
34    1    0.014    1    1   1    0.80
35    2    -0.014    1    2   1    1.78
36    2    -0.009    1    2   1    1.87
37    1    0.009    1    1   1    1.46
38    1    -0.005    2    2   1    0.71
39    1    0.005    2    2   0    4.31
40    1    -0.014    2    2   1    0.66
41    2    0.014    2    1   1    1.26
42    1    0.009    2    2   0    4.27
43    2    0.018    2    1   1    1.69
44    2    -0.018    1    2   1    0.76
45    1    -0.014    2    2   1    1.09
46    1    0.014    1    1   1    1.00
47    2    0.009    2    1   1    0.74
48    2    0.009    1    2   0    2.90
49    2    -0.018    1    2   1    2.66
50    1    0.018    1    1   1    1.32
-------------------------
Final staircase threshold estimate (mean) is 0.0143
-------------------------
98    2    0.000    2    1   1    4.24
11    1    -0.037    2    2   1    1.30
145    2    0.037    2    1   1    1.14
116    2    -0.037    1    2   1    2.16
33    1    0.000    2    2   0    0.82
150    2    0.037    2    1   1    0.82
7    1    -0.014    2    2   1    0.71
68    1    0.000    1    1   1    2.81
86    2    -0.037    1    2   1    1.05
60    1    0.037    1    1   1    0.97
119    2    0.014    2    1   1    0.73
125    2    0.037    2    1   1    0.89
85    2    0.037    2    1   1    0.67
120    2    0.037    2    1   1    2.63
108    2    0.000    1    2   0    2.61
149    2    0.014    2    1   1    2.93
38    1    0.000    2    2   0    2.76
49    1    0.014    1    1   1    1.24
88    2    0.000    2    1   1    1.26
78    2    0.000    1    2   0    4.67
99    2    0.014    2    1   1    1.51
130    2    0.037    2    1   1    0.81
32    1    -0.014    1    1   0    2.59
47    1    -0.014    2    2   1    0.82
104    2    0.014    2    1   1    3.53
29    1    0.014    1    1   1    2.08
45    1    0.037    1    1   1    3.05
55    1    0.037    1    1   1    1.33
82    2    -0.014    1    2   1    2.44
36    1    -0.037    2    2   1    0.71
91    2    -0.037    1    2   1    2.95
80    2    0.037    2    1   1    0.74
141    2    -0.037    1    2   1    0.71
77    2    -0.014    1    2   1    3.92
81    2    -0.037    1    2   1    2.21
102    2    -0.014    1    2   1    2.37
39    1    0.014    1    1   1    1.35
79    2    0.014    2    1   1    0.80
23    1    0.000    1    1   1    1.08
48    1    0.000    2    2   0    0.93
64    1    0.014    1    1   1    2.45
46    1    -0.037    2    2   1    0.61
44    1    0.014    1    1   1    0.60
95    2    0.037    2    1   1    0.59
128    2    0.000    1    2   0    4.28
57    1    -0.014    2    2   1    0.85
41    1    -0.037    2    2   1    0.78
146    2    -0.037    1    2   1    2.60
14    1    0.014    1    1   1    4.55
35    1    0.037    1    1   1    10.89
67    1    -0.014    2    2   1    2.82
28    1    0.000    1    1   1    1.22
63    1    0.000    1    1   1    1.65
97    2    -0.014    2    1   0    0.89
94    2    0.014    2    1   1    1.63
103    2    0.000    2    1   1    11.05
24    1    0.014    2    2   0    3.26
9    1    0.014    2    2   0    6.19
138    2    0.000    1    2   0    6.19
122    2    -0.014    2    1   0    1.70
66    1    -0.037    2    2   1    1.61
123    2    0.000    1    2   0    1.47
21    1    -0.037    2    2   1    1.17
52    1    -0.014    1    1   0    2.22
30    1    0.037    1    1   1    0.94
74    1    0.014    1    1   1    2.86
135    2    0.037    1    2   0    1.57
84    2    0.014    2    1   1    1.75
115    2    0.037    2    1   1    0.95
112    2    -0.014    1    2   1    1.79
107    2    -0.014    2    1   0    0.99
59    1    0.014    1    1   1    0.69
61    1    -0.037    2    2   1    0.67
13    1    0.000    2    2   0    1.33
53    1    0.000    2    2   0    0.81
1    1    -0.037    2    2   1    2.16
89    2    0.014    2    1   1    1.09
143    2    0.000    2    1   1    2.04
111    2    -0.037    2    1   0    1.73
69    1    0.014    2    2   0    1.91
117    2    -0.014    1    2   1    2.11
15    1    0.037    1    1   1    0.73
124    2    0.014    2    1   1    4.64
50    1    0.037    2    2   0    3.61
101    2    -0.037    1    2   1    0.82
10    1    0.037    1    1   1    1.02
142    2    -0.014    1    2   1    1.00
126    2    -0.037    1    2   1    1.25
75    2    0.037    2    1   1    0.77
20    1    0.037    1    1   1    0.71
65    1    0.037    1    1   1    1.12
109    2    0.014    2    1   1    1.92
90    2    0.037    2    1   1    0.97
70    1    0.037    1    1   1    0.78
76    2    -0.037    1    2   1    0.70
121    2    -0.037    1    2   1    2.85
100    2    0.037    2    1   1    1.28
62    1    -0.014    2    2   1    0.97
58    1    0.000    2    2   0    1.46
129    2    0.014    2    1   1    0.77
87    2    -0.014    1    2   1    0.76
51    1    -0.037    2    2   1    0.55
27    1    -0.014    2    2   1    0.60
17    1    -0.014    2    2   1    1.50
137    2    -0.014    1    2   1    0.78
43    1    0.000    2    2   0    2.21
4    1    0.014    1    1   1    0.67
118    2    0.000    2    1   1    0.82
42    1    -0.014    2    2   1    4.05
136    2    -0.037    1    2   1    0.70
26    1    -0.037    2    2   1    0.56
114    2    0.014    2    1   1    2.05
2    1    -0.014    1    1   0    0.75
22    1    -0.014    2    2   1    0.91
72    1    -0.014    2    2   1    0.90
93    2    0.000    1    2   0    1.08
133    2    0.000    1    2   0    1.10
105    2    0.037    2    1   1    0.69
25    1    0.037    1    1   1    0.80
12    1    -0.014    2    2   1    1.50
83    2    0.000    1    2   0    0.64
106    2    -0.037    1    2   1    3.12
5    1    0.037    1    1   1    1.26
16    1    -0.037    2    2   1    0.69
40    1    0.037    1    1   1    0.76
34    1    0.014    1    1   1    0.70
37    1    -0.014    2    2   1    0.89
31    1    -0.037    2    2   1    3.51
18    1    0.000    2    2   0    4.84
132    2    -0.014    1    2   1    0.84
127    2    -0.014    1    2   1    1.12
56    1    -0.037    2    2   1    1.07
6    1    -0.037    2    2   1    0.77
131    2    -0.037    1    2   1    0.77
148    2    0.000    2    1   1    0.63
8    1    0.000    1    1   1    0.56
140    2    0.037    2    1   1    0.54
73    1    0.000    1    1   1    0.61
96    2    -0.037    1    2   1    4.84
139    2    0.014    2    1   1    0.94
134    2    0.014    2    1   1    0.91
3    1    0.000    1    1   1    1.43
19    1    0.014    1    1   1    0.82
71    1    -0.037    2    2   1    0.59
144    2    0.014    2    1   1    0.79
54    1    0.014    1    1   1    0.76
92    2    -0.014    1    2   1    2.52
147    2    -0.014    2    1   0    1.74
110    2    0.037    2    1   1    1.17
113    2    0.000    1    2   0    1.49
