--------------------------------
26-Jun-2014 17:35:09 
data from observer T01 
#occlusion2 expt 
reference disparity (degrees) 0.160000 

stim order disp kresp testresp correct time
1    2    -0.074    2    1   1    2.29
2    2    -0.069    2    1   1    1.17
3    2    0.065    1    2   1    1.01
4    1    0.060    2    2   1    0.63
5    2    -0.055    2    1   1    1.73
6    1    -0.051    1    1   1    0.62
7    2    0.046    1    2   1    1.28
8    2    0.042    1    2   1    1.03
9    2    0.037    1    2   1    1.09
10    2    0.032    1    2   1    2.01
11    2    -0.028    2    1   1    0.59
12    1    0.023    2    2   1    0.97
13    1    -0.018    1    1   1    0.55
14    2    0.014    1    2   1    1.50
15    2    0.009    2    1   0    1.24
16    1    -0.018    1    1   1    0.95
17    1    -0.018    1    1   1    5.19
18    1    0.014    2    2   1    1.24
19    1    -0.014    1    1   1    3.06
20    1    0.009    2    2   1    0.65
21    1    0.009    2    2   1    1.34
22    1    0.005    1    1   0    3.52
23    2    -0.014    2    1   1    0.91
24    2    -0.014    2    1   1    2.36
25    1    -0.009    1    1   1    3.06
26    1    0.009    2    2   1    0.91
27    2    -0.005    2    1   1    0.92
28    1    -0.005    1    1   1    1.99
29    2    -0.005    2    1   1    1.30
30    1    0.005    2    2   1    0.84
31    1    -0.005    1    1   1    2.08
32    1    -0.005    1    1   1    1.88
33    2    0.005    2    1   0    0.76
34    2    -0.014    2    1   1    1.12
35    1    -0.014    1    1   1    0.86
36    2    -0.009    1    2   0    6.59
37    2    0.018    1    2   1    0.85
38    2    -0.018    2    1   1    0.53
39    2    0.014    1    2   1    0.96
40    1    -0.014    1    1   1    1.76
41    1    -0.009    1    1   1    1.97
42    1    0.009    2    2   1    0.92
43    2    0.005    1    2   1    2.52
44    2    -0.005    1    2   0    6.41
45    1    -0.014    1    1   1    1.48
46    2    -0.014    2    1   1    2.68
47    1    0.009    2    2   1    1.92
48    2    0.009    1    2   1    0.84
49    1    0.005    2    2   1    0.66
50    1    0.005    1    1   0    1.09
-------------------------
Final staircase threshold estimate (mean) is 0.0083
-------------------------
124    2    0.009    1    2   0    7.20
32    1    -0.009    1    1   0    1.94
33    1    0.000    1    1   1    2.41
15    1    0.023    2    2   0    0.73
39    1    0.009    2    2   0    0.64
147    2    -0.009    1    2   1    1.32
61    1    -0.023    1    1   0    0.77
51    1    -0.023    1    1   0    1.89
30    1    0.023    2    2   0    1.01
27    1    -0.009    1    1   0    2.47
67    1    -0.009    1    1   0    2.02
63    1    0.000    2    2   0    1.32
130    2    0.023    1    2   0    0.68
138    2    0.000    2    1   1    1.86
24    1    0.009    2    2   0    1.93
119    2    0.009    1    2   0    1.48
10    1    0.023    2    2   0    1.13
103    2    0.000    2    1   1    1.71
45    1    0.023    2    2   0    2.06
141    2    -0.023    2    1   0    1.66
82    2    -0.009    2    1   0    3.45
110    2    0.023    1    2   0    0.70
116    2    -0.023    2    1   0    0.53
104    2    0.009    1    2   0    0.64
66    1    -0.023    1    1   0    2.71
122    2    -0.009    2    1   0    1.25
107    2    -0.009    1    2   1    1.19
20    1    0.023    2    2   0    0.66
4    1    0.009    1    1   1    2.36
76    2    -0.023    2    1   0    0.62
145    2    0.023    1    2   0    0.63
48    1    0.000    1    1   1    2.30
16    1    -0.023    1    1   0    2.43
87    2    -0.009    2    1   0    0.69
105    2    0.023    1    2   0    0.99
14    1    0.009    2    2   0    0.60
64    1    0.009    1    1   1    1.56
7    1    -0.009    1    1   0    0.97
57    1    -0.009    1    1   0    2.92
69    1    0.009    2    2   0    0.66
125    2    0.023    1    2   0    0.72
50    1    0.023    2    2   0    1.28
127    2    -0.009    2    1   0    3.25
142    2    -0.009    1    2   1    1.99
44    1    0.009    2    2   0    0.64
80    2    0.023    1    2   0    0.93
85    2    0.023    1    2   0    0.94
49    1    0.009    2    2   0    0.65
17    1    -0.009    1    1   0    0.63
129    2    0.009    2    1   1    3.48
81    2    -0.023    2    1   0    8.43
91    2    -0.023    2    1   0    0.91
36    1    -0.023    1    1   0    1.11
139    2    0.009    1    2   0    1.20
70    1    0.023    2    2   0    0.91
56    1    -0.023    1    1   0    0.85
92    2    -0.009    2    1   0    0.67
5    1    0.023    2    2   0    0.78
46    1    -0.023    1    1   0    0.96
150    2    0.023    1    2   0    1.21
149    2    0.009    1    2   0    1.28
74    1    0.009    2    2   0    0.98
148    2    0.000    2    1   1    3.61
42    1    -0.009    1    1   0    1.04
94    2    0.009    1    2   0    1.55
23    1    0.000    1    1   1    1.03
26    1    -0.023    1    1   0    0.86
62    1    -0.009    2    2   1    0.70
84    2    0.009    2    1   1    1.27
120    2    0.023    1    2   0    0.71
37    1    -0.009    1    1   0    1.38
52    1    -0.009    1    1   0    0.98
117    2    -0.009    2    1   0    1.38
137    2    -0.009    2    1   0    3.24
126    2    -0.023    2    1   0    0.87
121    2    -0.023    2    1   0    0.85
68    1    0.000    1    1   1    0.94
98    2    0.000    1    2   0    3.14
13    1    0.000    1    1   1    1.83
118    2    0.000    2    1   1    0.67
115    2    0.023    1    2   0    0.63
95    2    0.023    1    2   0    1.29
114    2    0.009    2    1   1    0.97
100    2    0.023    1    2   0    0.56
43    1    0.000    1    1   1    1.57
79    2    0.009    1    2   0    2.28
128    2    0.000    2    1   1    1.24
77    2    -0.009    2    1   0    1.42
9    1    0.009    2    2   0    0.65
123    2    0.000    1    2   0    1.70
18    1    0.000    1    1   1    1.08
29    1    0.009    2    2   0    0.84
99    2    0.009    1    2   0    0.87
132    2    -0.009    2    1   0    0.61
75    2    0.023    1    2   0    0.58
1    1    -0.023    1    1   0    1.25
12    1    -0.009    1    1   0    1.34
133    2    0.000    1    2   0    1.15
78    2    0.000    1    2   0    2.19
134    2    0.009    1    2   0    2.21
73    1    0.000    2    2   0    1.06
35    1    0.023    2    2   0    0.89
58    1    0.000    2    2   0    0.90
96    2    -0.023    2    1   0    1.35
41    1    -0.023    1    1   0    1.26
109    2    0.009    1    2   0    2.09
55    1    0.023    2    2   0    0.76
40    1    0.023    2    2   0    1.04
135    2    0.023    1    2   0    0.75
106    2    -0.023    2    1   0    0.64
21    1    -0.023    1    1   0    0.80
38    1    0.000    2    2   0    0.65
86    2    -0.023    2    1   0    1.06
71    1    -0.023    1    1   0    0.74
83    2    0.000    2    1   1    4.68
144    2    0.009    1    2   0    0.72
25    1    0.023    2    2   0    0.73
89    2    0.009    1    2   0    0.68
140    2    0.023    1    2   0    0.67
11    1    -0.023    1    1   0    1.87
53    1    0.000    2    2   0    0.92
72    1    -0.009    1    1   0    0.70
136    2    -0.023    2    1   0    0.62
88    2    0.000    1    2   0    0.75
90    2    0.023    1    2   0    0.61
111    2    -0.023    2    1   0    0.59
3    1    0.000    1    1   1    4.53
93    2    0.000    2    1   1    0.71
102    2    -0.009    2    1   0    3.62
28    1    0.000    1    1   1    0.62
59    1    0.009    2    2   0    1.04
65    1    0.023    2    2   0    1.16
22    1    -0.009    1    1   0    0.64
6    1    -0.023    1    1   0    0.60
2    1    -0.009    1    1   0    1.69
54    1    0.009    2    2   0    0.69
31    1    -0.023    1    1   0    0.80
112    2    -0.009    2    1   0    5.16
131    2    -0.023    2    1   0    1.13
47    1    -0.009    1    1   0    2.10
60    1    0.023    2    2   0    1.92
101    2    -0.023    2    1   0    1.13
97    2    -0.009    1    2   1    2.29
113    2    0.000    2    1   1    1.84
143    2    0.000    1    2   0    1.74
8    1    0.000    2    2   0    1.41
108    2    0.000    2    1   1    1.69
19    1    0.009    2    2   0    1.34
34    1    0.009    2    2   0    2.01
146    2    -0.023    2    1   0    1.84
