--------------------------------
26-Jun-2014 17:43:18 
data from observer T01 
#occlusion2 expt 
reference disparity (degrees) 0.160000 

stim order disp kresp testresp correct time
1    2    0.074    1    2   1    5.23
2    2    -0.069    2    1   1    0.76
3    1    0.065    2    2   1    1.50
4    1    -0.060    1    1   1    3.04
5    2    0.055    1    2   1    1.56
6    1    0.051    1    1   0    2.60
7    1    0.060    2    2   1    0.72
8    1    -0.060    1    1   1    1.33
9    1    0.055    2    2   1    0.77
10    2    0.055    1    2   1    0.77
11    2    -0.051    2    1   1    0.81
12    2    -0.051    2    1   1    2.26
13    1    -0.046    1    1   1    0.94
14    1    0.046    2    2   1    1.03
15    2    0.042    1    2   1    0.99
16    2    0.042    2    1   0    2.77
17    1    0.051    1    1   0    2.99
18    2    -0.060    2    1   1    0.83
19    1    0.060    2    2   1    8.30
20    1    0.055    2    2   1    4.61
21    2    -0.055    2    1   1    0.95
22    2    0.051    1    2   1    0.87
23    1    -0.051    1    1   1    4.88
24    1    0.046    2    2   1    1.03
25    2    -0.046    2    1   1    3.50
26    2    0.042    1    2   1    5.80
27    2    0.042    1    2   1    3.36
28    1    -0.037    1    1   1    1.41
29    2    -0.037    2    1   1    3.04
30    1    0.032    2    2   1    2.07
31    1    0.032    2    2   1    1.02
32    2    0.028    1    2   1    1.15
33    2    -0.028    2    1   1    2.96
34    1    0.023    1    1   0    1.08
35    2    -0.032    2    1   1    0.72
36    1    0.032    2    2   1    1.53
37    2    0.028    1    2   1    1.07
38    2    0.028    1    2   1    1.09
39    1    -0.023    1    1   1    5.05
40    2    0.023    1    2   1    3.14
41    2    -0.018    2    1   1    0.91
42    1    0.018    2    2   1    5.04
43    2    0.014    1    2   1    7.17
44    1    -0.014    2    2   0    1.88
45    2    -0.023    2    1   1    0.89
46    1    -0.023    1    1   1    0.95
47    1    0.018    2    2   1    1.76
48    1    -0.018    1    1   1    0.93
49    2    -0.014    1    2   0    2.26
50    2    0.023    1    2   1    0.91
-------------------------
Final staircase threshold estimate (mean) is 0.0185
-------------------------
46    1    -0.046    1    1   0    8.36
141    2    -0.046    2    1   0    1.18
48    1    0.000    2    2   0    1.62
111    2    -0.046    2    1   0    1.88
79    2    0.018    1    2   0    1.95
35    1    0.046    2    2   0    1.03
64    1    0.018    2    2   0    2.01
28    1    0.000    1    1   1    1.17
76    2    -0.046    2    1   0    0.64
125    2    0.046    1    2   0    0.77
31    1    -0.046    1    1   0    2.45
130    2    0.046    1    2   0    1.13
104    2    0.018    2    1   1    0.99
37    1    -0.018    2    2   1    1.23
15    1    0.046    2    2   0    0.79
72    1    -0.018    2    2   1    1.11
22    1    -0.018    1    1   0    1.37
68    1    0.000    2    2   0    1.54
49    1    0.018    2    2   0    0.73
50    1    0.046    2    2   0    0.72
86    2    -0.046    2    1   0    0.82
67    1    -0.018    2    2   1    1.12
84    2    0.018    1    2   0    0.95
147    2    -0.018    2    1   0    1.25
33    1    0.000    2    2   0    3.91
7    1    -0.018    1    1   0    0.75
131    2    -0.046    2    1   0    0.84
149    2    0.018    1    2   0    0.65
34    1    0.018    2    2   0    0.76
24    1    0.018    2    2   0    0.99
119    2    0.018    1    2   0    1.00
39    1    0.018    2    2   0    0.79
63    1    0.000    2    2   0    1.62
129    2    0.018    1    2   0    0.63
139    2    0.018    2    1   1    1.45
99    2    0.018    1    2   0    3.49
83    2    0.000    2    1   1    0.90
96    2    -0.046    2    1   0    0.67
52    1    -0.018    1    1   0    1.48
27    1    -0.018    2    2   1    0.74
77    2    -0.018    2    1   0    0.80
88    2    0.000    1    2   0    0.72
54    1    0.018    1    1   1    1.88
16    1    -0.046    1    1   0    0.58
103    2    0.000    2    1   1    1.06
108    2    0.000    1    2   0    0.87
59    1    0.018    2    2   0    0.61
118    2    0.000    1    2   0    1.66
142    2    -0.018    2    1   0    0.77
42    1    -0.018    2    2   1    1.97
116    2    -0.046    2    1   0    0.97
105    2    0.046    1    2   0    0.71
29    1    0.018    2    2   0    1.39
133    2    0.000    1    2   0    1.14
124    2    0.018    1    2   0    1.23
114    2    0.018    1    2   0    0.84
145    2    0.046    1    2   0    0.99
53    1    0.000    2    2   0    0.71
32    1    -0.018    1    1   0    1.06
127    2    -0.018    2    1   0    2.99
51    1    -0.046    1    1   0    0.82
138    2    0.000    1    2   0    2.54
134    2    0.018    1    2   0    0.85
55    1    0.046    2    2   0    0.80
10    1    0.046    2    2   0    0.96
11    1    -0.046    1    1   0    1.33
4    1    0.018    2    2   0    1.25
56    1    -0.046    1    1   0    1.24
80    2    0.046    1    2   0    2.05
150    2    0.046    1    2   0    1.29
8    1    0.000    2    2   0    1.13
6    1    -0.046    1    1   0    0.66
17    1    -0.018    1    1   0    1.13
75    2    0.046    1    2   0    1.93
107    2    -0.018    2    1   0    0.76
101    2    -0.046    2    1   0    0.97
121    2    -0.046    2    1   0    0.60
92    2    -0.018    2    1   0    0.98
14    1    0.018    2    2   0    0.81
41    1    -0.046    1    1   0    2.07
13    1    0.000    2    2   0    0.68
3    1    0.000    2    2   0    1.68
81    2    -0.046    2    1   0    0.67
97    2    -0.018    2    1   0    2.28
9    1    0.018    2    2   0    1.15
102    2    -0.018    2    1   0    0.96
128    2    0.000    1    2   0    1.47
144    2    0.018    1    2   0    1.24
26    1    -0.046    1    1   0    0.97
69    1    0.018    2    2   0    0.97
89    2    0.018    1    2   0    0.91
65    1    0.046    2    2   0    0.61
38    1    0.000    2    2   0    1.96
18    1    0.000    1    1   1    0.82
143    2    0.000    2    1   1    2.54
57    1    -0.018    1    1   0    0.80
47    1    -0.018    1    1   0    8.87
85    2    0.046    1    2   0    2.17
140    2    0.046    1    2   0    2.50
135    2    0.046    1    2   0    1.06
40    1    0.046    2    2   0    0.73
122    2    -0.018    2    1   0    0.67
1    1    -0.046    1    1   0    1.43
115    2    0.046    1    2   0    0.77
5    1    0.046    2    2   0    0.59
66    1    -0.046    1    1   0    1.21
36    1    -0.046    1    1   0    1.00
19    1    0.018    2    2   0    0.54
73    1    0.000    1    1   1    1.37
78    2    0.000    2    1   1    0.89
148    2    0.000    2    1   1    2.67
61    1    -0.046    1    1   0    0.72
120    2    0.046    1    2   0    0.84
100    2    0.046    1    2   0    0.78
12    1    -0.018    1    1   0    1.15
93    2    0.000    2    1   1    1.31
109    2    0.018    1    2   0    0.65
137    2    -0.018    2    1   0    0.61
110    2    0.046    1    2   0    0.63
98    2    0.000    2    1   1    1.69
58    1    0.000    1    1   1    1.24
126    2    -0.046    2    1   0    0.62
113    2    0.000    2    1   1    1.40
70    1    0.046    2    2   0    0.72
30    1    0.046    2    2   0    0.86
71    1    -0.046    1    1   0    3.02
90    2    0.046    1    2   0    0.90
136    2    -0.046    2    1   0    0.66
44    1    0.018    2    2   0    0.98
62    1    -0.018    1    1   0    1.37
132    2    -0.018    2    1   0    1.00
91    2    -0.046    2    1   0    0.72
43    1    0.000    1    1   1    2.06
60    1    0.046    2    2   0    0.56
112    2    -0.018    2    1   0    0.70
95    2    0.046    1    2   0    0.58
74    1    0.018    2    2   0    0.65
94    2    0.018    2    1   1    2.49
106    2    -0.046    2    1   0    0.91
117    2    -0.018    2    1   0    0.79
21    1    -0.046    1    1   0    0.76
45    1    0.046    2    2   0    0.59
2    1    -0.018    2    2   1    0.99
23    1    0.000    2    2   0    0.61
82    2    -0.018    2    1   0    0.60
123    2    0.000    2    1   1    0.66
25    1    0.046    2    2   0    2.92
87    2    -0.018    2    1   0    1.60
146    2    -0.046    2    1   0    1.04
20    1    0.046    2    2   0    1.90
