--------------------------------
20-Jun-2014 16:36:03 
data from observer T01 
#occlusion2 expt 
reference disparity (degrees) 0.160000 

stim order disp kresp testresp correct time
1    1    -0.074    2    2   1    2.54
2    2    0.069    2    1   1    1.52
3    2    0.065    2    1   1    1.97
4    2    -0.060    1    2   1    1.32
5    2    0.055    2    1   1    1.12
6    1    -0.051    2    2   1    1.11
7    2    -0.046    1    2   1    1.04
8    1    0.042    1    1   1    2.42
9    1    -0.037    2    2   1    1.18
10    2    -0.032    1    2   1    1.14
11    1    0.028    2    2   0    1.43
12    2    -0.037    1    2   1    0.79
13    1    -0.037    2    2   1    1.22
14    2    0.032    2    1   1    1.09
15    2    0.032    2    1   1    1.13
16    1    0.028    1    1   1    1.16
17    1    -0.028    2    2   1    0.89
18    2    0.023    2    1   1    2.04
19    1    0.023    1    1   1    0.94
20    2    -0.018    1    2   1    2.26
21    1    -0.018    2    2   1    0.91
22    1    0.014    1    1   1    1.01
23    2    0.014    2    1   1    0.81
24    2    -0.009    2    1   0    2.68
25    1    -0.018    2    2   1    1.49
26    2    0.018    2    1   1    1.44
27    1    0.014    1    1   1    0.93
28    2    -0.014    1    2   1    1.34
29    2    -0.009    2    1   0    1.92
30    1    -0.018    2    2   1    0.73
31    2    -0.018    1    2   1    1.00
32    1    -0.014    2    2   1    1.21
33    2    0.014    1    2   0    1.49
34    1    -0.023    2    2   1    1.95
35    1    0.023    1    1   1    1.39
36    1    0.018    1    1   1    1.39
37    2    -0.018    2    1   0    2.52
38    1    0.028    1    1   1    2.27
39    2    -0.028    1    2   1    1.01
40    2    -0.023    1    2   1    1.09
41    2    0.023    2    1   1    0.82
42    2    -0.018    1    2   1    2.63
43    2    0.018    2    1   1    1.37
44    1    -0.014    2    2   1    1.49
45    1    0.014    1    1   1    1.75
46    1    0.009    1    1   1    1.13
47    2    0.009    1    2   0    3.23
48    2    0.018    2    1   1    3.31
49    1    0.018    1    1   1    1.93
50    1    -0.014    2    2   1    1.44
-------------------------
Final staircase threshold estimate (mean) is 0.0157
-------------------------
18    1    0.000    1    1   1    13.38
109    2    0.014    1    2   0    2.80
8    1    0.000    1    1   1    3.41
115    2    0.037    2    1   1    1.02
38    1    0.000    1    1   1    1.82
69    1    0.014    1    1   1    0.89
73    1    0.000    2    2   0    2.14
120    2    0.037    2    1   1    0.99
59    1    0.014    1    1   1    1.05
39    1    0.014    1    1   1    1.41
57    1    -0.014    2    2   1    3.45
84    2    0.014    2    1   1    1.54
133    2    0.000    1    2   0    5.77
93    2    0.000    2    1   1    5.03
11    1    -0.037    2    2   1    1.06
54    1    0.014    1    1   1    2.68
65    1    0.037    1    1   1    1.85
123    2    0.000    1    2   0    5.19
35    1    0.037    1    1   1    2.85
143    2    0.000    1    2   0    9.33
112    2    -0.014    1    2   1    1.18
85    2    0.037    2    1   1    1.10
24    1    0.014    2    2   0    1.72
68    1    0.000    2    2   0    0.88
99    2    0.014    2    1   1    1.79
88    2    0.000    1    2   0    2.31
95    2    0.037    2    1   1    0.71
27    1    -0.014    2    2   1    1.14
131    2    -0.037    1    2   1    0.75
26    1    -0.037    2    2   1    0.73
145    2    0.037    2    1   1    0.84
137    2    -0.014    1    2   1    2.17
101    2    -0.037    1    2   1    0.82
78    2    0.000    2    1   1    1.45
98    2    0.000    1    2   0    2.68
61    1    -0.037    2    2   1    0.59
10    1    0.037    1    1   1    0.67
128    2    0.000    2    1   1    0.69
140    2    0.037    2    1   1    0.64
96    2    -0.037    1    2   1    0.61
14    1    0.014    1    1   1    2.96
49    1    0.014    2    2   0    4.73
75    2    0.037    2    1   1    0.70
21    1    -0.037    2    2   1    0.64
142    2    -0.014    1    2   1    1.88
31    1    -0.037    2    2   1    0.77
23    1    0.000    2    2   0    0.79
48    1    0.000    1    1   1    1.34
74    1    0.014    1    1   1    3.28
51    1    -0.037    2    2   1    0.68
79    2    0.014    2    1   1    0.57
44    1    0.014    1    1   1    1.21
106    2    -0.037    1    2   1    0.72
33    1    0.000    1    1   1    7.04
104    2    0.014    2    1   1    0.62
70    1    0.037    1    1   1    0.80
108    2    0.000    2    1   1    0.59
28    1    0.000    1    1   1    1.41
67    1    -0.014    2    2   1    0.68
132    2    -0.014    1    2   1    0.61
117    2    -0.014    2    1   0    1.01
103    2    0.000    2    1   1    0.71
55    1    0.037    1    1   1    0.82
144    2    0.014    1    2   0    1.12
89    2    0.014    2    1   1    1.73
16    1    -0.037    2    2   1    0.64
125    2    0.037    2    1   1    0.59
97    2    -0.014    1    2   1    0.81
94    2    0.014    2    1   1    0.71
30    1    0.037    1    1   1    4.27
72    1    -0.014    2    2   1    2.04
111    2    -0.037    1    2   1    1.20
71    1    -0.037    2    2   1    0.77
100    2    0.037    2    1   1    0.83
63    1    0.000    2    2   0    1.50
60    1    0.037    1    1   1    3.36
139    2    0.014    2    1   1    4.99
114    2    0.014    2    1   1    3.67
58    1    0.000    1    1   1    3.20
3    1    0.000    1    1   1    6.53
86    2    -0.037    1    2   1    2.37
146    2    -0.037    1    2   1    2.19
135    2    0.037    2    1   1    1.00
147    2    -0.014    1    2   1    1.26
40    1    0.037    1    1   1    2.17
127    2    -0.014    1    2   1    3.55
43    1    0.000    2    2   0    3.44
53    1    0.000    1    1   1    3.13
56    1    -0.037    2    2   1    0.76
45    1    0.037    1    1   1    2.01
4    1    0.014    1    1   1    1.37
130    2    0.037    2    1   1    0.80
52    1    -0.014    2    2   1    6.84
50    1    0.037    1    1   1    4.47
87    2    -0.014    1    2   1    3.12
32    1    -0.014    2    2   1    0.72
138    2    0.000    2    1   1    0.74
17    1    -0.014    1    1   0    1.04
42    1    -0.014    2    2   1    0.61
25    1    0.037    1    1   1    0.78
29    1    0.014    1    1   1    2.47
77    2    -0.014    1    2   1    2.16
5    1    0.037    1    1   1    2.34
41    1    -0.037    2    2   1    0.78
15    1    0.037    1    1   1    1.00
92    2    -0.014    1    2   1    0.92
110    2    0.037    2    1   1    0.72
82    2    -0.014    1    2   1    0.89
129    2    0.014    2    1   1    0.81
20    1    0.037    1    1   1    2.39
62    1    -0.014    2    2   1    2.06
83    2    0.000    2    1   1    1.12
141    2    -0.037    1    2   1    0.73
19    1    0.014    1    1   1    3.10
22    1    -0.014    2    2   1    1.26
113    2    0.000    1    2   0    5.03
76    2    -0.037    1    2   1    1.86
118    2    0.000    2    1   1    2.23
122    2    -0.014    1    2   1    1.86
119    2    0.014    2    1   1    0.91
121    2    -0.037    1    2   1    0.88
64    1    0.014    1    1   1    2.84
47    1    -0.014    2    2   1    5.16
9    1    0.014    1    1   1    1.22
107    2    -0.014    1    2   1    1.08
46    1    -0.037    2    2   1    0.72
12    1    -0.014    2    2   1    1.19
13    1    0.000    1    1   1    2.54
36    1    -0.037    2    2   1    1.76
126    2    -0.037    1    2   1    1.34
90    2    0.037    2    1   1    1.29
148    2    0.000    1    2   0    1.74
37    1    -0.014    2    2   1    1.33
66    1    -0.037    2    2   1    1.02
116    2    -0.037    1    2   1    1.27
81    2    -0.037    1    2   1    0.93
149    2    0.014    2    1   1    0.72
136    2    -0.037    1    2   1    0.98
102    2    -0.014    1    2   1    4.97
34    1    0.014    2    2   0    1.10
150    2    0.037    2    1   1    0.70
7    1    -0.014    2    2   1    0.82
124    2    0.014    2    1   1    1.15
91    2    -0.037    1    2   1    0.91
2    1    -0.014    2    2   1    1.07
80    2    0.037    2    1   1    1.78
134    2    0.014    2    1   1    5.34
1    1    -0.037    2    2   1    0.89
105    2    0.037    2    1   1    1.99
6    1    -0.037    2    2   1    1.19
