--------------------------------
26-Jun-2014 17:14:33 
data from observer T01 
#occlusion2 expt 
reference disparity (degrees) 0.160000 

stim order disp kresp testresp correct time
1    2    0.074    1    2   1    3.33
2    1    0.069    2    2   1    1.87
3    1    0.065    2    2   1    1.15
4    1    -0.060    1    1   1    1.27
5    2    0.055    1    2   1    1.04
6    1    -0.051    1    1   1    1.54
7    2    -0.046    2    1   1    0.79
8    1    -0.042    1    1   1    0.97
9    1    -0.037    1    1   1    2.60
10    1    -0.032    1    1   1    0.72
11    1    0.028    2    2   1    0.57
12    1    -0.023    1    1   1    0.66
13    2    -0.018    2    1   1    0.63
14    1    -0.014    1    1   1    1.05
15    1    0.009    2    2   1    0.54
16    1    -0.005    1    1   1    0.61
17    2    0.005    2    1   0    0.74
18    1    -0.014    1    1   1    1.04
19    1    0.014    2    2   1    0.64
20    2    0.009    1    2   1    0.95
21    1    -0.009    2    2   0    1.84
22    2    0.018    1    2   1    1.09
23    2    0.018    1    2   1    4.85
24    1    0.014    2    2   1    1.00
25    1    -0.014    1    1   1    2.38
26    2    0.009    2    1   0    1.38
27    2    0.018    1    2   1    4.43
28    1    -0.018    1    1   1    1.66
29    1    0.014    2    2   1    0.83
30    2    0.014    1    2   1    2.23
31    1    0.009    2    2   1    0.61
32    2    -0.009    2    1   1    1.38
33    1    -0.005    2    2   0    1.73
34    1    0.014    2    2   1    1.22
35    2    -0.014    2    1   1    3.10
36    1    -0.009    2    2   0    3.31
37    1    0.018    2    2   1    1.08
38    2    -0.018    2    1   1    1.15
39    2    -0.014    2    1   1    3.25
40    1    -0.014    1    1   1    1.82
41    2    -0.009    2    1   1    3.41
42    2    -0.009    2    1   1    2.00
43    2    0.005    1    2   1    1.36
44    1    -0.005    1    1   1    2.83
45    1    0.005    2    2   1    3.21
46    2    0.005    1    2   1    1.17
47    1    -0.005    1    1   1    1.06
48    2    0.005    1    2   1    3.18
49    1    0.005    2    2   1    3.16
50    1    0.005    2    2   1    4.15
-------------------------
Final staircase threshold estimate (mean) is 0.0055
-------------------------
7    1    -0.005    1    1   0    8.87
120    2    0.014    1    2   0    4.67
82    2    -0.005    2    1   0    0.93
111    2    -0.014    2    1   0    1.09
11    1    -0.014    1    1   0    1.15
32    1    -0.005    1    1   0    1.64
146    2    -0.014    2    1   0    0.73
137    2    -0.005    1    2   1    2.58
91    2    -0.014    2    1   0    3.61
44    1    0.005    1    1   1    1.88
144    2    0.005    1    2   0    2.51
121    2    -0.014    2    1   0    1.47
134    2    0.005    1    2   0    1.50
31    1    -0.014    1    1   0    2.07
27    1    -0.005    2    2   1    2.87
42    1    -0.005    1    1   0    1.23
25    1    0.014    2    2   0    2.24
132    2    -0.005    1    2   1    1.24
126    2    -0.014    2    1   0    2.29
59    1    0.005    1    1   1    5.45
2    1    -0.005    1    1   0    3.60
51    1    -0.014    1    1   0    4.47
99    2    0.005    1    2   0    5.58
101    2    -0.014    2    1   0    1.99
130    2    0.014    1    2   0    1.43
21    1    -0.014    1    1   0    2.32
36    1    -0.014    1    1   0    5.83
26    1    -0.014    1    1   0    5.06
113    2    0.000    2    1   1    3.24
29    1    0.005    2    2   0    3.33
147    2    -0.005    2    1   0    4.74
38    1    0.000    1    1   1    2.73
1    1    -0.014    1    1   0    1.56
15    1    0.014    2    2   0    1.59
86    2    -0.014    2    1   0    3.18
124    2    0.005    1    2   0    3.26
20    1    0.014    2    2   0    1.65
94    2    0.005    1    2   0    1.67
128    2    0.000    2    1   1    1.38
127    2    -0.005    2    1   0    1.67
16    1    -0.014    1    1   0    0.79
85    2    0.014    1    2   0    3.07
97    2    -0.005    1    2   1    2.30
145    2    0.014    1    2   0    1.75
3    1    0.000    1    1   1    2.94
35    1    0.014    2    2   0    3.17
66    1    -0.014    1    1   0    1.43
78    2    0.000    1    2   0    4.48
70    1    0.014    2    2   0    0.84
129    2    0.005    1    2   0    1.23
37    1    -0.005    2    2   1    3.08
138    2    0.000    1    2   0    4.30
57    1    -0.005    1    1   0    1.56
131    2    -0.014    2    1   0    1.16
92    2    -0.005    1    2   1    2.73
108    2    0.000    2    1   1    2.50
83    2    0.000    1    2   0    9.06
72    1    -0.005    2    2   1    1.56
117    2    -0.005    2    1   0    2.22
103    2    0.000    1    2   0    1.25
12    1    -0.005    2    2   1    1.37
52    1    -0.005    1    1   0    1.33
43    1    0.000    2    2   0    1.17
63    1    0.000    2    2   0    0.95
136    2    -0.014    2    1   0    1.08
125    2    0.014    1    2   0    0.92
74    1    0.005    2    2   0    2.50
46    1    -0.014    1    1   0    0.80
109    2    0.005    1    2   0    2.80
93    2    0.000    1    2   0    2.15
18    1    0.000    2    2   0    1.53
49    1    0.005    1    1   1    1.07
106    2    -0.014    2    1   0    0.85
28    1    0.000    1    1   1    1.93
75    2    0.014    1    2   0    1.09
45    1    0.014    2    2   0    0.72
105    2    0.014    1    2   0    1.05
39    1    0.005    2    2   0    0.76
141    2    -0.014    2    1   0    3.09
69    1    0.005    1    1   1    1.14
67    1    -0.005    1    1   0    2.86
33    1    0.000    1    1   1    1.15
115    2    0.014    1    2   0    0.78
102    2    -0.005    2    1   0    2.16
89    2    0.005    1    2   0    0.81
56    1    -0.014    1    1   0    1.02
71    1    -0.014    1    1   0    0.73
118    2    0.000    1    2   0    4.55
19    1    0.005    2    2   0    0.81
88    2    0.000    1    2   0    1.03
41    1    -0.014    1    1   0    0.70
61    1    -0.014    1    1   0    0.82
123    2    0.000    2    1   1    1.01
90    2    0.014    1    2   0    0.64
84    2    0.005    1    2   0    1.05
114    2    0.005    1    2   0    0.84
17    1    -0.005    2    2   1    1.72
116    2    -0.014    1    2   1    0.84
142    2    -0.005    1    2   1    1.98
6    1    -0.014    1    1   0    0.68
76    2    -0.014    2    1   0    0.62
13    1    0.000    2    2   0    2.64
87    2    -0.005    1    2   1    1.43
55    1    0.014    2    2   0    0.72
95    2    0.014    1    2   0    0.73
148    2    0.000    1    2   0    1.71
149    2    0.005    1    2   0    1.11
4    1    0.005    2    2   0    1.61
14    1    0.005    2    2   0    1.00
60    1    0.014    2    2   0    0.66
98    2    0.000    1    2   0    3.73
139    2    0.005    1    2   0    1.83
80    2    0.014    1    2   0    1.14
64    1    0.005    2    2   0    0.63
73    1    0.000    2    2   0    1.15
23    1    0.000    1    1   1    2.61
10    1    0.014    2    2   0    0.94
34    1    0.005    1    1   1    1.87
5    1    0.014    2    2   0    0.87
140    2    0.014    1    2   0    0.99
104    2    0.005    2    1   1    0.79
119    2    0.005    2    1   1    0.66
48    1    0.000    1    1   1    1.01
22    1    -0.005    1    1   0    1.31
62    1    -0.005    2    2   1    0.75
65    1    0.014    2    2   0    3.10
100    2    0.014    1    2   0    0.76
79    2    0.005    1    2   0    1.74
8    1    0.000    1    1   1    1.42
96    2    -0.014    2    1   0    0.64
107    2    -0.005    2    1   0    2.32
150    2    0.014    1    2   0    0.81
133    2    0.000    1    2   0    1.01
143    2    0.000    1    2   0    1.80
50    1    0.014    2    2   0    0.77
30    1    0.014    2    2   0    1.05
40    1    0.014    2    2   0    0.87
54    1    0.005    1    1   1    2.27
9    1    0.005    2    2   0    0.83
53    1    0.000    2    2   0    1.21
135    2    0.014    1    2   0    0.88
24    1    0.005    2    2   0    0.76
58    1    0.000    2    2   0    0.71
81    2    -0.014    2    1   0    1.58
110    2    0.014    1    2   0    0.80
77    2    -0.005    1    2   1    2.88
112    2    -0.005    2    1   0    1.08
122    2    -0.005    2    1   0    4.81
68    1    0.000    1    1   1    0.78
47    1    -0.005    2    2   1    0.68
