--------------------------------
26-Jun-2014 17:24:31 
data from observer T01 
#occlusion2 expt 
reference disparity (degrees) 0.160000 

stim order disp kresp testresp correct time
1    2    0.074    1    2   1    4.86
2    1    0.069    2    2   1    1.00
3    2    0.065    1    2   1    1.01
4    2    -0.060    2    1   1    1.13
5    2    0.055    1    2   1    1.20
6    2    -0.051    2    1   1    0.91
7    1    -0.046    1    1   1    2.52
8    1    0.042    2    2   1    1.23
9    2    -0.037    2    1   1    3.38
10    2    0.032    1    2   1    0.80
11    1    0.028    2    2   1    0.74
12    1    -0.023    1    1   1    1.21
13    1    -0.018    1    1   1    1.36
14    1    0.014    2    2   1    0.85
15    1    0.009    1    1   0    1.15
16    1    0.018    2    2   1    1.10
17    2    -0.018    2    1   1    1.28
18    2    0.014    1    2   1    1.11
19    1    -0.014    1    1   1    1.51
20    2    0.009    1    2   1    1.48
21    2    0.009    1    2   1    1.52
22    2    0.005    1    2   1    1.89
23    2    0.005    1    2   1    11.40
24    2    0.005    2    1   0    1.09
25    2    0.014    1    2   1    1.44
26    1    0.014    2    2   1    1.06
27    2    0.009    1    2   1    1.07
28    1    0.009    2    2   1    0.88
29    2    0.005    1    2   1    1.03
30    1    0.005    2    2   1    1.25
31    1    0.005    2    2   1    1.98
32    2    -0.005    2    1   1    2.88
33    1    0.005    1    1   0    3.06
34    1    -0.014    1    1   1    1.35
35    1    0.014    2    2   1    0.97
36    2    -0.009    2    1   1    0.98
37    1    0.009    1    1   0    0.71
38    1    -0.018    1    1   1    1.25
39    2    0.018    1    2   1    0.84
40    1    0.014    2    2   1    0.94
41    2    0.014    1    2   1    2.99
42    2    -0.009    2    1   1    1.12
43    2    0.009    1    2   1    1.11
44    2    -0.005    1    2   0    1.69
45    2    0.014    1    2   1    0.98
46    2    -0.014    2    1   1    0.73
47    1    0.009    2    2   1    1.77
48    2    0.009    1    2   1    1.02
49    2    -0.005    2    1   1    1.00
50    1    0.005    1    1   0    1.01
-------------------------
Final staircase threshold estimate (mean) is 0.0092
-------------------------
18    1    0.000    1    1   1    7.21
129    2    0.009    1    2   0    1.91
55    1    0.023    2    2   0    1.14
92    2    -0.009    1    2   1    1.88
40    1    0.023    2    2   0    0.88
22    1    -0.009    1    1   0    0.67
72    1    -0.009    2    2   1    0.80
133    2    0.000    2    1   1    0.69
142    2    -0.009    2    1   0    4.63
120    2    0.023    1    2   0    1.16
90    2    0.023    1    2   0    1.45
44    1    0.009    2    2   0    1.47
63    1    0.000    1    1   1    2.69
10    1    0.023    2    2   0    0.95
14    1    0.009    2    2   0    1.61
4    1    0.009    1    1   1    2.42
52    1    -0.009    2    2   1    0.85
70    1    0.023    2    2   0    0.85
24    1    0.009    2    2   0    1.72
123    2    0.000    1    2   0    2.19
28    1    0.000    2    2   0    0.91
88    2    0.000    2    1   1    0.84
17    1    -0.009    1    1   0    1.16
80    2    0.023    1    2   0    0.93
128    2    0.000    2    1   1    1.07
31    1    -0.023    1    1   0    1.83
135    2    0.023    1    2   0    3.03
69    1    0.009    2    2   0    0.90
111    2    -0.023    2    1   0    0.82
143    2    0.000    1    2   0    1.27
51    1    -0.023    1    1   0    1.06
3    1    0.000    1    1   1    2.12
125    2    0.023    1    2   0    1.16
34    1    0.009    2    2   0    0.97
95    2    0.023    1    2   0    0.76
116    2    -0.023    2    1   0    1.61
115    2    0.023    1    2   0    0.91
84    2    0.009    1    2   0    2.59
138    2    0.000    1    2   0    2.50
107    2    -0.009    2    1   0    0.81
104    2    0.009    1    2   0    0.92
16    1    -0.023    1    1   0    0.92
19    1    0.009    2    2   0    0.77
41    1    -0.023    1    1   0    1.05
12    1    -0.009    1    1   0    3.23
5    1    0.023    2    2   0    1.12
13    1    0.000    1    1   1    7.71
85    2    0.023    1    2   0    1.79
8    1    0.000    1    1   1    3.71
82    2    -0.009    2    1   0    2.56
81    2    -0.023    2    1   0    1.16
65    1    0.023    2    2   0    1.60
43    1    0.000    1    1   1    3.87
102    2    -0.009    2    1   0    0.73
46    1    -0.023    1    1   0    1.21
67    1    -0.009    1    1   0    3.05
114    2    0.009    1    2   0    2.25
76    2    -0.023    2    1   0    0.85
62    1    -0.009    1    1   0    1.26
6    1    -0.023    1    1   0    3.14
78    2    0.000    1    2   0    2.91
11    1    -0.023    1    1   0    1.22
110    2    0.023    1    2   0    1.92
30    1    0.023    2    2   0    0.81
86    2    -0.023    2    1   0    2.16
39    1    0.009    1    1   1    1.61
101    2    -0.023    2    1   0    0.80
7    1    -0.009    1    1   0    1.19
132    2    -0.009    2    1   0    0.76
148    2    0.000    1    2   0    2.91
108    2    0.000    2    1   1    1.53
118    2    0.000    1    2   0    4.97
75    2    0.023    1    2   0    1.94
79    2    0.009    1    2   0    1.51
91    2    -0.023    2    1   0    0.95
106    2    -0.023    2    1   0    1.39
103    2    0.000    2    1   1    3.47
37    1    -0.009    1    1   0    1.38
147    2    -0.009    2    1   0    0.79
29    1    0.009    2    2   0    5.21
1    1    -0.023    1    1   0    1.07
45    1    0.023    2    2   0    4.42
57    1    -0.009    1    1   0    1.86
35    1    0.023    2    2   0    1.11
117    2    -0.009    1    2   1    2.02
48    1    0.000    2    2   0    2.71
137    2    -0.009    2    1   0    1.66
127    2    -0.009    1    2   1    10.85
58    1    0.000    2    2   0    5.44
20    1    0.023    2    2   0    0.99
97    2    -0.009    1    2   1    0.69
99    2    0.009    1    2   0    1.06
32    1    -0.009    1    1   0    2.44
113    2    0.000    2    1   1    2.03
134    2    0.009    1    2   0    0.84
15    1    0.023    2    2   0    0.85
33    1    0.000    2    2   0    1.62
59    1    0.009    2    2   0    1.19
126    2    -0.023    2    1   0    0.90
149    2    0.009    1    2   0    1.46
54    1    0.009    2    2   0    0.90
122    2    -0.009    2    1   0    3.04
96    2    -0.023    2    1   0    0.82
73    1    0.000    1    1   1    1.76
9    1    0.009    2    2   0    0.70
38    1    0.000    1    1   1    1.71
145    2    0.023    1    2   0    0.87
94    2    0.009    1    2   0    0.96
109    2    0.009    1    2   0    1.98
87    2    -0.009    1    2   1    0.77
136    2    -0.023    2    1   0    0.71
74    1    0.009    2    2   0    3.68
64    1    0.009    1    1   1    5.12
144    2    0.009    1    2   0    1.80
47    1    -0.009    1    1   0    1.87
119    2    0.009    1    2   0    0.95
93    2    0.000    1    2   0    2.28
140    2    0.023    1    2   0    0.96
60    1    0.023    2    2   0    0.96
131    2    -0.023    2    1   0    2.35
130    2    0.023    1    2   0    0.93
146    2    -0.023    2    1   0    0.70
26    1    -0.023    1    1   0    1.05
42    1    -0.009    1    1   0    1.55
49    1    0.009    2    2   0    1.65
50    1    0.023    2    2   0    1.66
53    1    0.000    1    1   1    1.07
68    1    0.000    1    1   1    1.13
25    1    0.023    2    2   0    1.55
66    1    -0.023    1    1   0    0.64
121    2    -0.023    2    1   0    4.17
98    2    0.000    1    2   0    1.66
61    1    -0.023    1    1   0    1.48
150    2    0.023    1    2   0    2.33
112    2    -0.009    2    1   0    4.34
124    2    0.009    1    2   0    0.97
21    1    -0.023    1    1   0    1.70
89    2    0.009    1    2   0    1.77
71    1    -0.023    1    1   0    2.17
141    2    -0.023    2    1   0    0.70
83    2    0.000    1    2   0    0.85
56    1    -0.023    1    1   0    1.10
100    2    0.023    1    2   0    2.71
23    1    0.000    2    2   0    2.32
139    2    0.009    1    2   0    0.72
27    1    -0.009    1    1   0    1.44
105    2    0.023    1    2   0    1.07
2    1    -0.009    2    2   1    1.72
77    2    -0.009    2    1   0    1.35
36    1    -0.023    1    1   0    0.62
