--------------------------------
20-Jun-2014 16:47:25 
data from observer T01 
#occlusion2 expt 
reference disparity (degrees) 0.160000 

stim order disp kresp testresp correct time
1    1    -0.074    2    2   1    2.60
2    1    0.069    1    1   1    3.13
3    1    0.065    1    1   1    5.66
4    1    0.060    1    1   1    2.75
5    2    -0.055    1    2   1    2.44
6    2    0.051    2    1   1    0.74
7    1    0.046    1    1   1    2.62
8    1    -0.042    2    2   1    0.92
9    1    0.037    1    1   1    0.79
10    1    -0.032    2    2   1    0.64
11    1    0.028    1    1   1    2.59
12    1    0.023    1    1   1    2.66
13    1    0.018    1    1   1    1.75
14    1    -0.014    2    2   1    0.55
15    1    0.009    2    2   0    0.62
16    2    0.018    2    1   1    3.35
17    2    -0.018    1    2   1    0.91
18    2    -0.014    1    2   1    4.26
19    1    -0.014    2    2   1    4.96
20    2    0.009    2    1   1    1.00
21    2    0.009    1    2   0    7.06
22    1    0.018    1    1   1    2.93
23    1    -0.018    2    2   1    0.77
24    1    0.014    1    1   1    0.99
25    1    0.014    2    2   0    0.69
26    1    0.023    1    1   1    2.33
27    2    -0.023    1    2   1    3.23
28    1    0.018    1    1   1    8.28
29    1    -0.018    2    2   1    0.60
30    1    -0.014    2    2   1    1.36
31    2    -0.014    1    2   1    2.60
32    2    0.009    2    1   1    1.24
33    2    0.009    2    1   1    0.64
34    1    -0.005    1    1   0    4.65
35    1    -0.014    2    2   1    0.62
36    1    -0.014    2    2   1    0.64
37    1    -0.009    2    2   1    1.68
38    1    -0.009    2    2   1    5.35
39    1    -0.005    2    2   1    0.64
40    2    -0.005    1    2   1    3.69
41    1    -0.005    2    2   1    0.72
42    2    -0.005    1    2   1    3.71
43    1    -0.005    2    2   1    1.25
44    1    0.005    1    1   1    1.58
45    1    -0.005    2    2   1    0.71
46    2    -0.005    1    2   1    1.54
47    2    -0.005    1    2   1    1.56
48    1    -0.005    2    2   1    5.47
49    1    0.005    1    1   1    1.32
50    2    -0.005    1    2   1    2.00
-------------------------
Final staircase threshold estimate (mean) is 0.0046
-------------------------
45    1    0.009    1    1   1    5.64
70    1    0.009    1    1   1    2.16
16    1    -0.009    2    2   1    1.15
80    2    0.009    2    1   1    5.48
54    1    0.005    1    1   1    4.10
7    1    -0.005    2    2   1    2.00
145    2    0.009    2    1   1    2.37
111    2    -0.009    1    2   1    4.90
88    2    0.000    2    1   1    2.09
18    1    0.000    2    2   0    2.13
98    2    0.000    2    1   1    1.65
89    2    0.005    2    1   1    2.04
11    1    -0.009    2    2   1    2.74
37    1    -0.005    2    2   1    1.59
147    2    -0.005    1    2   1    1.80
114    2    0.005    2    1   1    2.95
131    2    -0.009    1    2   1    1.32
139    2    0.005    2    1   1    2.63
56    1    -0.009    2    2   1    2.94
119    2    0.005    2    1   1    1.63
76    2    -0.009    1    2   1    2.00
96    2    -0.009    1    2   1    3.59
107    2    -0.005    1    2   1    2.83
126    2    -0.009    1    2   1    2.59
150    2    0.009    2    1   1    4.76
28    1    0.000    1    1   1    7.81
135    2    0.009    2    1   1    1.61
53    1    0.000    2    2   0    3.76
73    1    0.000    1    1   1    1.55
121    2    -0.009    1    2   1    1.10
83    2    0.000    2    1   1    0.74
78    2    0.000    1    2   0    1.92
27    1    -0.005    2    2   1    2.58
132    2    -0.005    1    2   1    1.30
134    2    0.005    1    2   0    1.53
9    1    0.005    1    1   1    1.98
3    1    0.000    1    1   1    2.33
117    2    -0.005    1    2   1    5.88
1    1    -0.009    2    2   1    1.75
62    1    -0.005    1    1   0    5.02
106    2    -0.009    2    1   0    1.62
25    1    0.009    1    1   1    1.56
137    2    -0.005    1    2   1    1.87
15    1    0.009    1    1   1    2.14
87    2    -0.005    2    1   0    2.99
71    1    -0.009    1    1   0    1.29
5    1    0.009    1    1   1    1.74
24    1    0.005    1    1   1    3.23
146    2    -0.009    1    2   1    5.20
33    1    0.000    2    2   0    1.95
36    1    -0.009    2    2   1    2.74
133    2    0.000    2    1   1    2.10
31    1    -0.009    2    2   1    4.61
141    2    -0.009    1    2   1    1.52
4    1    0.005    1    1   1    2.70
104    2    0.005    2    1   1    0.99
118    2    0.000    1    2   0    1.32
149    2    0.005    2    1   1    2.37
13    1    0.000    1    1   1    1.07
123    2    0.000    2    1   1    1.40
129    2    0.005    2    1   1    2.71
41    1    -0.009    2    2   1    2.87
46    1    -0.009    2    2   1    3.81
82    2    -0.005    1    2   1    2.10
63    1    0.000    2    2   0    2.48
60    1    0.009    1    1   1    2.02
23    1    0.000    2    2   0    1.26
92    2    -0.005    1    2   1    1.32
127    2    -0.005    1    2   1    1.47
128    2    0.000    1    2   0    8.23
97    2    -0.005    2    1   0    1.37
122    2    -0.005    1    2   1    3.46
144    2    0.005    1    2   0    1.10
59    1    0.005    2    2   0    2.73
79    2    0.005    2    1   1    1.17
22    1    -0.005    2    2   1    1.57
91    2    -0.009    1    2   1    0.82
125    2    0.009    2    1   1    2.92
43    1    0.000    1    1   1    1.60
57    1    -0.005    2    2   1    0.80
29    1    0.005    1    1   1    0.74
93    2    0.000    1    2   0    1.19
69    1    0.005    1    1   1    0.79
138    2    0.000    2    1   1    5.66
17    1    -0.005    1    1   0    1.20
81    2    -0.009    1    2   1    1.51
65    1    0.009    1    1   1    1.62
38    1    0.000    1    1   1    1.22
130    2    0.009    1    2   0    3.50
19    1    0.005    1    1   1    0.86
47    1    -0.005    2    2   1    1.69
20    1    0.009    1    1   1    0.88
8    1    0.000    2    2   0    0.69
124    2    0.005    2    1   1    2.36
142    2    -0.005    1    2   1    0.85
102    2    -0.005    1    2   1    2.59
52    1    -0.005    2    2   1    0.71
110    2    0.009    2    1   1    3.05
75    2    0.009    1    2   0    1.04
35    1    0.009    1    1   1    3.73
86    2    -0.009    2    1   0    1.98
90    2    0.009    2    1   1    2.29
32    1    -0.005    1    1   0    4.58
30    1    0.009    1    1   1    5.05
103    2    0.000    2    1   1    3.37
61    1    -0.009    1    1   0    2.73
10    1    0.009    2    2   0    0.87
136    2    -0.009    1    2   1    0.88
58    1    0.000    2    2   0    1.40
105    2    0.009    2    1   1    1.32
21    1    -0.009    2    2   1    3.40
148    2    0.000    1    2   0    0.94
48    1    0.000    2    2   0    1.44
95    2    0.009    2    1   1    2.74
2    1    -0.005    2    2   1    1.92
85    2    0.009    2    1   1    1.58
94    2    0.005    2    1   1    3.78
112    2    -0.005    1    2   1    0.97
34    1    0.005    2    2   0    1.20
14    1    0.005    1    1   1    4.68
50    1    0.009    1    1   1    3.02
26    1    -0.009    2    2   1    0.82
108    2    0.000    1    2   0    0.93
74    1    0.005    1    1   1    1.36
64    1    0.005    2    2   0    5.36
99    2    0.005    2    1   1    1.17
72    1    -0.005    2    2   1    1.92
100    2    0.009    2    1   1    1.56
6    1    -0.009    2    2   1    0.81
116    2    -0.009    1    2   1    1.17
101    2    -0.009    1    2   1    0.92
39    1    0.005    1    1   1    2.67
113    2    0.000    1    2   0    3.22
42    1    -0.005    2    2   1    0.84
115    2    0.009    2    1   1    0.76
84    2    0.005    2    1   1    0.82
44    1    0.005    1    1   1    1.39
67    1    -0.005    2    2   1    1.08
140    2    0.009    1    2   0    2.24
68    1    0.000    2    2   0    0.62
55    1    0.009    1    1   1    1.25
40    1    0.009    1    1   1    1.19
120    2    0.009    2    1   1    1.57
143    2    0.000    2    1   1    1.01
12    1    -0.005    1    1   0    5.35
49    1    0.005    1    1   1    2.07
77    2    -0.005    1    2   1    3.66
66    1    -0.009    2    2   1    1.82
109    2    0.005    1    2   0    1.38
51    1    -0.009    1    1   0    2.94
