--------------------------------
08-Jul-2014 13:53:39 
data from observer T02 
#occlusion2 expt 
reference disparity (degrees) 0.160000 

stim order disp kresp testresp correct time
1    1    0.074    2    2   1    0.98
2    2    -0.069    2    1   1    0.77
3    1    0.065    2    2   1    0.55
4    2    0.060    1    2   1    3.70
5    2    0.055    1    2   1    1.17
6    1    0.051    2    2   1    0.79
7    2    0.046    1    2   1    0.56
8    2    0.042    1    2   1    0.75
9    2    -0.037    2    1   1    0.63
10    2    0.032    1    2   1    0.63
11    2    0.028    1    2   1    1.40
12    1    -0.023    1    1   1    0.78
13    2    0.018    1    2   1    1.39
14    1    -0.014    1    1   1    2.56
15    2    -0.009    2    1   1    0.89
16    1    -0.005    1    1   1    2.52
17    2    0.005    1    2   1    1.05
18    1    -0.005    1    1   1    6.27
19    1    -0.005    1    1   1    1.29
20    1    0.005    2    2   1    3.37
21    2    -0.005    2    1   1    0.70
22    1    -0.005    1    1   1    1.20
23    2    0.005    1    2   1    2.11
24    1    0.005    1    1   0    0.95
25    2    -0.014    2    1   1    1.24
26    2    -0.014    2    1   1    0.90
27    2    0.009    1    2   1    3.54
28    1    -0.009    1    1   1    2.92
29    1    0.005    2    2   1    1.88
30    1    -0.005    2    2   0    1.01
31    2    -0.014    2    1   1    0.81
32    2    0.014    1    2   1    1.53
33    1    -0.009    1    1   1    1.06
34    2    0.009    1    2   1    0.73
35    1    -0.005    1    1   1    5.53
36    1    -0.005    2    2   0    8.38
37    2    -0.014    2    1   1    0.92
38    1    0.014    2    2   1    0.77
39    1    -0.009    1    1   1    10.88
40    2    0.009    1    2   1    4.02
41    2    -0.005    2    1   1    3.93
42    2    -0.005    2    1   1    3.91
43    2    0.005    1    2   1    5.21
44    1    -0.005    1    1   1    5.76
45    1    -0.005    2    2   0    1.65
46    1    0.014    2    2   1    0.77
47    1    0.014    2    2   1    0.80
48    2    0.009    2    1   0    0.64
49    1    0.018    2    2   1    0.65
50    2    -0.018    2    1   1    1.02
-------------------------
Final staircase threshold estimate (mean) is 0.0097
-------------------------
42    1    -0.009    1    1   0    5.67
141    2    -0.023    2    1   0    0.72
2    1    -0.009    2    2   1    0.68
91    2    -0.023    2    1   0    0.61
3    1    0.000    2    2   0    1.50
103    2    0.000    2    1   1    2.48
138    2    0.000    2    1   1    0.95
148    2    0.000    1    2   0    2.40
67    1    -0.009    1    1   0    0.97
86    2    -0.023    2    1   0    0.78
119    2    0.009    1    2   0    3.56
32    1    -0.009    1    1   0    3.43
30    1    0.023    2    2   0    0.88
109    2    0.009    2    1   1    1.34
129    2    0.009    2    1   1    1.75
8    1    0.000    2    2   0    2.53
70    1    0.023    2    2   0    0.68
87    2    -0.009    2    1   0    0.71
60    1    0.023    2    2   0    1.05
116    2    -0.023    2    1   0    0.59
5    1    0.023    2    2   0    2.26
95    2    0.023    1    2   0    1.19
113    2    0.000    1    2   0    2.18
50    1    0.023    2    2   0    0.73
23    1    0.000    1    1   1    3.30
115    2    0.023    1    2   0    0.73
64    1    0.009    2    2   0    1.64
80    2    0.023    1    2   0    0.82
29    1    0.009    2    2   0    0.72
101    2    -0.023    2    1   0    0.65
104    2    0.009    1    2   0    3.88
43    1    0.000    2    2   0    0.84
33    1    0.000    2    2   0    0.93
65    1    0.023    2    2   0    0.61
123    2    0.000    1    2   0    2.31
112    2    -0.009    2    1   0    1.62
100    2    0.023    1    2   0    1.15
4    1    0.009    2    2   0    1.56
68    1    0.000    1    1   1    5.09
25    1    0.023    2    2   0    0.80
134    2    0.009    1    2   0    4.93
98    2    0.000    2    1   1    1.43
27    1    -0.009    1    1   0    6.09
74    1    0.009    2    2   0    6.43
62    1    -0.009    2    2   1    0.98
26    1    -0.023    1    1   0    1.64
117    2    -0.009    2    1   0    1.95
136    2    -0.023    2    1   0    0.71
147    2    -0.009    2    1   0    0.70
59    1    0.009    2    2   0    2.36
127    2    -0.009    1    2   1    3.28
52    1    -0.009    1    1   0    14.80
46    1    -0.023    1    1   0    1.19
118    2    0.000    1    2   0    1.90
21    1    -0.023    1    1   0    1.34
9    1    0.009    1    1   1    2.03
79    2    0.009    1    2   0    3.17
44    1    0.009    2    2   0    3.07
1    1    -0.023    1    1   0    0.70
81    2    -0.023    2    1   0    1.06
56    1    -0.023    1    1   0    1.12
131    2    -0.023    2    1   0    1.04
89    2    0.009    1    2   0    0.75
146    2    -0.023    2    1   0    1.06
128    2    0.000    1    2   0    2.93
7    1    -0.009    1    1   0    1.43
94    2    0.009    1    2   0    0.91
78    2    0.000    1    2   0    0.96
82    2    -0.009    2    1   0    2.98
73    1    0.000    1    1   1    4.08
51    1    -0.023    1    1   0    0.86
15    1    0.023    2    2   0    1.74
99    2    0.009    1    2   0    4.88
61    1    -0.023    1    1   0    1.17
66    1    -0.023    1    1   0    0.72
16    1    -0.023    1    1   0    1.08
41    1    -0.023    1    1   0    0.57
90    2    0.023    1    2   0    1.68
121    2    -0.023    2    1   0    0.89
45    1    0.023    2    2   0    0.84
11    1    -0.023    1    1   0    1.14
106    2    -0.023    2    1   0    0.73
88    2    0.000    2    1   1    0.77
92    2    -0.009    2    1   0    0.73
107    2    -0.009    2    1   0    0.98
48    1    0.000    2    2   0    0.91
14    1    0.009    2    2   0    1.02
135    2    0.023    1    2   0    0.69
19    1    0.009    2    2   0    2.18
37    1    -0.009    1    1   0    1.83
17    1    -0.009    1    1   0    1.45
34    1    0.009    2    2   0    1.35
71    1    -0.023    1    1   0    0.95
85    2    0.023    1    2   0    1.11
93    2    0.000    1    2   0    3.14
6    1    -0.023    1    1   0    0.75
69    1    0.009    2    2   0    1.05
77    2    -0.009    2    1   0    0.81
114    2    0.009    1    2   0    2.64
22    1    -0.009    1    1   0    13.97
47    1    -0.009    1    1   0    0.96
125    2    0.023    1    2   0    7.02
132    2    -0.009    2    1   0    1.96
39    1    0.009    2    2   0    5.55
120    2    0.023    1    2   0    1.10
31    1    -0.023    1    1   0    0.62
144    2    0.009    1    2   0    0.75
35    1    0.023    2    2   0    0.81
84    2    0.009    1    2   0    0.68
20    1    0.023    2    2   0    0.68
133    2    0.000    2    1   1    0.85
12    1    -0.009    1    1   0    1.41
126    2    -0.023    2    1   0    1.17
57    1    -0.009    1    1   0    5.43
96    2    -0.023    2    1   0    0.78
75    2    0.023    1    2   0    1.15
18    1    0.000    2    2   0    0.82
49    1    0.009    2    2   0    1.09
140    2    0.023    1    2   0    1.25
40    1    0.023    2    2   0    0.69
97    2    -0.009    2    1   0    1.07
137    2    -0.009    2    1   0    0.83
102    2    -0.009    2    1   0    0.71
63    1    0.000    1    1   1    3.55
83    2    0.000    2    1   1    7.05
38    1    0.000    1    1   1    3.19
143    2    0.000    2    1   1    4.14
150    2    0.023    1    2   0    0.79
24    1    0.009    2    2   0    0.92
110    2    0.023    1    2   0    1.02
130    2    0.023    1    2   0    0.70
145    2    0.023    1    2   0    1.84
142    2    -0.009    2    1   0    1.08
72    1    -0.009    2    2   1    0.75
36    1    -0.023    1    1   0    2.14
111    2    -0.023    2    1   0    1.40
55    1    0.023    2    2   0    0.72
10    1    0.023    2    2   0    0.59
58    1    0.000    2    2   0    1.54
124    2    0.009    1    2   0    1.37
54    1    0.009    2    2   0    1.39
108    2    0.000    2    1   1    0.84
76    2    -0.023    2    1   0    0.67
28    1    0.000    2    2   0    2.99
105    2    0.023    1    2   0    1.38
53    1    0.000    2    2   0    0.87
13    1    0.000    2    2   0    0.92
122    2    -0.009    2    1   0    0.84
139    2    0.009    1    2   0    1.23
149    2    0.009    2    1   1    0.78
