--------------------------------
08-Jul-2014 13:29:03 
data from observer T02 
#occlusion2 expt 
reference disparity (degrees) 0.160000 

stim order disp kresp testresp correct time
1    2    0.074    1    2   1    2.08
2    2    -0.069    2    1   1    1.31
3    2    -0.065    2    1   1    1.00
4    2    -0.060    2    1   1    0.80
5    1    -0.055    1    1   1    1.95
6    1    0.051    2    2   1    1.52
7    1    -0.046    1    1   1    1.37
8    1    0.042    2    2   1    0.89
9    1    0.037    2    2   1    0.73
10    2    0.032    1    2   1    1.09
11    2    -0.028    2    1   1    0.80
12    1    -0.023    1    1   1    2.01
13    2    0.018    1    2   1    3.76
14    2    0.014    1    2   1    2.96
15    2    0.009    2    1   0    1.23
16    2    0.018    1    2   1    1.21
17    1    -0.018    1    1   1    1.34
18    2    -0.014    2    1   1    0.90
19    1    0.014    2    2   1    0.75
20    2    0.009    1    2   1    1.89
21    1    -0.009    1    1   1    2.10
22    2    -0.005    2    1   1    0.82
23    1    -0.005    1    1   1    1.23
24    1    -0.005    2    2   0    0.68
25    2    -0.014    2    1   1    0.62
26    1    -0.014    1    1   1    1.29
27    2    0.009    1    2   1    1.33
28    1    -0.009    1    1   1    1.61
29    2    -0.005    2    1   1    1.36
30    2    -0.005    2    1   1    3.86
31    2    -0.005    2    1   1    2.34
32    1    0.005    2    2   1    5.46
33    2    0.005    2    1   0    3.30
34    1    0.014    2    2   1    0.88
35    2    -0.014    2    1   1    0.65
36    2    -0.009    2    1   1    1.03
37    2    0.009    1    2   1    1.90
38    1    -0.005    1    1   1    1.60
39    1    -0.005    1    1   1    9.92
40    2    -0.005    2    1   1    0.79
41    2    -0.005    2    1   1    0.98
42    2    0.005    1    2   1    1.76
43    2    -0.005    2    1   1    1.46
44    2    -0.005    2    1   1    1.19
45    1    -0.005    1    1   1    1.02
46    1    0.005    2    2   1    4.18
47    2    0.005    2    1   0    1.08
48    2    0.014    1    2   1    1.54
49    1    0.014    2    2   1    0.92
50    1    0.009    2    2   1    0.83
-------------------------
Final staircase threshold estimate (mean) is 0.0069
-------------------------
41    1    -0.018    1    1   0    6.49
125    2    0.018    1    2   0    1.71
119    2    0.009    1    2   0    2.96
17    1    -0.009    1    1   0    2.13
70    1    0.018    2    2   0    0.73
114    2    0.009    1    2   0    1.70
62    1    -0.009    1    1   0    1.53
19    1    0.009    1    1   1    0.84
91    2    -0.018    2    1   0    0.88
97    2    -0.009    2    1   0    0.89
95    2    0.018    1    2   0    0.65
32    1    -0.009    1    1   0    2.22
12    1    -0.009    1    1   0    1.42
42    1    -0.009    1    1   0    0.68
60    1    0.018    2    2   0    1.51
150    2    0.018    1    2   0    1.03
140    2    0.018    1    2   0    0.85
83    2    0.000    2    1   1    0.97
137    2    -0.009    2    1   0    0.84
141    2    -0.018    2    1   0    0.61
112    2    -0.009    2    1   0    0.68
104    2    0.009    1    2   0    3.39
109    2    0.009    1    2   0    6.09
11    1    -0.018    1    1   0    1.01
34    1    0.009    2    2   0    0.89
87    2    -0.009    2    1   0    0.85
6    1    -0.018    1    1   0    1.59
51    1    -0.018    1    1   0    2.04
115    2    0.018    1    2   0    1.09
66    1    -0.018    1    1   0    2.41
14    1    0.009    2    2   0    3.65
2    1    -0.009    2    2   1    0.77
5    1    0.018    2    2   0    0.80
24    1    0.009    2    2   0    1.23
80    2    0.018    1    2   0    3.05
7    1    -0.009    1    1   0    8.77
148    2    0.000    2    1   1    1.40
145    2    0.018    1    2   0    4.29
79    2    0.009    1    2   0    5.53
142    2    -0.009    2    1   0    2.90
13    1    0.000    2    2   0    0.98
49    1    0.009    2    2   0    8.23
123    2    0.000    2    1   1    2.18
76    2    -0.018    2    1   0    0.94
9    1    0.009    2    2   0    1.43
127    2    -0.009    2    1   0    1.40
131    2    -0.018    2    1   0    2.44
128    2    0.000    2    1   1    4.49
30    1    0.018    2    2   0    2.22
69    1    0.009    2    2   0    0.94
118    2    0.000    1    2   0    5.32
55    1    0.018    2    2   0    1.55
54    1    0.009    2    2   0    0.74
82    2    -0.009    2    1   0    2.47
29    1    0.009    2    2   0    3.32
48    1    0.000    2    2   0    1.69
33    1    0.000    2    2   0    2.65
133    2    0.000    2    1   1    2.13
143    2    0.000    2    1   1    4.72
20    1    0.018    2    2   0    1.52
113    2    0.000    2    1   1    2.01
121    2    -0.018    2    1   0    0.84
105    2    0.018    1    2   0    1.24
3    1    0.000    2    2   0    5.59
89    2    0.009    2    1   1    1.08
107    2    -0.009    2    1   0    1.95
94    2    0.009    2    1   1    7.38
73    1    0.000    2    2   0    1.09
126    2    -0.018    2    1   0    1.59
43    1    0.000    1    1   1    1.62
96    2    -0.018    2    1   0    0.98
21    1    -0.018    1    1   0    1.05
144    2    0.009    1    2   0    1.29
40    1    0.018    2    2   0    0.99
61    1    -0.018    1    1   0    1.54
27    1    -0.009    1    1   0    2.02
92    2    -0.009    2    1   0    1.66
134    2    0.009    1    2   0    1.68
78    2    0.000    2    1   1    7.32
90    2    0.018    1    2   0    1.06
18    1    0.000    2    2   0    1.05
59    1    0.009    2    2   0    1.56
99    2    0.009    1    2   0    0.99
65    1    0.018    2    2   0    2.05
10    1    0.018    2    2   0    0.88
149    2    0.009    1    2   0    1.07
136    2    -0.018    2    1   0    0.68
31    1    -0.018    1    1   0    0.75
102    2    -0.009    2    1   0    0.97
23    1    0.000    1    1   1    2.28
132    2    -0.009    2    1   0    1.24
93    2    0.000    2    1   1    7.92
101    2    -0.018    2    1   0    0.81
1    1    -0.018    1    1   0    0.99
85    2    0.018    1    2   0    0.72
64    1    0.009    2    2   0    1.18
116    2    -0.018    2    1   0    0.67
37    1    -0.009    1    1   0    1.83
100    2    0.018    1    2   0    0.64
124    2    0.009    1    2   0    3.50
110    2    0.018    1    2   0    1.07
56    1    -0.018    1    1   0    2.74
74    1    0.009    2    2   0    1.25
67    1    -0.009    1    1   0    3.64
57    1    -0.009    1    1   0    2.23
36    1    -0.018    1    1   0    1.20
68    1    0.000    2    2   0    4.16
139    2    0.009    1    2   0    0.78
130    2    0.018    1    2   0    0.85
63    1    0.000    2    2   0    1.14
108    2    0.000    2    1   1    1.09
26    1    -0.018    1    1   0    1.00
72    1    -0.009    1    1   0    1.82
8    1    0.000    2    2   0    3.65
50    1    0.018    2    2   0    1.62
75    2    0.018    1    2   0    1.26
147    2    -0.009    2    1   0    1.03
58    1    0.000    1    1   1    4.56
35    1    0.018    2    2   0    1.37
39    1    0.009    2    2   0    2.53
146    2    -0.018    2    1   0    1.27
88    2    0.000    2    1   1    0.86
138    2    0.000    2    1   1    1.32
22    1    -0.009    2    2   1    1.22
106    2    -0.018    2    1   0    0.71
45    1    0.018    2    2   0    0.83
71    1    -0.018    1    1   0    1.29
98    2    0.000    2    1   1    0.68
117    2    -0.009    2    1   0    0.73
81    2    -0.018    2    1   0    0.77
28    1    0.000    2    2   0    2.99
25    1    0.018    2    2   0    1.20
120    2    0.018    1    2   0    1.45
15    1    0.018    2    2   0    0.71
122    2    -0.009    2    1   0    0.68
77    2    -0.009    2    1   0    0.61
38    1    0.000    1    1   1    2.15
111    2    -0.018    2    1   0    0.83
53    1    0.000    2    2   0    1.32
46    1    -0.018    1    1   0    1.51
4    1    0.009    2    2   0    1.21
16    1    -0.018    1    1   0    0.77
84    2    0.009    1    2   0    0.99
44    1    0.009    1    1   1    0.82
129    2    0.009    1    2   0    1.17
103    2    0.000    2    1   1    7.99
52    1    -0.009    1    1   0    1.62
135    2    0.018    1    2   0    1.65
47    1    -0.009    1    1   0    2.56
86    2    -0.018    2    1   0    1.39
