--------------------------------
08-Jul-2014 11:19:59 
data from observer T02 
#occlusion2 expt 
reference disparity (degrees) 0.160000 

stim order disp kresp testresp correct time
1    1    0.074    1    1   1    3.87
2    2    -0.069    1    2   1    0.97
3    1    0.065    1    1   1    0.86
4    1    0.060    1    1   1    1.78
5    1    0.055    1    1   1    4.95
6    2    0.051    2    1   1    2.68
7    2    -0.046    1    2   1    1.11
8    2    0.042    2    1   1    1.35
9    2    -0.037    1    2   1    1.43
10    2    -0.032    1    2   1    1.84
11    2    -0.028    1    2   1    3.88
12    1    -0.023    2    2   1    0.92
13    1    0.018    1    1   1    3.90
14    2    0.014    2    1   1    3.03
15    1    0.009    2    2   0    6.98
16    1    -0.018    2    2   1    0.82
17    2    0.018    2    1   1    0.86
18    1    0.014    1    1   1    3.80
19    1    0.014    1    1   1    5.98
20    2    -0.009    1    2   1    1.00
21    1    0.009    1    1   1    2.75
22    1    0.005    1    1   1    8.76
23    1    0.005    1    1   1    1.14
24    2    0.005    2    1   1    2.95
25    2    0.005    2    1   1    0.78
26    1    0.005    2    2   0    2.48
27    1    0.014    1    1   1    1.02
28    1    -0.014    2    2   1    1.55
29    2    -0.009    1    2   1    5.14
30    1    0.009    1    1   1    1.02
31    1    -0.005    2    2   1    1.21
32    2    0.005    2    1   1    0.71
33    1    -0.005    2    2   1    0.73
34    2    -0.005    1    2   1    9.96
35    1    0.005    1    1   1    0.73
36    2    0.005    2    1   1    2.80
37    1    0.005    2    2   0    6.33
38    1    -0.014    2    2   1    1.05
39    1    0.014    1    1   1    1.66
40    2    -0.009    1    2   1    3.49
41    1    0.009    2    2   0    2.67
42    2    -0.018    1    2   1    1.36
43    1    -0.018    2    2   1    0.78
44    2    0.014    2    1   1    0.72
45    1    -0.014    2    2   1    0.97
46    1    0.009    1    1   1    1.82
47    1    -0.009    2    2   1    0.81
48    2    0.005    2    1   1    0.64
49    2    -0.005    1    2   1    1.91
50    1    -0.005    2    2   1    0.89
-------------------------
Final staircase threshold estimate (mean) is 0.0106
-------------------------
128    2    0.000    2    1   1    18.08
103    2    0.000    2    1   1    1.56
97    2    -0.009    1    2   1    8.57
146    2    -0.028    1    2   1    1.41
141    2    -0.028    1    2   1    0.60
61    1    -0.028    2    2   1    0.69
15    1    0.028    1    1   1    0.83
143    2    0.000    2    1   1    3.76
13    1    0.000    2    2   0    2.22
55    1    0.028    1    1   1    0.85
34    1    0.009    1    1   1    2.53
111    2    -0.028    1    2   1    0.69
79    2    0.009    2    1   1    0.80
30    1    0.028    1    1   1    1.64
147    2    -0.009    1    2   1    1.22
75    2    0.028    2    1   1    0.70
43    1    0.000    1    1   1    8.61
50    1    0.028    1    1   1    0.80
112    2    -0.009    1    2   1    0.73
72    1    -0.009    2    2   1    0.80
65    1    0.028    1    1   1    0.73
18    1    0.000    2    2   0    2.28
20    1    0.028    1    1   1    0.76
116    2    -0.028    1    2   1    0.67
4    1    0.009    1    1   1    0.66
122    2    -0.009    1    2   1    0.87
82    2    -0.009    1    2   1    0.67
60    1    0.028    1    1   1    0.57
129    2    0.009    2    1   1    0.78
32    1    -0.009    2    2   1    0.48
14    1    0.009    1    1   1    1.23
53    1    0.000    2    2   0    0.70
11    1    -0.028    2    2   1    0.66
124    2    0.009    2    1   1    0.75
26    1    -0.028    2    2   1    0.64
95    2    0.028    2    1   1    0.84
33    1    0.000    2    2   0    1.87
23    1    0.000    2    2   0    9.60
80    2    0.028    2    1   1    0.58
130    2    0.028    2    1   1    0.50
134    2    0.009    2    1   1    0.61
8    1    0.000    1    1   1    0.83
121    2    -0.028    1    2   1    0.77
64    1    0.009    1    1   1    4.31
88    2    0.000    2    1   1    2.52
133    2    0.000    1    2   0    3.08
89    2    0.009    2    1   1    1.08
44    1    0.009    1    1   1    2.30
98    2    0.000    2    1   1    0.76
107    2    -0.009    1    2   1    0.74
100    2    0.028    2    1   1    0.66
25    1    0.028    1    1   1    0.94
42    1    -0.009    2    2   1    1.58
117    2    -0.009    1    2   1    1.33
150    2    0.028    2    1   1    0.55
37    1    -0.009    2    2   1    1.77
31    1    -0.028    2    2   1    0.59
66    1    -0.028    2    2   1    0.52
119    2    0.009    2    1   1    1.21
87    2    -0.009    1    2   1    0.99
6    1    -0.028    2    2   1    0.55
84    2    0.009    2    1   1    2.28
41    1    -0.028    2    2   1    0.74
19    1    0.009    1    1   1    6.74
127    2    -0.009    1    2   1    6.44
144    2    0.009    2    1   1    0.71
135    2    0.028    2    1   1    0.59
59    1    0.009    1    1   1    0.90
92    2    -0.009    1    2   1    1.23
102    2    -0.009    2    1   0    0.68
93    2    0.000    2    1   1    7.10
91    2    -0.028    1    2   1    0.94
46    1    -0.028    2    2   1    1.88
51    1    -0.028    2    2   1    2.15
145    2    0.028    2    1   1    2.61
74    1    0.009    1    1   1    1.96
108    2    0.000    2    1   1    3.18
77    2    -0.009    1    2   1    1.07
58    1    0.000    1    1   1    9.76
138    2    0.000    2    1   1    0.93
48    1    0.000    1    1   1    6.70
149    2    0.009    2    1   1    0.87
10    1    0.028    1    1   1    2.47
45    1    0.028    1    1   1    1.91
21    1    -0.028    2    2   1    1.35
142    2    -0.009    1    2   1    5.22
56    1    -0.028    2    2   1    2.79
52    1    -0.009    2    2   1    9.16
104    2    0.009    2    1   1    0.98
132    2    -0.009    1    2   1    4.46
105    2    0.028    2    1   1    1.21
54    1    0.009    1    1   1    2.40
5    1    0.028    1    1   1    0.81
101    2    -0.028    1    2   1    2.28
40    1    0.028    1    1   1    2.53
29    1    0.009    1    1   1    5.15
139    2    0.009    2    1   1    2.28
3    1    0.000    1    1   1    7.26
83    2    0.000    1    2   0    9.54
47    1    -0.009    2    2   1    8.45
73    1    0.000    2    2   0    17.15
106    2    -0.028    1    2   1    0.98
113    2    0.000    2    1   1    1.41
81    2    -0.028    1    2   1    1.17
86    2    -0.028    1    2   1    0.93
69    1    0.009    2    2   0    1.52
27    1    -0.009    2    2   1    1.09
123    2    0.000    2    1   1    2.88
118    2    0.000    1    2   0    1.47
12    1    -0.009    2    2   1    4.34
109    2    0.009    2    1   1    2.11
9    1    0.009    2    2   0    3.03
140    2    0.028    2    1   1    0.96
126    2    -0.028    1    2   1    2.25
39    1    0.009    1    1   1    2.00
62    1    -0.009    2    2   1    0.84
114    2    0.009    2    1   1    0.84
85    2    0.028    2    1   1    1.31
99    2    0.009    2    1   1    6.80
78    2    0.000    2    1   1    2.81
36    1    -0.028    2    2   1    2.70
63    1    0.000    2    2   0    1.88
49    1    0.009    1    1   1    5.96
67    1    -0.009    2    2   1    1.45
38    1    0.000    1    1   1    1.53
17    1    -0.009    2    2   1    0.73
68    1    0.000    2    2   0    4.31
57    1    -0.009    2    2   1    0.79
120    2    0.028    2    1   1    0.95
125    2    0.028    2    1   1    2.34
131    2    -0.028    1    2   1    0.86
96    2    -0.028    1    2   1    1.00
16    1    -0.028    2    2   1    0.59
110    2    0.028    2    1   1    0.66
76    2    -0.028    1    2   1    1.36
35    1    0.028    1    1   1    0.83
136    2    -0.028    1    2   1    1.91
1    1    -0.028    2    2   1    0.91
90    2    0.028    2    1   1    0.64
148    2    0.000    2    1   1    4.30
137    2    -0.009    1    2   1    1.87
71    1    -0.028    2    2   1    0.62
94    2    0.009    2    1   1    1.93
22    1    -0.009    2    2   1    1.22
70    1    0.028    1    1   1    1.03
2    1    -0.009    2    2   1    1.50
28    1    0.000    1    1   1    12.98
115    2    0.028    2    1   1    0.64
24    1    0.009    1    1   1    2.73
7    1    -0.009    2    2   1    0.74
