--------------------------------
08-Jul-2014 11:07:34 
data from observer T02 
#occlusion2 expt 
reference disparity (degrees) 0.160000 

stim order disp kresp testresp correct time
1    2    0.074    2    1   1    3.44
2    1    -0.069    1    1   0    5.09
3    1    -0.079    1    1   0    3.31
4    1    0.088    2    2   0    4.58
5    2    0.097    1    2   0    2.67
6    2    0.106    1    2   0    3.13
7    2    -0.115    1    2   1    3.27
8    1    -0.115    2    2   1    5.03
9    2    0.111    1    2   0    2.16
10    2    -0.120    1    2   1    4.61
11    2    0.120    1    2   0    2.91
12    2    0.129    1    2   0    3.35
13    2    -0.139    2    1   0    2.95
14    1    0.148    1    1   1    4.39
15    1    -0.148    1    1   0    4.97
16    1    -0.148    1    1   0    4.93
17    1    -0.148    1    1   0    6.60
18    2    -0.148    1    2   1    6.09
19    2    0.148    1    2   0    3.59
20    2    -0.148    2    1   0    14.16
21    1    -0.148    1    1   0    5.48
22    1    -0.148    1    1   0    3.61
23    1    -0.148    2    2   1    2.70
24    2    0.148    1    2   0    13.78
25    2    0.148    2    1   1    4.43
26    1    -0.148    2    2   1    3.32
27    2    0.143    2    1   1    5.37
28    2    0.143    2    1   1    1.11
29    2    0.139    2    1   1    1.10
30    1    0.139    2    2   0    1.54
31    1    -0.148    1    1   0    1.57
32    1    0.148    2    2   0    1.57
33    2    -0.148    2    1   0    2.22
34    1    -0.148    2    2   1    1.58
35    1    -0.148    2    2   1    0.96
36    2    -0.143    2    1   0    5.74
37    2    0.148    2    1   1    2.53
38    1    -0.148    2    2   1    1.61
39    2    -0.143    1    2   1    1.97
40    1    -0.143    2    2   1    5.04
41    1    -0.139    2    2   1    1.62
42    1    -0.139    2    2   1    3.11
43    2    0.134    2    1   1    2.03
44    2    0.134    2    1   1    1.61
45    1    0.129    2    2   0    1.50
46    2    0.139    2    1   1    0.78
47    1    -0.139    2    2   1    0.80
48    1    0.134    1    1   1    4.45
49    1    0.134    1    1   1    3.92
50    2    -0.129    1    2   1    0.73
-------------------------
Final staircase threshold estimate (mean) is 0.1348
-------------------------
51    1    -0.148    2    2   1    3.47
67    1    -0.134    2    2   1    0.71
18    1    0.000    2    2   0    0.72
56    1    -0.148    2    2   1    0.96
60    1    0.148    1    1   1    1.15
6    1    -0.148    2    2   1    2.06
133    2    0.000    2    1   1    4.97
42    1    -0.134    2    2   1    2.73
121    2    -0.148    1    2   1    1.40
11    1    -0.148    2    2   1    0.83
81    2    -0.148    1    2   1    1.81
84    2    0.134    2    1   1    1.47
119    2    0.134    2    1   1    2.01
143    2    0.000    1    2   0    4.67
1    1    -0.148    2    2   1    0.78
123    2    0.000    2    1   1    2.38
57    1    -0.134    2    2   1    1.94
49    1    0.134    1    1   1    1.63
88    2    0.000    2    1   1    2.00
41    1    -0.148    2    2   1    0.75
93    2    0.000    2    1   1    6.64
54    1    0.134    1    1   1    0.98
96    2    -0.148    1    2   1    1.45
50    1    0.148    1    1   1    0.71
110    2    0.148    2    1   1    1.80
145    2    0.148    2    1   1    0.79
32    1    -0.134    2    2   1    0.66
31    1    -0.148    2    2   1    0.82
39    1    0.134    1    1   1    0.95
45    1    0.148    1    1   1    0.73
63    1    0.000    2    2   0    0.63
73    1    0.000    2    2   0    1.19
126    2    -0.148    1    2   1    0.69
104    2    0.134    2    1   1    0.86
130    2    0.148    2    1   1    0.65
82    2    -0.134    1    2   1    0.75
131    2    -0.148    1    2   1    1.14
139    2    0.134    2    1   1    0.78
102    2    -0.134    1    2   1    1.49
77    2    -0.134    1    2   1    0.77
24    1    0.134    1    1   1    9.08
148    2    0.000    2    1   1    1.30
105    2    0.148    2    1   1    0.65
16    1    -0.148    2    2   1    5.61
90    2    0.148    2    1   1    1.59
147    2    -0.134    1    2   1    0.86
79    2    0.134    2    1   1    0.54
19    1    0.134    1    1   1    0.55
129    2    0.134    2    1   1    0.55
71    1    -0.148    2    2   1    0.60
68    1    0.000    1    1   1    1.66
124    2    0.134    2    1   1    0.83
138    2    0.000    1    2   0    1.12
115    2    0.148    2    1   1    0.59
46    1    -0.148    2    2   1    0.62
52    1    -0.134    2    2   1    0.71
30    1    0.148    1    1   1    0.73
15    1    0.148    1    1   1    0.71
89    2    0.134    2    1   1    0.62
29    1    0.134    1    1   1    0.63
142    2    -0.134    1    2   1    1.30
101    2    -0.148    1    2   1    1.86
22    1    -0.134    2    2   1    0.72
91    2    -0.148    1    2   1    3.92
53    1    0.000    2    2   0    4.36
61    1    -0.148    2    2   1    0.69
23    1    0.000    2    2   0    2.77
9    1    0.134    1    1   1    1.15
37    1    -0.134    2    2   1    0.96
27    1    -0.134    2    2   1    1.31
150    2    0.148    2    1   1    0.89
111    2    -0.148    1    2   1    1.15
122    2    -0.134    1    2   1    0.88
35    1    0.148    1    1   1    1.73
85    2    0.148    2    1   1    0.68
146    2    -0.148    1    2   1    0.63
7    1    -0.134    2    2   1    0.82
21    1    -0.148    2    2   1    0.62
38    1    0.000    2    2   0    6.67
48    1    0.000    2    2   0    1.02
14    1    0.134    1    1   1    0.88
144    2    0.134    2    1   1    2.03
97    2    -0.134    1    2   1    0.74
103    2    0.000    1    2   0    3.06
74    1    0.134    1    1   1    0.95
92    2    -0.134    1    2   1    0.71
40    1    0.148    1    1   1    0.90
118    2    0.000    2    1   1    2.53
44    1    0.134    1    1   1    0.73
135    2    0.148    2    1   1    3.45
112    2    -0.134    1    2   1    0.83
66    1    -0.148    2    2   1    1.75
47    1    -0.134    2    2   1    2.29
72    1    -0.134    2    2   1    0.65
95    2    0.148    2    1   1    3.48
114    2    0.134    2    1   1    0.90
55    1    0.148    1    1   1    0.84
70    1    0.148    1    1   1    0.70
78    2    0.000    1    2   0    10.09
43    1    0.000    1    1   1    1.79
134    2    0.134    2    1   1    2.87
100    2    0.148    2    1   1    0.78
128    2    0.000    1    2   0    1.22
17    1    -0.134    2    2   1    0.72
34    1    0.134    1    1   1    2.52
149    2    0.134    2    1   1    3.93
87    2    -0.134    1    2   1    0.95
116    2    -0.148    1    2   1    1.14
136    2    -0.148    1    2   1    0.73
132    2    -0.134    1    2   1    0.71
99    2    0.134    2    1   1    1.57
108    2    0.000    1    2   0    9.82
86    2    -0.148    1    2   1    0.86
141    2    -0.148    1    2   1    0.71
83    2    0.000    1    2   0    4.81
125    2    0.148    2    1   1    0.74
65    1    0.148    1    1   1    0.65
117    2    -0.134    1    2   1    1.20
36    1    -0.148    2    2   1    2.82
33    1    0.000    2    2   0    6.90
64    1    0.134    1    1   1    3.59
76    2    -0.148    1    2   1    0.78
62    1    -0.134    2    2   1    2.16
5    1    0.148    1    1   1    2.12
10    1    0.148    1    1   1    1.34
3    1    0.000    1    1   1    4.83
140    2    0.148    2    1   1    4.44
127    2    -0.134    1    2   1    1.01
107    2    -0.134    1    2   1    0.66
69    1    0.134    1    1   1    3.45
2    1    -0.134    2    2   1    1.17
94    2    0.134    2    1   1    0.66
106    2    -0.148    1    2   1    0.84
113    2    0.000    1    2   0    22.20
120    2    0.148    2    1   1    3.12
20    1    0.148    1    1   1    4.00
13    1    0.000    2    2   0    10.33
109    2    0.134    2    1   1    5.41
98    2    0.000    2    1   1    9.03
25    1    0.148    1    1   1    2.75
58    1    0.000    1    1   1    3.92
59    1    0.134    1    1   1    2.39
137    2    -0.134    1    2   1    2.72
75    2    0.148    2    1   1    2.24
26    1    -0.148    2    2   1    0.96
80    2    0.148    2    1   1    2.99
12    1    -0.134    2    2   1    1.61
28    1    0.000    2    2   0    11.11
8    1    0.000    2    2   0    9.05
4    1    0.134    1    1   1    3.39
