--------------------------------
08-Jul-2014 10:56:15 
data from observer T02 
#occlusion2 expt 
reference disparity (degrees) 0.160000 

stim order disp kresp testresp correct time
1    2    -0.074    2    1   0    2.00
2    1    -0.083    1    1   0    0.95
3    2    0.092    1    2   0    0.76
4    2    -0.102    2    1   0    0.84
5    2    0.111    1    2   0    0.64
6    1    0.120    1    1   1    0.86
7    2    -0.115    1    2   1    0.67
8    1    -0.115    1    1   0    1.95
9    2    -0.125    2    1   0    1.08
10    1    0.134    2    2   0    2.00
11    2    0.143    1    2   0    2.27
12    2    0.148    1    2   0    3.00
13    1    -0.148    2    2   1    1.16
14    1    -0.148    2    2   1    0.74
15    2    0.143    1    2   0    1.99
16    2    0.148    2    1   1    1.31
17    2    -0.148    2    1   0    0.93
18    2    -0.148    2    1   0    1.19
19    1    -0.148    2    2   1    1.51
20    2    0.148    2    1   1    3.41
21    2    -0.143    2    1   0    1.04
22    2    -0.148    2    1   0    2.14
23    1    0.148    1    1   1    2.62
24    1    -0.148    1    1   0    0.67
25    2    0.148    1    2   0    2.01
26    2    -0.148    1    2   1    1.61
27    1    0.148    2    2   0    2.29
28    1    0.148    2    2   0    2.12
29    1    0.148    1    1   1    1.18
30    2    -0.148    2    1   0    1.08
31    2    -0.148    1    2   1    1.94
32    1    0.148    2    2   0    3.66
33    2    0.148    1    2   0    4.53
34    2    0.148    2    1   1    1.04
35    2    -0.148    2    1   0    0.84
36    1    0.148    2    2   0    0.90
37    1    0.148    2    2   0    0.85
38    1    -0.148    2    2   1    0.74
39    1    0.148    1    1   1    3.17
40    1    -0.143    1    1   0    0.96
41    1    -0.148    1    1   0    0.97
42    1    0.148    1    1   1    2.51
43    1    -0.148    2    2   1    2.36
44    2    -0.143    2    1   0    1.72
45    1    -0.148    2    2   1    0.93
46    1    -0.148    2    2   1    2.66
47    2    0.143    1    2   0    4.03
48    2    0.148    2    1   1    0.84
49    2    -0.148    2    1   0    1.04
50    2    0.148    1    2   0    1.23
-------------------------
Final staircase threshold estimate (mean) is 0.1468
-------------------------
26    1    -0.148    2    2   1    3.72
49    1    0.148    2    2   0    0.69
87    2    -0.148    1    2   1    1.76
55    1    0.148    2    2   0    4.98
4    1    0.148    1    1   1    5.45
13    1    0.000    2    2   0    0.98
59    1    0.148    1    1   1    3.08
69    1    0.148    1    1   1    5.00
122    2    -0.148    1    2   1    1.57
148    2    0.000    2    1   1    4.70
93    2    0.000    2    1   1    0.82
144    2    0.148    2    1   1    0.78
119    2    0.148    1    2   0    6.45
108    2    0.000    2    1   1    3.93
85    2    0.148    2    1   1    5.01
42    1    -0.148    2    2   1    7.06
133    2    0.000    2    1   1    2.17
132    2    -0.148    2    1   0    2.53
68    1    0.000    2    2   0    4.00
39    1    0.148    2    2   0    4.55
83    2    0.000    1    2   0    6.04
43    1    0.000    2    2   0    3.69
80    2    0.148    1    2   0    4.04
18    1    0.000    2    2   0    7.27
107    2    -0.148    1    2   1    4.33
23    1    0.000    2    2   0    5.68
7    1    -0.148    2    2   1    1.45
74    1    0.148    1    1   1    3.08
9    1    0.148    1    1   1    0.78
25    1    0.148    1    1   1    0.85
75    2    0.148    1    2   0    0.70
44    1    0.148    1    1   1    0.70
96    2    -0.148    1    2   1    1.28
114    2    0.148    1    2   0    2.59
90    2    0.148    1    2   0    2.18
103    2    0.000    1    2   0    1.67
16    1    -0.148    2    2   1    3.68
17    1    -0.148    2    2   1    1.19
109    2    0.148    2    1   1    0.89
143    2    0.000    2    1   1    0.95
48    1    0.000    2    2   0    1.52
134    2    0.148    2    1   1    0.84
79    2    0.148    2    1   1    0.82
15    1    0.148    2    2   0    0.74
101    2    -0.148    1    2   1    2.11
51    1    -0.148    2    2   1    1.78
71    1    -0.148    2    2   1    0.80
150    2    0.148    2    1   1    1.18
32    1    -0.148    2    2   1    0.70
139    2    0.148    2    1   1    3.82
138    2    0.000    2    1   1    1.31
27    1    -0.148    2    2   1    3.00
129    2    0.148    2    1   1    0.71
120    2    0.148    2    1   1    4.99
10    1    0.148    1    1   1    5.58
8    1    0.000    2    2   0    11.46
76    2    -0.148    1    2   1    2.33
41    1    -0.148    2    2   1    1.38
24    1    0.148    1    1   1    4.54
66    1    -0.148    2    2   1    1.56
82    2    -0.148    1    2   1    0.81
78    2    0.000    2    1   1    3.47
54    1    0.148    1    1   1    1.72
81    2    -0.148    1    2   1    0.83
117    2    -0.148    1    2   1    0.99
11    1    -0.148    2    2   1    1.34
46    1    -0.148    2    2   1    0.60
84    2    0.148    2    1   1    0.70
31    1    -0.148    2    2   1    0.82
2    1    -0.148    2    2   1    0.92
91    2    -0.148    1    2   1    1.19
60    1    0.148    1    1   1    0.95
130    2    0.148    2    1   1    0.81
94    2    0.148    2    1   1    0.74
33    1    0.000    1    1   1    2.54
40    1    0.148    1    1   1    1.25
100    2    0.148    2    1   1    0.72
121    2    -0.148    1    2   1    0.78
135    2    0.148    2    1   1    0.65
125    2    0.148    2    1   1    4.57
50    1    0.148    1    1   1    0.98
5    1    0.148    1    1   1    1.29
30    1    0.148    1    1   1    0.68
12    1    -0.148    2    2   1    1.19
14    1    0.148    1    1   1    0.85
124    2    0.148    2    1   1    1.31
92    2    -0.148    1    2   1    1.01
88    2    0.000    2    1   1    5.12
115    2    0.148    2    1   1    0.71
36    1    -0.148    2    2   1    0.57
67    1    -0.148    2    2   1    0.56
61    1    -0.148    2    2   1    0.98
149    2    0.148    2    1   1    0.71
146    2    -0.148    1    2   1    0.85
72    1    -0.148    2    2   1    0.55
106    2    -0.148    1    2   1    0.71
86    2    -0.148    1    2   1    0.77
105    2    0.148    2    1   1    0.60
29    1    0.148    1    1   1    0.41
142    2    -0.148    1    2   1    0.79
95    2    0.148    2    1   1    0.54
38    1    0.000    2    2   0    4.89
64    1    0.148    1    1   1    1.70
56    1    -0.148    2    2   1    0.80
45    1    0.148    1    1   1    1.06
62    1    -0.148    2    2   1    0.80
47    1    -0.148    2    2   1    0.68
28    1    0.000    2    2   0    3.35
112    2    -0.148    1    2   1    0.97
137    2    -0.148    1    2   1    0.77
6    1    -0.148    2    2   1    0.67
63    1    0.000    2    2   0    2.99
113    2    0.000    1    2   0    1.80
123    2    0.000    2    1   1    0.99
65    1    0.148    1    1   1    0.98
22    1    -0.148    2    2   1    0.57
102    2    -0.148    1    2   1    4.88
37    1    -0.148    2    2   1    1.03
131    2    -0.148    1    2   1    0.71
34    1    0.148    2    2   0    0.49
35    1    0.148    1    1   1    0.82
128    2    0.000    2    1   1    1.44
89    2    0.148    2    1   1    0.64
116    2    -0.148    1    2   1    0.68
21    1    -0.148    2    2   1    0.59
126    2    -0.148    1    2   1    0.77
97    2    -0.148    1    2   1    0.84
57    1    -0.148    2    2   1    0.55
145    2    0.148    2    1   1    0.59
99    2    0.148    2    1   1    0.62
140    2    0.148    2    1   1    0.79
1    1    -0.148    2    2   1    0.87
110    2    0.148    2    1   1    0.57
127    2    -0.148    1    2   1    0.69
3    1    0.000    1    1   1    6.98
53    1    0.000    2    2   0    1.07
111    2    -0.148    1    2   1    0.76
141    2    -0.148    1    2   1    0.59
77    2    -0.148    1    2   1    0.73
20    1    0.148    1    1   1    0.68
52    1    -0.148    2    2   1    0.84
147    2    -0.148    1    2   1    1.31
19    1    0.148    1    1   1    0.90
104    2    0.148    2    1   1    0.69
73    1    0.000    2    2   0    1.62
98    2    0.000    2    1   1    1.04
58    1    0.000    2    2   0    5.28
136    2    -0.148    1    2   1    0.90
70    1    0.148    1    1   1    1.40
118    2    0.000    2    1   1    2.03
