--------------------------------
08-Jul-2014 13:41:23 
data from observer T02 
#occlusion2 expt 
reference disparity (degrees) 0.160000 

stim order disp kresp testresp correct time
1    2    0.074    1    2   1    2.54
2    2    -0.069    2    1   1    2.26
3    2    -0.065    2    1   1    2.12
4    2    -0.060    2    1   1    1.49
5    2    -0.055    2    1   1    1.37
6    2    -0.051    2    1   1    0.70
7    1    -0.046    1    1   1    1.50
8    2    0.042    1    2   1    2.43
9    1    0.037    2    2   1    1.97
10    2    -0.032    2    1   1    3.49
11    2    -0.028    2    1   1    0.73
12    1    0.023    2    2   1    0.71
13    2    0.018    1    2   1    2.02
14    1    0.014    2    2   1    0.92
15    2    -0.009    2    1   1    4.37
16    2    0.005    2    1   0    1.89
17    1    0.014    2    2   1    0.92
18    2    0.014    1    2   1    2.65
19    2    0.009    2    1   0    4.18
20    2    -0.018    2    1   1    2.58
21    1    -0.018    1    1   1    4.49
22    1    0.014    2    2   1    0.82
23    1    -0.014    2    2   0    1.06
24    1    0.023    2    2   1    0.79
25    2    0.023    1    2   1    1.22
26    2    -0.018    2    1   1    0.82
27    1    0.018    2    2   1    0.85
28    2    0.014    1    2   1    1.76
29    1    -0.014    1    1   1    1.49
30    1    0.009    2    2   1    0.81
31    1    0.009    2    2   1    0.89
32    2    -0.005    2    1   1    0.56
33    2    -0.005    2    1   1    0.87
34    2    0.005    2    1   0    1.09
35    1    0.014    2    2   1    2.26
36    1    -0.014    1    1   1    5.34
37    2    0.009    1    2   1    2.03
38    1    0.009    2    2   1    0.97
39    1    -0.005    1    1   1    8.67
40    2    -0.005    2    1   1    0.78
41    2    -0.005    2    1   1    0.85
42    2    0.005    1    2   1    3.22
43    2    -0.005    2    1   1    1.96
44    1    -0.005    1    1   1    6.79
45    1    0.005    2    2   1    1.99
46    2    -0.005    2    1   1    0.88
47    1    0.005    2    2   1    1.93
48    2    0.005    1    2   1    1.96
49    1    0.005    1    1   0    2.88
50    1    -0.014    1    1   1    1.29
-------------------------
Final staircase threshold estimate (mean) is 0.0055
-------------------------
53    1    0.000    2    2   0    12.97
95    2    0.014    1    2   0    0.94
125    2    0.014    1    2   0    2.00
107    2    -0.005    2    1   0    3.93
116    2    -0.014    2    1   0    1.11
39    1    0.005    2    2   0    1.63
67    1    -0.005    1    1   0    2.79
109    2    0.005    1    2   0    0.88
128    2    0.000    2    1   1    2.64
140    2    0.014    1    2   0    2.49
14    1    0.005    2    2   0    2.56
111    2    -0.014    2    1   0    0.84
13    1    0.000    2    2   0    13.05
130    2    0.014    1    2   0    2.08
72    1    -0.005    1    1   0    6.42
76    2    -0.014    2    1   0    2.87
20    1    0.014    2    2   0    0.67
58    1    0.000    2    2   0    3.05
122    2    -0.005    2    1   0    3.42
129    2    0.005    1    2   0    6.38
47    1    -0.005    2    2   1    0.75
86    2    -0.014    2    1   0    1.84
48    1    0.000    2    2   0    2.46
133    2    0.000    2    1   1    0.95
108    2    0.000    2    1   1    2.66
104    2    0.005    1    2   0    5.25
102    2    -0.005    2    1   0    2.04
16    1    -0.014    1    1   0    1.83
91    2    -0.014    2    1   0    1.28
64    1    0.005    2    2   0    4.54
6    1    -0.014    1    1   0    1.66
11    1    -0.014    1    1   0    0.96
100    2    0.014    1    2   0    1.12
77    2    -0.005    2    1   0    0.88
29    1    0.005    1    1   1    1.40
93    2    0.000    2    1   1    7.29
139    2    0.005    1    2   0    1.98
75    2    0.014    1    2   0    1.20
94    2    0.005    1    2   0    1.29
117    2    -0.005    2    1   0    1.03
46    1    -0.014    1    1   0    1.08
132    2    -0.005    2    1   0    2.46
138    2    0.000    2    1   1    1.35
147    2    -0.005    2    1   0    3.94
97    2    -0.005    2    1   0    2.18
15    1    0.014    2    2   0    1.03
5    1    0.014    2    2   0    0.73
12    1    -0.005    1    1   0    2.58
96    2    -0.014    2    1   0    0.88
36    1    -0.014    1    1   0    1.21
52    1    -0.005    1    1   0    2.17
82    2    -0.005    2    1   0    1.29
45    1    0.014    2    2   0    4.98
37    1    -0.005    1    1   0    1.25
19    1    0.005    2    2   0    10.39
55    1    0.014    2    2   0    1.79
115    2    0.014    1    2   0    3.57
42    1    -0.005    1    1   0    2.83
38    1    0.000    1    1   1    2.66
101    2    -0.014    2    1   0    1.04
70    1    0.014    2    2   0    1.65
99    2    0.005    1    2   0    4.67
32    1    -0.005    1    1   0    1.19
25    1    0.014    1    1   1    2.45
43    1    0.000    1    1   1    1.48
71    1    -0.014    1    1   0    2.10
62    1    -0.005    1    1   0    1.09
113    2    0.000    1    2   0    1.67
44    1    0.005    1    1   1    0.67
81    2    -0.014    1    2   1    1.53
22    1    -0.005    1    1   0    1.97
127    2    -0.005    1    2   1    1.14
143    2    0.000    1    2   0    2.13
50    1    0.014    1    1   1    1.19
4    1    0.005    1    1   1    1.65
142    2    -0.005    1    2   1    1.93
30    1    0.014    2    2   0    5.34
61    1    -0.014    2    2   1    0.93
28    1    0.000    2    2   0    0.81
134    2    0.005    1    2   0    1.29
119    2    0.005    1    2   0    1.42
65    1    0.014    2    2   0    3.37
84    2    0.005    1    2   0    1.84
41    1    -0.014    1    1   0    2.37
73    1    0.000    1    1   1    2.33
60    1    0.014    2    2   0    2.61
150    2    0.014    1    2   0    0.96
98    2    0.000    1    2   0    7.32
59    1    0.005    2    2   0    6.59
131    2    -0.014    1    2   1    2.24
54    1    0.005    2    2   0    1.25
136    2    -0.014    2    1   0    3.22
66    1    -0.014    1    1   0    4.59
80    2    0.014    1    2   0    3.48
27    1    -0.005    1    1   0    7.34
40    1    0.014    2    2   0    1.86
83    2    0.000    2    1   1    6.31
68    1    0.000    2    2   0    4.77
56    1    -0.014    1    1   0    4.37
26    1    -0.014    1    1   0    7.74
141    2    -0.014    2    1   0    2.80
85    2    0.014    1    2   0    6.42
112    2    -0.005    2    1   0    10.00
78    2    0.000    2    1   1    3.93
10    1    0.014    2    2   0    1.57
87    2    -0.005    2    1   0    3.58
148    2    0.000    2    1   1    4.65
17    1    -0.005    1    1   0    1.93
126    2    -0.014    2    1   0    5.07
105    2    0.014    1    2   0    6.52
88    2    0.000    2    1   1    5.69
2    1    -0.005    2    2   1    1.65
24    1    0.005    2    2   0    3.37
34    1    0.005    2    2   0    10.40
23    1    0.000    2    2   0    4.72
137    2    -0.005    2    1   0    3.86
118    2    0.000    1    2   0    1.32
79    2    0.005    1    2   0    7.36
33    1    0.000    1    1   1    4.50
124    2    0.005    1    2   0    2.47
121    2    -0.014    2    1   0    4.10
51    1    -0.014    1    1   0    1.53
31    1    -0.014    2    2   1    0.99
106    2    -0.014    2    1   0    0.97
8    1    0.000    2    2   0    0.92
149    2    0.005    1    2   0    2.49
146    2    -0.014    2    1   0    2.26
21    1    -0.014    1    1   0    3.35
114    2    0.005    2    1   1    1.00
110    2    0.014    1    2   0    1.12
90    2    0.014    1    2   0    3.72
103    2    0.000    1    2   0    2.05
69    1    0.005    2    2   0    4.04
57    1    -0.005    2    2   1    0.80
144    2    0.005    2    1   1    1.05
120    2    0.014    1    2   0    1.39
3    1    0.000    2    2   0    0.79
74    1    0.005    2    2   0    1.60
18    1    0.000    2    2   0    0.81
89    2    0.005    1    2   0    9.20
135    2    0.014    1    2   0    0.77
49    1    0.005    1    1   1    1.91
92    2    -0.005    1    2   1    1.17
9    1    0.005    1    1   1    1.55
35    1    0.014    2    2   0    1.67
7    1    -0.005    2    2   1    1.39
145    2    0.014    1    2   0    1.87
63    1    0.000    1    1   1    3.55
123    2    0.000    2    1   1    2.19
1    1    -0.014    1    1   0    1.17
