--------------------------------
08-Jul-2014 14:03:45 
data from observer T02 
#occlusion2 expt 
reference disparity (degrees) 0.160000 

stim order disp kresp testresp correct time
1    2    0.074    1    2   1    7.93
2    2    0.069    1    2   1    3.96
3    2    -0.065    2    1   1    3.66
4    1    0.060    2    2   1    4.47
5    2    -0.055    2    1   1    0.92
6    1    0.051    2    2   1    2.79
7    1    0.046    2    2   1    8.63
8    2    0.042    2    1   0    2.15
9    1    -0.051    1    1   1    1.80
10    1    0.051    2    2   1    4.24
11    1    -0.046    2    2   0    5.20
12    1    -0.055    1    1   1    3.69
13    1    0.055    2    2   1    2.84
14    1    -0.051    2    2   0    1.21
15    1    0.060    2    2   1    0.82
16    1    -0.060    1    1   1    5.89
17    2    -0.055    2    1   1    4.30
18    2    -0.055    2    1   1    1.53
19    2    -0.051    2    1   1    1.67
20    2    0.051    1    2   1    1.40
21    1    0.046    2    2   1    1.62
22    1    0.046    2    2   1    2.76
23    1    0.042    2    2   1    2.70
24    2    0.042    2    1   0    1.45
25    2    -0.051    2    1   1    2.47
26    2    -0.051    2    1   1    7.86
27    1    -0.046    1    1   1    3.92
28    1    -0.046    1    1   1    0.76
29    2    -0.042    2    1   1    0.77
30    1    0.042    2    2   1    0.71
31    1    -0.037    1    1   1    1.10
32    1    -0.037    1    1   1    1.13
33    2    0.032    1    2   1    1.21
34    2    -0.032    2    1   1    0.94
35    1    -0.028    1    1   1    2.39
36    2    -0.028    2    1   1    0.74
37    2    0.023    1    2   1    1.92
38    1    -0.023    1    1   1    1.39
39    2    0.018    1    2   1    1.01
40    1    -0.018    1    1   1    0.77
41    1    -0.014    1    1   1    2.72
42    1    -0.014    1    1   1    0.88
43    1    0.009    2    2   1    1.21
44    1    -0.009    1    1   1    4.72
45    2    0.005    1    2   1    1.06
46    2    0.005    1    2   1    0.81
47    2    0.005    1    2   1    3.82
48    2    -0.005    2    1   1    3.62
49    1    -0.005    1    1   1    1.18
50    1    -0.005    1    1   1    1.28
-------------------------
Final staircase threshold estimate (mean) is 0.0074
-------------------------
68    1    0.000    2    2   0    5.10
53    1    0.000    2    2   0    2.27
144    2    0.009    1    2   0    1.56
48    1    0.000    2    2   0    1.17
52    1    -0.009    2    2   1    1.58
27    1    -0.009    1    1   0    3.13
46    1    -0.018    1    1   0    0.81
4    1    0.009    2    2   0    1.92
30    1    0.018    2    2   0    1.04
77    2    -0.009    2    1   0    5.93
69    1    0.009    2    2   0    1.00
111    2    -0.018    2    1   0    1.53
21    1    -0.018    1    1   0    0.83
130    2    0.018    2    1   1    0.71
135    2    0.018    1    2   0    1.91
13    1    0.000    2    2   0    0.78
59    1    0.009    1    1   1    1.26
141    2    -0.018    2    1   0    0.74
36    1    -0.018    1    1   0    0.83
150    2    0.018    1    2   0    0.74
99    2    0.009    1    2   0    0.63
12    1    -0.009    1    1   0    1.27
10    1    0.018    2    2   0    1.86
55    1    0.018    2    2   0    1.94
128    2    0.000    1    2   0    4.07
37    1    -0.009    1    1   0    2.22
129    2    0.009    2    1   1    1.15
76    2    -0.018    2    1   0    1.15
104    2    0.009    1    2   0    0.79
32    1    -0.009    1    1   0    2.97
7    1    -0.009    1    1   0    0.86
140    2    0.018    1    2   0    0.68
22    1    -0.009    2    2   1    0.71
17    1    -0.009    1    1   0    3.01
62    1    -0.009    1    1   0    2.72
115    2    0.018    1    2   0    1.22
121    2    -0.018    2    1   0    0.85
34    1    0.009    2    2   0    1.42
18    1    0.000    2    2   0    2.15
14    1    0.009    2    2   0    1.27
108    2    0.000    2    1   1    5.22
15    1    0.018    2    2   0    0.88
41    1    -0.018    1    1   0    0.88
63    1    0.000    2    2   0    0.94
31    1    -0.018    1    1   0    1.11
57    1    -0.009    1    1   0    1.15
74    1    0.009    2    2   0    1.20
98    2    0.000    2    1   1    3.73
139    2    0.009    1    2   0    1.38
40    1    0.018    2    2   0    1.33
16    1    -0.018    1    1   0    1.21
110    2    0.018    1    2   0    1.50
145    2    0.018    1    2   0    0.75
47    1    -0.009    1    1   0    0.85
65    1    0.018    2    2   0    0.94
33    1    0.000    1    1   1    0.96
146    2    -0.018    2    1   0    1.91
95    2    0.018    1    2   0    1.53
61    1    -0.018    1    1   0    3.22
90    2    0.018    1    2   0    3.03
70    1    0.018    2    2   0    3.86
58    1    0.000    1    1   1    1.72
126    2    -0.018    2    1   0    1.24
64    1    0.009    2    2   0    0.74
124    2    0.009    2    1   1    0.80
103    2    0.000    1    2   0    3.06
109    2    0.009    2    1   1    4.96
136    2    -0.018    2    1   0    0.94
86    2    -0.018    2    1   0    1.15
83    2    0.000    2    1   1    7.85
122    2    -0.009    2    1   0    1.11
114    2    0.009    1    2   0    1.24
143    2    0.000    1    2   0    2.13
120    2    0.018    1    2   0    2.65
26    1    -0.018    1    1   0    0.85
51    1    -0.018    1    1   0    2.37
101    2    -0.018    2    1   0    0.81
149    2    0.009    2    1   1    1.73
112    2    -0.009    2    1   0    2.52
23    1    0.000    2    2   0    2.63
119    2    0.009    1    2   0    2.52
107    2    -0.009    2    1   0    1.93
39    1    0.009    2    2   0    4.75
73    1    0.000    2    2   0    1.36
5    1    0.018    2    2   0    1.53
42    1    -0.009    2    2   1    2.27
28    1    0.000    2    2   0    1.52
67    1    -0.009    1    1   0    2.24
105    2    0.018    1    2   0    1.22
125    2    0.018    1    2   0    0.76
142    2    -0.009    2    1   0    2.15
66    1    -0.018    1    1   0    0.84
49    1    0.009    2    2   0    0.70
131    2    -0.018    1    2   1    0.84
2    1    -0.009    1    1   0    0.78
19    1    0.009    2    2   0    0.60
78    2    0.000    1    2   0    0.56
44    1    0.009    2    2   0    0.71
43    1    0.000    1    1   1    1.45
11    1    -0.018    1    1   0    0.59
134    2    0.009    1    2   0    0.71
127    2    -0.009    2    1   0    0.93
91    2    -0.018    2    1   0    0.93
79    2    0.009    1    2   0    7.03
81    2    -0.018    2    1   0    3.99
118    2    0.000    2    1   1    7.41
71    1    -0.018    2    2   1    1.58
50    1    0.018    2    2   0    1.08
60    1    0.018    2    2   0    1.68
25    1    0.018    2    2   0    0.90
147    2    -0.009    2    1   0    1.46
133    2    0.000    1    2   0    1.71
117    2    -0.009    2    1   0    1.22
93    2    0.000    1    2   0    1.08
72    1    -0.009    1    1   0    0.81
100    2    0.018    1    2   0    1.59
56    1    -0.018    1    1   0    1.98
24    1    0.009    2    2   0    1.87
148    2    0.000    1    2   0    9.89
96    2    -0.018    2    1   0    4.11
138    2    0.000    1    2   0    3.56
87    2    -0.009    2    1   0    1.99
137    2    -0.009    2    1   0    1.50
29    1    0.009    2    2   0    1.12
132    2    -0.009    2    1   0    1.00
113    2    0.000    1    2   0    1.78
75    2    0.018    2    1   1    1.13
38    1    0.000    2    2   0    5.98
116    2    -0.018    2    1   0    1.54
88    2    0.000    1    2   0    6.83
80    2    0.018    1    2   0    2.87
9    1    0.009    2    2   0    2.56
106    2    -0.018    2    1   0    1.54
94    2    0.009    1    2   0    1.21
89    2    0.009    1    2   0    1.21
92    2    -0.009    2    1   0    1.17
20    1    0.018    2    2   0    1.06
82    2    -0.009    2    1   0    1.19
8    1    0.000    1    1   1    5.88
45    1    0.018    2    2   0    2.17
84    2    0.009    2    1   1    6.42
6    1    -0.018    1    1   0    1.29
102    2    -0.009    1    2   1    0.83
35    1    0.018    2    2   0    2.26
85    2    0.018    1    2   0    7.22
3    1    0.000    1    1   1    2.92
97    2    -0.009    2    1   0    5.13
54    1    0.009    2    2   0    0.96
1    1    -0.018    1    1   0    1.88
123    2    0.000    2    1   1    0.88
