--------------------------------
08-Jul-2014 11:31:53 
data from observer T02 
#occlusion2 expt 
reference disparity (degrees) 0.160000 

stim order disp kresp testresp correct time
1    1    0.074    2    2   0    5.11
2    2    0.083    2    1   1    1.37
3    2    -0.079    1    2   1    1.37
4    1    -0.079    2    2   1    2.38
5    2    0.074    2    1   1    2.43
6    2    0.074    2    1   1    0.87
7    1    -0.069    2    2   1    3.50
8    2    0.069    2    1   1    3.50
9    1    -0.065    2    2   1    4.95
10    1    0.065    1    1   1    1.47
11    2    -0.060    1    2   1    2.52
12    1    0.060    1    1   1    1.84
13    2    -0.055    1    2   1    1.47
14    1    -0.055    2    2   1    2.28
15    1    -0.051    2    2   1    1.66
16    1    0.051    1    1   1    2.27
17    2    0.046    2    1   1    1.77
18    2    -0.046    1    2   1    1.66
19    1    -0.042    2    2   1    2.29
20    1    -0.042    2    2   1    1.32
21    2    0.037    2    1   1    0.93
22    2    0.037    2    1   1    0.57
23    1    0.032    1    1   1    0.99
24    2    -0.032    1    2   1    1.47
25    1    -0.028    2    2   1    0.85
26    1    -0.028    2    2   1    1.78
27    1    0.023    1    1   1    1.16
28    2    0.023    2    1   1    0.82
29    2    0.018    1    2   0    0.98
30    2    -0.028    1    2   1    1.02
31    2    0.028    2    1   1    0.73
32    2    0.023    2    1   1    1.32
33    2    0.023    2    1   1    2.07
34    2    -0.018    1    2   1    0.99
35    2    0.018    2    1   1    0.82
36    1    -0.014    2    2   1    2.23
37    2    0.014    2    1   1    1.93
38    1    0.009    1    1   1    1.47
39    2    0.009    2    1   1    0.81
40    1    -0.005    2    2   1    5.85
41    1    -0.005    2    2   1    10.22
42    1    0.005    2    2   0    1.61
43    1    0.014    1    1   1    2.46
44    1    -0.014    2    2   1    2.47
45    1    0.009    1    1   1    4.65
46    2    -0.009    1    2   1    7.23
47    2    0.005    2    1   1    2.03
48    1    0.005    1    1   1    2.38
49    1    -0.005    2    2   1    1.03
50    1    -0.005    2    2   1    1.62
-------------------------
Final staircase threshold estimate (mean) is 0.0074
-------------------------
149    2    0.009    2    1   1    8.71
145    2    0.018    2    1   1    2.22
28    1    0.000    2    2   0    3.25
106    2    -0.018    1    2   1    0.85
130    2    0.018    2    1   1    1.69
111    2    -0.018    1    2   1    1.65
73    1    0.000    1    1   1    8.50
107    2    -0.009    1    2   1    1.85
23    1    0.000    2    2   0    0.78
58    1    0.000    2    2   0    2.49
94    2    0.009    2    1   1    3.20
46    1    -0.018    2    2   1    0.62
114    2    0.009    2    1   1    0.70
7    1    -0.009    2    2   1    0.62
92    2    -0.009    1    2   1    0.82
131    2    -0.018    1    2   1    3.28
133    2    0.000    2    1   1    2.13
132    2    -0.009    1    2   1    0.80
43    1    0.000    1    1   1    2.18
35    1    0.018    1    1   1    0.83
127    2    -0.009    1    2   1    0.71
29    1    0.009    2    2   0    1.79
108    2    0.000    1    2   0    2.26
42    1    -0.009    2    2   1    2.95
41    1    -0.018    2    2   1    0.89
12    1    -0.009    2    2   1    0.83
109    2    0.009    2    1   1    0.94
117    2    -0.009    1    2   1    2.48
6    1    -0.018    2    2   1    1.14
8    1    0.000    1    1   1    2.22
48    1    0.000    1    1   1    0.86
74    1    0.009    1    1   1    4.95
141    2    -0.018    1    2   1    0.74
129    2    0.009    2    1   1    2.71
105    2    0.018    2    1   1    3.00
52    1    -0.009    1    1   0    3.08
17    1    -0.009    2    2   1    1.93
15    1    0.018    1    1   1    1.28
27    1    -0.009    2    2   1    0.82
115    2    0.018    2    1   1    0.70
140    2    0.018    2    1   1    0.66
143    2    0.000    1    2   0    7.40
135    2    0.018    2    1   1    1.38
65    1    0.018    1    1   1    3.04
116    2    -0.018    1    2   1    4.70
120    2    0.018    2    1   1    0.77
63    1    0.000    2    2   0    3.44
144    2    0.009    2    1   1    0.70
40    1    0.018    1    1   1    0.83
118    2    0.000    2    1   1    0.80
34    1    0.009    1    1   1    1.27
3    1    0.000    1    1   1    6.88
88    2    0.000    2    1   1    0.76
87    2    -0.009    1    2   1    1.73
139    2    0.009    2    1   1    3.94
81    2    -0.018    1    2   1    0.91
36    1    -0.018    2    2   1    1.42
32    1    -0.009    2    2   1    0.89
82    2    -0.009    1    2   1    2.35
2    1    -0.009    2    2   1    4.69
56    1    -0.018    2    2   1    4.40
83    2    0.000    1    2   0    4.34
69    1    0.009    1    1   1    1.37
61    1    -0.018    2    2   1    1.19
77    2    -0.009    1    2   1    2.07
93    2    0.000    1    2   0    7.55
70    1    0.018    1    1   1    2.52
102    2    -0.009    1    2   1    7.12
45    1    0.018    2    2   0    0.82
85    2    0.018    2    1   1    4.50
101    2    -0.018    1    2   1    2.56
112    2    -0.009    1    2   1    3.30
21    1    -0.018    2    2   1    2.87
24    1    0.009    1    1   1    1.84
11    1    -0.018    2    2   1    3.15
50    1    0.018    2    2   0    2.66
20    1    0.018    1    1   1    2.36
54    1    0.009    1    1   1    2.34
39    1    0.009    1    1   1    6.55
90    2    0.018    2    1   1    0.68
142    2    -0.009    1    2   1    1.51
51    1    -0.018    2    2   1    1.79
122    2    -0.009    1    2   1    1.24
123    2    0.000    1    2   0    0.92
37    1    -0.009    2    2   1    6.87
55    1    0.018    1    1   1    2.06
146    2    -0.018    1    2   1    2.20
59    1    0.009    1    1   1    3.93
71    1    -0.018    2    2   1    1.23
64    1    0.009    1    1   1    0.63
25    1    0.018    1    1   1    1.32
110    2    0.018    2    1   1    0.67
9    1    0.009    1    1   1    1.22
38    1    0.000    2    2   0    0.80
150    2    0.018    2    1   1    2.19
137    2    -0.009    1    2   1    2.95
62    1    -0.009    2    2   1    0.91
98    2    0.000    1    2   0    10.82
95    2    0.018    2    1   1    2.60
80    2    0.018    2    1   1    1.06
113    2    0.000    2    1   1    3.44
84    2    0.009    2    1   1    2.96
99    2    0.009    2    1   1    0.85
47    1    -0.009    2    2   1    0.85
96    2    -0.018    1    2   1    1.37
44    1    0.009    1    1   1    9.43
13    1    0.000    1    1   1    6.21
57    1    -0.009    2    2   1    3.02
124    2    0.009    2    1   1    0.69
26    1    -0.018    2    2   1    0.66
4    1    0.009    1    1   1    1.26
5    1    0.018    1    1   1    1.04
91    2    -0.018    1    2   1    1.23
30    1    0.018    1    1   1    0.64
125    2    0.018    2    1   1    0.75
121    2    -0.018    1    2   1    0.96
53    1    0.000    2    2   0    2.15
128    2    0.000    2    1   1    1.04
67    1    -0.009    2    2   1    1.03
66    1    -0.018    2    2   1    3.22
119    2    0.009    2    1   1    3.87
1    1    -0.018    2    2   1    5.35
49    1    0.009    1    1   1    1.67
103    2    0.000    1    2   0    0.68
78    2    0.000    1    2   0    15.09
104    2    0.009    2    1   1    1.51
18    1    0.000    2    2   0    5.98
10    1    0.018    2    2   0    3.24
72    1    -0.009    2    2   1    3.27
148    2    0.000    2    1   1    14.17
100    2    0.018    2    1   1    0.73
19    1    0.009    1    1   1    1.37
60    1    0.018    1    1   1    1.00
16    1    -0.018    2    2   1    0.68
138    2    0.000    2    1   1    0.78
22    1    -0.009    2    2   1    1.76
89    2    0.009    2    1   1    3.36
126    2    -0.018    1    2   1    0.70
14    1    0.009    1    1   1    1.05
97    2    -0.009    1    2   1    1.30
79    2    0.009    2    1   1    0.80
134    2    0.009    2    1   1    3.85
136    2    -0.018    1    2   1    0.69
75    2    0.018    2    1   1    0.73
76    2    -0.018    1    2   1    1.02
86    2    -0.018    1    2   1    1.70
68    1    0.000    1    1   1    1.03
147    2    -0.009    1    2   1    3.85
31    1    -0.018    2    2   1    0.76
33    1    0.000    1    1   1    0.73
