--------------------------------
14-Jul-2014 11:44:21 
data from observer T03 
#occlusion2 expt 
reference disparity (degrees) 0.160000 

stim order disp kresp testresp correct time
1    2    -0.074    2    1   1    1.09
2    1    0.069    2    2   1    1.16
3    1    -0.065    1    1   1    1.21
4    2    -0.060    2    1   1    1.00
5    2    0.055    1    2   1    1.04
6    2    -0.051    2    1   1    1.11
7    1    -0.046    1    1   1    1.07
8    2    -0.042    2    1   1    0.89
9    2    -0.037    2    1   1    1.15
10    2    0.032    1    2   1    1.13
11    2    -0.028    2    1   1    0.96
12    1    0.023    2    2   1    1.10
13    1    -0.018    1    1   1    1.01
14    2    0.014    1    2   1    1.54
15    1    0.009    2    2   1    0.80
16    2    -0.005    2    1   1    1.29
17    2    -0.005    2    1   1    2.25
18    1    -0.005    1    1   1    1.27
19    2    0.005    2    1   0    1.28
20    2    -0.014    2    1   1    1.20
21    1    0.014    2    2   1    1.11
22    2    0.009    1    2   1    1.17
23    2    0.009    1    2   1    1.96
24    1    -0.005    2    2   0    1.48
25    1    0.014    2    2   1    1.16
26    2    0.014    1    2   1    1.13
27    2    0.009    1    2   1    1.29
28    1    0.009    2    2   1    0.97
29    2    0.005    1    2   1    1.14
30    2    -0.005    2    1   1    0.97
31    1    0.005    2    2   1    1.78
32    1    0.005    2    2   1    1.55
33    1    0.005    2    2   1    1.21
34    2    0.005    1    2   1    1.04
35    1    0.005    2    2   1    0.89
36    1    0.005    1    1   0    1.63
37    2    0.014    1    2   1    1.15
38    1    0.014    2    2   1    0.94
39    2    -0.009    2    1   1    1.29
40    2    0.009    1    2   1    1.28
41    2    -0.005    2    1   1    0.84
42    1    -0.005    1    1   1    1.01
43    2    -0.005    1    2   0    2.49
44    1    -0.014    1    1   1    1.28
45    1    0.014    2    2   1    0.94
46    1    -0.009    1    1   1    1.00
47    2    -0.009    2    1   1    0.71
48    2    -0.005    1    2   0    1.66
49    2    0.014    1    2   1    1.31
50    1    0.014    2    2   1    1.03
-------------------------
Final staircase threshold estimate (mean) is 0.0092
-------------------------
14    1    0.009    2    2   0    2.31
56    1    -0.023    1    1   0    0.84
86    2    -0.023    2    1   0    0.76
68    1    0.000    2    2   0    1.97
115    2    0.023    1    2   0    1.01
77    2    -0.009    2    1   0    1.10
117    2    -0.009    2    1   0    0.94
28    1    0.000    2    2   0    1.59
70    1    0.023    2    2   0    0.90
89    2    0.009    1    2   0    0.84
101    2    -0.023    2    1   0    0.76
72    1    -0.009    1    1   0    0.90
91    2    -0.023    2    1   0    0.70
33    1    0.000    1    1   1    2.46
37    1    -0.009    1    1   0    2.85
19    1    0.009    2    2   0    0.94
83    2    0.000    2    1   1    1.44
90    2    0.023    1    2   0    1.00
8    1    0.000    1    1   1    2.56
47    1    -0.009    2    2   1    1.66
9    1    0.009    2    2   0    1.49
94    2    0.009    1    2   0    1.48
69    1    0.009    2    2   0    0.90
65    1    0.023    2    2   0    1.01
63    1    0.000    2    2   0    1.37
52    1    -0.009    1    1   0    2.22
25    1    0.023    2    2   0    0.79
116    2    -0.023    2    1   0    1.33
61    1    -0.023    1    1   0    0.91
38    1    0.000    2    2   0    0.82
54    1    0.009    2    2   0    0.88
100    2    0.023    1    2   0    1.18
36    1    -0.023    1    1   0    1.02
55    1    0.023    2    2   0    0.94
78    2    0.000    1    2   0    1.71
7    1    -0.009    1    1   0    1.87
137    2    -0.009    2    1   0    0.81
93    2    0.000    2    1   1    2.18
99    2    0.009    1    2   0    1.80
129    2    0.009    1    2   0    1.79
108    2    0.000    1    2   0    1.81
134    2    0.009    1    2   0    4.40
58    1    0.000    2    2   0    0.91
143    2    0.000    2    1   1    1.41
128    2    0.000    2    1   1    2.18
127    2    -0.009    2    1   0    0.84
57    1    -0.009    1    1   0    1.29
13    1    0.000    2    2   0    2.05
43    1    0.000    2    2   0    1.35
6    1    -0.023    1    1   0    1.18
142    2    -0.009    2    1   0    1.05
16    1    -0.023    1    1   0    1.55
76    2    -0.023    2    1   0    0.74
3    1    0.000    2    2   0    1.44
149    2    0.009    1    2   0    1.25
138    2    0.000    2    1   1    1.40
62    1    -0.009    1    1   0    1.35
31    1    -0.023    1    1   0    1.25
60    1    0.023    2    2   0    0.93
4    1    0.009    2    2   0    1.12
123    2    0.000    2    1   1    1.32
32    1    -0.009    1    1   0    2.01
139    2    0.009    1    2   0    2.16
150    2    0.023    1    2   0    1.60
23    1    0.000    2    2   0    1.05
74    1    0.009    2    2   0    1.20
121    2    -0.023    2    1   0    1.31
5    1    0.023    2    2   0    1.08
42    1    -0.009    2    2   1    1.19
119    2    0.009    2    1   1    1.57
88    2    0.000    2    1   1    1.22
104    2    0.009    1    2   0    1.98
11    1    -0.023    1    1   0    1.25
122    2    -0.009    2    1   0    0.89
140    2    0.023    1    2   0    2.58
103    2    0.000    2    1   1    0.76
22    1    -0.009    1    1   0    1.61
95    2    0.023    1    2   0    1.32
141    2    -0.023    2    1   0    0.74
80    2    0.023    1    2   0    1.22
26    1    -0.023    1    1   0    1.23
45    1    0.023    2    2   0    0.72
2    1    -0.009    1    1   0    0.93
34    1    0.009    2    2   0    0.59
21    1    -0.023    1    1   0    1.04
111    2    -0.023    2    1   0    0.84
59    1    0.009    2    2   0    1.14
20    1    0.023    2    2   0    0.70
147    2    -0.009    2    1   0    1.06
146    2    -0.023    2    1   0    1.01
92    2    -0.009    2    1   0    1.09
15    1    0.023    2    2   0    1.52
97    2    -0.009    2    1   0    1.34
27    1    -0.009    1    1   0    2.68
136    2    -0.023    2    1   0    0.75
41    1    -0.023    1    1   0    1.04
126    2    -0.023    2    1   0    0.67
1    1    -0.023    1    1   0    0.95
114    2    0.009    1    2   0    0.92
44    1    0.009    2    2   0    0.73
29    1    0.009    2    2   0    1.05
17    1    -0.009    1    1   0    0.91
102    2    -0.009    2    1   0    0.74
46    1    -0.023    1    1   0    0.81
73    1    0.000    2    2   0    1.28
39    1    0.009    2    2   0    1.24
48    1    0.000    2    2   0    1.75
109    2    0.009    1    2   0    0.87
87    2    -0.009    2    1   0    1.80
66    1    -0.023    1    1   0    0.92
49    1    0.009    2    2   0    0.80
98    2    0.000    1    2   0    2.53
144    2    0.009    1    2   0    1.10
130    2    0.023    1    2   0    1.03
79    2    0.009    1    2   0    1.04
40    1    0.023    2    2   0    0.87
85    2    0.023    1    2   0    1.02
148    2    0.000    2    1   1    0.69
82    2    -0.009    2    1   0    1.46
12    1    -0.009    1    1   0    0.98
67    1    -0.009    1    1   0    1.06
110    2    0.023    1    2   0    1.03
107    2    -0.009    2    1   0    0.77
131    2    -0.023    2    1   0    0.80
120    2    0.023    1    2   0    0.92
135    2    0.023    1    2   0    0.76
75    2    0.023    1    2   0    0.85
133    2    0.000    2    1   1    0.95
71    1    -0.023    1    1   0    0.90
112    2    -0.009    2    1   0    0.80
132    2    -0.009    2    1   0    1.70
51    1    -0.023    1    1   0    0.80
64    1    0.009    2    2   0    0.71
30    1    0.023    2    2   0    1.05
18    1    0.000    2    2   0    0.76
105    2    0.023    1    2   0    0.97
81    2    -0.023    2    1   0    0.76
35    1    0.023    2    2   0    0.93
125    2    0.023    1    2   0    0.93
124    2    0.009    1    2   0    1.82
113    2    0.000    2    1   1    2.47
50    1    0.023    2    2   0    0.85
96    2    -0.023    2    1   0    0.85
145    2    0.023    1    2   0    1.51
118    2    0.000    2    1   1    1.08
10    1    0.023    2    2   0    0.81
53    1    0.000    1    1   1    1.42
106    2    -0.023    2    1   0    0.66
24    1    0.009    2    2   0    0.98
84    2    0.009    1    2   0    1.21
