--------------------------------
14-Jul-2014 09:57:26 
data from observer T03 
#occlusion2 expt 
reference disparity (degrees) 0.160000 

stim order disp kresp testresp correct time
1    2    -0.074    1    2   1    1.16
2    2    -0.069    1    2   1    0.96
3    1    -0.065    2    2   1    0.97
4    1    0.060    1    1   1    0.81
5    2    0.055    2    1   1    0.84
6    1    0.051    1    1   1    0.97
7    1    -0.046    2    2   1    1.00
8    2    0.042    2    1   1    0.98
9    1    0.037    1    1   1    0.96
10    1    0.032    1    1   1    1.01
11    2    -0.028    1    2   1    1.28
12    1    0.023    1    1   1    0.93
13    1    0.018    1    1   1    1.25
14    1    0.014    1    1   1    3.03
15    2    0.009    2    1   1    1.04
16    2    0.005    1    2   0    1.24
17    1    0.014    1    1   1    1.25
18    1    0.014    1    1   1    2.03
19    1    -0.009    2    2   1    0.75
20    2    -0.009    1    2   1    2.03
21    1    0.005    1    1   1    1.20
22    1    -0.005    2    2   1    1.09
23    2    0.005    2    1   1    1.83
24    1    -0.005    2    2   1    1.28
25    2    -0.005    1    2   1    1.32
26    1    0.005    1    1   1    2.27
27    2    0.005    2    1   1    1.13
28    1    0.005    1    1   1    1.65
29    1    -0.005    2    2   1    1.90
30    1    0.005    1    1   1    1.55
31    2    -0.005    1    2   1    1.57
32    1    0.005    1    1   1    2.82
33    2    -0.005    2    1   0    1.19
34    1    -0.014    2    2   1    1.37
35    2    0.014    2    1   1    1.40
36    1    -0.009    2    2   1    1.38
37    1    0.009    1    1   1    1.24
38    1    -0.005    2    2   1    1.19
39    2    0.005    2    1   1    1.73
40    2    -0.005    1    2   1    1.49
41    1    -0.005    2    2   1    1.27
42    2    0.005    1    2   0    1.40
43    2    -0.014    1    2   1    1.72
44    2    -0.014    1    2   1    1.88
45    2    0.009    2    1   1    1.26
46    2    0.009    2    1   1    1.14
47    2    -0.005    1    2   1    1.30
48    1    -0.005    2    2   1    0.84
49    1    0.005    1    1   1    1.49
50    1    -0.005    2    2   1    1.05
-------------------------
Final staircase threshold estimate (mean) is 0.0074
-------------------------
83    2    0.000    2    1   1    4.60
128    2    0.000    1    2   0    2.47
134    2    0.009    2    1   1    1.08
58    1    0.000    1    1   1    2.44
52    1    -0.009    2    2   1    1.04
101    2    -0.018    1    2   1    1.49
96    2    -0.018    1    2   1    1.65
16    1    -0.018    2    2   1    1.14
98    2    0.000    2    1   1    1.81
10    1    0.018    1    1   1    1.18
66    1    -0.018    2    2   1    0.83
34    1    0.009    1    1   1    1.09
102    2    -0.009    2    1   0    1.23
30    1    0.018    1    1   1    1.32
145    2    0.018    2    1   1    0.78
5    1    0.018    1    1   1    1.93
67    1    -0.009    2    2   1    1.66
27    1    -0.009    2    2   1    1.31
20    1    0.018    1    1   1    1.54
127    2    -0.009    1    2   1    2.59
71    1    -0.018    2    2   1    0.84
114    2    0.009    2    1   1    1.73
77    2    -0.009    1    2   1    1.13
37    1    -0.009    2    2   1    1.25
15    1    0.018    1    1   1    1.71
84    2    0.009    2    1   1    0.96
108    2    0.000    2    1   1    2.46
107    2    -0.009    1    2   1    0.96
129    2    0.009    2    1   1    1.00
8    1    0.000    2    2   0    1.17
126    2    -0.018    1    2   1    1.15
79    2    0.009    2    1   1    1.04
50    1    0.018    1    1   1    1.03
146    2    -0.018    1    2   1    1.33
138    2    0.000    2    1   1    1.04
121    2    -0.018    1    2   1    1.03
35    1    0.018    1    1   1    0.98
85    2    0.018    2    1   1    1.03
89    2    0.009    2    1   1    1.69
76    2    -0.018    1    2   1    0.90
19    1    0.009    2    2   0    1.82
43    1    0.000    1    1   1    1.91
133    2    0.000    1    2   0    1.29
88    2    0.000    2    1   1    3.79
110    2    0.018    2    1   1    1.10
44    1    0.009    1    1   1    1.32
53    1    0.000    2    2   0    1.67
62    1    -0.009    2    2   1    1.10
55    1    0.018    1    1   1    1.04
109    2    0.009    2    1   1    0.94
106    2    -0.018    1    2   1    1.02
72    1    -0.009    2    2   1    0.99
105    2    0.018    2    1   1    0.79
21    1    -0.018    2    2   1    1.19
74    1    0.009    1    1   1    1.47
42    1    -0.009    2    2   1    0.90
39    1    0.009    1    1   1    1.07
132    2    -0.009    1    2   1    1.22
148    2    0.000    2    1   1    0.96
82    2    -0.009    1    2   1    1.32
99    2    0.009    2    1   1    1.14
90    2    0.018    2    1   1    1.05
14    1    0.009    1    1   1    1.15
47    1    -0.009    2    2   1    0.89
137    2    -0.009    1    2   1    1.02
57    1    -0.009    2    2   1    1.17
48    1    0.000    2    2   0    1.87
46    1    -0.018    2    2   1    0.99
1    1    -0.018    2    2   1    1.13
6    1    -0.018    2    2   1    1.08
113    2    0.000    1    2   0    1.04
149    2    0.009    2    1   1    1.14
142    2    -0.009    1    2   1    0.83
100    2    0.018    2    1   1    0.78
29    1    0.009    1    1   1    1.26
112    2    -0.009    1    2   1    1.00
63    1    0.000    2    2   0    1.19
32    1    -0.009    2    2   1    0.96
124    2    0.009    2    1   1    1.11
13    1    0.000    1    1   1    1.02
93    2    0.000    1    2   0    1.07
131    2    -0.018    1    2   1    1.31
3    1    0.000    2    2   0    1.29
104    2    0.009    2    1   1    1.14
130    2    0.018    2    1   1    1.14
97    2    -0.009    1    2   1    1.04
11    1    -0.018    2    2   1    0.76
7    1    -0.009    2    2   1    1.19
59    1    0.009    1    1   1    1.05
87    2    -0.009    1    2   1    1.21
60    1    0.018    1    1   1    1.12
9    1    0.009    2    2   0    0.97
56    1    -0.018    2    2   1    1.18
122    2    -0.009    1    2   1    1.18
94    2    0.009    2    1   1    0.78
136    2    -0.018    1    2   1    0.92
38    1    0.000    2    2   0    1.51
2    1    -0.009    2    2   1    1.04
28    1    0.000    1    1   1    1.35
61    1    -0.018    2    2   1    1.07
68    1    0.000    1    1   1    1.27
36    1    -0.018    2    2   1    1.07
41    1    -0.018    2    2   1    1.03
118    2    0.000    1    2   0    1.15
24    1    0.009    1    1   1    2.18
78    2    0.000    2    1   1    1.09
116    2    -0.018    1    2   1    1.03
73    1    0.000    1    1   1    2.75
64    1    0.009    1    1   1    1.74
95    2    0.018    2    1   1    0.93
123    2    0.000    1    2   0    0.96
81    2    -0.018    1    2   1    1.21
17    1    -0.009    2    2   1    1.04
69    1    0.009    1    1   1    1.02
40    1    0.018    1    1   1    1.48
54    1    0.009    1    1   1    1.63
33    1    0.000    2    2   0    1.09
111    2    -0.018    1    2   1    1.11
18    1    0.000    2    2   0    0.82
139    2    0.009    2    1   1    1.12
4    1    0.009    1    1   1    1.55
135    2    0.018    2    1   1    1.06
147    2    -0.009    1    2   1    1.24
140    2    0.018    2    1   1    1.27
22    1    -0.009    2    2   1    1.04
117    2    -0.009    1    2   1    1.54
144    2    0.009    2    1   1    1.10
23    1    0.000    2    2   0    1.42
12    1    -0.009    2    2   1    1.01
125    2    0.018    2    1   1    1.04
141    2    -0.018    1    2   1    1.00
75    2    0.018    2    1   1    0.55
80    2    0.018    2    1   1    0.76
86    2    -0.018    1    2   1    1.11
51    1    -0.018    2    2   1    0.82
115    2    0.018    2    1   1    0.97
65    1    0.018    1    1   1    0.87
31    1    -0.018    2    2   1    0.79
91    2    -0.018    1    2   1    1.25
45    1    0.018    1    1   1    0.71
103    2    0.000    2    1   1    3.43
92    2    -0.009    1    2   1    1.10
26    1    -0.018    2    2   1    0.93
49    1    0.009    1    1   1    1.07
150    2    0.018    2    1   1    1.06
25    1    0.018    1    1   1    1.05
143    2    0.000    2    1   1    0.94
120    2    0.018    2    1   1    1.10
119    2    0.009    1    2   0    2.18
70    1    0.018    1    1   1    1.16
