--------------------------------
14-Jul-2014 09:50:20 
data from observer T03 
#occlusion2 expt 
reference disparity (degrees) 0.160000 

stim order disp kresp testresp correct time
1    2    -0.074    1    2   1    1.23
2    1    0.069    1    1   1    1.13
3    2    -0.065    1    2   1    1.31
4    1    -0.060    2    2   1    2.64
5    1    0.055    1    1   1    1.35
6    1    -0.051    2    2   1    1.02
7    1    0.046    1    1   1    1.08
8    1    -0.042    2    2   1    0.85
9    2    0.037    2    1   1    0.99
10    2    0.032    2    1   1    0.94
11    1    0.028    1    1   1    1.01
12    1    -0.023    2    2   1    1.02
13    2    0.018    2    1   1    1.42
14    2    0.014    2    1   1    1.08
15    2    0.009    2    1   1    1.24
16    1    -0.005    1    1   0    1.24
17    2    -0.014    1    2   1    0.95
18    1    -0.014    2    2   1    0.82
19    1    -0.009    2    2   1    1.26
20    1    0.009    1    1   1    1.15
21    2    0.005    1    2   0    1.41
22    1    0.014    1    1   1    1.28
23    2    -0.014    1    2   1    1.08
24    1    -0.009    2    2   1    1.05
25    2    0.009    2    1   1    1.01
26    2    -0.005    1    2   1    1.20
27    2    -0.005    1    2   1    1.59
28    2    0.005    2    1   1    1.34
29    2    0.005    2    1   1    1.61
30    1    -0.005    1    1   0    1.19
31    1    -0.014    2    2   1    1.30
32    2    0.014    2    1   1    1.12
33    2    -0.009    1    2   1    1.05
34    2    0.009    2    1   1    1.22
35    1    -0.005    1    1   0    1.27
36    2    0.014    2    1   1    0.97
37    1    -0.014    2    2   1    1.13
38    2    -0.009    1    2   1    1.25
39    2    0.009    2    1   1    0.97
40    2    0.005    2    1   1    0.75
41    2    -0.005    1    2   1    1.01
42    2    0.005    2    1   1    1.61
43    2    0.005    1    2   0    0.91
44    2    0.014    2    1   1    1.20
45    1    -0.014    2    2   1    1.12
46    1    -0.009    1    1   0    1.93
47    1    0.018    1    1   1    1.41
48    2    0.018    2    1   1    1.00
49    1    0.014    1    1   1    1.19
50    2    0.014    2    1   1    0.95
-------------------------
Final staircase threshold estimate (mean) is 0.0115
-------------------------
4    1    0.009    1    1   1    2.96
20    1    0.028    1    1   1    0.89
9    1    0.009    1    1   1    0.87
143    2    0.000    1    2   0    2.41
13    1    0.000    2    2   0    1.52
86    2    -0.028    1    2   1    1.24
107    2    -0.009    1    2   1    1.04
74    1    0.009    1    1   1    0.96
144    2    0.009    2    1   1    1.38
127    2    -0.009    1    2   1    1.32
150    2    0.028    2    1   1    0.98
139    2    0.009    2    1   1    1.12
116    2    -0.028    1    2   1    1.02
34    1    0.009    1    1   1    1.35
37    1    -0.009    2    2   1    1.00
72    1    -0.009    2    2   1    1.08
96    2    -0.028    1    2   1    1.05
111    2    -0.028    1    2   1    0.94
136    2    -0.028    1    2   1    0.97
76    2    -0.028    1    2   1    1.08
10    1    0.028    1    1   1    1.07
140    2    0.028    2    1   1    0.85
2    1    -0.009    2    2   1    0.85
145    2    0.028    2    1   1    0.85
41    1    -0.028    2    2   1    0.87
118    2    0.000    2    1   1    1.51
46    1    -0.028    2    2   1    0.98
7    1    -0.009    2    2   1    0.95
49    1    0.009    1    1   1    1.25
3    1    0.000    2    2   0    1.92
63    1    0.000    2    2   0    1.03
98    2    0.000    2    1   1    1.29
105    2    0.028    2    1   1    1.10
124    2    0.009    2    1   1    2.41
16    1    -0.028    2    2   1    1.03
26    1    -0.028    2    2   1    0.94
79    2    0.009    1    2   0    1.16
57    1    -0.009    2    2   1    2.14
83    2    0.000    1    2   0    1.24
35    1    0.028    1    1   1    0.82
84    2    0.009    2    1   1    1.72
92    2    -0.009    1    2   1    1.18
55    1    0.028    1    1   1    0.75
30    1    0.028    1    1   1    1.13
101    2    -0.028    1    2   1    0.99
115    2    0.028    2    1   1    0.91
132    2    -0.009    1    2   1    0.87
58    1    0.000    2    2   0    1.01
43    1    0.000    2    2   0    1.35
100    2    0.028    2    1   1    0.86
32    1    -0.009    2    2   1    0.88
119    2    0.009    2    1   1    0.94
82    2    -0.009    1    2   1    0.91
24    1    0.009    1    1   1    1.07
131    2    -0.028    1    2   1    0.94
21    1    -0.028    2    2   1    0.85
77    2    -0.009    1    2   1    0.77
91    2    -0.028    1    2   1    0.73
68    1    0.000    2    2   0    0.91
125    2    0.028    2    1   1    0.80
135    2    0.028    2    1   1    0.83
5    1    0.028    1    1   1    1.00
129    2    0.009    2    1   1    0.82
42    1    -0.009    2    2   1    0.75
95    2    0.028    2    1   1    0.88
147    2    -0.009    1    2   1    0.91
54    1    0.009    1    1   1    1.01
44    1    0.009    1    1   1    1.66
6    1    -0.028    2    2   1    0.93
14    1    0.009    1    1   1    1.82
149    2    0.009    2    1   1    1.07
142    2    -0.009    1    2   1    0.86
113    2    0.000    2    1   1    0.98
103    2    0.000    1    2   0    0.98
122    2    -0.009    2    1   0    0.94
64    1    0.009    1    1   1    0.98
75    2    0.028    2    1   1    0.85
38    1    0.000    2    2   0    1.11
99    2    0.009    1    2   0    1.06
1    1    -0.028    2    2   1    1.00
148    2    0.000    1    2   0    1.97
97    2    -0.009    1    2   1    1.45
50    1    0.028    1    1   1    0.91
56    1    -0.028    2    2   1    0.72
27    1    -0.009    2    2   1    1.00
45    1    0.028    1    1   1    0.78
71    1    -0.028    2    2   1    0.84
114    2    0.009    2    1   1    0.88
88    2    0.000    2    1   1    1.04
120    2    0.028    2    1   1    0.67
65    1    0.028    1    1   1    0.76
19    1    0.009    1    1   1    1.15
25    1    0.028    1    1   1    0.90
138    2    0.000    2    1   1    0.93
48    1    0.000    2    2   0    1.14
67    1    -0.009    2    2   1    1.21
8    1    0.000    2    2   0    1.06
106    2    -0.028    1    2   1    0.80
109    2    0.009    2    1   1    1.01
23    1    0.000    1    1   1    0.70
31    1    -0.028    2    2   1    0.88
87    2    -0.009    1    2   1    0.85
53    1    0.000    2    2   0    0.93
126    2    -0.028    1    2   1    0.75
81    2    -0.028    1    2   1    0.59
134    2    0.009    2    1   1    0.68
102    2    -0.009    1    2   1    0.80
137    2    -0.009    1    2   1    1.41
40    1    0.028    1    1   1    0.96
69    1    0.009    1    1   1    0.94
89    2    0.009    2    1   1    0.92
128    2    0.000    1    2   0    1.16
85    2    0.028    2    1   1    0.60
52    1    -0.009    2    2   1    1.20
104    2    0.009    2    1   1    0.91
61    1    -0.028    2    2   1    1.10
39    1    0.009    1    1   1    0.91
108    2    0.000    2    1   1    0.83
94    2    0.009    2    1   1    0.90
130    2    0.028    2    1   1    1.03
36    1    -0.028    2    2   1    0.95
78    2    0.000    1    2   0    0.93
18    1    0.000    1    1   1    0.95
70    1    0.028    1    1   1    0.82
17    1    -0.009    2    2   1    0.89
29    1    0.009    1    1   1    1.05
117    2    -0.009    2    1   0    0.94
15    1    0.028    1    1   1    0.91
93    2    0.000    2    1   1    0.82
80    2    0.028    2    1   1    0.83
60    1    0.028    1    1   1    0.87
146    2    -0.028    1    2   1    1.00
22    1    -0.009    2    2   1    0.72
47    1    -0.009    2    2   1    1.11
112    2    -0.009    1    2   1    0.98
59    1    0.009    1    1   1    1.10
66    1    -0.028    2    2   1    0.87
73    1    0.000    2    2   0    1.25
62    1    -0.009    2    2   1    1.16
51    1    -0.028    2    2   1    1.25
110    2    0.028    2    1   1    1.12
11    1    -0.028    2    2   1    1.06
12    1    -0.009    2    2   1    1.88
90    2    0.028    2    1   1    1.41
141    2    -0.028    1    2   1    0.92
28    1    0.000    2    2   0    1.33
133    2    0.000    1    2   0    1.46
33    1    0.000    2    2   0    1.23
123    2    0.000    1    2   0    1.12
121    2    -0.028    1    2   1    1.00
