--------------------------------
14-Jul-2014 09:41:03 
data from observer T03 
#occlusion2 expt 
reference disparity (degrees) 0.160000 

stim order disp kresp testresp correct time
1    1    -0.074    2    2   1    1.18
2    2    0.069    2    1   1    0.93
3    1    -0.065    2    2   1    0.97
4    2    -0.060    1    2   1    1.02
5    2    0.055    2    1   1    0.68
6    2    0.051    2    1   1    0.73
7    1    -0.046    2    2   1    0.88
8    2    0.042    2    1   1    1.33
9    2    -0.037    1    2   1    1.03
10    1    0.032    1    1   1    1.02
11    1    0.028    1    1   1    1.72
12    1    0.023    1    1   1    1.30
13    1    -0.018    2    2   1    0.70
14    2    -0.014    1    2   1    0.90
15    2    -0.009    1    2   1    1.09
16    1    -0.005    2    2   1    0.87
17    2    0.005    2    1   1    0.86
18    1    0.005    2    2   0    1.34
19    2    0.014    2    1   1    1.07
20    2    -0.014    1    2   1    0.97
21    2    0.009    2    1   1    0.82
22    2    -0.009    2    1   0    1.25
23    2    0.018    2    1   1    0.85
24    2    0.018    2    1   1    0.76
25    1    -0.014    2    2   1    0.92
26    1    -0.014    1    1   0    1.91
27    1    -0.023    2    2   1    0.68
28    1    0.023    2    2   0    1.26
29    1    -0.032    2    2   1    1.27
30    1    -0.032    2    2   1    1.13
31    1    0.028    1    1   1    1.11
32    1    -0.028    2    2   1    1.09
33    1    0.023    1    1   1    1.07
34    2    0.023    2    1   1    1.48
35    1    0.018    1    1   1    1.05
36    1    -0.018    2    2   1    1.76
37    1    0.014    1    1   1    0.82
38    2    -0.014    1    2   1    1.02
39    1    -0.009    2    2   1    1.99
40    1    0.009    1    1   1    1.40
41    2    0.005    2    1   1    2.02
42    1    -0.005    2    2   1    1.27
43    2    0.005    2    1   1    1.57
44    2    0.005    1    2   0    1.40
45    2    -0.014    1    2   1    1.17
46    2    -0.014    1    2   1    1.21
47    2    -0.009    1    2   1    1.50
48    1    -0.009    2    2   1    0.74
49    1    -0.005    2    2   1    1.46
50    2    0.005    2    1   1    1.53
-------------------------
Final staircase threshold estimate (mean) is 0.0074
-------------------------
19    1    0.009    1    1   1    1.78
99    2    0.009    2    1   1    0.88
135    2    0.018    2    1   1    1.01
100    2    0.018    2    1   1    0.78
1    1    -0.018    2    2   1    1.16
54    1    0.009    1    1   1    1.16
80    2    0.018    2    1   1    0.86
25    1    0.018    1    1   1    0.93
129    2    0.009    2    1   1    0.98
112    2    -0.009    1    2   1    1.06
76    2    -0.018    1    2   1    1.15
51    1    -0.018    2    2   1    0.80
40    1    0.018    1    1   1    0.90
17    1    -0.009    2    2   1    0.93
65    1    0.018    1    1   1    0.90
64    1    0.009    1    1   1    1.12
15    1    0.018    1    1   1    0.85
91    2    -0.018    1    2   1    1.29
95    2    0.018    2    1   1    0.91
12    1    -0.009    2    2   1    0.75
94    2    0.009    2    1   1    0.93
39    1    0.009    1    1   1    1.01
139    2    0.009    2    1   1    0.92
6    1    -0.018    2    2   1    0.70
119    2    0.009    2    1   1    1.10
84    2    0.009    2    1   1    0.83
7    1    -0.009    2    2   1    1.38
132    2    -0.009    1    2   1    1.08
121    2    -0.018    1    2   1    0.87
89    2    0.009    2    1   1    0.94
28    1    0.000    1    1   1    1.12
46    1    -0.018    2    2   1    0.86
149    2    0.009    2    1   1    0.91
22    1    -0.009    2    2   1    1.23
35    1    0.018    1    1   1    0.93
41    1    -0.018    2    2   1    0.81
75    2    0.018    2    1   1    1.27
116    2    -0.018    1    2   1    0.79
66    1    -0.018    2    2   1    0.81
11    1    -0.018    2    2   1    0.74
33    1    0.000    1    1   1    0.82
3    1    0.000    1    1   1    0.97
82    2    -0.009    1    2   1    1.15
71    1    -0.018    2    2   1    0.83
115    2    0.018    2    1   1    0.67
70    1    0.018    1    1   1    0.74
61    1    -0.018    2    2   1    0.71
90    2    0.018    2    1   1    1.17
52    1    -0.009    1    1   0    1.45
109    2    0.009    2    1   1    0.91
8    1    0.000    1    1   1    0.99
128    2    0.000    2    1   1    1.16
105    2    0.018    2    1   1    1.07
14    1    0.009    1    1   1    0.79
103    2    0.000    2    1   1    0.80
10    1    0.018    1    1   1    0.93
86    2    -0.018    1    2   1    0.80
150    2    0.018    2    1   1    0.71
13    1    0.000    1    1   1    1.06
146    2    -0.018    1    2   1    0.95
49    1    0.009    2    2   0    1.61
114    2    0.009    2    1   1    1.21
124    2    0.009    2    1   1    1.11
133    2    0.000    1    2   0    1.14
16    1    -0.018    2    2   1    0.87
85    2    0.018    2    1   1    0.78
23    1    0.000    2    2   0    1.47
102    2    -0.009    1    2   1    1.08
62    1    -0.009    2    2   1    0.95
96    2    -0.018    1    2   1    1.06
148    2    0.000    2    1   1    1.51
26    1    -0.018    2    2   1    1.60
140    2    0.018    2    1   1    1.11
126    2    -0.018    1    2   1    1.31
32    1    -0.009    2    2   1    1.11
53    1    0.000    1    1   1    1.62
141    2    -0.018    1    2   1    1.28
67    1    -0.009    2    2   1    1.11
57    1    -0.009    2    2   1    1.11
106    2    -0.018    1    2   1    0.89
98    2    0.000    2    1   1    2.10
56    1    -0.018    2    2   1    0.98
138    2    0.000    1    2   0    1.10
24    1    0.009    1    1   1    1.43
93    2    0.000    2    1   1    1.18
20    1    0.018    1    1   1    0.91
47    1    -0.009    2    2   1    1.38
81    2    -0.018    1    2   1    1.06
78    2    0.000    1    2   0    1.13
113    2    0.000    1    2   0    2.07
130    2    0.018    2    1   1    1.10
4    1    0.009    1    1   1    1.54
38    1    0.000    1    1   1    1.80
18    1    0.000    2    2   0    1.26
37    1    -0.009    2    2   1    1.07
74    1    0.009    1    1   1    1.03
27    1    -0.009    2    2   1    1.47
110    2    0.018    2    1   1    1.26
92    2    -0.009    1    2   1    1.68
88    2    0.000    2    1   1    1.92
145    2    0.018    2    1   1    1.61
44    1    0.009    1    1   1    1.44
69    1    0.009    1    1   1    1.29
107    2    -0.009    1    2   1    1.23
45    1    0.018    1    1   1    1.14
55    1    0.018    1    1   1    1.55
125    2    0.018    2    1   1    0.87
34    1    0.009    1    1   1    0.95
134    2    0.009    2    1   1    0.80
63    1    0.000    2    2   0    1.47
117    2    -0.009    1    2   1    1.15
137    2    -0.009    1    2   1    1.38
120    2    0.018    2    1   1    1.04
60    1    0.018    1    1   1    1.13
104    2    0.009    2    1   1    1.05
21    1    -0.018    2    2   1    0.95
123    2    0.000    1    2   0    1.08
101    2    -0.018    1    2   1    1.06
127    2    -0.009    1    2   1    1.48
48    1    0.000    2    2   0    1.40
87    2    -0.009    1    2   1    1.23
83    2    0.000    2    1   1    1.47
58    1    0.000    2    2   0    1.31
29    1    0.009    1    1   1    1.37
77    2    -0.009    1    2   1    1.47
31    1    -0.018    2    2   1    1.01
72    1    -0.009    2    2   1    1.70
143    2    0.000    2    1   1    1.75
42    1    -0.009    2    2   1    1.92
59    1    0.009    1    1   1    1.37
108    2    0.000    2    1   1    1.51
97    2    -0.009    1    2   1    1.16
131    2    -0.018    1    2   1    1.23
43    1    0.000    1    1   1    1.57
73    1    0.000    1    1   1    1.96
9    1    0.009    1    1   1    2.15
147    2    -0.009    2    1   0    1.13
136    2    -0.018    1    2   1    1.36
79    2    0.009    2    1   1    1.17
36    1    -0.018    2    2   1    1.09
5    1    0.018    1    1   1    1.15
144    2    0.009    2    1   1    0.83
30    1    0.018    1    1   1    0.98
68    1    0.000    2    2   0    1.25
111    2    -0.018    1    2   1    1.12
2    1    -0.009    2    2   1    0.95
50    1    0.018    1    1   1    0.90
122    2    -0.009    1    2   1    1.00
142    2    -0.009    1    2   1    1.20
118    2    0.000    2    1   1    1.14
