--------------------------------
14-Jul-2014 11:36:13 
data from observer T03 
#occlusion2 expt 
reference disparity (degrees) 0.160000 

stim order disp kresp testresp correct time
1    1    -0.074    2    2   0    3.80
2    1    -0.083    1    1   1    1.60
3    2    -0.079    2    1   1    1.26
4    2    0.079    1    2   1    1.40
5    1    0.074    2    2   1    1.27
6    1    -0.074    1    1   1    1.19
7    2    0.069    1    2   1    1.43
8    1    0.069    2    2   1    1.46
9    2    0.065    1    2   1    1.51
10    1    0.065    2    2   1    1.48
11    1    -0.060    1    1   1    1.51
12    2    0.060    1    2   1    1.32
13    2    -0.055    2    1   1    1.38
14    1    0.055    2    2   1    1.29
15    2    -0.051    2    1   1    1.19
16    2    0.051    1    2   1    1.12
17    1    -0.046    1    1   1    1.48
18    1    -0.046    1    1   1    2.54
19    2    0.042    1    2   1    2.36
20    1    -0.042    1    1   1    1.32
21    2    0.037    1    2   1    2.25
22    1    -0.037    1    1   1    2.20
23    1    0.032    2    2   1    1.29
24    2    0.032    1    2   1    1.41
25    2    0.028    1    2   1    1.75
26    1    -0.028    1    1   1    2.48
27    2    0.023    1    2   1    4.26
28    1    -0.023    1    1   1    2.57
29    1    0.018    2    2   1    1.03
30    1    0.018    2    2   1    1.14
31    2    0.014    1    2   1    1.52
32    2    -0.014    2    1   1    0.81
33    2    -0.009    2    1   1    1.26
34    2    0.009    1    2   1    1.28
35    2    0.005    2    1   0    1.57
36    2    0.014    1    2   1    1.25
37    1    0.014    2    2   1    0.97
38    1    0.009    2    2   1    1.14
39    2    -0.009    2    1   1    0.97
40    2    -0.005    2    1   1    1.32
41    1    0.005    2    2   1    1.21
42    2    0.005    2    1   0    2.07
43    1    -0.014    1    1   1    3.35
44    2    -0.014    2    1   1    0.85
45    1    -0.009    1    1   1    3.71
46    2    -0.009    2    1   1    1.14
47    1    -0.005    2    2   0    1.77
48    2    -0.014    2    1   1    1.60
49    2    0.014    1    2   1    2.00
50    2    0.009    2    1   0    0.94
-------------------------
Final staircase threshold estimate (mean) is 0.0097
-------------------------
10    1    0.023    2    2   0    2.59
94    2    0.009    1    2   0    2.12
88    2    0.000    2    1   1    1.12
39    1    0.009    2    2   0    0.92
83    2    0.000    2    1   1    1.23
31    1    -0.023    1    1   0    1.37
60    1    0.023    2    2   0    1.73
66    1    -0.023    1    1   0    1.63
145    2    0.023    1    2   0    2.11
64    1    0.009    2    2   0    0.90
1    1    -0.023    1    1   0    1.20
11    1    -0.023    1    1   0    1.70
29    1    0.009    2    2   0    1.09
142    2    -0.009    2    1   0    1.27
119    2    0.009    2    1   1    1.74
109    2    0.009    2    1   1    1.23
52    1    -0.009    1    1   0    1.54
106    2    -0.023    2    1   0    0.95
110    2    0.023    1    2   0    1.31
81    2    -0.023    2    1   0    0.82
73    1    0.000    2    2   0    1.10
78    2    0.000    2    1   1    1.26
3    1    0.000    2    2   0    1.18
132    2    -0.009    2    1   0    1.02
56    1    -0.023    1    1   0    1.00
134    2    0.009    2    1   1    2.64
127    2    -0.009    2    1   0    0.96
20    1    0.023    2    2   0    0.99
84    2    0.009    1    2   0    2.75
35    1    0.023    2    2   0    0.73
148    2    0.000    2    1   1    0.92
147    2    -0.009    2    1   0    0.73
49    1    0.009    2    2   0    0.93
117    2    -0.009    2    1   0    0.88
114    2    0.009    1    2   0    1.59
48    1    0.000    2    2   0    0.81
123    2    0.000    2    1   1    2.14
111    2    -0.023    2    1   0    1.01
18    1    0.000    2    2   0    1.00
92    2    -0.009    2    1   0    1.08
45    1    0.023    2    2   0    0.81
96    2    -0.023    2    1   0    0.87
100    2    0.023    1    2   0    1.13
97    2    -0.009    2    1   0    0.74
38    1    0.000    2    2   0    1.15
87    2    -0.009    2    1   0    1.39
24    1    0.009    2    2   0    1.02
121    2    -0.023    2    1   0    1.24
149    2    0.009    1    2   0    1.57
23    1    0.000    2    2   0    0.82
51    1    -0.023    1    1   0    1.12
17    1    -0.009    2    2   1    1.40
139    2    0.009    1    2   0    2.59
2    1    -0.009    1    1   0    1.57
146    2    -0.023    2    1   0    0.94
126    2    -0.023    2    1   0    0.84
125    2    0.023    1    2   0    0.99
135    2    0.023    1    2   0    1.23
143    2    0.000    2    1   1    1.27
102    2    -0.009    1    2   1    0.91
112    2    -0.009    2    1   0    1.87
82    2    -0.009    2    1   0    1.31
137    2    -0.009    2    1   0    1.35
90    2    0.023    1    2   0    1.70
74    1    0.009    2    2   0    1.08
58    1    0.000    2    2   0    1.16
76    2    -0.023    2    1   0    1.25
63    1    0.000    1    1   1    3.41
42    1    -0.009    1    1   0    1.42
95    2    0.023    1    2   0    1.75
131    2    -0.023    2    1   0    0.80
12    1    -0.009    1    1   0    1.50
65    1    0.023    2    2   0    1.35
113    2    0.000    2    1   1    2.23
9    1    0.009    2    2   0    1.04
30    1    0.023    2    2   0    1.35
61    1    -0.023    1    1   0    1.43
103    2    0.000    2    1   1    4.17
47    1    -0.009    2    2   1    2.60
141    2    -0.023    2    1   0    1.06
59    1    0.009    2    2   0    1.18
28    1    0.000    2    2   0    1.00
68    1    0.000    2    2   0    2.57
34    1    0.009    2    2   0    1.14
133    2    0.000    2    1   1    1.77
118    2    0.000    2    1   1    2.11
105    2    0.023    1    2   0    1.22
71    1    -0.023    1    1   0    1.53
101    2    -0.023    2    1   0    0.89
62    1    -0.009    1    1   0    2.19
70    1    0.023    2    2   0    1.14
54    1    0.009    2    2   0    1.22
33    1    0.000    2    2   0    1.94
85    2    0.023    1    2   0    1.25
122    2    -0.009    2    1   0    1.22
120    2    0.023    1    2   0    1.39
6    1    -0.023    1    1   0    2.13
124    2    0.009    2    1   1    2.08
69    1    0.009    2    2   0    0.95
93    2    0.000    2    1   1    1.85
79    2    0.009    1    2   0    1.09
25    1    0.023    2    2   0    1.08
140    2    0.023    1    2   0    1.15
43    1    0.000    2    2   0    0.80
36    1    -0.023    1    1   0    0.96
26    1    -0.023    1    1   0    1.15
5    1    0.023    2    2   0    0.96
37    1    -0.009    1    1   0    0.95
128    2    0.000    2    1   1    1.00
108    2    0.000    1    2   0    1.34
99    2    0.009    1    2   0    2.08
32    1    -0.009    2    2   1    1.05
77    2    -0.009    2    1   0    1.10
41    1    -0.023    1    1   0    3.05
19    1    0.009    2    2   0    0.99
44    1    0.009    2    2   0    1.61
116    2    -0.023    2    1   0    1.06
27    1    -0.009    2    2   1    4.18
4    1    0.009    2    2   0    1.10
129    2    0.009    2    1   1    3.20
8    1    0.000    2    2   0    2.07
115    2    0.023    1    2   0    1.15
57    1    -0.009    2    2   1    1.06
107    2    -0.009    2    1   0    0.91
75    2    0.023    1    2   0    1.29
14    1    0.009    2    2   0    0.85
40    1    0.023    2    2   0    0.94
67    1    -0.009    2    2   1    1.79
136    2    -0.023    2    1   0    1.39
86    2    -0.023    2    1   0    0.91
50    1    0.023    2    2   0    1.12
89    2    0.009    2    1   1    3.56
91    2    -0.023    2    1   0    0.93
46    1    -0.023    1    1   0    1.31
7    1    -0.009    1    1   0    1.78
80    2    0.023    1    2   0    1.18
150    2    0.023    1    2   0    1.19
144    2    0.009    1    2   0    1.63
138    2    0.000    2    1   1    0.89
130    2    0.023    1    2   0    1.28
22    1    -0.009    2    2   1    1.23
15    1    0.023    2    2   0    0.98
53    1    0.000    2    2   0    1.65
13    1    0.000    1    1   1    1.28
98    2    0.000    2    1   1    0.93
72    1    -0.009    1    1   0    1.65
21    1    -0.023    1    1   0    1.30
104    2    0.009    2    1   1    0.93
16    1    -0.023    1    1   0    1.29
55    1    0.023    2    2   0    0.84
