--------------------------------
14-Jul-2014 11:51:39 
data from observer T03 
#occlusion2 expt 
reference disparity (degrees) 0.160000 

stim order disp kresp testresp correct time
1    2    0.074    1    2   1    1.66
2    1    0.069    2    2   1    0.79
3    2    0.065    1    2   1    1.13
4    2    0.060    1    2   1    1.18
5    2    -0.055    2    1   1    0.97
6    2    0.051    1    2   1    1.18
7    2    0.046    1    2   1    1.20
8    1    -0.042    1    1   1    1.12
9    2    0.037    1    2   1    1.16
10    1    -0.032    1    1   1    1.50
11    2    -0.028    2    1   1    1.10
12    1    -0.023    1    1   1    0.83
13    2    0.018    1    2   1    1.05
14    1    -0.014    2    2   0    2.10
15    1    -0.023    1    1   1    2.20
16    1    0.023    2    2   1    0.70
17    2    -0.018    2    1   1    0.78
18    1    -0.018    1    1   1    2.86
19    2    0.014    2    1   0    0.76
20    1    0.023    2    2   1    0.99
21    2    -0.023    2    1   1    0.89
22    2    -0.018    2    1   1    1.20
23    2    0.018    1    2   1    1.50
24    1    -0.014    1    1   1    1.53
25    1    0.014    2    2   1    1.04
26    1    -0.009    2    2   0    3.45
27    2    -0.018    2    1   1    1.06
28    2    0.018    1    2   1    3.93
29    1    -0.014    2    2   0    5.37
30    2    0.023    1    2   1    1.40
31    1    -0.023    1    1   1    1.70
32    1    -0.018    1    1   1    3.74
33    2    -0.018    2    1   1    0.85
34    1    0.014    2    2   1    0.86
35    1    -0.014    2    2   0    3.41
36    2    0.023    1    2   1    2.83
37    2    -0.023    2    1   1    0.72
38    2    -0.018    2    1   1    0.83
39    2    0.018    1    2   1    1.20
40    1    -0.014    1    1   1    1.76
41    1    -0.014    1    1   1    1.62
42    1    0.009    2    2   1    0.82
43    1    0.009    2    2   1    0.96
44    2    0.005    1    2   1    1.15
45    1    0.005    2    2   1    1.12
46    2    -0.005    2    1   1    1.38
47    1    -0.005    2    2   0    1.03
48    1    0.014    2    2   1    1.03
49    2    0.014    1    2   1    1.05
50    2    0.009    1    2   1    1.25
-------------------------
Final staircase threshold estimate (mean) is 0.0088
-------------------------
131    2    -0.023    2    1   0    2.28
22    1    -0.009    2    2   1    1.91
121    2    -0.023    2    1   0    0.68
138    2    0.000    2    1   1    1.96
71    1    -0.023    1    1   0    0.90
141    2    -0.023    2    1   0    0.66
83    2    0.000    2    1   1    2.07
118    2    0.000    2    1   1    1.15
128    2    0.000    2    1   1    2.77
47    1    -0.009    1    1   0    1.06
66    1    -0.023    1    1   0    1.00
99    2    0.009    1    2   0    1.90
12    1    -0.009    1    1   0    2.27
10    1    0.023    2    2   0    0.68
89    2    0.009    1    2   0    1.46
140    2    0.023    1    2   0    1.12
109    2    0.009    2    1   1    2.48
50    1    0.023    2    2   0    0.87
67    1    -0.009    1    1   0    1.13
40    1    0.023    2    2   0    0.74
96    2    -0.023    2    1   0    0.81
75    2    0.023    1    2   0    0.92
93    2    0.000    2    1   1    0.95
30    1    0.023    2    2   0    0.70
3    1    0.000    2    2   0    1.62
95    2    0.023    1    2   0    0.86
44    1    0.009    2    2   0    0.73
60    1    0.023    2    2   0    0.88
9    1    0.009    2    2   0    1.25
81    2    -0.023    2    1   0    0.91
84    2    0.009    1    2   0    1.05
23    1    0.000    2    2   0    0.57
13    1    0.000    2    2   0    0.86
45    1    0.023    2    2   0    0.74
103    2    0.000    2    1   1    0.93
92    2    -0.009    2    1   0    0.97
80    2    0.023    1    2   0    0.94
48    1    0.000    2    2   0    1.36
5    1    0.023    2    2   0    1.22
145    2    0.023    1    2   0    0.87
114    2    0.009    2    1   1    2.08
78    2    0.000    2    1   1    0.99
7    1    -0.009    1    1   0    1.19
54    1    0.009    2    2   0    1.25
42    1    -0.009    2    2   1    2.89
6    1    -0.023    1    1   0    0.82
97    2    -0.009    2    1   0    0.80
116    2    -0.023    2    1   0    1.00
127    2    -0.009    2    1   0    0.78
39    1    0.009    2    2   0    0.94
107    2    -0.009    2    1   0    0.91
32    1    -0.009    1    1   0    0.92
26    1    -0.023    1    1   0    1.01
136    2    -0.023    2    1   0    0.73
98    2    0.000    2    1   1    1.42
134    2    0.009    2    1   1    1.24
139    2    0.009    1    2   0    1.44
1    1    -0.023    1    1   0    0.85
59    1    0.009    2    2   0    0.81
24    1    0.009    2    2   0    0.94
61    1    -0.023    1    1   0    0.82
36    1    -0.023    1    1   0    0.92
111    2    -0.023    2    1   0    0.59
137    2    -0.009    2    1   0    1.05
69    1    0.009    2    2   0    1.04
126    2    -0.023    2    1   0    0.94
108    2    0.000    2    1   1    0.82
135    2    0.023    1    2   0    1.43
74    1    0.009    2    2   0    0.94
58    1    0.000    2    2   0    1.21
62    1    -0.009    1    1   0    0.86
53    1    0.000    2    2   0    0.90
31    1    -0.023    1    1   0    0.77
148    2    0.000    2    1   1    0.92
79    2    0.009    1    2   0    4.17
41    1    -0.023    1    1   0    1.55
46    1    -0.023    1    1   0    0.93
21    1    -0.023    1    1   0    1.00
70    1    0.023    2    2   0    0.85
101    2    -0.023    2    1   0    0.90
142    2    -0.009    2    1   0    1.20
25    1    0.023    2    2   0    1.24
86    2    -0.023    2    1   0    0.94
68    1    0.000    2    2   0    2.47
72    1    -0.009    2    2   1    5.23
87    2    -0.009    2    1   0    0.94
28    1    0.000    2    2   0    1.90
115    2    0.023    1    2   0    3.36
17    1    -0.009    2    2   1    1.90
14    1    0.009    2    2   0    0.91
51    1    -0.023    1    1   0    4.80
143    2    0.000    2    1   1    1.46
65    1    0.023    2    2   0    1.97
73    1    0.000    2    2   0    2.18
49    1    0.009    2    2   0    1.52
57    1    -0.009    1    1   0    1.90
94    2    0.009    1    2   0    2.46
2    1    -0.009    2    2   1    2.62
27    1    -0.009    2    2   1    2.11
133    2    0.000    2    1   1    1.97
105    2    0.023    1    2   0    1.98
112    2    -0.009    2    1   0    1.02
19    1    0.009    2    2   0    1.28
132    2    -0.009    2    1   0    1.53
100    2    0.023    1    2   0    1.33
11    1    -0.023    1    1   0    1.44
124    2    0.009    1    2   0    1.88
15    1    0.023    2    2   0    1.55
147    2    -0.009    2    1   0    2.00
64    1    0.009    2    2   0    1.37
146    2    -0.023    2    1   0    1.52
113    2    0.000    2    1   1    1.84
144    2    0.009    2    1   1    4.01
106    2    -0.023    2    1   0    1.48
37    1    -0.009    1    1   0    4.65
76    2    -0.023    2    1   0    1.34
55    1    0.023    2    2   0    1.27
29    1    0.009    2    2   0    1.25
120    2    0.023    1    2   0    1.85
150    2    0.023    1    2   0    2.23
20    1    0.023    2    2   0    0.91
77    2    -0.009    2    1   0    1.07
117    2    -0.009    2    1   0    1.25
82    2    -0.009    2    1   0    1.34
43    1    0.000    2    2   0    1.47
63    1    0.000    2    2   0    3.61
18    1    0.000    2    2   0    2.12
123    2    0.000    2    1   1    1.98
130    2    0.023    1    2   0    1.45
4    1    0.009    2    2   0    1.23
90    2    0.023    1    2   0    1.28
110    2    0.023    1    2   0    1.67
125    2    0.023    1    2   0    1.26
122    2    -0.009    2    1   0    1.05
52    1    -0.009    1    1   0    1.72
16    1    -0.023    1    1   0    0.94
91    2    -0.023    2    1   0    0.88
35    1    0.023    2    2   0    1.23
149    2    0.009    1    2   0    1.10
38    1    0.000    2    2   0    0.92
104    2    0.009    2    1   1    1.74
34    1    0.009    2    2   0    1.17
88    2    0.000    1    2   0    1.36
56    1    -0.023    1    1   0    1.21
8    1    0.000    2    2   0    1.55
85    2    0.023    2    1   1    1.32
33    1    0.000    2    2   0    1.14
102    2    -0.009    2    1   0    1.10
119    2    0.009    2    1   1    1.34
129    2    0.009    2    1   1    1.27
