--------------------------------
14-Jul-2014 10:05:15 
data from observer T03 
#occlusion2 expt 
reference disparity (degrees) 0.160000 

stim order disp kresp testresp correct time
1    2    -0.074    1    2   1    1.32
2    1    0.069    1    1   1    0.96
3    2    -0.065    1    2   1    1.28
4    1    -0.060    2    2   1    0.72
5    2    0.055    2    1   1    1.01
6    1    0.051    1    1   1    0.85
7    1    0.046    1    1   1    1.08
8    1    0.042    1    1   1    1.15
9    2    0.037    2    1   1    0.97
10    2    0.032    2    1   1    1.19
11    1    0.028    1    1   1    1.06
12    1    0.023    1    1   1    1.20
13    1    -0.018    2    2   1    0.91
14    2    -0.014    1    2   1    0.79
15    2    -0.009    2    1   0    0.85
16    2    0.018    2    1   1    1.17
17    1    -0.018    2    2   1    0.92
18    1    0.014    1    1   1    1.46
19    1    -0.014    2    2   1    1.11
20    2    -0.009    2    1   0    0.92
21    2    -0.018    1    2   1    1.08
22    2    0.018    2    1   1    1.00
23    1    0.014    1    1   1    1.13
24    2    -0.014    1    2   1    1.00
25    2    0.009    2    1   1    0.97
26    2    -0.009    1    2   1    0.96
27    1    -0.005    2    2   1    0.84
28    2    0.005    2    1   1    1.13
29    1    0.005    2    2   0    1.15
30    2    0.014    2    1   1    1.14
31    2    -0.014    1    2   1    0.99
32    2    0.009    2    1   1    0.86
33    1    0.009    1    1   1    1.02
34    1    -0.005    2    2   1    1.05
35    2    0.005    2    1   1    0.94
36    2    0.005    2    1   1    1.01
37    1    -0.005    2    2   1    1.49
38    2    0.005    2    1   1    1.02
39    1    0.005    2    2   0    1.03
40    2    0.014    2    1   1    1.03
41    2    0.014    2    1   1    0.98
42    1    0.009    1    1   1    1.09
43    1    -0.009    2    2   1    0.87
44    2    -0.005    1    2   1    1.18
45    1    0.005    2    2   0    1.59
46    2    0.014    2    1   1    1.04
47    2    -0.014    1    2   1    1.16
48    1    0.009    2    2   0    1.18
49    2    0.018    2    1   1    1.22
50    2    0.018    2    1   1    1.33
-------------------------
Final staircase threshold estimate (mean) is 0.0115
-------------------------
115    2    0.028    2    1   1    3.03
134    2    0.009    2    1   1    1.35
111    2    -0.028    1    2   1    1.06
72    1    -0.009    2    2   1    1.18
96    2    -0.028    1    2   1    0.93
77    2    -0.009    1    2   1    1.30
39    1    0.009    1    1   1    1.61
149    2    0.009    2    1   1    0.83
142    2    -0.009    1    2   1    1.01
73    1    0.000    2    2   0    1.07
125    2    0.028    2    1   1    1.17
24    1    0.009    1    1   1    1.05
60    1    0.028    1    1   1    1.12
128    2    0.000    2    1   1    0.86
12    1    -0.009    2    2   1    0.95
118    2    0.000    1    2   0    2.29
80    2    0.028    2    1   1    1.05
58    1    0.000    2    2   0    0.99
97    2    -0.009    1    2   1    1.59
99    2    0.009    2    1   1    1.21
98    2    0.000    2    1   1    1.38
9    1    0.009    1    1   1    1.58
1    1    -0.028    2    2   1    1.33
93    2    0.000    1    2   0    1.38
74    1    0.009    1    1   1    1.86
123    2    0.000    2    1   1    1.18
132    2    -0.009    1    2   1    1.25
8    1    0.000    2    2   0    1.49
7    1    -0.009    2    2   1    1.28
75    2    0.028    2    1   1    1.23
83    2    0.000    1    2   0    1.51
14    1    0.009    1    1   1    1.40
40    1    0.028    1    1   1    1.22
107    2    -0.009    1    2   1    2.01
95    2    0.028    2    1   1    1.08
71    1    -0.028    2    2   1    1.37
18    1    0.000    1    1   1    2.19
138    2    0.000    2    1   1    2.46
135    2    0.028    2    1   1    1.35
81    2    -0.028    1    2   1    1.32
106    2    -0.028    1    2   1    1.62
109    2    0.009    2    1   1    1.30
150    2    0.028    2    1   1    1.63
136    2    -0.028    1    2   1    1.32
101    2    -0.028    1    2   1    1.16
31    1    -0.028    2    2   1    1.29
82    2    -0.009    1    2   1    1.16
130    2    0.028    2    1   1    0.99
86    2    -0.028    1    2   1    1.17
29    1    0.009    1    1   1    1.58
146    2    -0.028    1    2   1    1.39
110    2    0.028    2    1   1    1.13
6    1    -0.028    2    2   1    1.17
84    2    0.009    2    1   1    1.11
54    1    0.009    1    1   1    1.28
139    2    0.009    2    1   1    1.01
53    1    0.000    2    2   0    1.02
117    2    -0.009    1    2   1    2.01
105    2    0.028    2    1   1    1.19
47    1    -0.009    2    2   1    1.20
126    2    -0.028    1    2   1    1.27
2    1    -0.009    2    2   1    1.19
143    2    0.000    1    2   0    1.63
48    1    0.000    2    2   0    2.03
141    2    -0.028    1    2   1    1.26
120    2    0.028    2    1   1    1.30
22    1    -0.009    2    2   1    1.38
124    2    0.009    2    1   1    1.14
133    2    0.000    1    2   0    1.85
49    1    0.009    2    2   0    1.27
35    1    0.028    1    1   1    1.20
27    1    -0.009    2    2   1    1.30
43    1    0.000    1    1   1    2.18
59    1    0.009    1    1   1    3.19
36    1    -0.028    2    2   1    0.95
68    1    0.000    2    2   0    1.17
11    1    -0.028    2    2   1    1.46
51    1    -0.028    2    2   1    1.23
67    1    -0.009    2    2   1    1.16
78    2    0.000    1    2   0    2.54
144    2    0.009    2    1   1    1.23
137    2    -0.009    1    2   1    1.23
16    1    -0.028    2    2   1    1.17
121    2    -0.028    1    2   1    1.17
20    1    0.028    1    1   1    1.08
119    2    0.009    2    1   1    1.00
5    1    0.028    1    1   1    1.02
56    1    -0.028    2    2   1    0.84
108    2    0.000    1    2   0    1.41
17    1    -0.009    2    2   1    0.66
88    2    0.000    2    1   1    1.00
89    2    0.009    2    1   1    1.95
3    1    0.000    1    1   1    1.36
148    2    0.000    2    1   1    1.03
21    1    -0.028    2    2   1    1.03
112    2    -0.009    1    2   1    1.34
25    1    0.028    1    1   1    1.29
131    2    -0.028    1    2   1    1.32
37    1    -0.009    2    2   1    0.91
30    1    0.028    1    1   1    1.07
76    2    -0.028    1    2   1    1.16
4    1    0.009    2    2   0    1.70
116    2    -0.028    1    2   1    1.08
103    2    0.000    2    1   1    1.03
28    1    0.000    1    1   1    1.20
64    1    0.009    1    1   1    1.42
61    1    -0.028    2    2   1    0.91
129    2    0.009    2    1   1    1.63
46    1    -0.028    2    2   1    1.07
79    2    0.009    2    1   1    1.47
50    1    0.028    1    1   1    1.07
65    1    0.028    1    1   1    1.78
13    1    0.000    2    2   0    0.99
62    1    -0.009    2    2   1    1.06
10    1    0.028    1    1   1    1.03
23    1    0.000    2    2   0    1.45
127    2    -0.009    1    2   1    1.43
90    2    0.028    2    1   1    0.87
140    2    0.028    2    1   1    0.99
57    1    -0.009    2    2   1    2.44
91    2    -0.028    1    2   1    0.92
87    2    -0.009    1    2   1    1.50
19    1    0.009    1    1   1    1.59
94    2    0.009    2    1   1    0.75
33    1    0.000    1    1   1    1.77
32    1    -0.009    2    2   1    1.06
85    2    0.028    2    1   1    0.87
15    1    0.028    1    1   1    1.04
69    1    0.009    1    1   1    1.06
44    1    0.009    1    1   1    1.28
147    2    -0.009    2    1   0    0.79
70    1    0.028    1    1   1    1.01
145    2    0.028    2    1   1    0.87
38    1    0.000    2    2   0    1.11
114    2    0.009    2    1   1    0.70
66    1    -0.028    2    2   1    0.75
26    1    -0.028    2    2   1    0.84
104    2    0.009    2    1   1    0.85
122    2    -0.009    1    2   1    1.22
55    1    0.028    1    1   1    1.09
92    2    -0.009    2    1   0    0.84
63    1    0.000    2    2   0    1.52
45    1    0.028    1    1   1    1.23
100    2    0.028    2    1   1    1.06
102    2    -0.009    1    2   1    1.54
41    1    -0.028    2    2   1    0.96
42    1    -0.009    2    2   1    1.19
52    1    -0.009    2    2   1    1.15
34    1    0.009    1    1   1    1.12
113    2    0.000    2    1   1    2.44
