--------------------------------
14-Jul-2014 12:02:43 
data from observer T03 
#occlusion2 expt 
reference disparity (degrees) 0.160000 

stim order disp kresp testresp correct time
1    2    -0.074    2    1   1    5.09
2    1    0.069    2    2   1    2.19
3    1    0.065    2    2   1    2.64
4    2    0.060    2    1   0    2.88
5    1    -0.069    2    2   0    20.61
6    1    0.079    2    2   1    0.78
7    1    -0.079    1    1   1    1.43
8    1    -0.074    2    2   0    1.43
9    1    0.083    2    2   1    1.35
10    1    -0.083    2    2   0    3.38
11    1    0.092    2    2   1    1.19
12    1    -0.092    1    1   1    1.34
13    2    -0.088    1    2   0    1.28
14    2    -0.097    1    2   0    1.89
15    2    -0.106    1    2   0    1.34
16    2    0.115    1    2   1    1.27
17    1    0.115    2    2   1    1.02
18    1    0.111    1    1   0    1.04
19    1    0.120    2    2   1    1.76
20    2    0.120    2    1   0    1.49
21    2    -0.129    1    2   0    1.50
22    2    -0.139    2    1   1    1.60
23    1    -0.139    2    2   0    1.35
24    1    -0.148    2    2   0    1.20
25    2    -0.148    2    1   1    1.45
26    1    0.148    2    2   1    1.00
27    1    -0.143    2    2   0    1.19
28    1    -0.148    2    2   0    1.37
29    2    0.148    2    1   0    2.04
30    2    -0.148    1    2   0    1.15
31    1    -0.148    2    2   0    0.83
32    2    -0.148    1    2   0    1.01
33    2    0.148    2    1   0    1.07
34    1    -0.148    2    2   0    0.92
35    2    0.148    2    1   0    1.32
36    1    -0.148    2    2   0    1.36
37    1    -0.148    1    1   1    2.88
38    1    -0.148    2    2   0    1.18
39    1    0.148    1    1   0    1.43
40    1    -0.148    2    2   0    1.06
41    2    0.148    2    1   0    3.92
42    2    0.148    1    2   1    0.96
43    2    0.148    2    1   0    1.51
44    2    -0.148    1    2   0    1.99
45    1    -0.148    2    2   0    1.30
46    1    -0.148    1    1   1    1.36
47    2    0.148    1    2   1    2.40
48    1    0.143    1    1   0    1.90
49    1    0.148    1    1   0    1.64
50    1    -0.148    2    2   0    0.85
-------------------------
Final staircase threshold estimate (mean) is 0.1473
-------------------------
48    1    0.000    2    2   0    1.97
33    1    0.000    2    2   0    1.27
124    2    0.148    2    1   1    0.98
28    1    0.000    2    2   0    1.07
32    1    -0.148    1    1   0    1.03
7    1    -0.148    2    2   1    1.75
26    1    -0.148    1    1   0    3.13
145    2    0.148    1    2   0    1.10
10    1    0.148    2    2   0    2.41
57    1    -0.148    2    2   1    1.15
49    1    0.148    1    1   1    1.25
91    2    -0.148    1    2   1    3.25
1    1    -0.148    2    2   1    0.96
110    2    0.148    2    1   1    3.30
115    2    0.148    2    1   1    1.30
39    1    0.148    1    1   1    1.05
121    2    -0.148    2    1   0    1.93
16    1    -0.148    2    2   1    0.91
130    2    0.148    2    1   1    2.11
79    2    0.148    2    1   1    2.42
35    1    0.148    1    1   1    1.17
134    2    0.148    2    1   1    0.85
108    2    0.000    2    1   1    2.59
17    1    -0.148    2    2   1    1.48
109    2    0.148    2    1   1    1.58
56    1    -0.148    2    2   1    1.44
84    2    0.148    2    1   1    2.76
12    1    -0.148    1    1   0    3.02
135    2    0.148    2    1   1    2.14
120    2    0.148    1    2   0    6.47
2    1    -0.148    1    1   0    3.15
42    1    -0.148    1    1   0    5.39
95    2    0.148    2    1   1    2.48
101    2    -0.148    2    1   0    2.43
14    1    0.148    2    2   0    3.05
149    2    0.148    1    2   0    1.57
88    2    0.000    2    1   1    2.45
150    2    0.148    1    2   0    2.91
21    1    -0.148    1    1   0    9.28
43    1    0.000    2    2   0    0.90
11    1    -0.148    1    1   0    2.37
37    1    -0.148    1    1   0    1.83
54    1    0.148    2    2   0    1.90
78    2    0.000    2    1   1    1.15
119    2    0.148    1    2   0    1.37
20    1    0.148    2    2   0    0.83
90    2    0.148    1    2   0    1.12
125    2    0.148    1    2   0    3.36
27    1    -0.148    1    1   0    3.73
133    2    0.000    2    1   1    1.42
45    1    0.148    2    2   0    2.63
13    1    0.000    2    2   0    2.00
126    2    -0.148    2    1   0    0.91
75    2    0.148    1    2   0    2.24
41    1    -0.148    1    1   0    1.98
70    1    0.148    2    2   0    0.99
50    1    0.148    2    2   0    2.43
38    1    0.000    2    2   0    1.83
106    2    -0.148    2    1   0    0.91
137    2    -0.148    2    1   0    0.97
44    1    0.148    2    2   0    0.89
104    2    0.148    1    2   0    2.15
83    2    0.000    2    1   1    1.22
89    2    0.148    1    2   0    3.20
116    2    -0.148    2    1   0    0.98
66    1    -0.148    1    1   0    1.52
63    1    0.000    2    2   0    0.90
102    2    -0.148    2    1   0    1.72
94    2    0.148    1    2   0    1.48
123    2    0.000    2    1   1    0.97
100    2    0.148    1    2   0    1.20
6    1    -0.148    2    2   1    1.25
31    1    -0.148    1    1   0    1.32
81    2    -0.148    2    1   0    2.57
129    2    0.148    1    2   0    0.98
92    2    -0.148    2    1   0    1.50
131    2    -0.148    2    1   0    1.08
3    1    0.000    2    2   0    1.72
99    2    0.148    1    2   0    1.07
139    2    0.148    1    2   0    0.99
87    2    -0.148    2    1   0    0.81
19    1    0.148    2    2   0    0.83
143    2    0.000    2    1   1    0.93
53    1    0.000    2    2   0    0.87
144    2    0.148    1    2   0    0.94
22    1    -0.148    1    1   0    1.95
142    2    -0.148    2    1   0    0.75
8    1    0.000    2    2   0    1.69
47    1    -0.148    1    1   0    1.00
85    2    0.148    1    2   0    1.13
105    2    0.148    1    2   0    1.06
122    2    -0.148    2    1   0    0.74
148    2    0.000    2    1   1    1.26
46    1    -0.148    1    1   0    0.88
29    1    0.148    2    2   0    0.76
111    2    -0.148    2    1   0    0.93
132    2    -0.148    2    1   0    1.20
58    1    0.000    2    2   0    2.60
24    1    0.148    2    2   0    1.00
23    1    0.000    2    2   0    1.07
114    2    0.148    2    1   1    1.89
107    2    -0.148    2    1   0    0.85
71    1    -0.148    1    1   0    3.44
59    1    0.148    2    2   0    0.74
61    1    -0.148    1    1   0    1.78
98    2    0.000    2    1   1    0.96
51    1    -0.148    1    1   0    0.79
30    1    0.148    2    2   0    0.85
40    1    0.148    2    2   0    0.79
5    1    0.148    2    2   0    0.76
127    2    -0.148    2    1   0    1.06
113    2    0.000    2    1   1    1.35
97    2    -0.148    2    1   0    0.77
73    1    0.000    2    2   0    1.53
52    1    -0.148    2    2   1    1.70
140    2    0.148    1    2   0    0.93
80    2    0.148    1    2   0    1.13
36    1    -0.148    1    1   0    1.86
138    2    0.000    2    1   1    0.71
4    1    0.148    2    2   0    0.81
128    2    0.000    2    1   1    0.92
76    2    -0.148    2    1   0    0.73
118    2    0.000    2    1   1    1.04
67    1    -0.148    2    2   1    0.84
117    2    -0.148    2    1   0    0.90
9    1    0.148    2    2   0    0.80
112    2    -0.148    2    1   0    0.69
93    2    0.000    2    1   1    1.28
55    1    0.148    2    2   0    0.89
18    1    0.000    2    2   0    2.04
96    2    -0.148    2    1   0    0.63
68    1    0.000    2    2   0    1.19
60    1    0.148    2    2   0    0.78
147    2    -0.148    2    1   0    0.96
86    2    -0.148    2    1   0    0.73
74    1    0.148    2    2   0    0.72
69    1    0.148    2    2   0    0.82
146    2    -0.148    2    1   0    0.99
72    1    -0.148    1    1   0    2.59
62    1    -0.148    1    1   0    1.17
141    2    -0.148    2    1   0    0.80
25    1    0.148    2    2   0    0.76
64    1    0.148    2    2   0    1.02
82    2    -0.148    2    1   0    2.61
15    1    0.148    2    2   0    0.78
65    1    0.148    2    2   0    0.73
77    2    -0.148    2    1   0    0.68
34    1    0.148    2    2   0    0.89
103    2    0.000    1    2   0    1.33
136    2    -0.148    2    1   0    0.77
