--------------------------------
18-Jul-2014 14:55:28 
data from observer T04 
#occlusion2 expt 
reference disparity (degrees) 0.160000 

stim order disp kresp testresp correct time
1    1    -0.074    1    1   1    0.84
2    2    0.069    1    2   1    0.52
3    2    0.065    1    2   1    0.55
4    1    0.060    2    2   1    0.56
5    2    -0.055    2    1   1    0.46
6    2    0.051    1    2   1    0.54
7    1    -0.046    1    1   1    0.61
8    1    -0.042    1    1   1    0.75
9    2    -0.037    2    1   1    0.48
10    2    0.032    1    2   1    0.60
11    2    -0.028    2    1   1    0.55
12    2    0.023    1    2   1    0.50
13    1    -0.018    1    1   1    0.60
14    1    0.014    2    2   1    1.07
15    1    -0.009    1    1   1    0.69
16    2    0.005    2    1   0    1.82
17    2    -0.014    2    1   1    0.94
18    1    0.014    2    2   1    0.52
19    1    0.009    2    2   1    0.99
20    2    -0.009    2    1   1    0.68
21    1    0.005    2    2   1    2.86
22    2    -0.005    2    1   1    0.92
23    1    -0.005    2    2   0    0.69
24    2    -0.014    2    1   1    1.37
25    1    -0.014    2    2   0    1.15
26    2    -0.023    2    1   1    1.45
27    2    0.023    1    2   1    1.48
28    1    0.018    2    2   1    0.56
29    1    0.018    2    2   1    0.50
30    2    -0.014    2    1   1    0.71
31    2    0.014    1    2   1    0.88
32    2    0.009    1    2   1    0.60
33    1    0.009    2    2   1    1.55
34    1    0.005    2    2   1    0.71
35    2    0.005    1    2   1    2.64
36    1    -0.005    2    2   0    3.10
37    1    0.014    2    2   1    1.72
38    2    0.014    1    2   1    0.64
39    1    0.009    2    2   1    0.64
40    2    0.009    1    2   1    1.24
41    1    -0.005    1    1   1    3.42
42    1    -0.005    1    1   1    1.13
43    2    -0.005    1    2   0    0.68
44    2    -0.014    1    2   0    1.84
45    2    -0.023    2    1   1    1.07
46    1    0.023    2    2   1    1.78
47    2    0.018    1    2   1    2.17
48    2    0.018    1    2   1    1.16
49    2    0.014    1    2   1    0.79
50    2    0.014    1    2   1    1.70
-------------------------
Final staircase threshold estimate (mean) is 0.0139
-------------------------
8    1    0.000    1    1   1    3.02
38    1    0.000    1    1   1    0.84
113    2    0.000    2    1   1    2.52
20    1    0.037    2    2   0    0.55
67    1    -0.014    1    1   0    0.68
145    2    0.037    1    2   0    0.51
29    1    0.014    2    2   0    0.57
69    1    0.014    2    2   0    0.43
22    1    -0.014    1    1   0    0.54
41    1    -0.037    1    1   0    0.43
53    1    0.000    1    1   1    1.15
109    2    0.014    1    2   0    0.61
24    1    0.014    2    2   0    0.58
127    2    -0.014    2    1   0    0.53
43    1    0.000    1    1   1    0.45
134    2    0.014    1    2   0    0.55
148    2    0.000    1    2   0    0.80
35    1    0.037    2    2   0    0.60
42    1    -0.014    1    1   0    0.65
121    2    -0.037    2    1   0    0.56
46    1    -0.037    1    1   0    0.59
21    1    -0.037    1    1   0    0.57
17    1    -0.014    1    1   0    0.61
15    1    0.037    2    2   0    0.67
129    2    0.014    1    2   0    0.70
4    1    0.014    2    2   0    0.74
68    1    0.000    1    1   1    0.67
13    1    0.000    2    2   0    0.47
6    1    -0.037    1    1   0    0.65
112    2    -0.014    2    1   0    0.49
52    1    -0.014    2    2   1    0.56
7    1    -0.014    2    2   1    0.49
30    1    0.037    2    2   0    0.46
128    2    0.000    2    1   1    0.50
135    2    0.037    1    2   0    0.42
138    2    0.000    2    1   1    0.39
89    2    0.014    2    1   1    0.62
45    1    0.037    2    2   0    0.59
51    1    -0.037    1    1   0    0.62
81    2    -0.037    2    1   0    0.38
60    1    0.037    2    2   0    0.50
139    2    0.014    2    1   1    0.50
86    2    -0.037    2    1   0    0.40
10    1    0.037    2    2   0    0.41
136    2    -0.037    2    1   0    0.45
95    2    0.037    2    1   1    0.42
80    2    0.037    1    2   0    0.64
79    2    0.014    1    2   0    0.68
9    1    0.014    2    2   0    0.63
94    2    0.014    1    2   0    0.65
28    1    0.000    2    2   0    0.58
101    2    -0.037    2    1   0    0.47
90    2    0.037    1    2   0    0.52
14    1    0.014    1    1   1    0.50
12    1    -0.014    2    2   1    0.78
75    2    0.037    1    2   0    1.19
123    2    0.000    1    2   0    1.82
105    2    0.037    1    2   0    0.59
91    2    -0.037    2    1   0    0.47
102    2    -0.014    2    1   0    0.51
26    1    -0.037    1    1   0    0.79
73    1    0.000    1    1   1    5.50
107    2    -0.014    2    1   0    0.83
71    1    -0.037    1    1   0    1.32
40    1    0.037    2    2   0    0.63
56    1    -0.037    1    1   0    0.57
74    1    0.014    2    2   0    0.66
92    2    -0.014    2    1   0    0.49
55    1    0.037    2    2   0    0.84
103    2    0.000    1    2   0    2.47
131    2    -0.037    2    1   0    0.87
47    1    -0.014    1    1   0    1.31
93    2    0.000    2    1   1    1.95
32    1    -0.014    1    1   0    0.83
108    2    0.000    1    2   0    1.67
149    2    0.014    1    2   0    3.85
115    2    0.037    1    2   0    0.57
146    2    -0.037    2    1   0    0.63
63    1    0.000    2    2   0    1.89
11    1    -0.037    1    1   0    0.52
99    2    0.014    1    2   0    0.49
98    2    0.000    2    1   1    0.79
44    1    0.014    1    1   1    0.52
49    1    0.014    2    2   0    4.52
88    2    0.000    1    2   0    0.69
78    2    0.000    1    2   0    1.17
117    2    -0.014    2    1   0    0.58
106    2    -0.037    2    1   0    0.51
66    1    -0.037    1    1   0    0.66
124    2    0.014    2    1   1    0.67
141    2    -0.037    2    1   0    1.58
125    2    0.037    1    2   0    1.38
116    2    -0.037    2    1   0    0.65
54    1    0.014    1    1   1    1.22
120    2    0.037    1    2   0    0.80
25    1    0.037    2    2   0    0.76
133    2    0.000    1    2   0    1.43
111    2    -0.037    2    1   0    0.77
132    2    -0.014    1    2   1    0.77
61    1    -0.037    1    1   0    0.83
140    2    0.037    1    2   0    2.61
126    2    -0.037    2    1   0    0.73
39    1    0.014    2    2   0    0.54
18    1    0.000    2    2   0    1.05
1    1    -0.037    1    1   0    0.66
50    1    0.037    2    2   0    0.65
96    2    -0.037    2    1   0    0.49
142    2    -0.014    2    1   0    0.44
82    2    -0.014    2    1   0    0.48
31    1    -0.037    1    1   0    0.62
122    2    -0.014    2    1   0    0.63
144    2    0.014    2    1   1    0.68
118    2    0.000    1    2   0    0.54
37    1    -0.014    2    2   1    0.53
100    2    0.037    1    2   0    0.54
34    1    0.014    2    2   0    0.50
19    1    0.014    2    2   0    0.53
62    1    -0.014    1    1   0    0.68
59    1    0.014    2    2   0    0.54
114    2    0.014    1    2   0    0.50
83    2    0.000    1    2   0    0.52
72    1    -0.014    1    1   0    0.60
87    2    -0.014    2    1   0    0.66
110    2    0.037    1    2   0    2.24
27    1    -0.014    1    1   0    1.07
85    2    0.037    1    2   0    0.63
23    1    0.000    1    1   1    1.18
64    1    0.014    2    2   0    0.64
84    2    0.014    1    2   0    1.51
3    1    0.000    1    1   1    1.81
16    1    -0.037    1    1   0    0.80
143    2    0.000    2    1   1    0.91
57    1    -0.014    1    1   0    1.14
33    1    0.000    1    1   1    0.70
77    2    -0.014    2    1   0    1.60
119    2    0.014    1    2   0    1.83
76    2    -0.037    2    1   0    0.54
137    2    -0.014    2    1   0    0.56
147    2    -0.014    2    1   0    0.90
65    1    0.037    2    2   0    0.49
130    2    0.037    1    2   0    0.52
104    2    0.014    1    2   0    0.56
2    1    -0.014    1    1   0    0.57
48    1    0.000    1    1   1    1.26
150    2    0.037    1    2   0    0.55
97    2    -0.014    1    2   1    0.51
70    1    0.037    2    2   0    0.75
5    1    0.037    2    2   0    0.72
58    1    0.000    1    1   1    0.74
36    1    -0.037    1    1   0    0.76
