--------------------------------
18-Jul-2014 12:59:18 
data from observer T04 
#occlusion2 expt 
reference disparity (degrees) 0.160000 

stim order disp kresp testresp correct time
1    2    -0.074    1    2   1    3.71
2    1    -0.069    2    2   1    0.98
3    2    -0.065    1    2   1    0.70
4    1    -0.060    2    2   1    0.99
5    2    0.055    2    1   1    0.77
6    2    0.051    2    1   1    0.61
7    2    0.046    2    1   1    0.53
8    1    -0.042    1    1   0    0.46
9    2    -0.051    1    2   1    0.69
10    2    -0.051    1    2   1    0.54
11    2    0.046    2    1   1    0.54
12    1    0.046    1    1   1    0.63
13    1    -0.042    2    2   1    0.47
14    1    0.042    1    1   1    0.54
15    1    0.037    1    1   1    0.65
16    2    0.037    2    1   1    0.54
17    2    -0.032    1    2   1    0.42
18    2    -0.032    1    2   1    0.58
19    1    -0.028    2    2   1    0.48
20    1    0.028    1    1   1    0.82
21    2    -0.023    1    2   1    0.60
22    1    -0.023    2    2   1    0.83
23    1    0.018    2    2   0    1.69
24    2    0.028    2    1   1    0.57
25    2    -0.028    2    1   0    1.10
26    1    0.037    1    1   1    0.62
27    1    -0.037    2    2   1    0.55
28    2    -0.032    1    2   1    0.65
29    1    -0.032    2    2   1    0.52
30    2    0.028    2    1   1    0.88
31    1    0.028    1    1   1    2.92
32    2    -0.023    1    2   1    1.05
33    1    0.023    1    1   1    1.42
34    1    -0.018    2    2   1    0.95
35    2    -0.018    1    2   1    0.80
36    2    -0.014    1    2   1    0.79
37    1    0.014    1    1   1    0.63
38    2    0.009    2    1   1    1.12
39    2    0.009    2    1   1    1.84
40    2    0.005    1    2   0    1.86
41    1    0.014    1    1   1    1.52
42    1    -0.014    2    2   1    1.73
43    2    0.009    2    1   1    0.85
44    2    -0.009    1    2   1    4.51
45    2    0.005    2    1   1    0.78
46    2    -0.005    1    2   1    2.09
47    2    0.005    1    2   0    2.67
48    1    -0.014    1    1   0    1.96
49    2    -0.023    1    2   1    2.80
50    1    0.023    1    1   1    1.07
-------------------------
Final staircase threshold estimate (mean) is 0.0120
-------------------------
1    1    -0.032    2    2   1    2.49
124    2    0.014    2    1   1    0.89
144    2    0.014    2    1   1    1.69
67    1    -0.014    2    2   1    0.62
88    2    0.000    1    2   0    2.11
55    1    0.032    1    1   1    1.82
149    2    0.014    2    1   1    0.92
125    2    0.032    2    1   1    0.61
108    2    0.000    1    2   0    5.01
131    2    -0.032    1    2   1    1.00
120    2    0.032    2    1   1    1.03
97    2    -0.014    1    2   1    1.48
15    1    0.032    1    1   1    0.63
18    1    0.000    2    2   0    0.81
53    1    0.000    1    1   1    2.60
77    2    -0.014    1    2   1    1.93
92    2    -0.014    1    2   1    1.90
117    2    -0.014    1    2   1    4.28
57    1    -0.014    2    2   1    0.86
121    2    -0.032    1    2   1    0.60
126    2    -0.032    1    2   1    0.53
22    1    -0.014    2    2   1    0.53
99    2    0.014    2    1   1    0.59
27    1    -0.014    2    2   1    1.27
30    1    0.032    1    1   1    1.78
44    1    0.014    2    2   0    2.40
79    2    0.014    2    1   1    2.72
147    2    -0.014    1    2   1    3.61
86    2    -0.032    1    2   1    0.86
142    2    -0.014    1    2   1    1.69
105    2    0.032    2    1   1    0.96
7    1    -0.014    2    2   1    2.06
60    1    0.032    1    1   1    0.84
38    1    0.000    1    1   1    2.22
64    1    0.014    1    1   1    1.08
16    1    -0.032    2    2   1    0.72
65    1    0.032    1    1   1    0.78
73    1    0.000    2    2   0    0.86
36    1    -0.032    2    2   1    0.73
134    2    0.014    1    2   0    1.09
141    2    -0.032    1    2   1    0.78
11    1    -0.032    2    2   1    0.77
133    2    0.000    1    2   0    3.78
82    2    -0.014    1    2   1    0.82
96    2    -0.032    1    2   1    0.56
113    2    0.000    2    1   1    0.74
39    1    0.014    1    1   1    0.80
24    1    0.014    2    2   0    0.59
81    2    -0.032    2    1   0    1.25
13    1    0.000    1    1   1    0.62
137    2    -0.014    2    1   0    5.95
100    2    0.032    2    1   1    1.52
63    1    0.000    2    2   0    1.51
5    1    0.032    1    1   1    0.64
112    2    -0.014    2    1   0    1.51
2    1    -0.014    2    2   1    3.27
58    1    0.000    2    2   0    5.51
72    1    -0.014    2    2   1    4.27
49    1    0.014    1    1   1    4.13
106    2    -0.032    1    2   1    1.84
116    2    -0.032    1    2   1    2.65
110    2    0.032    2    1   1    3.19
23    1    0.000    1    1   1    2.08
143    2    0.000    2    1   1    5.48
76    2    -0.032    1    2   1    2.81
128    2    0.000    1    2   0    1.60
35    1    0.032    1    1   1    1.71
136    2    -0.032    1    2   1    0.56
25    1    0.032    1    1   1    0.58
130    2    0.032    2    1   1    0.76
123    2    0.000    1    2   0    0.70
94    2    0.014    1    2   0    0.59
84    2    0.014    2    1   1    0.74
103    2    0.000    1    2   0    0.63
45    1    0.032    1    1   1    0.54
148    2    0.000    2    1   1    1.48
56    1    -0.032    2    2   1    0.63
19    1    0.014    1    1   1    1.08
80    2    0.032    2    1   1    0.62
129    2    0.014    2    1   1    1.53
78    2    0.000    1    2   0    1.33
31    1    -0.032    2    2   1    0.60
37    1    -0.014    2    2   1    2.02
8    1    0.000    2    2   0    0.57
26    1    -0.032    2    2   1    0.65
135    2    0.032    2    1   1    0.61
52    1    -0.014    2    2   1    0.62
146    2    -0.032    1    2   1    0.67
95    2    0.032    2    1   1    0.72
69    1    0.014    1    1   1    2.59
140    2    0.032    2    1   1    4.59
101    2    -0.032    1    2   1    0.92
46    1    -0.032    2    2   1    1.13
6    1    -0.032    2    2   1    2.97
119    2    0.014    1    2   0    3.38
29    1    0.014    1    1   1    1.60
138    2    0.000    1    2   0    2.61
48    1    0.000    1    1   1    3.63
87    2    -0.014    1    2   1    1.91
90    2    0.032    1    2   0    2.14
4    1    0.014    1    1   1    1.23
12    1    -0.014    2    2   1    4.45
68    1    0.000    1    1   1    3.56
34    1    0.014    1    1   1    1.96
107    2    -0.014    1    2   1    0.84
62    1    -0.014    1    1   0    4.39
115    2    0.032    2    1   1    3.95
83    2    0.000    1    2   0    2.63
118    2    0.000    1    2   0    1.56
21    1    -0.032    2    2   1    0.83
50    1    0.032    1    1   1    2.05
70    1    0.032    1    1   1    4.06
109    2    0.014    2    1   1    2.16
66    1    -0.032    2    2   1    0.78
33    1    0.000    1    1   1    0.83
85    2    0.032    2    1   1    1.80
42    1    -0.014    2    2   1    0.85
20    1    0.032    1    1   1    0.62
89    2    0.014    2    1   1    1.25
75    2    0.032    2    1   1    0.69
111    2    -0.032    1    2   1    1.14
17    1    -0.014    2    2   1    4.71
59    1    0.014    1    1   1    1.53
51    1    -0.032    2    2   1    1.81
10    1    0.032    1    1   1    1.88
98    2    0.000    1    2   0    2.71
150    2    0.032    2    1   1    1.51
145    2    0.032    2    1   1    4.67
74    1    0.014    1    1   1    0.81
61    1    -0.032    2    2   1    0.93
41    1    -0.032    2    2   1    0.64
127    2    -0.014    1    2   1    1.24
132    2    -0.014    1    2   1    1.17
3    1    0.000    2    2   0    2.50
28    1    0.000    1    1   1    0.65
93    2    0.000    1    2   0    1.85
40    1    0.032    1    1   1    0.59
47    1    -0.014    2    2   1    3.98
54    1    0.014    1    1   1    1.37
43    1    0.000    1    1   1    2.33
32    1    -0.014    2    2   1    2.19
139    2    0.014    2    1   1    1.58
91    2    -0.032    1    2   1    1.79
71    1    -0.032    2    2   1    3.03
122    2    -0.014    1    2   1    3.18
9    1    0.014    1    1   1    3.46
114    2    0.014    2    1   1    3.96
14    1    0.014    1    1   1    0.69
104    2    0.014    2    1   1    2.67
102    2    -0.014    1    2   1    0.86
