--------------------------------
18-Jul-2014 15:01:42 
data from observer T040 
#occlusion2 expt 
reference disparity (degrees) 0.160000 

stim order disp kresp testresp correct time
1    1    -0.074    1    1   1    1.60
2    1    -0.069    1    1   1    0.60
3    2    0.065    1    2   1    0.47
4    2    -0.060    2    1   1    1.86
5    1    -0.055    1    1   1    0.52
6    2    -0.051    2    1   1    0.55
7    1    0.046    2    2   1    0.53
8    2    -0.042    2    1   1    0.91
9    2    0.037    1    2   1    0.59
10    1    -0.032    1    1   1    1.39
11    1    -0.028    1    1   1    1.72
12    2    -0.023    1    2   0    1.79
13    1    0.032    2    2   1    0.53
14    2    -0.032    1    2   0    0.96
15    2    0.042    1    2   1    0.61
16    1    -0.042    1    1   1    0.46
17    2    -0.037    2    1   1    0.75
18    2    0.037    1    2   1    0.44
19    1    0.032    2    2   1    0.56
20    1    0.032    2    2   1    0.48
21    1    -0.028    2    2   0    0.46
22    1    -0.037    1    1   1    0.40
23    2    -0.037    2    1   1    0.54
24    2    -0.032    1    2   0    0.40
25    1    0.042    2    2   1    0.47
26    2    -0.042    2    1   1    0.54
27    1    -0.037    1    1   1    0.46
28    2    -0.037    1    2   0    0.50
29    2    0.046    1    2   1    0.65
30    1    -0.046    1    1   1    0.52
31    1    0.042    2    2   1    0.63
32    1    0.042    2    2   1    0.49
33    2    -0.037    2    1   1    0.41
34    1    -0.037    1    1   1    0.56
35    1    0.032    1    1   0    0.56
36    1    0.042    2    2   1    0.54
37    2    -0.042    2    1   1    0.51
38    1    -0.037    1    1   1    0.59
39    2    -0.037    1    2   0    0.41
40    2    0.046    2    1   0    0.48
41    2    0.055    1    2   1    0.80
42    1    0.055    2    2   1    0.87
43    1    -0.051    1    1   1    1.87
44    2    0.051    1    2   1    0.59
45    2    0.046    1    2   1    1.49
46    2    -0.046    2    1   1    1.64
47    1    0.042    2    2   1    1.23
48    2    0.042    1    2   1    0.87
49    1    -0.037    1    1   1    0.63
50    1    -0.037    1    1   1    0.50
-------------------------
Final staircase threshold estimate (mean) is 0.0462
-------------------------
83    2    0.000    2    1   1    4.83
73    1    0.000    1    1   1    0.75
90    2    0.115    1    2   0    0.62
23    1    0.000    1    1   1    1.47
93    2    0.000    1    2   0    0.63
113    2    0.000    2    1   1    1.84
35    1    0.115    2    2   0    0.47
70    1    0.115    2    2   0    0.41
137    2    -0.046    2    1   0    0.44
80    2    0.115    2    1   1    0.42
18    1    0.000    1    1   1    1.23
51    1    -0.115    1    1   0    0.61
135    2    0.115    1    2   0    0.40
41    1    -0.115    1    1   0    0.45
92    2    -0.046    2    1   0    0.56
61    1    -0.115    1    1   0    0.45
2    1    -0.046    1    1   0    0.47
19    1    0.046    2    2   0    0.53
48    1    0.000    1    1   1    0.48
107    2    -0.046    2    1   0    0.51
110    2    0.115    1    2   0    0.47
125    2    0.115    1    2   0    0.56
27    1    -0.046    1    1   0    0.52
45    1    0.115    2    2   0    0.43
133    2    0.000    1    2   0    0.43
47    1    -0.046    1    1   0    0.54
12    1    -0.046    1    1   0    1.14
33    1    0.000    1    1   1    1.39
36    1    -0.115    1    1   0    1.80
126    2    -0.115    2    1   0    1.03
55    1    0.115    2    2   0    0.66
44    1    0.046    2    2   0    0.54
32    1    -0.046    1    1   0    0.63
129    2    0.046    1    2   0    0.54
97    2    -0.046    2    1   0    1.64
114    2    0.046    1    2   0    0.48
66    1    -0.115    1    1   0    0.46
30    1    0.115    1    1   1    0.37
6    1    -0.115    1    1   0    0.52
131    2    -0.115    2    1   0    1.73
142    2    -0.046    2    1   0    1.34
49    1    0.046    2    2   0    1.09
130    2    0.115    1    2   0    1.33
68    1    0.000    1    1   1    4.39
79    2    0.046    1    2   0    2.80
59    1    0.046    1    1   1    0.42
88    2    0.000    1    2   0    1.31
50    1    0.115    2    2   0    0.52
115    2    0.115    1    2   0    0.51
86    2    -0.115    2    1   0    0.53
118    2    0.000    1    2   0    0.54
91    2    -0.115    2    1   0    0.54
121    2    -0.115    2    1   0    0.51
11    1    -0.115    1    1   0    0.66
13    1    0.000    1    1   1    1.57
63    1    0.000    2    2   0    2.64
140    2    0.115    1    2   0    0.69
89    2    0.046    1    2   0    1.22
132    2    -0.046    2    1   0    2.86
147    2    -0.046    2    1   0    0.66
21    1    -0.115    2    2   1    0.57
78    2    0.000    2    1   1    1.32
60    1    0.115    2    2   0    0.59
87    2    -0.046    2    1   0    0.52
26    1    -0.115    1    1   0    0.92
10    1    0.115    2    2   0    0.57
14    1    0.046    2    2   0    1.25
5    1    0.115    2    2   0    0.60
149    2    0.046    2    1   1    0.45
103    2    0.000    2    1   1    0.55
100    2    0.115    1    2   0    0.75
31    1    -0.115    1    1   0    0.50
22    1    -0.046    1    1   0    0.45
53    1    0.000    2    2   0    1.20
94    2    0.046    1    2   0    0.68
109    2    0.046    2    1   1    0.57
38    1    0.000    1    1   1    0.46
20    1    0.115    2    2   0    0.41
24    1    0.046    2    2   0    0.44
39    1    0.046    2    2   0    0.37
144    2    0.046    1    2   0    0.60
67    1    -0.046    1    1   0    0.46
141    2    -0.115    2    1   0    0.63
3    1    0.000    1    1   1    0.42
95    2    0.115    1    2   0    0.58
145    2    0.115    1    2   0    0.57
17    1    -0.046    1    1   0    0.53
127    2    -0.046    2    1   0    0.46
150    2    0.115    1    2   0    0.49
116    2    -0.115    1    2   1    0.62
25    1    0.115    2    2   0    0.46
1    1    -0.115    1    1   0    0.51
122    2    -0.046    2    1   0    0.60
9    1    0.046    2    2   0    0.60
46    1    -0.115    1    1   0    0.62
85    2    0.115    1    2   0    0.48
57    1    -0.046    1    1   0    0.54
105    2    0.115    1    2   0    0.48
64    1    0.046    2    2   0    0.46
84    2    0.046    1    2   0    0.42
52    1    -0.046    1    1   0    0.46
76    2    -0.115    2    1   0    0.54
119    2    0.046    1    2   0    0.38
99    2    0.046    1    2   0    0.53
16    1    -0.115    1    1   0    0.49
98    2    0.000    2    1   1    0.50
65    1    0.115    2    2   0    0.61
96    2    -0.115    2    1   0    0.55
58    1    0.000    2    2   0    1.05
134    2    0.046    1    2   0    1.22
28    1    0.000    2    2   0    0.44
143    2    0.000    2    1   1    0.52
104    2    0.046    1    2   0    0.73
7    1    -0.046    1    1   0    0.58
128    2    0.000    2    1   1    0.46
72    1    -0.046    1    1   0    0.65
102    2    -0.046    2    1   0    0.52
138    2    0.000    2    1   1    0.56
29    1    0.046    2    2   0    0.54
69    1    0.046    2    2   0    0.42
34    1    0.046    2    2   0    0.45
112    2    -0.046    2    1   0    0.42
146    2    -0.115    2    1   0    0.41
139    2    0.046    1    2   0    1.02
15    1    0.115    2    2   0    0.48
75    2    0.115    1    2   0    0.40
108    2    0.000    2    1   1    0.51
82    2    -0.046    2    1   0    1.43
124    2    0.046    1    2   0    0.68
42    1    -0.046    1    1   0    0.55
148    2    0.000    1    2   0    0.57
62    1    -0.046    1    1   0    0.63
77    2    -0.046    2    1   0    0.45
74    1    0.046    1    1   1    0.39
4    1    0.046    2    2   0    0.56
136    2    -0.115    2    1   0    1.40
43    1    0.000    1    1   1    0.65
101    2    -0.115    2    1   0    1.31
123    2    0.000    1    2   0    1.26
56    1    -0.115    1    1   0    1.02
117    2    -0.046    2    1   0    0.76
40    1    0.115    2    2   0    0.45
8    1    0.000    1    1   1    1.60
111    2    -0.115    1    2   1    1.47
120    2    0.115    1    2   0    0.51
37    1    -0.046    1    1   0    0.72
106    2    -0.115    1    2   1    0.85
54    1    0.046    1    1   1    0.87
71    1    -0.115    1    1   0    0.84
81    2    -0.115    1    2   1    0.71
