--------------------------------
18-Jul-2014 14:48:41 
data from observer T04 
#occlusion2 expt 
reference disparity (degrees) 0.160000 

stim order disp kresp testresp correct time
1    2    0.074    1    2   1    0.99
2    1    -0.069    1    1   1    0.75
3    2    -0.065    1    2   0    1.57
4    1    0.074    2    2   1    0.67
5    2    0.074    1    2   1    0.48
6    1    -0.069    1    1   1    0.57
7    2    -0.069    2    1   1    0.54
8    1    -0.065    1    1   1    0.93
9    1    -0.065    1    1   1    0.63
10    2    -0.060    2    1   1    0.56
11    1    -0.060    2    2   0    0.66
12    2    0.069    1    2   1    0.57
13    1    -0.069    1    1   1    0.57
14    2    -0.065    2    1   1    0.52
15    2    -0.065    2    1   1    0.76
16    2    -0.060    2    1   1    0.60
17    1    0.060    2    2   1    0.56
18    2    0.055    1    2   1    0.64
19    1    0.055    1    1   0    0.45
20    2    -0.065    2    1   1    0.70
21    2    -0.065    2    1   1    0.43
22    2    0.060    2    1   0    0.49
23    1    -0.069    1    1   1    0.50
24    1    -0.069    1    1   1    0.48
25    2    -0.065    2    1   1    0.51
26    2    -0.065    2    1   1    0.60
27    2    0.060    1    2   1    0.45
28    2    -0.060    2    1   1    0.43
29    2    -0.055    2    1   1    0.41
30    1    -0.055    1    1   1    0.75
31    1    0.051    2    2   1    0.42
32    2    0.051    1    2   1    0.69
33    2    0.046    1    2   1    0.50
34    1    0.046    2    2   1    0.54
35    1    0.042    2    2   1    0.43
36    1    0.042    2    2   1    0.41
37    1    -0.037    1    1   1    0.50
38    1    -0.037    1    1   1    0.67
39    1    0.032    2    2   1    0.62
40    2    0.032    1    2   1    0.49
41    2    0.028    1    2   1    1.27
42    1    0.028    2    2   1    1.58
43    2    0.023    1    2   1    0.63
44    1    -0.023    1    1   1    0.59
45    2    0.018    1    2   1    0.93
46    2    -0.018    2    1   1    0.52
47    2    0.014    1    2   1    0.78
48    1    0.014    2    2   1    0.48
49    2    -0.009    2    1   1    0.60
50    2    0.009    1    2   1    3.11
-------------------------
Final staircase threshold estimate (mean) is 0.0185
-------------------------
50    1    0.046    2    2   0    1.26
44    1    0.018    2    2   0    0.71
39    1    0.018    2    2   0    0.56
121    2    -0.046    2    1   0    0.52
16    1    -0.046    1    1   0    1.75
126    2    -0.046    2    1   0    0.51
22    1    -0.018    1    1   0    3.41
101    2    -0.046    2    1   0    0.52
20    1    0.046    2    2   0    0.48
132    2    -0.018    2    1   0    0.46
113    2    0.000    1    2   0    0.66
134    2    0.018    1    2   0    1.50
98    2    0.000    2    1   1    0.64
75    2    0.046    1    2   0    0.60
65    1    0.046    2    2   0    0.60
116    2    -0.046    2    1   0    0.42
147    2    -0.018    2    1   0    0.53
112    2    -0.018    2    1   0    0.48
118    2    0.000    2    1   1    0.59
8    1    0.000    2    2   0    0.85
62    1    -0.018    1    1   0    0.56
148    2    0.000    2    1   1    0.58
66    1    -0.046    1    1   0    1.00
37    1    -0.018    1    1   0    0.62
29    1    0.018    2    2   0    0.59
34    1    0.018    2    2   0    0.50
88    2    0.000    2    1   1    0.59
12    1    -0.018    1    1   0    0.91
90    2    0.046    1    2   0    0.60
83    2    0.000    1    2   0    1.26
127    2    -0.018    2    1   0    0.68
40    1    0.046    2    2   0    1.67
104    2    0.018    1    2   0    1.03
103    2    0.000    2    1   1    1.41
130    2    0.046    1    2   0    1.39
5    1    0.046    1    1   1    1.37
73    1    0.000    1    1   1    0.65
70    1    0.046    2    2   0    0.48
141    2    -0.046    2    1   0    0.56
4    1    0.018    2    2   0    0.56
79    2    0.018    1    2   0    0.61
67    1    -0.018    1    1   0    0.64
48    1    0.000    2    2   0    0.65
1    1    -0.046    1    1   0    0.65
144    2    0.018    1    2   0    0.64
52    1    -0.018    1    1   0    0.59
56    1    -0.046    1    1   0    0.70
135    2    0.046    1    2   0    1.23
53    1    0.000    1    1   1    0.56
43    1    0.000    2    2   0    0.61
125    2    0.046    1    2   0    0.74
77    2    -0.018    2    1   0    0.69
109    2    0.018    1    2   0    0.64
105    2    0.046    1    2   0    1.13
7    1    -0.018    2    2   1    1.15
95    2    0.046    1    2   0    0.81
139    2    0.018    2    1   1    1.04
102    2    -0.018    2    1   0    0.67
82    2    -0.018    2    1   0    0.48
81    2    -0.046    2    1   0    0.54
91    2    -0.046    2    1   0    0.50
99    2    0.018    1    2   0    0.78
149    2    0.018    2    1   1    0.71
58    1    0.000    2    2   0    0.73
68    1    0.000    1    1   1    3.43
38    1    0.000    2    2   0    3.69
93    2    0.000    1    2   0    1.79
124    2    0.018    1    2   0    2.63
110    2    0.046    1    2   0    2.27
46    1    -0.046    1    1   0    0.74
30    1    0.046    1    1   1    1.84
14    1    0.018    2    2   0    1.17
32    1    -0.018    1    1   0    0.91
19    1    0.018    2    2   0    0.73
107    2    -0.018    2    1   0    0.61
137    2    -0.018    2    1   0    1.20
51    1    -0.046    1    1   0    1.16
87    2    -0.018    2    1   0    2.44
21    1    -0.046    1    1   0    1.00
69    1    0.018    2    2   0    3.35
138    2    0.000    2    1   1    0.64
17    1    -0.018    1    1   0    0.96
59    1    0.018    2    2   0    0.59
3    1    0.000    1    1   1    1.83
128    2    0.000    2    1   1    0.50
97    2    -0.018    2    1   0    0.59
15    1    0.046    2    2   0    1.15
24    1    0.018    2    2   0    0.62
129    2    0.018    2    1   1    0.46
89    2    0.018    1    2   0    0.72
74    1    0.018    2    2   0    3.52
61    1    -0.046    1    1   0    2.35
27    1    -0.018    1    1   0    2.49
120    2    0.046    1    2   0    0.63
57    1    -0.018    1    1   0    0.78
18    1    0.000    1    1   1    0.52
26    1    -0.046    1    1   0    0.59
142    2    -0.018    1    2   1    0.89
10    1    0.046    2    2   0    2.51
136    2    -0.046    1    2   1    2.90
117    2    -0.018    2    1   0    0.67
131    2    -0.046    2    1   0    0.52
41    1    -0.046    1    1   0    0.55
78    2    0.000    1    2   0    1.46
76    2    -0.046    2    1   0    0.58
80    2    0.046    1    2   0    1.46
150    2    0.046    1    2   0    0.78
25    1    0.046    1    1   1    2.66
49    1    0.018    2    2   0    0.60
35    1    0.046    2    2   0    0.48
119    2    0.018    1    2   0    0.74
96    2    -0.046    2    1   0    0.52
114    2    0.018    1    2   0    0.79
84    2    0.018    1    2   0    0.60
64    1    0.018    2    2   0    0.81
55    1    0.046    2    2   0    0.69
33    1    0.000    1    1   1    3.60
140    2    0.046    1    2   0    0.64
146    2    -0.046    2    1   0    2.51
72    1    -0.018    1    1   0    0.82
122    2    -0.018    2    1   0    4.36
108    2    0.000    1    2   0    1.09
145    2    0.046    1    2   0    2.88
85    2    0.046    1    2   0    2.26
71    1    -0.046    1    1   0    0.58
13    1    0.000    2    2   0    3.26
63    1    0.000    1    1   1    0.63
31    1    -0.046    1    1   0    0.98
23    1    0.000    1    1   1    0.87
92    2    -0.018    2    1   0    0.53
42    1    -0.018    1    1   0    0.77
6    1    -0.046    1    1   0    1.38
45    1    0.046    2    2   0    2.97
47    1    -0.018    1    1   0    2.21
2    1    -0.018    1    1   0    0.66
36    1    -0.046    1    1   0    0.78
143    2    0.000    1    2   0    1.97
106    2    -0.046    2    1   0    0.69
100    2    0.046    1    2   0    0.87
94    2    0.018    1    2   0    4.73
86    2    -0.046    2    1   0    0.66
115    2    0.046    1    2   0    2.01
133    2    0.000    2    1   1    3.99
9    1    0.018    2    2   0    0.90
111    2    -0.046    2    1   0    0.71
54    1    0.018    2    2   0    2.83
28    1    0.000    2    2   0    0.56
60    1    0.046    2    2   0    2.44
11    1    -0.046    1    1   0    3.89
123    2    0.000    1    2   0    0.55
