--------------------------------
18-Jul-2014 15:07:43 
data from observer T04 
#occlusion2 expt 
reference disparity (degrees) 0.160000 

stim order disp kresp testresp correct time
1    1    -0.074    1    1   1    1.07
2    1    0.069    2    2   1    0.63
3    1    -0.065    1    1   1    0.54
4    2    -0.060    2    1   1    0.50
5    2    -0.055    2    1   1    0.54
6    2    -0.051    2    1   1    1.42
7    2    0.046    1    2   1    1.14
8    1    0.042    2    2   1    0.51
9    1    0.037    2    2   1    0.48
10    1    0.032    2    2   1    0.71
11    2    0.028    1    2   1    1.31
12    2    -0.023    2    1   1    1.05
13    2    -0.018    2    1   1    0.37
14    1    -0.014    2    2   0    3.71
15    1    -0.023    1    1   1    2.29
16    2    -0.023    2    1   1    0.62
17    1    0.018    2    2   1    1.31
18    1    -0.018    1    1   1    1.51
19    1    -0.014    1    1   1    0.78
20    2    0.014    1    2   1    1.39
21    2    -0.009    2    1   1    1.18
22    1    -0.009    1    1   1    0.90
23    2    -0.005    2    1   1    2.23
24    2    0.005    1    2   1    0.77
25    1    -0.005    1    1   1    1.43
26    2    0.005    1    2   1    1.29
27    1    -0.005    2    2   0    0.87
28    1    -0.014    1    1   1    4.32
29    1    -0.014    1    1   1    2.85
30    1    0.009    2    2   1    1.24
31    1    -0.009    1    1   1    1.11
32    2    0.005    1    2   1    1.56
33    2    0.005    1    2   1    3.33
34    2    0.005    1    2   1    0.54
35    2    -0.005    2    1   1    0.61
36    1    -0.005    1    1   1    1.61
37    1    -0.005    1    1   1    0.61
38    2    0.005    1    2   1    0.57
39    1    0.005    2    2   1    0.86
40    1    0.005    2    2   1    0.58
41    1    -0.005    2    2   0    0.58
42    1    -0.014    1    1   1    0.58
43    1    0.014    2    2   1    0.57
44    1    -0.009    2    2   0    0.70
45    1    -0.018    1    1   1    0.50
46    2    -0.018    2    1   1    0.50
47    1    -0.014    1    1   1    0.47
48    1    0.014    2    2   1    0.53
49    1    0.009    2    2   1    0.50
50    1    -0.009    1    1   1    0.48
-------------------------
Final staircase threshold estimate (mean) is 0.0125
-------------------------
110    2    0.032    1    2   0    1.21
3    1    0.000    2    2   0    0.58
79    2    0.014    2    1   1    0.63
146    2    -0.032    2    1   0    0.74
138    2    0.000    2    1   1    0.98
100    2    0.032    1    2   0    0.63
12    1    -0.014    1    1   0    2.07
106    2    -0.032    2    1   0    0.60
4    1    0.014    2    2   0    0.46
46    1    -0.032    1    1   0    0.60
126    2    -0.032    2    1   0    0.54
65    1    0.032    2    2   0    1.12
70    1    0.032    2    2   0    0.69
76    2    -0.032    2    1   0    2.90
125    2    0.032    1    2   0    0.74
142    2    -0.014    1    2   1    0.61
85    2    0.032    1    2   0    0.51
118    2    0.000    2    1   1    2.20
111    2    -0.032    2    1   0    1.19
34    1    0.014    2    2   0    0.46
117    2    -0.014    2    1   0    0.43
89    2    0.014    2    1   1    0.50
63    1    0.000    2    2   0    0.99
149    2    0.014    1    2   0    0.58
64    1    0.014    2    2   0    0.51
145    2    0.032    1    2   0    0.67
11    1    -0.032    1    1   0    0.65
39    1    0.014    2    2   0    0.56
90    2    0.032    1    2   0    1.39
75    2    0.032    1    2   0    0.63
140    2    0.032    1    2   0    0.62
50    1    0.032    2    2   0    0.61
56    1    -0.032    1    1   0    0.60
122    2    -0.014    1    2   1    0.63
104    2    0.014    1    2   0    0.54
128    2    0.000    1    2   0    0.57
43    1    0.000    1    1   1    0.42
124    2    0.014    1    2   0    0.55
105    2    0.032    1    2   0    0.51
139    2    0.014    1    2   0    0.49
113    2    0.000    1    2   0    2.08
9    1    0.014    1    1   1    1.06
33    1    0.000    1    1   1    3.78
143    2    0.000    1    2   0    1.21
74    1    0.014    1    1   1    1.80
123    2    0.000    1    2   0    4.29
45    1    0.032    2    2   0    2.07
80    2    0.032    1    2   0    1.04
134    2    0.014    1    2   0    3.09
88    2    0.000    1    2   0    4.23
150    2    0.032    1    2   0    0.71
81    2    -0.032    2    1   0    1.83
30    1    0.032    2    2   0    0.88
25    1    0.032    2    2   0    0.55
5    1    0.032    2    2   0    0.50
112    2    -0.014    2    1   0    0.45
61    1    -0.032    1    1   0    0.55
92    2    -0.014    2    1   0    0.52
59    1    0.014    2    2   0    0.59
38    1    0.000    2    2   0    0.69
44    1    0.014    2    2   0    0.82
107    2    -0.014    2    1   0    0.52
71    1    -0.032    1    1   0    1.28
21    1    -0.032    1    1   0    0.75
18    1    0.000    2    2   0    0.58
57    1    -0.014    1    1   0    0.88
127    2    -0.014    2    1   0    0.53
49    1    0.014    2    2   0    0.56
78    2    0.000    1    2   0    0.61
55    1    0.032    1    1   1    1.37
119    2    0.014    1    2   0    0.57
131    2    -0.032    2    1   0    0.71
36    1    -0.032    1    1   0    0.54
84    2    0.014    1    2   0    0.56
47    1    -0.014    2    2   1    0.57
120    2    0.032    1    2   0    1.03
86    2    -0.032    2    1   0    0.61
54    1    0.014    2    2   0    0.92
94    2    0.014    1    2   0    0.56
148    2    0.000    2    1   1    0.57
108    2    0.000    1    2   0    0.56
42    1    -0.014    1    1   0    0.47
98    2    0.000    2    1   1    0.63
141    2    -0.032    1    2   1    0.50
8    1    0.000    1    1   1    0.57
99    2    0.014    1    2   0    1.46
97    2    -0.014    1    2   1    0.46
2    1    -0.014    1    1   0    0.57
40    1    0.032    2    2   0    0.59
60    1    0.032    2    2   0    0.44
77    2    -0.014    2    1   0    0.39
103    2    0.000    1    2   0    1.08
121    2    -0.032    2    1   0    0.54
1    1    -0.032    1    1   0    0.48
66    1    -0.032    1    1   0    0.55
132    2    -0.014    2    1   0    0.46
130    2    0.032    1    2   0    0.43
87    2    -0.014    2    1   0    0.49
13    1    0.000    1    1   1    0.47
109    2    0.014    1    2   0    0.52
69    1    0.014    2    2   0    0.43
62    1    -0.014    1    1   0    0.42
26    1    -0.032    1    1   0    0.48
14    1    0.014    1    1   1    0.39
16    1    -0.032    1    1   0    0.61
53    1    0.000    1    1   1    4.34
6    1    -0.032    1    1   0    0.61
82    2    -0.014    2    1   0    2.08
68    1    0.000    2    2   0    2.21
52    1    -0.014    2    2   1    0.62
28    1    0.000    1    1   1    3.17
7    1    -0.014    1    1   0    1.25
95    2    0.032    1    2   0    0.55
35    1    0.032    2    2   0    0.63
93    2    0.000    1    2   0    0.72
83    2    0.000    2    1   1    0.51
31    1    -0.032    1    1   0    0.63
137    2    -0.014    2    1   0    1.21
73    1    0.000    2    2   0    0.51
22    1    -0.014    1    1   0    0.54
72    1    -0.014    1    1   0    0.53
67    1    -0.014    1    1   0    0.41
144    2    0.014    2    1   1    0.55
48    1    0.000    1    1   1    0.42
10    1    0.032    2    2   0    0.53
51    1    -0.032    1    1   0    0.55
136    2    -0.032    2    1   0    0.57
23    1    0.000    1    1   1    0.45
15    1    0.032    2    2   0    0.39
102    2    -0.014    2    1   0    0.56
135    2    0.032    1    2   0    0.54
41    1    -0.032    1    1   0    0.66
29    1    0.014    2    2   0    0.53
24    1    0.014    1    1   1    0.54
115    2    0.032    1    2   0    0.53
101    2    -0.032    2    1   0    0.42
27    1    -0.014    1    1   0    0.60
17    1    -0.014    2    2   1    0.73
114    2    0.014    1    2   0    0.88
96    2    -0.032    2    1   0    0.52
116    2    -0.032    2    1   0    0.61
19    1    0.014    2    2   0    0.51
37    1    -0.014    2    2   1    1.22
133    2    0.000    2    1   1    0.64
20    1    0.032    2    2   0    0.77
32    1    -0.014    2    2   1    0.62
58    1    0.000    2    2   0    2.28
129    2    0.014    2    1   1    0.44
91    2    -0.032    2    1   0    0.43
147    2    -0.014    2    1   0    0.29
