--------------------------------
18-Jul-2014 13:08:06 
data from observer T04 
#occlusion2 expt 
reference disparity (degrees) 0.160000 

stim order disp kresp testresp correct time
1    2    -0.074    1    2   1    2.24
2    2    0.069    2    1   1    0.56
3    1    0.065    1    1   1    0.52
4    1    0.060    1    1   1    0.63
5    2    0.055    2    1   1    0.52
6    2    -0.051    1    2   1    1.00
7    1    -0.046    2    2   1    1.18
8    2    -0.042    1    2   1    0.54
9    2    0.037    2    1   1    0.50
10    1    -0.032    1    1   0    0.48
11    1    0.042    1    1   1    0.93
12    1    0.042    1    1   1    0.59
13    1    -0.037    2    2   1    1.81
14    2    0.037    2    1   1    0.72
15    2    0.032    2    1   1    0.61
16    2    0.032    1    2   0    0.67
17    1    -0.042    2    2   1    0.76
18    1    0.042    1    1   1    1.27
19    1    -0.037    2    2   1    0.59
20    1    0.037    1    1   1    0.73
21    2    -0.032    1    2   1    0.67
22    2    0.032    2    1   1    0.56
23    1    0.028    1    1   1    0.58
24    2    -0.028    1    2   1    1.79
25    2    0.023    2    1   1    2.82
26    1    0.023    1    1   1    0.84
27    2    -0.018    1    2   1    0.82
28    1    -0.018    1    1   0    2.08
29    1    -0.028    2    2   1    0.54
30    2    0.028    2    1   1    1.87
31    2    -0.023    1    2   1    2.75
32    1    0.023    1    1   1    1.85
33    2    0.018    2    1   1    0.80
34    1    0.018    1    1   1    2.85
35    1    0.014    1    1   1    0.85
36    1    -0.014    1    1   0    1.67
37    1    -0.023    2    2   1    0.85
38    1    0.023    1    1   1    1.12
39    2    -0.018    1    2   1    1.05
40    2    0.018    1    2   0    2.19
41    1    -0.028    2    2   1    2.37
42    1    -0.028    2    2   1    0.68
43    1    0.023    1    1   1    2.38
44    1    0.023    1    1   1    1.28
45    2    -0.018    1    2   1    1.18
46    2    0.018    2    1   1    1.02
47    2    -0.014    1    2   1    1.02
48    1    0.014    1    1   1    1.21
49    1    0.009    1    1   1    1.83
50    1    -0.009    1    1   0    2.01
-------------------------
Final staircase threshold estimate (mean) is 0.0185
-------------------------
65    1    0.046    2    2   0    14.94
110    2    0.046    2    1   1    1.30
116    2    -0.046    1    2   1    2.54
40    1    0.046    1    1   1    0.69
34    1    0.018    1    1   1    1.21
83    2    0.000    1    2   0    3.16
78    2    0.000    1    2   0    6.92
80    2    0.046    2    1   1    0.81
48    1    0.000    1    1   1    2.22
16    1    -0.046    2    2   1    0.84
84    2    0.018    2    1   1    1.26
12    1    -0.018    2    2   1    1.28
142    2    -0.018    1    2   1    0.97
143    2    0.000    1    2   0    1.61
127    2    -0.018    1    2   1    0.99
49    1    0.018    1    1   1    2.34
9    1    0.018    1    1   1    1.05
2    1    -0.018    2    2   1    2.72
109    2    0.018    2    1   1    4.05
53    1    0.000    1    1   1    0.96
96    2    -0.046    1    2   1    0.69
59    1    0.018    1    1   1    3.49
19    1    0.018    1    1   1    0.92
66    1    -0.046    2    2   1    1.32
90    2    0.046    2    1   1    1.24
89    2    0.018    1    2   0    0.73
111    2    -0.046    1    2   1    0.51
138    2    0.000    2    1   1    0.74
144    2    0.018    1    2   0    0.95
108    2    0.000    2    1   1    0.92
61    1    -0.046    2    2   1    0.94
32    1    -0.018    2    2   1    2.40
128    2    0.000    1    2   0    1.80
120    2    0.046    2    1   1    0.61
103    2    0.000    1    2   0    1.26
17    1    -0.018    2    2   1    0.92
67    1    -0.018    2    2   1    0.78
71    1    -0.046    2    2   1    0.60
58    1    0.000    2    2   0    0.55
1    1    -0.046    2    2   1    0.66
140    2    0.046    2    1   1    0.84
25    1    0.046    1    1   1    0.71
115    2    0.046    2    1   1    0.63
70    1    0.046    1    1   1    0.59
139    2    0.018    2    1   1    0.83
92    2    -0.018    1    2   1    1.67
26    1    -0.046    2    2   1    0.72
35    1    0.046    1    1   1    0.98
44    1    0.018    1    1   1    1.02
37    1    -0.018    1    1   0    6.68
91    2    -0.046    1    2   1    0.76
88    2    0.000    1    2   0    0.85
54    1    0.018    1    1   1    3.38
87    2    -0.018    1    2   1    0.92
3    1    0.000    1    1   1    0.74
56    1    -0.046    1    1   0    1.33
24    1    0.018    1    1   1    0.74
21    1    -0.046    2    2   1    1.40
114    2    0.018    1    2   0    1.71
130    2    0.046    2    1   1    1.68
64    1    0.018    1    1   1    0.68
81    2    -0.046    1    2   1    0.78
72    1    -0.018    2    2   1    1.23
29    1    0.018    1    1   1    0.89
119    2    0.018    2    1   1    0.59
39    1    0.018    1    1   1    0.60
30    1    0.046    1    1   1    0.61
28    1    0.000    1    1   1    0.55
95    2    0.046    2    1   1    0.57
131    2    -0.046    1    2   1    0.57
124    2    0.018    2    1   1    0.53
82    2    -0.018    1    2   1    0.57
11    1    -0.046    2    2   1    0.59
94    2    0.018    2    1   1    0.55
45    1    0.046    1    1   1    0.52
137    2    -0.018    2    1   0    0.40
14    1    0.018    1    1   1    0.51
106    2    -0.046    1    2   1    0.53
75    2    0.046    2    1   1    0.92
113    2    0.000    2    1   1    3.07
86    2    -0.046    1    2   1    0.61
112    2    -0.018    1    2   1    1.44
141    2    -0.046    1    2   1    0.68
135    2    0.046    2    1   1    0.61
79    2    0.018    2    1   1    1.11
41    1    -0.046    2    2   1    0.44
69    1    0.018    1    1   1    1.96
42    1    -0.018    2    2   1    1.05
38    1    0.000    2    2   0    0.57
104    2    0.018    2    1   1    0.68
76    2    -0.046    1    2   1    0.46
118    2    0.000    2    1   1    0.73
20    1    0.046    1    1   1    0.51
10    1    0.046    1    1   1    0.49
43    1    0.000    1    1   1    0.52
50    1    0.046    2    2   0    0.49
18    1    0.000    2    2   0    0.71
23    1    0.000    1    1   1    0.61
100    2    0.046    2    1   1    0.51
6    1    -0.046    2    2   1    0.57
60    1    0.046    1    1   1    0.45
98    2    0.000    1    2   0    0.54
55    1    0.046    1    1   1    0.72
46    1    -0.046    1    1   0    0.50
147    2    -0.018    1    2   1    0.95
77    2    -0.018    1    2   1    0.61
105    2    0.046    2    1   1    0.60
63    1    0.000    1    1   1    0.95
51    1    -0.046    2    2   1    0.47
134    2    0.018    2    1   1    0.48
22    1    -0.018    2    2   1    0.46
36    1    -0.046    2    2   1    0.41
15    1    0.046    2    2   0    0.61
93    2    0.000    1    2   0    0.51
121    2    -0.046    1    2   1    0.46
146    2    -0.046    1    2   1    0.46
117    2    -0.018    2    1   0    0.54
129    2    0.018    2    1   1    1.39
122    2    -0.018    1    2   1    0.61
4    1    0.018    1    1   1    0.49
99    2    0.018    1    2   0    0.59
126    2    -0.046    1    2   1    0.46
5    1    0.046    2    2   0    0.51
107    2    -0.018    1    2   1    0.43
123    2    0.000    1    2   0    0.59
57    1    -0.018    2    2   1    0.39
62    1    -0.018    1    1   0    0.34
68    1    0.000    2    2   0    0.55
33    1    0.000    1    1   1    1.08
97    2    -0.018    1    2   1    0.46
47    1    -0.018    2    2   1    0.60
13    1    0.000    1    1   1    0.55
73    1    0.000    2    2   0    0.50
136    2    -0.046    2    1   0    0.78
27    1    -0.018    2    2   1    0.47
85    2    0.046    2    1   1    0.64
74    1    0.018    1    1   1    0.55
8    1    0.000    2    2   0    0.48
31    1    -0.046    1    1   0    0.51
145    2    0.046    2    1   1    0.47
132    2    -0.018    1    2   1    0.51
7    1    -0.018    1    1   0    0.63
133    2    0.000    2    1   1    0.47
148    2    0.000    2    1   1    0.47
125    2    0.046    1    2   0    0.64
102    2    -0.018    2    1   0    0.74
101    2    -0.046    1    2   1    0.53
150    2    0.046    2    1   1    0.63
52    1    -0.018    2    2   1    0.49
149    2    0.018    2    1   1    0.60
