--------------------------------
18-Jul-2014 12:51:17 
data from observer T04 
#occlusion2 expt 
reference disparity (degrees) 0.160000 

stim order disp kresp testresp correct time
1    2    -0.074    1    2   1    0.64
2    2    0.069    2    1   1    0.54
3    1    0.065    1    1   1    0.46
4    1    0.060    1    1   1    0.49
5    2    0.055    2    1   1    0.50
6    2    -0.051    1    2   1    1.50
7    2    0.046    2    1   1    0.46
8    2    0.042    2    1   1    0.65
9    2    0.037    2    1   1    1.71
10    2    -0.032    2    1   0    1.30
11    2    -0.042    2    1   0    1.73
12    2    0.051    2    1   1    1.49
13    1    0.051    1    1   1    1.28
14    2    -0.046    1    2   1    0.64
15    2    -0.046    1    2   1    0.61
16    1    -0.042    2    2   1    1.13
17    2    0.042    2    1   1    1.11
18    1    0.037    1    1   1    1.46
19    2    -0.037    1    2   1    1.45
20    1    0.032    2    2   0    1.34
21    1    0.042    1    1   1    1.44
22    2    0.042    2    1   1    0.68
23    2    -0.037    2    1   0    2.37
24    1    -0.046    2    2   1    1.29
25    1    -0.046    2    2   1    1.60
26    1    -0.042    2    2   1    1.05
27    1    -0.042    2    2   1    0.86
28    1    -0.037    2    2   1    0.60
29    1    -0.037    2    2   1    0.73
30    1    -0.032    2    2   1    0.78
31    2    0.032    2    1   1    0.61
32    2    -0.028    2    1   0    0.56
33    1    -0.037    2    2   1    0.73
34    1    0.037    2    2   0    1.78
35    1    0.046    1    1   1    2.06
36    2    0.046    2    1   1    0.72
37    2    0.042    2    1   1    0.61
38    2    -0.042    1    2   1    0.60
39    1    -0.037    1    1   0    0.92
40    1    0.046    2    2   0    1.53
41    1    -0.055    2    2   1    0.79
42    1    0.055    1    1   1    0.67
43    2    -0.051    1    2   1    0.61
44    2    -0.051    2    1   0    1.48
45    2    0.060    2    1   1    1.45
46    1    -0.060    2    2   1    0.61
47    1    0.055    1    1   1    2.64
48    2    0.055    2    1   1    0.66
49    2    0.051    2    1   1    0.63
50    2    0.051    2    1   1    0.75
-------------------------
Final staircase threshold estimate (mean) is 0.0545
-------------------------
21    1    -0.134    2    2   1    1.85
101    2    -0.134    1    2   1    2.05
137    2    -0.055    2    1   0    2.37
102    2    -0.055    1    2   1    2.06
3    1    0.000    1    1   1    1.84
56    1    -0.134    2    2   1    1.00
82    2    -0.055    2    1   0    1.56
27    1    -0.055    2    2   1    1.10
131    2    -0.134    1    2   1    1.29
114    2    0.055    2    1   1    0.85
78    2    0.000    1    2   0    3.53
53    1    0.000    2    2   0    15.04
42    1    -0.055    2    2   1    0.73
19    1    0.055    1    1   1    0.81
67    1    -0.055    2    2   1    0.80
66    1    -0.134    2    2   1    0.76
2    1    -0.055    2    2   1    0.66
17    1    -0.055    2    2   1    1.10
93    2    0.000    2    1   1    2.25
97    2    -0.055    1    2   1    0.54
14    1    0.055    1    1   1    0.54
96    2    -0.134    1    2   1    1.71
41    1    -0.134    2    2   1    0.65
141    2    -0.134    2    1   0    0.55
8    1    0.000    1    1   1    9.51
121    2    -0.134    1    2   1    2.05
86    2    -0.134    2    1   0    0.63
9    1    0.055    1    1   1    0.89
134    2    0.055    2    1   1    0.64
123    2    0.000    1    2   0    1.42
91    2    -0.134    1    2   1    0.66
30    1    0.134    1    1   1    0.57
48    1    0.000    1    1   1    1.32
24    1    0.055    1    1   1    1.25
37    1    -0.055    2    2   1    0.91
43    1    0.000    1    1   1    2.64
77    2    -0.055    1    2   1    0.92
118    2    0.000    1    2   0    2.38
68    1    0.000    1    1   1    1.51
13    1    0.000    2    2   0    0.94
35    1    0.134    1    1   1    0.76
5    1    0.134    1    1   1    0.58
84    2    0.055    2    1   1    0.56
73    1    0.000    2    2   0    1.47
117    2    -0.055    2    1   0    0.77
72    1    -0.055    2    2   1    1.21
63    1    0.000    1    1   1    3.09
92    2    -0.055    1    2   1    1.21
54    1    0.055    1    1   1    0.69
111    2    -0.134    1    2   1    0.53
10    1    0.134    1    1   1    0.51
130    2    0.134    2    1   1    0.60
107    2    -0.055    1    2   1    0.44
16    1    -0.134    1    1   0    0.55
105    2    0.134    2    1   1    0.46
12    1    -0.055    1    1   0    0.47
88    2    0.000    2    1   1    2.96
15    1    0.134    1    1   1    0.58
148    2    0.000    1    2   0    7.88
51    1    -0.134    2    2   1    1.54
116    2    -0.134    1    2   1    2.88
126    2    -0.134    1    2   1    2.40
135    2    0.134    2    1   1    0.63
18    1    0.000    1    1   1    4.15
87    2    -0.055    1    2   1    2.39
25    1    0.134    1    1   1    0.70
104    2    0.055    2    1   1    0.70
64    1    0.055    1    1   1    0.63
98    2    0.000    1    2   0    1.18
150    2    0.134    2    1   1    0.58
28    1    0.000    1    1   1    0.73
142    2    -0.055    1    2   1    0.84
128    2    0.000    2    1   1    0.82
34    1    0.055    1    1   1    0.62
55    1    0.134    1    1   1    0.46
143    2    0.000    2    1   1    1.21
69    1    0.055    1    1   1    0.53
59    1    0.055    1    1   1    0.50
108    2    0.000    1    2   0    0.52
100    2    0.134    2    1   1    0.60
58    1    0.000    2    2   0    4.05
140    2    0.134    2    1   1    0.56
26    1    -0.134    2    2   1    0.44
95    2    0.134    2    1   1    0.50
22    1    -0.055    2    2   1    0.50
49    1    0.055    2    2   0    0.40
1    1    -0.134    1    1   0    0.52
83    2    0.000    2    1   1    4.63
80    2    0.134    2    1   1    0.49
115    2    0.134    2    1   1    0.44
132    2    -0.055    1    2   1    0.78
6    1    -0.134    2    2   1    0.51
40    1    0.134    1    1   1    0.44
20    1    0.134    1    1   1    0.54
39    1    0.055    1    1   1    0.44
76    2    -0.134    1    2   1    0.35
29    1    0.055    1    1   1    2.00
112    2    -0.055    2    1   0    0.48
94    2    0.055    2    1   1    0.69
90    2    0.134    2    1   1    0.64
147    2    -0.055    2    1   0    0.50
46    1    -0.134    2    2   1    0.48
71    1    -0.134    2    2   1    0.37
109    2    0.055    2    1   1    0.48
47    1    -0.055    2    2   1    0.42
57    1    -0.055    1    1   0    0.56
127    2    -0.055    1    2   1    0.61
36    1    -0.134    1    1   0    0.49
136    2    -0.134    1    2   1    0.50
65    1    0.134    1    1   1    0.37
119    2    0.055    1    2   0    0.40
139    2    0.055    2    1   1    0.66
122    2    -0.055    1    2   1    0.53
62    1    -0.055    1    1   0    0.46
106    2    -0.134    1    2   1    0.48
23    1    0.000    1    1   1    1.82
125    2    0.134    2    1   1    0.65
103    2    0.000    2    1   1    5.62
129    2    0.055    2    1   1    0.57
50    1    0.134    1    1   1    0.63
89    2    0.055    2    1   1    0.49
85    2    0.134    2    1   1    0.57
60    1    0.134    1    1   1    0.52
31    1    -0.134    1    1   0    0.65
79    2    0.055    1    2   0    0.55
33    1    0.000    1    1   1    0.67
74    1    0.055    1    1   1    0.55
145    2    0.134    2    1   1    0.57
44    1    0.055    1    1   1    0.41
61    1    -0.134    2    2   1    0.88
110    2    0.134    2    1   1    0.51
99    2    0.055    2    1   1    0.60
133    2    0.000    1    2   0    9.65
45    1    0.134    1    1   1    0.66
75    2    0.134    2    1   1    0.72
11    1    -0.134    2    2   1    0.43
149    2    0.055    2    1   1    0.50
138    2    0.000    1    2   0    1.95
81    2    -0.134    1    2   1    1.15
38    1    0.000    2    2   0    3.54
7    1    -0.055    2    2   1    0.65
146    2    -0.134    1    2   1    1.86
32    1    -0.055    2    2   1    1.21
70    1    0.134    1    1   1    0.56
113    2    0.000    2    1   1    3.54
4    1    0.055    1    1   1    0.66
52    1    -0.055    2    2   1    2.71
124    2    0.055    2    1   1    0.58
144    2    0.055    2    1   1    0.60
120    2    0.134    2    1   1    0.43
