--------------------------------
18-Jul-2014 13:15:21 
data from observer T04 
#occlusion2 expt 
reference disparity (degrees) 0.160000 

stim order disp kresp testresp correct time
1    1    0.074    1    1   1    1.33
2    2    0.069    2    1   1    0.53
3    2    -0.065    1    2   1    0.43
4    2    -0.060    1    2   1    0.46
5    2    0.055    2    1   1    0.51
6    2    0.051    2    1   1    0.51
7    1    -0.046    2    2   1    0.63
8    2    0.042    1    2   0    0.62
9    1    -0.051    2    2   1    0.76
10    1    -0.051    2    2   1    0.62
11    2    -0.046    1    2   1    0.51
12    2    0.046    2    1   1    0.47
13    1    0.042    1    1   1    0.53
14    1    0.042    1    1   1    0.42
15    2    0.037    2    1   1    0.60
16    1    0.037    1    1   1    0.50
17    1    0.032    1    1   1    0.51
18    2    0.032    2    1   1    0.78
19    1    0.028    2    2   0    0.52
20    1    -0.037    2    2   1    0.58
21    2    0.037    2    1   1    0.48
22    1    -0.032    2    2   1    0.41
23    1    0.032    1    1   1    0.60
24    2    -0.028    2    1   0    0.35
25    2    -0.037    1    2   1    0.46
26    2    -0.037    1    2   1    0.37
27    1    -0.032    2    2   1    0.45
28    2    -0.032    1    2   1    0.43
29    1    -0.028    2    2   1    0.49
30    1    0.028    1    1   1    0.40
31    1    0.023    1    1   1    0.43
32    1    -0.023    2    2   1    0.52
33    1    -0.018    2    2   1    0.47
34    1    -0.018    1    1   0    0.36
35    1    -0.028    2    2   1    0.52
36    1    -0.028    2    2   1    0.65
37    2    -0.023    2    1   0    0.56
38    2    -0.032    1    2   1    0.66
39    1    0.032    1    1   1    0.50
40    1    -0.028    2    2   1    0.51
41    2    -0.028    1    2   1    0.48
42    2    0.023    2    1   1    0.60
43    1    -0.023    1    1   0    0.45
44    1    0.032    1    1   1    0.48
45    2    -0.032    1    2   1    0.48
46    1    0.028    1    1   1    0.44
47    1    0.028    1    1   1    0.41
48    2    0.023    1    2   0    0.31
49    1    0.032    1    1   1    0.48
50    2    -0.032    1    2   1    0.44
-------------------------
Final staircase threshold estimate (mean) is 0.0282
-------------------------
68    1    0.000    1    1   1    2.53
87    2    -0.028    1    2   1    0.49
129    2    0.028    2    1   1    0.53
116    2    -0.069    1    2   1    0.48
64    1    0.028    1    1   1    0.46
25    1    0.069    1    1   1    0.43
49    1    0.028    1    1   1    0.33
30    1    0.069    1    1   1    0.39
102    2    -0.028    1    2   1    0.38
95    2    0.069    2    1   1    0.51
26    1    -0.069    2    2   1    0.52
78    2    0.000    2    1   1    0.50
133    2    0.000    1    2   0    0.44
117    2    -0.028    1    2   1    0.38
13    1    0.000    1    1   1    0.46
121    2    -0.069    1    2   1    0.48
81    2    -0.069    1    2   1    0.46
124    2    0.028    1    2   0    0.37
131    2    -0.069    1    2   1    0.44
71    1    -0.069    2    2   1    0.45
33    1    0.000    1    1   1    0.60
11    1    -0.069    2    2   1    0.41
50    1    0.069    1    1   1    0.51
52    1    -0.028    2    2   1    0.47
51    1    -0.069    1    1   0    0.34
46    1    -0.069    2    2   1    0.47
27    1    -0.028    2    2   1    0.50
110    2    0.069    2    1   1    0.53
76    2    -0.069    1    2   1    0.47
85    2    0.069    2    1   1    0.46
28    1    0.000    1    1   1    0.61
36    1    -0.069    2    2   1    0.60
148    2    0.000    2    1   1    0.45
60    1    0.069    1    1   1    0.45
48    1    0.000    2    2   0    0.73
24    1    0.028    1    1   1    0.49
106    2    -0.069    1    2   1    0.36
91    2    -0.069    1    2   1    0.34
88    2    0.000    1    2   0    0.36
34    1    0.028    1    1   1    0.35
59    1    0.028    1    1   1    0.30
107    2    -0.028    1    2   1    0.34
62    1    -0.028    1    1   0    0.34
103    2    0.000    1    2   0    0.47
89    2    0.028    2    1   1    0.65
54    1    0.028    1    1   1    0.55
35    1    0.069    1    1   1    0.47
83    2    0.000    1    2   0    0.43
39    1    0.028    1    1   1    0.54
99    2    0.028    2    1   1    0.57
136    2    -0.069    1    2   1    0.53
63    1    0.000    2    2   0    0.52
141    2    -0.069    1    2   1    0.39
140    2    0.069    2    1   1    0.53
130    2    0.069    2    1   1    0.53
37    1    -0.028    2    2   1    0.44
7    1    -0.028    2    2   1    0.40
142    2    -0.028    1    2   1    0.63
92    2    -0.028    1    2   1    0.56
6    1    -0.069    2    2   1    0.39
70    1    0.069    1    1   1    0.35
58    1    0.000    1    1   1    0.46
122    2    -0.028    1    2   1    0.54
79    2    0.028    2    1   1    0.48
96    2    -0.069    1    2   1    0.41
115    2    0.069    2    1   1    0.48
112    2    -0.028    1    2   1    0.36
1    1    -0.069    2    2   1    0.43
94    2    0.028    2    1   1    0.69
73    1    0.000    1    1   1    0.45
77    2    -0.028    1    2   1    0.56
86    2    -0.069    1    2   1    0.44
2    1    -0.028    2    2   1    0.55
119    2    0.028    2    1   1    0.58
12    1    -0.028    1    1   0    0.36
21    1    -0.069    2    2   1    0.42
113    2    0.000    2    1   1    0.71
4    1    0.028    1    1   1    0.63
20    1    0.069    1    1   1    0.40
31    1    -0.069    2    2   1    0.45
97    2    -0.028    1    2   1    0.79
135    2    0.069    2    1   1    0.55
105    2    0.069    2    1   1    0.45
90    2    0.069    2    1   1    0.63
137    2    -0.028    1    2   1    0.49
74    1    0.028    1    1   1    0.55
72    1    -0.028    2    2   1    0.52
9    1    0.028    1    1   1    0.48
61    1    -0.069    2    2   1    0.50
123    2    0.000    1    2   0    0.40
41    1    -0.069    2    2   1    0.37
42    1    -0.028    2    2   1    0.45
101    2    -0.069    1    2   1    0.41
65    1    0.069    1    1   1    0.56
104    2    0.028    1    2   0    0.41
118    2    0.000    1    2   0    2.47
84    2    0.028    1    2   0    0.65
109    2    0.028    2    1   1    0.52
29    1    0.028    1    1   1    0.55
132    2    -0.028    2    1   0    0.63
128    2    0.000    1    2   0    0.52
126    2    -0.069    1    2   1    0.54
69    1    0.028    2    2   0    0.81
56    1    -0.069    1    1   0    0.45
17    1    -0.028    2    2   1    2.22
14    1    0.028    2    2   0    0.48
143    2    0.000    2    1   1    0.62
82    2    -0.028    1    2   1    0.64
134    2    0.028    2    1   1    0.55
32    1    -0.028    1    1   0    1.24
3    1    0.000    1    1   1    1.20
18    1    0.000    1    1   1    0.86
15    1    0.069    1    1   1    0.54
138    2    0.000    1    2   0    0.43
114    2    0.028    1    2   0    0.51
111    2    -0.069    1    2   1    0.69
80    2    0.069    2    1   1    0.48
43    1    0.000    1    1   1    0.63
93    2    0.000    1    2   0    0.64
10    1    0.069    1    1   1    0.50
145    2    0.069    2    1   1    0.55
44    1    0.028    1    1   1    0.78
40    1    0.069    1    1   1    0.51
108    2    0.000    1    2   0    0.43
47    1    -0.028    1    1   0    0.40
38    1    0.000    1    1   1    0.49
22    1    -0.028    2    2   1    0.68
139    2    0.028    2    1   1    0.49
100    2    0.069    2    1   1    0.52
23    1    0.000    2    2   0    0.50
98    2    0.000    2    1   1    1.11
67    1    -0.028    1    1   0    0.79
149    2    0.028    2    1   1    0.53
19    1    0.028    1    1   1    0.52
144    2    0.028    2    1   1    0.48
147    2    -0.028    1    2   1    0.46
57    1    -0.028    2    2   1    0.45
146    2    -0.069    1    2   1    0.38
75    2    0.069    2    1   1    0.39
8    1    0.000    1    1   1    0.34
45    1    0.069    1    1   1    0.59
125    2    0.069    2    1   1    0.37
127    2    -0.028    1    2   1    0.36
16    1    -0.069    2    2   1    0.42
120    2    0.069    2    1   1    0.51
53    1    0.000    1    1   1    0.48
55    1    0.069    1    1   1    0.53
5    1    0.069    1    1   1    0.52
150    2    0.069    2    1   1    0.48
66    1    -0.069    2    2   1    0.44
