--------------------------------
08-Aug-2014 10:22:37 
data from observer T05 
#occlusion2 expt 
reference disparity (degrees) 0.160000 

stim order disp kresp testresp correct time
1    1    -0.074    2    2   1    0.57
2    2    0.069    2    1   1    0.57
3    2    -0.065    1    2   1    0.59
4    1    -0.060    2    2   1    0.43
5    2    -0.055    1    2   1    0.73
6    1    0.051    1    1   1    0.97
7    2    -0.046    1    2   1    0.52
8    2    0.042    2    1   1    0.59
9    1    -0.037    2    2   1    0.40
10    1    -0.032    2    2   1    0.44
11    2    -0.028    1    2   1    0.50
12    1    0.023    1    1   1    0.53
13    2    -0.018    1    2   1    0.48
14    2    0.014    1    2   0    0.77
15    1    -0.023    2    2   1    0.51
16    2    -0.023    1    2   1    0.54
17    2    0.018    2    1   1    0.46
18    1    0.018    1    1   1    0.36
19    1    0.014    1    1   1    0.59
20    1    -0.014    2    2   1    0.68
21    1    -0.009    1    1   0    0.55
22    2    -0.018    1    2   1    0.62
23    2    -0.018    1    2   1    0.45
24    1    0.014    1    1   1    0.65
25    2    -0.014    1    2   1    0.42
26    1    -0.009    1    1   0    2.43
27    2    -0.018    1    2   1    0.61
28    2    0.018    2    1   1    0.75
29    1    -0.014    2    2   1    2.63
30    1    0.014    1    1   1    0.56
31    1    0.009    1    1   1    0.78
32    2    -0.009    1    2   1    0.77
33    1    -0.005    2    2   1    1.16
34    1    0.005    1    1   1    0.67
35    1    0.005    1    1   1    0.80
36    2    -0.005    1    2   1    0.49
37    1    -0.005    2    2   1    0.71
38    2    -0.005    1    2   1    0.46
39    2    0.005    1    2   0    0.89
40    2    0.014    1    2   0    0.74
41    1    0.023    1    1   1    0.62
42    1    -0.023    2    2   1    0.81
43    2    0.018    2    1   1    0.74
44    2    0.018    1    2   0    0.47
45    2    -0.028    1    2   1    0.59
46    1    0.028    1    1   1    0.70
47    2    0.023    2    1   1    0.63
48    1    -0.023    2    2   1    0.73
49    1    -0.018    2    2   1    0.52
50    1    0.018    1    1   1    0.45
-------------------------
Final staircase threshold estimate (mean) is 0.0222
-------------------------
78    2    0.000    1    2   0    1.97
68    1    0.000    2    2   0    1.32
85    2    0.055    2    1   1    0.50
18    1    0.000    1    1   1    0.59
88    2    0.000    2    1   1    0.40
108    2    0.000    1    2   0    0.45
30    1    0.055    1    1   1    0.60
65    1    0.055    1    1   1    0.71
132    2    -0.023    1    2   1    0.44
75    2    0.055    2    1   1    0.71
13    1    0.000    1    1   1    0.39
46    1    -0.055    2    2   1    0.45
130    2    0.055    2    1   1    0.51
36    1    -0.055    2    2   1    0.48
87    2    -0.023    1    2   1    0.62
56    1    -0.055    2    2   1    0.43
14    1    0.023    1    1   1    0.46
43    1    0.000    1    1   1    0.62
102    2    -0.023    1    2   1    0.42
105    2    0.055    2    1   1    0.75
120    2    0.055    2    1   1    0.49
22    1    -0.023    2    2   1    0.54
40    1    0.055    1    1   1    0.54
128    2    0.000    2    1   1    0.80
42    1    -0.023    2    2   1    0.51
7    1    -0.023    2    2   1    0.47
28    1    0.000    1    1   1    1.14
31    1    -0.055    2    2   1    0.86
121    2    -0.055    2    1   0    0.69
50    1    0.055    1    1   1    0.67
39    1    0.023    1    1   1    0.64
27    1    -0.023    2    2   1    0.60
124    2    0.023    2    1   1    0.53
92    2    -0.023    1    2   1    0.49
109    2    0.023    2    1   1    0.44
61    1    -0.055    2    2   1    0.54
25    1    0.055    1    1   1    0.60
1    1    -0.055    2    2   1    0.55
126    2    -0.055    1    2   1    0.45
137    2    -0.023    1    2   1    0.57
44    1    0.023    1    1   1    0.58
125    2    0.055    2    1   1    0.52
63    1    0.000    1    1   1    0.63
74    1    0.023    1    1   1    0.53
54    1    0.023    1    1   1    0.53
83    2    0.000    1    2   0    1.40
45    1    0.055    1    1   1    0.47
110    2    0.055    2    1   1    0.51
81    2    -0.055    1    2   1    0.45
113    2    0.000    1    2   0    0.47
86    2    -0.055    1    2   1    0.51
116    2    -0.055    1    2   1    0.54
6    1    -0.055    2    2   1    0.53
8    1    0.000    1    1   1    0.44
58    1    0.000    2    2   0    0.93
150    2    0.055    2    1   1    0.57
135    2    0.055    2    1   1    0.45
84    2    0.023    2    1   1    0.51
127    2    -0.023    1    2   1    0.76
142    2    -0.023    1    2   1    0.75
16    1    -0.055    2    2   1    1.23
73    1    0.000    1    1   1    0.65
55    1    0.055    1    1   1    0.64
82    2    -0.023    1    2   1    1.01
21    1    -0.055    2    2   1    0.62
5    1    0.055    1    1   1    0.55
9    1    0.023    1    1   1    0.61
144    2    0.023    2    1   1    0.61
98    2    0.000    1    2   0    0.71
95    2    0.055    2    1   1    0.47
26    1    -0.055    2    2   1    0.49
17    1    -0.023    2    2   1    0.48
148    2    0.000    1    2   0    0.44
48    1    0.000    2    2   0    0.41
89    2    0.023    2    1   1    0.65
146    2    -0.055    1    2   1    0.50
104    2    0.023    2    1   1    0.57
33    1    0.000    1    1   1    0.66
15    1    0.055    2    2   0    0.35
19    1    0.023    1    1   1    0.60
34    1    0.023    1    1   1    0.58
139    2    0.023    2    1   1    0.78
62    1    -0.023    2    2   1    0.60
136    2    -0.055    1    2   1    0.60
90    2    0.055    2    1   1    0.59
140    2    0.055    2    1   1    0.48
12    1    -0.023    2    2   1    0.60
122    2    -0.023    1    2   1    0.70
145    2    0.055    2    1   1    0.47
111    2    -0.055    1    2   1    0.53
20    1    0.055    1    1   1    0.67
117    2    -0.023    1    2   1    0.57
4    1    0.023    1    1   1    0.67
41    1    -0.055    2    2   1    1.09
80    2    0.055    2    1   1    0.65
52    1    -0.023    2    2   1    0.46
100    2    0.055    2    1   1    0.52
59    1    0.023    1    1   1    0.44
79    2    0.023    2    1   1    0.42
47    1    -0.023    2    2   1    1.28
71    1    -0.055    2    2   1    0.45
114    2    0.023    2    1   1    0.52
94    2    0.023    2    1   1    0.37
11    1    -0.055    2    2   1    0.55
147    2    -0.023    1    2   1    0.94
93    2    0.000    2    1   1    0.42
60    1    0.055    2    2   0    0.67
91    2    -0.055    1    2   1    0.51
53    1    0.000    1    1   1    0.57
129    2    0.023    2    1   1    0.51
23    1    0.000    1    1   1    0.45
138    2    0.000    2    1   1    0.56
99    2    0.023    1    2   0    0.50
2    1    -0.023    2    2   1    0.36
123    2    0.000    1    2   0    0.49
67    1    -0.023    2    2   1    0.74
97    2    -0.023    1    2   1    0.72
133    2    0.000    2    1   1    0.66
149    2    0.023    1    2   0    0.44
24    1    0.023    1    1   1    0.60
64    1    0.023    1    1   1    0.70
29    1    0.023    1    1   1    0.55
107    2    -0.023    1    2   1    0.41
141    2    -0.055    1    2   1    0.50
134    2    0.023    2    1   1    0.61
10    1    0.055    1    1   1    0.81
70    1    0.055    1    1   1    0.53
103    2    0.000    1    2   0    0.51
77    2    -0.023    1    2   1    0.59
119    2    0.023    2    1   1    0.54
37    1    -0.023    2    2   1    0.55
143    2    0.000    2    1   1    1.36
57    1    -0.023    2    2   1    0.78
72    1    -0.023    2    2   1    0.68
69    1    0.023    1    1   1    0.78
131    2    -0.055    1    2   1    0.74
38    1    0.000    1    1   1    1.27
96    2    -0.055    1    2   1    0.49
118    2    0.000    1    2   0    0.71
51    1    -0.055    1    1   0    0.74
112    2    -0.023    1    2   1    0.96
35    1    0.055    1    1   1    0.77
3    1    0.000    2    2   0    0.83
106    2    -0.055    1    2   1    0.52
115    2    0.055    2    1   1    0.58
32    1    -0.023    2    2   1    0.90
101    2    -0.055    1    2   1    0.50
49    1    0.023    1    1   1    0.65
66    1    -0.055    2    2   1    0.73
76    2    -0.055    1    2   1    0.56
