--------------------------------
08-Aug-2014 10:16:23 
data from observer T05 
#occlusion2 expt 
reference disparity (degrees) 0.160000 

stim order disp kresp testresp correct time
1    2    -0.074    1    2   1    20.92
2    2    -0.069    1    2   1    0.88
3    2    0.065    2    1   1    0.53
4    2    -0.060    1    2   1    0.53
5    1    0.055    1    1   1    0.86
6    1    -0.051    2    2   1    0.56
7    2    0.046    2    1   1    0.58
8    1    0.042    1    1   1    0.62
9    2    -0.037    2    1   0    0.57
10    2    -0.046    2    1   0    0.76
11    1    -0.055    1    1   0    0.64
12    2    0.065    2    1   1    0.56
13    2    -0.065    1    2   1    1.13
14    1    0.060    1    1   1    0.79
15    2    0.060    2    1   1    0.55
16    2    0.055    1    2   0    0.57
17    1    -0.065    2    2   1    0.57
18    1    0.065    1    1   1    0.61
19    2    0.060    2    1   1    0.58
20    2    0.060    2    1   1    0.72
21    1    0.055    2    2   0    1.20
22    2    0.065    2    1   1    0.40
23    2    -0.065    1    2   1    1.06
24    1    0.060    2    2   0    0.67
25    1    0.069    1    1   1    0.65
26    1    0.069    1    1   1    1.95
27    2    0.065    2    1   1    0.79
28    1    0.065    1    1   1    0.84
29    1    0.060    1    1   1    0.68
30    2    0.060    2    1   1    0.77
31    1    0.055    1    1   1    0.59
32    2    -0.055    1    2   1    0.96
33    2    0.051    2    1   1    0.60
34    2    -0.051    1    2   1    0.93
35    1    -0.046    2    2   1    0.63
36    2    -0.046    1    2   1    0.51
37    1    -0.042    2    2   1    0.79
38    1    0.042    1    1   1    0.60
39    1    -0.037    2    2   1    0.54
40    2    -0.037    1    2   1    0.59
41    2    -0.032    2    1   0    0.43
42    2    0.042    2    1   1    0.88
43    1    0.042    1    1   1    0.91
44    2    0.037    2    1   1    1.23
45    1    -0.037    2    2   1    0.79
46    2    -0.032    2    1   0    0.90
47    2    -0.042    1    2   1    1.81
48    2    0.042    1    2   0    1.43
49    2    0.051    2    1   1    0.65
50    1    -0.051    1    1   0    0.72
-------------------------
Final staircase threshold estimate (mean) is 0.0406
-------------------------
21    1    -0.102    2    2   1    1.48
51    1    -0.102    2    2   1    0.47
126    2    -0.102    2    1   0    0.50
33    1    0.000    1    1   1    0.50
80    2    0.102    2    1   1    0.41
42    1    -0.042    2    2   1    0.70
82    2    -0.042    1    2   1    0.72
35    1    0.102    1    1   1    1.01
54    1    0.042    1    1   1    0.82
66    1    -0.102    2    2   1    0.40
122    2    -0.042    1    2   1    0.53
37    1    -0.042    2    2   1    0.43
140    2    0.102    2    1   1    0.52
56    1    -0.102    2    2   1    1.77
147    2    -0.042    1    2   1    0.94
2    1    -0.042    2    2   1    2.39
48    1    0.000    2    2   0    0.67
55    1    0.102    1    1   1    0.58
134    2    0.042    2    1   1    0.82
12    1    -0.042    1    1   0    0.68
59    1    0.042    1    1   1    0.68
34    1    0.042    1    1   1    0.81
30    1    0.102    1    1   1    1.00
28    1    0.000    2    2   0    2.42
142    2    -0.042    1    2   1    1.01
17    1    -0.042    2    2   1    0.67
81    2    -0.102    1    2   1    0.75
26    1    -0.102    2    2   1    1.81
3    1    0.000    2    2   0    3.04
19    1    0.042    1    1   1    1.06
125    2    0.102    2    1   1    0.75
65    1    0.102    1    1   1    0.82
1    1    -0.102    2    2   1    1.47
20    1    0.102    1    1   1    1.21
43    1    0.000    1    1   1    0.82
141    2    -0.102    1    2   1    1.08
148    2    0.000    2    1   1    0.70
102    2    -0.042    1    2   1    0.96
58    1    0.000    2    2   0    0.54
64    1    0.042    1    1   1    0.69
94    2    0.042    2    1   1    0.40
73    1    0.000    1    1   1    0.46
99    2    0.042    2    1   1    0.46
23    1    0.000    1    1   1    1.07
149    2    0.042    2    1   1    0.40
108    2    0.000    1    2   0    0.51
93    2    0.000    2    1   1    0.47
92    2    -0.042    1    2   1    0.59
22    1    -0.042    2    2   1    0.77
8    1    0.000    1    1   1    0.90
107    2    -0.042    2    1   0    0.59
41    1    -0.102    1    1   0    1.00
114    2    0.042    2    1   1    0.91
103    2    0.000    2    1   1    0.69
27    1    -0.042    1    1   0    0.52
25    1    0.102    2    2   0    0.47
88    2    0.000    2    1   1    1.30
136    2    -0.102    1    2   1    1.26
118    2    0.000    1    2   0    0.91
104    2    0.042    2    1   1    0.64
115    2    0.102    2    1   1    0.62
39    1    0.042    2    2   0    0.96
86    2    -0.102    1    2   1    0.83
120    2    0.102    2    1   1    0.43
7    1    -0.042    2    2   1    1.18
84    2    0.042    2    1   1    0.68
53    1    0.000    2    2   0    1.92
69    1    0.042    1    1   1    0.90
87    2    -0.042    1    2   1    1.55
105    2    0.102    2    1   1    0.50
68    1    0.000    1    1   1    0.61
116    2    -0.102    1    2   1    1.59
144    2    0.042    2    1   1    1.20
60    1    0.102    1    1   1    0.73
106    2    -0.102    2    1   0    0.72
45    1    0.102    1    1   1    0.41
121    2    -0.102    1    2   1    0.53
10    1    0.102    1    1   1    0.52
128    2    0.000    1    2   0    0.55
76    2    -0.102    1    2   1    0.72
24    1    0.042    1    1   1    1.16
112    2    -0.042    1    2   1    0.81
111    2    -0.102    1    2   1    0.78
57    1    -0.042    1    1   0    0.43
62    1    -0.042    1    1   0    1.09
101    2    -0.102    1    2   1    0.67
6    1    -0.102    2    2   1    2.02
91    2    -0.102    1    2   1    0.47
130    2    0.102    2    1   1    0.45
119    2    0.042    2    1   1    0.62
79    2    0.042    1    2   0    0.77
137    2    -0.042    1    2   1    0.91
9    1    0.042    2    2   0    0.88
138    2    0.000    1    2   0    0.34
129    2    0.042    2    1   1    0.58
67    1    -0.042    2    2   1    0.54
11    1    -0.102    2    2   1    0.80
133    2    0.000    2    1   1    0.78
38    1    0.000    2    2   0    0.55
146    2    -0.102    2    1   0    0.40
4    1    0.042    1    1   1    0.54
124    2    0.042    1    2   0    0.59
145    2    0.102    2    1   1    0.67
13    1    0.000    1    1   1    0.72
74    1    0.042    1    1   1    0.60
139    2    0.042    2    1   1    0.47
52    1    -0.042    2    2   1    0.45
31    1    -0.102    2    2   1    0.73
14    1    0.042    1    1   1    0.72
63    1    0.000    1    1   1    0.70
109    2    0.042    2    1   1    0.51
95    2    0.102    2    1   1    0.59
44    1    0.042    1    1   1    0.61
135    2    0.102    2    1   1    0.39
5    1    0.102    1    1   1    0.60
131    2    -0.102    1    2   1    0.77
50    1    0.102    1    1   1    0.71
113    2    0.000    1    2   0    0.78
47    1    -0.042    2    2   1    0.57
32    1    -0.042    2    2   1    0.68
75    2    0.102    2    1   1    0.47
72    1    -0.042    2    2   1    0.56
127    2    -0.042    1    2   1    0.58
96    2    -0.102    1    2   1    0.64
85    2    0.102    2    1   1    0.56
100    2    0.102    2    1   1    0.46
123    2    0.000    1    2   0    1.03
40    1    0.102    1    1   1    0.58
98    2    0.000    2    1   1    0.57
36    1    -0.102    2    2   1    0.99
77    2    -0.042    1    2   1    1.11
97    2    -0.042    1    2   1    3.26
16    1    -0.102    2    2   1    0.65
29    1    0.042    1    1   1    0.56
70    1    0.102    1    1   1    0.47
46    1    -0.102    1    1   0    1.02
90    2    0.102    1    2   0    1.11
132    2    -0.042    1    2   1    1.87
89    2    0.042    1    2   0    0.76
150    2    0.102    1    2   0    1.26
78    2    0.000    1    2   0    0.43
143    2    0.000    1    2   0    0.50
117    2    -0.042    1    2   1    0.92
15    1    0.102    1    1   1    0.38
61    1    -0.102    2    2   1    0.61
110    2    0.102    2    1   1    0.47
83    2    0.000    2    1   1    0.98
18    1    0.000    2    2   0    1.85
71    1    -0.102    2    2   1    0.75
49    1    0.042    2    2   0    0.79
