--------------------------------
08-Aug-2014 10:03:51 
data from observer T05 
#occlusion2 expt 
reference disparity (degrees) 0.160000 

stim order disp kresp testresp correct time
1    2    0.074    2    1   1    0.62
2    1    -0.069    2    2   1    0.50
3    2    0.065    2    1   1    0.43
4    2    -0.060    1    2   1    0.59
5    2    -0.055    1    2   1    0.52
6    2    0.051    2    1   1    0.49
7    2    -0.046    1    2   1    0.68
8    2    0.042    2    1   1    0.42
9    2    -0.037    1    2   1    0.48
10    1    -0.032    2    2   1    0.58
11    2    -0.028    1    2   1    0.91
12    1    0.023    1    1   1    0.96
13    2    0.018    2    1   1    0.84
14    2    -0.014    1    2   1    0.61
15    2    -0.009    1    2   1    0.68
16    2    0.005    1    2   0    0.58
17    2    0.014    2    1   1    0.56
18    1    -0.014    2    2   1    0.53
19    2    0.009    2    1   1    0.43
20    1    -0.009    2    2   1    0.47
21    1    -0.005    1    1   0    0.72
22    2    -0.014    1    2   1    0.73
23    2    0.014    2    1   1    0.73
24    1    0.009    1    1   1    0.67
25    1    0.009    1    1   1    0.81
26    2    0.005    1    2   0    0.47
27    1    0.014    1    1   1    0.68
28    1    0.014    1    1   1    0.60
29    2    0.009    2    1   1    0.76
30    1    0.009    1    1   1    0.65
31    1    -0.005    1    1   0    0.59
32    2    0.014    2    1   1    0.49
33    1    -0.014    1    1   0    0.45
34    1    0.023    1    1   1    1.07
35    2    -0.023    1    2   1    0.52
36    2    -0.018    1    2   1    0.53
37    2    -0.018    1    2   1    0.45
38    1    -0.014    2    2   1    0.95
39    2    -0.014    1    2   1    0.47
40    1    -0.009    2    2   1    0.45
41    1    0.009    1    1   1    0.46
42    1    0.005    1    1   1    0.83
43    1    -0.005    1    1   0    0.40
44    1    -0.014    1    1   0    1.14
45    1    -0.023    2    2   1    0.58
46    1    -0.023    2    2   1    0.49
47    1    -0.018    2    2   1    0.53
48    2    -0.018    1    2   1    0.54
49    2    -0.014    1    2   1    0.69
50    1    0.014    1    1   1    0.61
-------------------------
Final staircase threshold estimate (mean) is 0.0143
-------------------------
123    2    0.000    1    2   0    2.28
142    2    -0.014    1    2   1    0.57
119    2    0.014    2    1   1    0.99
2    1    -0.014    2    2   1    0.56
80    2    0.037    2    1   1    0.49
104    2    0.014    2    1   1    0.44
85    2    0.037    2    1   1    0.47
47    1    -0.014    2    2   1    0.80
150    2    0.037    2    1   1    0.46
81    2    -0.037    1    2   1    0.57
133    2    0.000    1    2   0    0.89
32    1    -0.014    2    2   1    0.60
68    1    0.000    1    1   1    0.75
136    2    -0.037    1    2   1    0.63
20    1    0.037    1    1   1    0.49
126    2    -0.037    1    2   1    0.37
88    2    0.000    1    2   0    0.35
66    1    -0.037    2    2   1    0.72
105    2    0.037    2    1   1    0.74
107    2    -0.014    1    2   1    0.54
106    2    -0.037    1    2   1    0.49
17    1    -0.014    2    2   1    0.51
9    1    0.014    1    1   1    0.67
101    2    -0.037    1    2   1    0.53
3    1    0.000    2    2   0    0.38
82    2    -0.014    1    2   1    0.40
131    2    -0.037    1    2   1    0.61
140    2    0.037    2    1   1    0.49
16    1    -0.037    2    2   1    0.53
15    1    0.037    1    1   1    0.61
83    2    0.000    2    1   1    0.33
91    2    -0.037    1    2   1    1.09
22    1    -0.014    2    2   1    0.77
48    1    0.000    1    1   1    1.13
115    2    0.037    2    1   1    0.60
103    2    0.000    1    2   0    0.81
79    2    0.014    2    1   1    0.58
26    1    -0.037    2    2   1    0.65
146    2    -0.037    1    2   1    0.48
143    2    0.000    2    1   1    0.59
1    1    -0.037    2    2   1    0.50
89    2    0.014    2    1   1    0.79
114    2    0.014    2    1   1    0.82
117    2    -0.014    1    2   1    0.63
144    2    0.014    2    1   1    0.56
109    2    0.014    2    1   1    0.57
39    1    0.014    1    1   1    0.76
90    2    0.037    2    1   1    0.78
138    2    0.000    2    1   1    1.00
94    2    0.014    2    1   1    0.61
37    1    -0.014    2    2   1    0.74
118    2    0.000    1    2   0    0.58
14    1    0.014    1    1   1    0.54
92    2    -0.014    1    2   1    0.74
8    1    0.000    1    1   1    0.64
62    1    -0.014    1    1   0    0.69
147    2    -0.014    1    2   1    0.67
61    1    -0.037    2    2   1    0.66
125    2    0.037    2    1   1    0.67
113    2    0.000    2    1   1    0.42
55    1    0.037    1    1   1    0.73
134    2    0.014    1    2   0    0.59
10    1    0.037    1    1   1    0.60
6    1    -0.037    2    2   1    0.92
56    1    -0.037    2    2   1    0.70
149    2    0.014    2    1   1    1.04
128    2    0.000    2    1   1    1.46
30    1    0.037    1    1   1    0.60
132    2    -0.014    1    2   1    0.60
141    2    -0.037    1    2   1    0.61
57    1    -0.014    2    2   1    0.57
43    1    0.000    1    1   1    0.47
35    1    0.037    1    1   1    0.85
51    1    -0.037    2    2   1    0.51
67    1    -0.014    2    2   1    0.66
44    1    0.014    1    1   1    0.57
76    2    -0.037    1    2   1    0.70
19    1    0.014    1    1   1    0.59
59    1    0.014    1    1   1    0.74
75    2    0.037    2    1   1    0.52
86    2    -0.037    1    2   1    0.46
145    2    0.037    2    1   1    0.55
24    1    0.014    1    1   1    0.39
129    2    0.014    2    1   1    0.69
28    1    0.000    1    1   1    0.53
127    2    -0.014    2    1   0    0.46
13    1    0.000    1    1   1    0.70
64    1    0.014    1    1   1    0.58
116    2    -0.037    1    2   1    0.47
25    1    0.037    1    1   1    0.49
96    2    -0.037    1    2   1    0.43
97    2    -0.014    1    2   1    0.46
11    1    -0.037    1    1   0    0.83
29    1    0.014    2    2   0    0.93
120    2    0.037    2    1   1    0.59
33    1    0.000    2    2   0    0.61
139    2    0.014    2    1   1    0.47
45    1    0.037    1    1   1    0.70
38    1    0.000    1    1   1    0.50
84    2    0.014    2    1   1    0.56
12    1    -0.014    2    2   1    0.98
124    2    0.014    2    1   1    0.89
111    2    -0.037    2    1   0    0.65
36    1    -0.037    2    2   1    0.47
72    1    -0.014    1    1   0    0.89
69    1    0.014    1    1   1    0.77
137    2    -0.014    1    2   1    0.77
54    1    0.014    1    1   1    0.48
87    2    -0.014    1    2   1    0.46
58    1    0.000    1    1   1    0.31
73    1    0.000    1    1   1    0.47
21    1    -0.037    1    1   0    0.54
70    1    0.037    1    1   1    0.36
18    1    0.000    2    2   0    0.67
31    1    -0.037    1    1   0    0.45
135    2    0.037    2    1   1    0.49
98    2    0.000    2    1   1    0.37
148    2    0.000    2    1   1    0.33
65    1    0.037    1    1   1    0.77
4    1    0.014    2    2   0    0.43
99    2    0.014    2    1   1    0.51
95    2    0.037    2    1   1    0.41
27    1    -0.014    2    2   1    0.39
102    2    -0.014    2    1   0    0.37
41    1    -0.037    2    2   1    0.47
40    1    0.037    2    2   0    0.51
93    2    0.000    2    1   1    0.54
23    1    0.000    2    2   0    0.42
77    2    -0.014    2    1   0    0.42
52    1    -0.014    2    2   1    0.63
78    2    0.000    2    1   1    0.51
46    1    -0.037    2    2   1    0.46
122    2    -0.014    1    2   1    1.01
74    1    0.014    2    2   0    0.90
34    1    0.014    1    1   1    1.09
112    2    -0.014    1    2   1    0.50
130    2    0.037    2    1   1    0.90
63    1    0.000    2    2   0    1.10
100    2    0.037    2    1   1    0.40
71    1    -0.037    2    2   1    0.38
53    1    0.000    2    2   0    0.36
108    2    0.000    2    1   1    0.40
110    2    0.037    2    1   1    0.28
49    1    0.014    2    2   0    0.28
50    1    0.037    1    1   1    0.34
60    1    0.037    1    1   1    0.39
42    1    -0.014    1    1   0    0.33
121    2    -0.037    2    1   0    0.34
5    1    0.037    1    1   1    0.56
7    1    -0.014    1    1   0    0.62
