--------------------------------
08-Aug-2014 09:53:06 
data from observer T05 
#occlusion2 expt 
reference disparity (degrees) 0.160000 

stim order disp kresp testresp correct time
1    2    -0.074    2    1   1    0.85
2    2    -0.069    2    1   1    0.46
3    2    0.065    1    2   1    0.57
4    1    0.060    2    2   1    0.37
5    1    0.055    2    2   1    0.47
6    2    0.051    1    2   1    0.46
7    2    0.046    1    2   1    0.57
8    2    -0.042    2    1   1    0.71
9    2    -0.037    2    1   1    0.54
10    1    0.032    2    2   1    0.50
11    1    -0.028    1    1   1    0.70
12    2    0.023    1    2   1    0.54
13    2    -0.018    1    2   0    0.49
14    1    -0.028    1    1   1    0.45
15    1    -0.028    1    1   1    0.41
16    2    -0.023    1    2   0    0.72
17    2    -0.032    2    1   1    0.45
18    2    0.032    1    2   1    0.72
19    1    0.028    2    2   1    0.54
20    2    -0.028    2    1   1    0.61
21    1    -0.023    1    1   1    0.79
22    2    0.023    1    2   1    0.59
23    2    0.018    1    2   1    0.40
24    2    0.018    1    2   1    0.46
25    2    -0.014    1    2   0    0.53
26    1    0.023    1    1   0    0.80
27    1    -0.032    1    1   1    0.49
28    2    -0.032    2    1   1    0.76
29    2    -0.028    2    1   1    0.69
30    1    0.028    2    2   1    0.67
31    1    -0.023    2    2   0    0.86
32    2    0.032    1    2   1    0.67
33    2    -0.032    2    1   1    0.58
34    2    0.028    1    2   1    0.53
35    1    0.028    2    2   1    0.35
36    2    0.023    1    2   1    0.34
37    1    0.023    2    2   1    0.30
38    1    0.018    1    1   0    0.36
39    1    -0.028    1    1   1    0.63
40    2    -0.028    2    1   1    0.46
41    1    0.023    2    2   1    0.37
42    1    0.023    2    2   1    0.62
43    2    0.018    1    2   1    1.19
44    1    -0.018    1    1   1    0.80
45    2    0.014    1    2   1    0.88
46    2    -0.014    2    1   1    0.58
47    2    0.009    1    2   1    0.63
48    1    0.009    2    2   1    0.68
49    1    0.005    1    1   0    0.64
50    1    0.014    2    2   1    0.48
-------------------------
Final staircase threshold estimate (mean) is 0.0148
-------------------------
48    1    0.000    1    1   1    0.71
64    1    0.014    2    2   0    1.07
15    1    0.037    2    2   0    0.69
53    1    0.000    1    1   1    0.83
57    1    -0.014    1    1   0    0.71
3    1    0.000    1    1   1    0.56
130    2    0.037    1    2   0    0.88
39    1    0.014    1    1   1    0.53
118    2    0.000    1    2   0    0.64
8    1    0.000    2    2   0    0.37
78    2    0.000    2    1   1    0.86
81    2    -0.037    2    1   0    0.43
116    2    -0.037    1    2   1    0.42
140    2    0.037    2    1   1    0.47
120    2    0.037    1    2   0    2.10
54    1    0.014    2    2   0    0.59
46    1    -0.037    1    1   0    0.57
85    2    0.037    2    1   1    0.42
38    1    0.000    1    1   1    1.10
90    2    0.037    1    2   0    0.78
51    1    -0.037    1    1   0    0.64
93    2    0.000    1    2   0    0.42
47    1    -0.014    1    1   0    0.53
107    2    -0.014    2    1   0    0.60
142    2    -0.014    2    1   0    0.38
29    1    0.014    2    2   0    0.39
149    2    0.014    1    2   0    0.93
28    1    0.000    1    1   1    0.48
36    1    -0.037    1    1   0    0.87
42    1    -0.014    1    1   0    0.57
60    1    0.037    2    2   0    0.57
70    1    0.037    2    2   0    0.53
123    2    0.000    2    1   1    0.52
101    2    -0.037    2    1   0    0.53
127    2    -0.014    2    1   0    0.48
79    2    0.014    2    1   1    0.67
128    2    0.000    1    2   0    0.59
136    2    -0.037    2    1   0    0.54
99    2    0.014    1    2   0    0.85
74    1    0.014    1    1   1    0.60
21    1    -0.037    1    1   0    0.86
145    2    0.037    1    2   0    1.05
102    2    -0.014    2    1   0    0.79
13    1    0.000    1    1   1    0.43
87    2    -0.014    2    1   0    0.64
144    2    0.014    1    2   0    0.55
76    2    -0.037    2    1   0    0.33
16    1    -0.037    1    1   0    0.36
126    2    -0.037    2    1   0    0.29
68    1    0.000    1    1   1    0.36
65    1    0.037    2    2   0    0.44
121    2    -0.037    1    2   1    0.42
135    2    0.037    1    2   0    0.63
112    2    -0.014    2    1   0    0.51
43    1    0.000    2    2   0    0.74
49    1    0.014    2    2   0    0.42
27    1    -0.014    2    2   1    0.35
12    1    -0.014    2    2   1    1.37
86    2    -0.037    2    1   0    0.45
26    1    -0.037    1    1   0    0.61
139    2    0.014    2    1   1    0.50
98    2    0.000    1    2   0    0.68
19    1    0.014    2    2   0    0.29
88    2    0.000    2    1   1    0.54
50    1    0.037    2    2   0    0.60
58    1    0.000    2    2   0    0.48
20    1    0.037    2    2   0    0.38
6    1    -0.037    2    2   1    0.34
34    1    0.014    1    1   1    1.04
24    1    0.014    2    2   0    1.16
147    2    -0.014    2    1   0    0.69
108    2    0.000    2    1   1    0.65
119    2    0.014    1    2   0    1.18
32    1    -0.014    1    1   0    0.77
82    2    -0.014    1    2   1    0.96
143    2    0.000    2    1   1    0.58
4    1    0.014    2    2   0    0.79
18    1    0.000    2    2   0    0.64
35    1    0.037    2    2   0    0.56
45    1    0.037    2    2   0    0.38
11    1    -0.037    2    2   1    0.43
141    2    -0.037    2    1   0    0.63
94    2    0.014    1    2   0    0.49
100    2    0.037    2    1   1    0.72
71    1    -0.037    2    2   1    1.33
89    2    0.014    2    1   1    0.63
37    1    -0.014    1    1   0    1.40
115    2    0.037    1    2   0    0.69
41    1    -0.037    1    1   0    0.57
132    2    -0.014    2    1   0    1.06
109    2    0.014    2    1   1    0.62
63    1    0.000    2    2   0    0.81
44    1    0.014    2    2   0    0.61
69    1    0.014    2    2   0    0.61
92    2    -0.014    2    1   0    0.68
111    2    -0.037    2    1   0    0.64
52    1    -0.014    2    2   1    0.45
150    2    0.037    2    1   1    0.80
67    1    -0.014    1    1   0    0.42
75    2    0.037    2    1   1    0.43
40    1    0.037    1    1   1    0.40
131    2    -0.037    2    1   0    0.36
97    2    -0.014    2    1   0    0.90
125    2    0.037    1    2   0    0.90
14    1    0.014    2    2   0    0.43
31    1    -0.037    1    1   0    0.54
146    2    -0.037    2    1   0    0.42
84    2    0.014    1    2   0    0.62
113    2    0.000    2    1   1    0.69
133    2    0.000    2    1   1    0.58
129    2    0.014    2    1   1    0.83
96    2    -0.037    2    1   0    0.51
148    2    0.000    2    1   1    0.45
105    2    0.037    1    2   0    0.66
83    2    0.000    2    1   1    0.49
138    2    0.000    1    2   0    0.36
80    2    0.037    2    1   1    0.35
122    2    -0.014    2    1   0    0.80
62    1    -0.014    2    2   1    0.48
114    2    0.014    2    1   1    0.34
33    1    0.000    2    2   0    0.37
30    1    0.037    2    2   0    0.34
61    1    -0.037    1    1   0    0.55
73    1    0.000    2    2   0    0.46
59    1    0.014    2    2   0    0.73
2    1    -0.014    1    1   0    0.59
7    1    -0.014    1    1   0    0.61
137    2    -0.014    2    1   0    0.61
124    2    0.014    1    2   0    0.59
104    2    0.014    2    1   1    0.35
66    1    -0.037    1    1   0    0.32
91    2    -0.037    2    1   0    0.60
103    2    0.000    1    2   0    0.34
110    2    0.037    2    1   1    0.27
117    2    -0.014    1    2   1    0.41
17    1    -0.014    2    2   1    0.64
10    1    0.037    1    1   1    0.33
106    2    -0.037    2    1   0    0.70
95    2    0.037    1    2   0    0.68
22    1    -0.014    1    1   0    1.11
55    1    0.037    2    2   0    0.52
56    1    -0.037    1    1   0    0.65
134    2    0.014    2    1   1    0.35
72    1    -0.014    1    1   0    0.50
23    1    0.000    2    2   0    0.73
77    2    -0.014    1    2   1    0.31
9    1    0.014    2    2   0    0.74
25    1    0.037    2    2   0    0.63
5    1    0.037    2    2   0    0.63
1    1    -0.037    1    1   0    1.03
