--------------------------------
08-Aug-2014 10:09:19 
data from observer A05 
#occlusion2 expt 
reference disparity (degrees) 0.160000 

stim order disp kresp testresp correct time
1    2    0.074    1    2   1    0.57
2    1    -0.069    1    1   1    0.43
3    1    -0.065    1    1   1    0.39
4    1    -0.060    1    1   1    0.41
5    1    0.055    2    2   1    0.61
6    2    0.051    1    2   1    0.76
7    1    -0.046    1    1   1    0.49
8    1    -0.042    1    1   1    0.52
9    1    0.037    1    1   0    0.39
10    2    -0.046    1    2   0    0.49
11    1    0.055    2    2   1    0.75
12    1    -0.055    1    1   1    0.42
13    2    -0.051    2    1   1    0.51
14    2    0.051    1    2   1    0.46
15    2    0.046    1    2   1    0.96
16    1    -0.046    1    1   1    0.96
17    1    0.042    2    2   1    0.52
18    2    0.042    1    2   1    0.48
19    1    -0.037    1    1   1    0.76
20    2    -0.037    2    1   1    0.42
21    1    0.032    2    2   1    0.84
22    1    -0.032    1    1   1    0.39
23    1    0.028    2    2   1    0.69
24    2    -0.028    2    1   1    0.62
25    1    -0.023    1    1   1    0.40
26    1    0.023    2    2   1    0.48
27    1    0.018    1    1   0    0.91
28    1    -0.028    1    1   1    0.69
29    1    0.028    2    2   1    0.46
30    2    -0.023    2    1   1    0.63
31    2    -0.023    2    1   1    0.56
32    1    -0.018    1    1   1    0.52
33    1    0.018    2    2   1    0.45
34    2    0.014    1    2   1    0.54
35    1    0.014    2    2   1    0.44
36    2    0.009    1    2   1    0.30
37    1    0.009    2    2   1    0.30
38    2    0.005    1    2   1    0.32
39    1    -0.005    2    2   0    0.46
40    2    -0.014    1    2   0    0.33
41    1    0.023    2    2   1    0.39
42    2    0.023    1    2   1    0.79
43    2    -0.018    2    1   1    0.52
44    2    0.018    1    2   1    0.88
45    1    -0.014    2    2   0    0.59
46    2    0.023    1    2   1    0.48
47    2    -0.023    2    1   1    0.53
48    1    0.018    2    2   1    0.61
49    1    -0.018    1    1   1    0.60
50    1    0.014    2    2   1    0.74
-------------------------
Final staircase threshold estimate (mean) is 0.0194
-------------------------
19    1    0.018    2    2   0    1.40
103    2    0.000    2    1   1    0.47
97    2    -0.018    2    1   0    0.61
48    1    0.000    1    1   1    0.52
92    2    -0.018    2    1   0    0.38
40    1    0.051    2    2   0    0.50
69    1    0.018    2    2   0    0.46
75    2    0.051    1    2   0    0.65
73    1    0.000    1    1   1    0.46
10    1    0.051    1    1   1    0.44
20    1    0.051    2    2   0    0.58
38    1    0.000    2    2   0    0.44
128    2    0.000    1    2   0    0.75
118    2    0.000    1    2   0    0.69
61    1    -0.051    1    1   0    0.38
115    2    0.051    1    2   0    0.43
119    2    0.018    1    2   0    0.43
90    2    0.051    1    2   0    0.30
82    2    -0.018    1    2   1    0.40
87    2    -0.018    2    1   0    0.94
12    1    -0.018    1    1   0    0.52
141    2    -0.051    2    1   0    0.38
65    1    0.051    1    1   1    0.38
143    2    0.000    1    2   0    1.10
136    2    -0.051    2    1   0    0.37
29    1    0.018    2    2   0    0.57
93    2    0.000    2    1   1    0.66
44    1    0.018    2    2   0    0.61
2    1    -0.018    1    1   0    0.95
58    1    0.000    2    2   0    0.74
126    2    -0.051    2    1   0    0.43
123    2    0.000    2    1   1    0.39
57    1    -0.018    1    1   0    0.45
132    2    -0.018    2    1   0    0.85
120    2    0.051    1    2   0    0.82
27    1    -0.018    1    1   0    0.53
101    2    -0.051    2    1   0    0.51
54    1    0.018    2    2   0    0.59
105    2    0.051    1    2   0    0.52
109    2    0.018    1    2   0    0.59
106    2    -0.051    2    1   0    0.38
8    1    0.000    1    1   1    0.31
47    1    -0.018    2    2   1    0.34
96    2    -0.051    2    1   0    0.56
33    1    0.000    1    1   1    0.53
130    2    0.051    1    2   0    0.53
32    1    -0.018    1    1   0    0.51
60    1    0.051    2    2   0    0.58
7    1    -0.018    1    1   0    0.39
26    1    -0.051    2    2   1    0.45
148    2    0.000    2    1   1    1.18
11    1    -0.051    1    1   0    0.53
135    2    0.051    1    2   0    0.74
134    2    0.018    1    2   0    0.56
144    2    0.018    1    2   0    0.57
111    2    -0.051    2    1   0    0.49
121    2    -0.051    2    1   0    0.51
91    2    -0.051    2    1   0    0.52
146    2    -0.051    2    1   0    0.35
99    2    0.018    1    2   0    0.62
83    2    0.000    1    2   0    0.40
67    1    -0.018    1    1   0    0.76
85    2    0.051    1    2   0    0.69
72    1    -0.018    1    1   0    0.60
51    1    -0.051    1    1   0    0.44
104    2    0.018    1    2   0    0.43
140    2    0.051    1    2   0    0.63
21    1    -0.051    1    1   0    0.45
74    1    0.018    2    2   0    0.79
122    2    -0.018    2    1   0    0.77
18    1    0.000    1    1   1    0.53
39    1    0.018    2    2   0    0.46
5    1    0.051    2    2   0    0.66
70    1    0.051    2    2   0    0.49
112    2    -0.018    2    1   0    0.45
56    1    -0.051    2    2   1    0.56
150    2    0.051    1    2   0    0.62
68    1    0.000    1    1   1    0.55
37    1    -0.018    1    1   0    0.67
77    2    -0.018    1    2   1    0.48
43    1    0.000    1    1   1    1.38
142    2    -0.018    2    1   0    0.85
127    2    -0.018    2    1   0    0.45
114    2    0.018    1    2   0    0.60
9    1    0.018    2    2   0    0.45
80    2    0.051    1    2   0    0.41
1    1    -0.051    1    1   0    0.56
110    2    0.051    1    2   0    0.47
71    1    -0.051    1    1   0    0.46
79    2    0.018    2    1   1    1.20
63    1    0.000    2    2   0    0.50
42    1    -0.018    1    1   0    0.51
94    2    0.018    1    2   0    1.53
131    2    -0.051    2    1   0    0.55
129    2    0.018    1    2   0    0.58
15    1    0.051    2    2   0    0.49
133    2    0.000    1    2   0    0.69
78    2    0.000    1    2   0    0.85
102    2    -0.018    2    1   0    0.56
88    2    0.000    1    2   0    0.70
34    1    0.018    2    2   0    0.71
149    2    0.018    1    2   0    0.78
52    1    -0.018    1    1   0    1.69
45    1    0.051    2    2   0    0.48
35    1    0.051    2    2   0    0.61
14    1    0.018    2    2   0    0.38
46    1    -0.051    1    1   0    0.54
137    2    -0.018    2    1   0    0.78
117    2    -0.018    2    1   0    0.82
108    2    0.000    1    2   0    0.53
41    1    -0.051    1    1   0    0.73
86    2    -0.051    2    1   0    0.53
4    1    0.018    2    2   0    0.67
50    1    0.051    2    2   0    0.69
28    1    0.000    1    1   1    0.59
53    1    0.000    2    2   0    0.34
125    2    0.051    1    2   0    0.40
36    1    -0.051    2    2   1    0.36
13    1    0.000    1    1   1    0.85
138    2    0.000    2    1   1    1.57
17    1    -0.018    1    1   0    0.65
124    2    0.018    2    1   1    0.39
66    1    -0.051    1    1   0    0.58
116    2    -0.051    2    1   0    0.53
84    2    0.018    1    2   0    0.45
23    1    0.000    2    2   0    0.56
49    1    0.018    1    1   1    0.56
76    2    -0.051    2    1   0    0.44
145    2    0.051    1    2   0    0.45
95    2    0.051    2    1   1    0.37
59    1    0.018    2    2   0    0.64
6    1    -0.051    1    1   0    0.55
3    1    0.000    2    2   0    0.77
98    2    0.000    1    2   0    0.63
100    2    0.051    1    2   0    0.55
55    1    0.051    2    2   0    0.52
16    1    -0.051    1    1   0    0.44
89    2    0.018    1    2   0    0.76
147    2    -0.018    2    1   0    0.42
139    2    0.018    1    2   0    0.80
31    1    -0.051    1    1   0    0.70
24    1    0.018    1    1   1    0.72
62    1    -0.018    1    1   0    0.52
22    1    -0.018    1    1   0    0.40
107    2    -0.018    1    2   1    0.45
81    2    -0.051    2    1   0    0.60
30    1    0.051    1    1   1    0.43
113    2    0.000    1    2   0    0.66
25    1    0.051    2    2   0    0.44
64    1    0.018    2    2   0    0.56