--------------------------------
08-Aug-2014 09:58:11 
data from observer T05 
#occlusion2 expt 
reference disparity (degrees) 0.160000 

stim order disp kresp testresp correct time
1    1    -0.074    2    2   1    0.79
2    2    0.069    2    1   1    0.44
3    2    0.065    2    1   1    0.40
4    2    -0.060    1    2   1    0.42
5    1    -0.055    2    2   1    0.34
6    2    0.051    2    1   1    0.48
7    2    -0.046    1    2   1    0.57
8    2    -0.042    1    2   1    0.49
9    2    -0.037    1    2   1    0.48
10    1    -0.032    1    1   0    0.55
11    1    0.042    1    1   1    0.69
12    2    -0.042    1    2   1    0.55
13    2    0.037    2    1   1    0.49
14    1    0.037    1    1   1    0.64
15    1    0.032    1    1   1    0.51
16    2    0.032    2    1   1    0.54
17    2    -0.028    1    2   1    0.35
18    1    -0.028    2    2   1    0.34
19    2    -0.023    1    2   1    0.37
20    2    0.023    2    1   1    0.40
21    1    -0.018    1    1   0    0.25
22    1    0.028    2    2   0    0.36
23    1    0.037    1    1   1    0.45
24    1    -0.037    2    2   1    0.56
25    2    0.032    2    1   1    0.90
26    2    0.032    2    1   1    0.58
27    2    0.028    2    1   1    0.36
28    1    -0.028    2    2   1    0.32
29    1    0.023    2    2   0    0.30
30    1    -0.032    2    2   1    0.67
31    1    0.032    1    1   1    0.48
32    2    -0.028    1    2   1    0.53
33    2    0.028    2    1   1    0.58
34    1    0.023    1    1   1    0.89
35    2    -0.023    2    1   0    0.39
36    2    0.032    1    2   0    0.91
37    1    0.042    2    2   0    1.02
38    2    -0.051    1    2   1    0.77
39    1    -0.051    2    2   1    0.58
40    1    -0.046    2    2   1    0.57
41    2    0.046    2    1   1    0.50
42    2    -0.042    1    2   1    0.63
43    1    0.042    1    1   1    0.56
44    2    0.037    2    1   1    0.50
45    1    0.037    1    1   1    0.36
46    1    0.032    2    2   0    0.40
47    1    -0.042    2    2   1    0.68
48    1    -0.042    2    2   1    0.53
49    1    0.037    1    1   1    0.58
50    2    -0.037    1    2   1    0.57
-------------------------
Final staircase threshold estimate (mean) is 0.0393
-------------------------
120    2    0.097    2    1   1    1.16
95    2    0.097    2    1   1    0.49
89    2    0.037    2    1   1    0.44
138    2    0.000    1    2   0    0.64
133    2    0.000    2    1   1    0.70
53    1    0.000    1    1   1    0.70
7    1    -0.037    2    2   1    0.57
135    2    0.097    2    1   1    0.48
5    1    0.097    1    1   1    0.52
47    1    -0.037    2    2   1    0.61
26    1    -0.097    2    2   1    0.52
103    2    0.000    1    2   0    0.70
71    1    -0.097    2    2   1    0.67
22    1    -0.037    2    2   1    1.24
139    2    0.037    2    1   1    0.57
67    1    -0.037    2    2   1    0.43
35    1    0.097    1    1   1    0.58
42    1    -0.037    2    2   1    0.68
104    2    0.037    2    1   1    0.78
64    1    0.037    1    1   1    0.61
57    1    -0.037    1    1   0    0.79
10    1    0.097    1    1   1    0.55
12    1    -0.037    2    2   1    0.83
108    2    0.000    1    2   0    0.52
114    2    0.037    2    1   1    0.35
74    1    0.037    1    1   1    0.39
52    1    -0.037    2    2   1    0.40
121    2    -0.097    1    2   1    0.33
145    2    0.097    2    1   1    0.31
144    2    0.037    2    1   1    0.79
24    1    0.037    1    1   1    0.69
6    1    -0.097    2    2   1    0.48
45    1    0.097    1    1   1    0.63
3    1    0.000    2    2   0    0.34
116    2    -0.097    1    2   1    0.50
18    1    0.000    1    1   1    0.74
87    2    -0.037    1    2   1    0.46
25    1    0.097    1    1   1    0.76
15    1    0.097    1    1   1    0.47
72    1    -0.037    2    2   1    0.54
122    2    -0.037    1    2   1    0.56
126    2    -0.097    1    2   1    0.71
113    2    0.000    1    2   0    0.49
56    1    -0.097    2    2   1    0.58
80    2    0.097    2    1   1    0.55
125    2    0.097    2    1   1    0.43
147    2    -0.037    2    1   0    0.38
81    2    -0.097    1    2   1    0.55
36    1    -0.097    2    2   1    0.47
90    2    0.097    2    1   1    0.61
99    2    0.037    2    1   1    0.65
92    2    -0.037    1    2   1    0.55
17    1    -0.037    2    2   1    0.93
146    2    -0.097    1    2   1    0.59
34    1    0.037    1    1   1    0.61
143    2    0.000    2    1   1    1.34
109    2    0.037    2    1   1    0.57
142    2    -0.037    1    2   1    0.78
29    1    0.037    1    1   1    0.99
23    1    0.000    1    1   1    0.88
58    1    0.000    1    1   1    0.76
111    2    -0.097    1    2   1    0.62
79    2    0.037    2    1   1    0.52
76    2    -0.097    1    2   1    0.56
33    1    0.000    2    2   0    1.78
11    1    -0.097    2    2   1    0.43
119    2    0.037    2    1   1    0.56
136    2    -0.097    1    2   1    0.69
127    2    -0.037    1    2   1    0.53
51    1    -0.097    2    2   1    0.88
84    2    0.037    2    1   1    0.43
94    2    0.037    2    1   1    0.38
85    2    0.097    2    1   1    0.38
83    2    0.000    2    1   1    0.37
38    1    0.000    2    2   0    0.70
43    1    0.000    1    1   1    0.78
150    2    0.097    2    1   1    0.49
137    2    -0.037    1    2   1    0.55
66    1    -0.097    2    2   1    0.51
149    2    0.037    2    1   1    0.64
100    2    0.097    2    1   1    0.46
69    1    0.037    1    1   1    0.71
50    1    0.097    1    1   1    0.77
130    2    0.097    2    1   1    0.39
40    1    0.097    1    1   1    0.46
141    2    -0.097    1    2   1    0.69
2    1    -0.037    2    2   1    0.68
37    1    -0.037    2    2   1    0.55
13    1    0.000    1    1   1    0.84
134    2    0.037    2    1   1    0.54
48    1    0.000    1    1   1    0.55
44    1    0.037    1    1   1    0.52
96    2    -0.097    1    2   1    0.57
124    2    0.037    2    1   1    0.62
97    2    -0.037    1    2   1    0.46
46    1    -0.097    2    2   1    0.38
93    2    0.000    1    2   0    0.39
32    1    -0.037    2    2   1    0.53
21    1    -0.097    1    1   0    0.59
131    2    -0.097    1    2   1    0.93
75    2    0.097    2    1   1    0.55
39    1    0.037    1    1   1    1.20
65    1    0.097    1    1   1    0.62
98    2    0.000    2    1   1    0.65
105    2    0.097    2    1   1    0.59
73    1    0.000    1    1   1    1.24
78    2    0.000    1    2   0    0.79
61    1    -0.097    2    2   1    0.65
19    1    0.037    1    1   1    0.69
115    2    0.097    2    1   1    0.66
110    2    0.097    2    1   1    0.46
4    1    0.037    1    1   1    0.58
101    2    -0.097    1    2   1    0.57
1    1    -0.097    2    2   1    0.47
132    2    -0.037    1    2   1    0.38
118    2    0.000    2    1   1    0.80
31    1    -0.097    2    2   1    0.53
54    1    0.037    1    1   1    1.14
106    2    -0.097    1    2   1    0.69
77    2    -0.037    1    2   1    0.58
91    2    -0.097    1    2   1    1.10
70    1    0.097    1    1   1    0.50
148    2    0.000    2    1   1    0.62
28    1    0.000    2    2   0    0.66
55    1    0.097    1    1   1    0.50
41    1    -0.097    2    2   1    1.33
59    1    0.037    1    1   1    1.40
30    1    0.097    1    1   1    0.85
9    1    0.037    1    1   1    0.81
60    1    0.097    1    1   1    0.47
49    1    0.037    1    1   1    0.37
112    2    -0.037    1    2   1    0.38
117    2    -0.037    1    2   1    0.47
123    2    0.000    1    2   0    0.29
88    2    0.000    1    2   0    0.36
8    1    0.000    1    1   1    0.30
102    2    -0.037    1    2   1    0.32
68    1    0.000    1    1   1    0.33
27    1    -0.037    1    1   0    0.31
128    2    0.000    2    1   1    0.37
82    2    -0.037    1    2   1    0.48
140    2    0.097    2    1   1    0.40
129    2    0.037    2    1   1    0.56
63    1    0.000    1    1   1    0.59
86    2    -0.097    1    2   1    0.79
14    1    0.037    1    1   1    0.64
62    1    -0.037    2    2   1    0.56
20    1    0.097    1    1   1    1.13
107    2    -0.037    1    2   1    0.96
16    1    -0.097    2    2   1    0.51
