--------------------------------
08-Aug-2014 10:28:25 
data from observer T05 
#occlusion2 expt 
reference disparity (degrees) 0.160000 

stim order disp kresp testresp correct time
1    1    0.074    2    2   1    1.77
2    2    0.069    1    2   1    0.72
3    1    0.065    2    2   1    0.59
4    1    -0.060    1    1   1    0.49
5    1    0.055    2    2   1    0.64
6    1    0.051    2    2   1    0.69
7    2    0.046    1    2   1    0.70
8    2    0.042    1    2   1    0.58
9    2    -0.037    2    1   1    0.64
10    2    0.032    1    2   1    0.42
11    2    -0.028    2    1   1    0.36
12    1    0.023    2    2   1    0.64
13    1    -0.018    1    1   1    0.54
14    1    0.014    2    2   1    0.40
15    1    -0.009    1    1   1    0.65
16    1    -0.005    1    1   1    0.68
17    2    -0.005    1    2   0    0.84
18    1    -0.014    1    1   1    1.22
19    1    0.014    1    1   0    1.05
20    2    -0.023    2    1   1    0.96
21    1    -0.023    1    1   1    0.62
22    1    0.018    2    2   1    0.71
23    1    -0.018    1    1   1    0.54
24    2    0.014    1    2   1    0.78
25    1    0.014    1    1   0    0.54
26    2    0.023    1    2   1    0.59
27    1    -0.023    1    1   1    0.79
28    1    -0.018    1    1   1    1.88
29    1    0.018    2    2   1    0.59
30    2    -0.014    2    1   1    0.57
31    1    0.014    2    2   1    0.76
32    2    0.009    1    2   1    0.85
33    2    0.009    1    2   1    1.21
34    2    -0.005    2    1   1    0.58
35    1    -0.005    1    1   1    0.81
36    1    0.005    2    2   1    0.58
37    1    -0.005    1    1   1    0.49
38    2    0.005    1    2   1    0.60
39    2    0.005    1    2   1    0.58
40    2    -0.005    1    2   0    0.81
41    1    -0.014    1    1   1    0.47
42    1    0.014    2    2   1    0.62
43    2    0.009    1    2   1    0.47
44    1    -0.009    1    1   1    0.97
45    1    0.005    1    1   0    0.56
46    1    -0.014    1    1   1    0.48
47    1    0.014    2    2   1    0.89
48    2    0.009    1    2   1    0.55
49    2    -0.009    1    2   0    0.61
50    1    0.018    1    1   0    0.39
-------------------------
Final staircase threshold estimate (mean) is 0.0115
-------------------------
111    2    -0.028    2    1   0    1.66
4    1    0.009    2    2   0    0.56
80    2    0.028    1    2   0    0.63
147    2    -0.009    2    1   0    0.75
139    2    0.009    1    2   0    0.61
101    2    -0.028    2    1   0    0.45
13    1    0.000    1    1   1    0.39
107    2    -0.009    2    1   0    0.53
5    1    0.028    1    1   1    0.43
47    1    -0.009    1    1   0    0.81
127    2    -0.009    1    2   1    0.61
66    1    -0.028    1    1   0    0.58
71    1    -0.028    2    2   1    0.52
77    2    -0.009    1    2   1    0.75
126    2    -0.028    2    1   0    0.86
143    2    0.000    1    2   0    0.83
86    2    -0.028    1    2   1    0.50
119    2    0.009    1    2   0    0.63
112    2    -0.009    2    1   0    0.58
35    1    0.028    1    1   1    0.41
118    2    0.000    1    2   0    0.47
90    2    0.028    1    2   0    0.53
64    1    0.009    1    1   1    0.66
150    2    0.028    1    2   0    0.54
65    1    0.028    1    1   1    0.33
146    2    -0.028    2    1   0    1.11
12    1    -0.009    1    1   0    0.65
40    1    0.028    2    2   0    0.60
91    2    -0.028    1    2   1    0.50
76    2    -0.028    2    1   0    0.66
141    2    -0.028    2    1   0    1.28
51    1    -0.028    1    1   0    0.70
57    1    -0.009    1    1   0    0.78
123    2    0.000    1    2   0    1.52
105    2    0.028    1    2   0    0.86
129    2    0.009    1    2   0    0.56
44    1    0.009    1    1   1    0.57
125    2    0.028    1    2   0    0.61
106    2    -0.028    2    1   0    3.59
140    2    0.028    1    2   0    0.67
114    2    0.009    1    2   0    0.55
10    1    0.028    2    2   0    0.90
34    1    0.009    2    2   0    2.47
144    2    0.009    1    2   0    0.91
75    2    0.028    1    2   0    0.84
124    2    0.009    1    2   0    0.55
46    1    -0.028    1    1   0    0.76
81    2    -0.028    2    1   0    0.64
135    2    0.028    1    2   0    0.44
89    2    0.009    1    2   0    0.54
1    1    -0.028    1    1   0    0.76
82    2    -0.009    2    1   0    1.19
31    1    -0.028    2    2   1    0.80
26    1    -0.028    2    2   1    0.63
6    1    -0.028    1    1   0    0.64
113    2    0.000    2    1   1    0.71
62    1    -0.009    1    1   0    0.39
93    2    0.000    2    1   1    0.46
60    1    0.028    1    1   1    0.34
39    1    0.009    2    2   0    0.70
45    1    0.028    2    2   0    0.51
108    2    0.000    1    2   0    0.62
72    1    -0.009    2    2   1    0.40
22    1    -0.009    1    1   0    0.36
19    1    0.009    2    2   0    0.36
58    1    0.000    1    1   1    0.36
128    2    0.000    2    1   1    0.32
50    1    0.028    1    1   1    0.33
79    2    0.009    1    2   0    0.67
56    1    -0.028    1    1   0    0.56
120    2    0.028    1    2   0    0.43
132    2    -0.009    1    2   1    0.37
37    1    -0.009    2    2   1    0.52
85    2    0.028    1    2   0    0.73
48    1    0.000    1    1   1    0.63
121    2    -0.028    2    1   0    0.57
87    2    -0.009    1    2   1    1.50
55    1    0.028    1    1   1    2.38
95    2    0.028    1    2   0    1.00
149    2    0.009    1    2   0    3.28
109    2    0.009    2    1   1    0.64
43    1    0.000    1    1   1    0.44
99    2    0.009    2    1   1    0.62
142    2    -0.009    1    2   1    3.43
9    1    0.009    2    2   0    2.51
100    2    0.028    1    2   0    0.77
98    2    0.000    2    1   1    0.49
3    1    0.000    1    1   1    0.66
41    1    -0.028    1    1   0    0.71
61    1    -0.028    2    2   1    0.52
78    2    0.000    2    1   1    1.16
104    2    0.009    1    2   0    0.84
122    2    -0.009    2    1   0    0.64
2    1    -0.009    1    1   0    0.68
67    1    -0.009    1    1   0    1.03
133    2    0.000    2    1   1    0.56
131    2    -0.028    2    1   0    0.65
88    2    0.000    2    1   1    0.80
14    1    0.009    1    1   1    0.44
110    2    0.028    1    2   0    0.61
70    1    0.028    2    2   0    0.47
63    1    0.000    1    1   1    0.62
27    1    -0.009    1    1   0    0.54
15    1    0.028    2    2   0    0.49
17    1    -0.009    1    1   0    0.51
54    1    0.009    2    2   0    0.49
7    1    -0.009    1    1   0    0.30
83    2    0.000    2    1   1    0.35
69    1    0.009    1    1   1    0.32
53    1    0.000    2    2   0    0.32
29    1    0.009    1    1   1    0.26
8    1    0.000    2    2   0    0.36
96    2    -0.028    1    2   1    0.29
36    1    -0.028    1    1   0    0.65
94    2    0.009    2    1   1    0.46
84    2    0.009    2    1   1    0.71
32    1    -0.009    1    1   0    0.59
138    2    0.000    1    2   0    0.56
74    1    0.009    1    1   1    0.50
23    1    0.000    1    1   1    0.41
73    1    0.000    2    2   0    0.66
68    1    0.000    2    2   0    0.53
145    2    0.028    1    2   0    0.90
49    1    0.009    2    2   0    0.55
11    1    -0.028    1    1   0    0.41
52    1    -0.009    2    2   1    0.35
137    2    -0.009    2    1   0    0.93
24    1    0.009    2    2   0    0.51
16    1    -0.028    1    1   0    0.70
103    2    0.000    2    1   1    0.58
136    2    -0.028    2    1   0    1.12
42    1    -0.009    2    2   1    0.94
30    1    0.028    2    2   0    1.07
25    1    0.028    2    2   0    0.57
116    2    -0.028    2    1   0    0.56
102    2    -0.009    2    1   0    0.38
28    1    0.000    2    2   0    2.62
18    1    0.000    1    1   1    0.75
115    2    0.028    1    2   0    0.74
97    2    -0.009    1    2   1    0.63
117    2    -0.009    1    2   1    0.57
20    1    0.028    2    2   0    0.84
38    1    0.000    2    2   0    1.01
134    2    0.009    1    2   0    0.55
21    1    -0.028    2    2   1    0.47
33    1    0.000    2    2   0    1.00
59    1    0.009    1    1   1    0.76
130    2    0.028    1    2   0    0.82
92    2    -0.009    2    1   0    0.69
148    2    0.000    2    1   1    1.12
