--------------------------------
08-Aug-2014 09:47:27 
data from observer T05 
#occlusion2 expt 
reference disparity (degrees) 0.160000 

stim order disp kresp testresp correct time
1    2    -0.074    2    1   1    2.41
2    1    -0.069    1    1   1    0.91
3    2    0.065    1    2   1    1.16
4    2    -0.060    2    1   1    0.70
5    2    0.055    1    2   1    0.70
6    1    0.051    2    2   1    0.51
7    2    -0.046    2    1   1    0.95
8    1    -0.042    1    1   1    0.85
9    2    -0.037    2    1   1    0.82
10    1    0.032    2    2   1    0.57
11    2    0.028    1    2   1    0.74
12    2    0.023    1    2   1    0.80
13    1    -0.018    1    1   1    0.63
14    1    -0.014    1    1   1    0.63
15    2    0.009    1    2   1    0.79
16    2    0.005    1    2   1    0.81
17    2    -0.005    2    1   1    1.80
18    2    -0.005    2    1   1    1.36
19    1    -0.005    1    1   1    0.97
20    2    0.005    2    1   0    0.89
21    2    -0.014    2    1   1    1.00
22    2    -0.014    2    1   1    0.54
23    1    0.009    2    2   1    0.86
24    1    -0.009    2    2   0    1.48
25    2    0.018    1    2   1    0.92
26    2    -0.018    2    1   1    0.53
27    1    0.014    1    1   0    0.35
28    1    0.023    2    2   1    0.44
29    1    0.023    2    2   1    0.70
30    2    -0.018    2    1   1    0.66
31    2    -0.018    2    1   1    0.69
32    1    0.014    2    2   1    0.52
33    2    0.014    2    1   0    0.58
34    2    0.023    1    2   1    0.58
35    2    -0.023    2    1   1    0.73
36    1    0.018    2    2   1    0.73
37    1    0.018    2    2   1    0.46
38    1    -0.014    2    2   0    0.38
39    1    0.023    2    2   1    0.69
40    1    -0.023    1    1   1    0.43
41    1    -0.018    1    1   1    0.66
42    1    0.018    2    2   1    0.72
43    1    -0.014    1    1   1    0.48
44    2    -0.014    2    1   1    0.40
45    1    -0.009    1    1   1    0.43
46    1    -0.009    2    2   0    0.32
47    2    0.018    1    2   1    0.57
48    2    0.018    1    2   1    0.60
49    2    -0.014    2    1   1    0.74
50    2    0.014    1    2   1    0.65
-------------------------
Final staircase threshold estimate (mean) is 0.0148
-------------------------
26    1    -0.037    1    1   0    1.05
49    1    0.014    2    2   0    0.51
87    2    -0.014    2    1   0    0.82
55    1    0.037    2    2   0    0.66
4    1    0.014    2    2   0    0.52
13    1    0.000    2    2   0    0.69
59    1    0.014    2    2   0    0.55
69    1    0.014    2    2   0    0.64
122    2    -0.014    2    1   0    0.43
148    2    0.000    2    1   1    0.67
93    2    0.000    2    1   1    0.63
144    2    0.014    1    2   0    0.66
119    2    0.014    1    2   0    0.46
108    2    0.000    2    1   1    1.08
85    2    0.037    1    2   0    0.69
42    1    -0.014    1    1   0    1.10
133    2    0.000    2    1   1    1.92
132    2    -0.014    2    1   0    0.56
68    1    0.000    1    1   1    0.65
39    1    0.014    2    2   0    0.56
83    2    0.000    2    1   1    0.61
43    1    0.000    2    2   0    0.45
80    2    0.037    1    2   0    0.64
18    1    0.000    2    2   0    0.81
107    2    -0.014    2    1   0    0.51
23    1    0.000    2    2   0    0.40
7    1    -0.014    1    1   0    0.62
74    1    0.014    1    1   1    0.75
9    1    0.014    2    2   0    0.68
25    1    0.037    2    2   0    0.73
75    2    0.037    1    2   0    0.76
44    1    0.014    1    1   1    0.56
96    2    -0.037    2    1   0    0.52
114    2    0.014    1    2   0    0.67
90    2    0.037    2    1   1    0.34
103    2    0.000    2    1   1    0.82
16    1    -0.037    1    1   0    0.61
17    1    -0.014    1    1   0    0.49
109    2    0.014    1    2   0    0.78
143    2    0.000    1    2   0    0.48
48    1    0.000    1    1   1    0.70
134    2    0.014    1    2   0    0.74
79    2    0.014    1    2   0    0.64
15    1    0.037    2    2   0    0.65
101    2    -0.037    2    1   0    0.64
51    1    -0.037    1    1   0    0.87
71    1    -0.037    1    1   0    0.62
150    2    0.037    1    2   0    0.58
32    1    -0.014    1    1   0    0.73
139    2    0.014    1    2   0    0.58
138    2    0.000    1    2   0    0.37
27    1    -0.014    1    1   0    0.44
129    2    0.014    1    2   0    0.53
120    2    0.037    1    2   0    0.46
10    1    0.037    1    1   1    0.34
8    1    0.000    2    2   0    0.67
76    2    -0.037    2    1   0    0.60
41    1    -0.037    1    1   0    0.57
24    1    0.014    2    2   0    0.80
66    1    -0.037    1    1   0    0.59
82    2    -0.014    2    1   0    0.80
78    2    0.000    2    1   1    0.72
54    1    0.014    2    2   0    0.72
81    2    -0.037    2    1   0    0.75
117    2    -0.014    2    1   0    0.88
11    1    -0.037    1    1   0    0.77
46    1    -0.037    1    1   0    0.41
84    2    0.014    1    2   0    0.95
31    1    -0.037    1    1   0    0.68
2    1    -0.014    1    1   0    0.79
91    2    -0.037    2    1   0    0.51
60    1    0.037    2    2   0    0.53
130    2    0.037    1    2   0    0.75
94    2    0.014    2    1   1    0.54
33    1    0.000    2    2   0    0.95
40    1    0.037    2    2   0    0.70
100    2    0.037    1    2   0    0.80
121    2    -0.037    2    1   0    0.79
135    2    0.037    1    2   0    0.57
125    2    0.037    1    2   0    0.66
50    1    0.037    2    2   0    0.65
5    1    0.037    2    2   0    0.68
30    1    0.037    2    2   0    0.44
12    1    -0.014    1    1   0    1.43
14    1    0.014    2    2   0    0.96
124    2    0.014    1    2   0    0.69
92    2    -0.014    2    1   0    0.59
88    2    0.000    2    1   1    0.63
115    2    0.037    1    2   0    0.69
36    1    -0.037    1    1   0    0.67
67    1    -0.014    1    1   0    0.84
61    1    -0.037    1    1   0    0.60
149    2    0.014    1    2   0    0.58
146    2    -0.037    2    1   0    0.57
72    1    -0.014    1    1   0    0.65
106    2    -0.037    2    1   0    0.60
86    2    -0.037    2    1   0    0.54
105    2    0.037    1    2   0    0.65
29    1    0.014    2    2   0    0.56
142    2    -0.014    2    1   0    0.70
95    2    0.037    1    2   0    0.56
38    1    0.000    2    2   0    0.42
64    1    0.014    1    1   1    0.43
56    1    -0.037    1    1   0    0.82
45    1    0.037    2    2   0    0.54
62    1    -0.014    1    1   0    0.51
47    1    -0.014    1    1   0    0.60
28    1    0.000    1    1   1    1.01
112    2    -0.014    2    1   0    0.54
137    2    -0.014    2    1   0    0.77
6    1    -0.037    1    1   0    0.66
63    1    0.000    1    1   1    0.77
113    2    0.000    1    2   0    0.65
123    2    0.000    1    2   0    0.62
65    1    0.037    2    2   0    0.56
22    1    -0.014    1    1   0    0.67
102    2    -0.014    1    2   1    0.66
37    1    -0.014    1    1   0    0.60
131    2    -0.037    2    1   0    0.87
34    1    0.014    2    2   0    0.64
35    1    0.037    2    2   0    0.63
128    2    0.000    2    1   1    0.62
89    2    0.014    2    1   1    1.15
116    2    -0.037    2    1   0    0.65
21    1    -0.037    1    1   0    0.53
126    2    -0.037    2    1   0    0.51
97    2    -0.014    2    1   0    0.80
57    1    -0.014    1    1   0    1.00
145    2    0.037    1    2   0    0.60
99    2    0.014    1    2   0    0.53
140    2    0.037    1    2   0    0.49
1    1    -0.037    1    1   0    0.53
110    2    0.037    1    2   0    0.50
127    2    -0.014    2    1   0    0.65
3    1    0.000    1    1   1    0.40
53    1    0.000    1    1   1    0.84
111    2    -0.037    2    1   0    0.51
141    2    -0.037    2    1   0    0.64
77    2    -0.014    2    1   0    0.68
20    1    0.037    2    2   0    0.57
52    1    -0.014    2    2   1    0.51
147    2    -0.014    2    1   0    0.85
19    1    0.014    2    2   0    0.60
104    2    0.014    2    1   1    0.53
73    1    0.000    2    2   0    0.72
98    2    0.000    2    1   1    0.88
58    1    0.000    2    2   0    1.42
136    2    -0.037    2    1   0    0.52
70    1    0.037    1    1   1    0.96
118    2    0.000    1    2   0    0.91
