--------------------------------
17-Oct-2014 09:05:11 
data from observer T06 
#occlusion2 expt 
reference disparity (degrees) 0.160000 

stim order disp kresp testresp correct time
1    2    -0.074    2    1   1    1.22
2    1    -0.069    1    1   1    1.11
3    2    -0.065    2    1   1    0.72
4    2    0.060    1    2   1    1.16
5    1    0.055    2    2   1    0.69
6    2    0.051    1    2   1    2.30
7    2    0.046    1    2   1    0.82
8    1    -0.042    1    1   1    1.33
9    2    -0.037    2    1   1    0.53
10    2    0.032    1    2   1    1.18
11    2    -0.028    2    1   1    0.64
12    2    -0.023    2    1   1    1.26
13    2    0.018    1    2   1    0.79
14    1    0.014    2    2   1    0.69
15    2    0.009    1    2   1    2.57
16    1    -0.005    1    1   1    1.42
17    2    0.005    1    2   1    2.73
18    2    -0.005    2    1   1    0.59
19    2    -0.005    2    1   1    0.68
20    1    0.005    2    2   1    2.52
21    1    -0.005    1    1   1    1.37
22    2    -0.005    2    1   1    1.13
23    1    -0.005    1    1   1    1.07
24    2    0.005    1    2   1    1.77
25    2    0.005    2    1   0    1.24
26    1    -0.014    1    1   1    0.86
27    1    0.014    2    2   1    0.66
28    1    0.009    2    2   1    1.00
29    2    0.009    1    2   1    1.25
30    1    0.005    2    2   1    0.67
31    2    0.005    1    2   1    0.85
32    1    -0.005    1    1   1    1.07
33    2    0.005    1    2   1    0.87
34    2    -0.005    2    1   1    1.11
35    1    0.005    2    2   1    1.72
36    1    0.005    2    2   1    0.96
37    1    -0.005    1    1   1    3.27
38    2    0.005    1    2   1    1.05
39    2    0.005    1    2   1    1.14
40    1    -0.005    1    1   1    1.76
41    1    0.005    2    2   1    0.90
42    1    0.005    2    2   1    1.34
43    2    0.005    1    2   1    1.77
44    1    0.005    2    2   1    1.69
45    2    0.005    1    2   1    1.01
46    1    0.005    2    2   1    2.87
47    2    0.005    1    2   1    0.86
48    1    -0.005    1    1   1    0.66
49    2    0.005    1    2   1    1.23
50    2    0.005    1    2   1    1.21
-------------------------
Final staircase threshold estimate (mean) is 0.0046
-------------------------
129    2    0.005    1    2   0    7.91
111    2    -0.009    2    1   0    0.88
43    1    0.000    1    1   1    1.18
7    1    -0.005    1    1   0    1.70
122    2    -0.005    2    1   0    1.10
30    1    0.009    2    2   0    1.51
57    1    -0.005    1    1   0    1.20
148    2    0.000    2    1   1    0.55
84    2    0.005    1    2   0    0.99
109    2    0.005    1    2   0    1.21
63    1    0.000    1    1   1    3.16
60    1    0.009    2    2   0    0.83
34    1    0.005    2    2   0    0.77
51    1    -0.009    1    1   0    1.10
127    2    -0.005    2    1   0    0.75
13    1    0.000    1    1   1    3.27
133    2    0.000    1    2   0    4.05
135    2    0.009    2    1   1    0.64
21    1    -0.009    1    1   0    0.94
93    2    0.000    2    1   1    1.42
146    2    -0.009    2    1   0    0.75
2    1    -0.005    1    1   0    0.69
114    2    0.005    1    2   0    2.24
24    1    0.005    1    1   1    1.90
113    2    0.000    1    2   0    1.58
144    2    0.005    1    2   0    1.70
115    2    0.009    1    2   0    1.70
42    1    -0.005    1    1   0    3.12
5    1    0.009    2    2   0    1.19
83    2    0.000    1    2   0    0.73
117    2    -0.005    2    1   0    1.64
64    1    0.005    1    1   1    3.25
107    2    -0.005    2    1   0    0.91
38    1    0.000    1    1   1    2.57
28    1    0.000    2    2   0    1.62
66    1    -0.009    1    1   0    1.00
45    1    0.009    2    2   0    1.46
65    1    0.009    2    2   0    0.78
40    1    0.009    2    2   0    2.14
85    2    0.009    1    2   0    0.65
41    1    -0.009    1    1   0    0.84
118    2    0.000    2    1   1    0.84
128    2    0.000    2    1   1    1.09
8    1    0.000    1    1   1    0.64
10    1    0.009    2    2   0    0.72
25    1    0.009    2    2   0    1.14
77    2    -0.005    1    2   1    2.24
149    2    0.005    1    2   0    1.41
98    2    0.000    1    2   0    2.68
134    2    0.005    1    2   0    0.70
39    1    0.005    2    2   0    1.54
12    1    -0.005    1    1   0    0.60
96    2    -0.009    2    1   0    2.01
22    1    -0.005    1    1   0    0.63
100    2    0.009    1    2   0    1.73
62    1    -0.005    2    2   1    1.97
33    1    0.000    1    1   1    1.85
32    1    -0.005    1    1   0    0.75
35    1    0.009    2    2   0    0.58
55    1    0.009    2    2   0    1.16
31    1    -0.009    1    1   0    0.70
89    2    0.005    1    2   0    1.27
94    2    0.005    1    2   0    1.28
123    2    0.000    2    1   1    0.80
79    2    0.005    1    2   0    0.62
44    1    0.005    2    2   0    0.89
88    2    0.000    1    2   0    0.57
110    2    0.009    1    2   0    0.67
97    2    -0.005    2    1   0    1.90
102    2    -0.005    1    2   1    1.76
3    1    0.000    2    2   0    0.95
136    2    -0.009    2    1   0    1.26
120    2    0.009    1    2   0    0.68
95    2    0.009    1    2   0    0.62
20    1    0.009    2    2   0    2.69
105    2    0.009    1    2   0    0.90
47    1    -0.005    1    1   0    0.92
9    1    0.005    2    2   0    0.93
4    1    0.005    2    2   0    2.17
69    1    0.005    2    2   0    0.74
1    1    -0.009    1    1   0    0.55
70    1    0.009    1    1   1    1.96
87    2    -0.005    2    1   0    1.94
125    2    0.009    2    1   1    0.88
76    2    -0.009    2    1   0    1.92
124    2    0.005    1    2   0    1.21
145    2    0.009    1    2   0    0.63
150    2    0.009    1    2   0    0.85
50    1    0.009    2    2   0    0.52
53    1    0.000    1    1   1    1.08
74    1    0.005    2    2   0    1.53
80    2    0.009    1    2   0    0.60
11    1    -0.009    1    1   0    0.84
56    1    -0.009    1    1   0    1.18
36    1    -0.009    1    1   0    0.78
6    1    -0.009    1    1   0    0.70
143    2    0.000    2    1   1    3.87
71    1    -0.009    1    1   0    0.56
138    2    0.000    1    2   0    0.90
73    1    0.000    1    1   1    1.24
140    2    0.009    1    2   0    1.10
15    1    0.009    2    2   0    0.78
59    1    0.005    2    2   0    0.96
91    2    -0.009    2    1   0    1.28
92    2    -0.005    2    1   0    0.82
16    1    -0.009    1    1   0    0.84
17    1    -0.005    1    1   0    0.61
82    2    -0.005    2    1   0    0.49
139    2    0.005    1    2   0    0.54
116    2    -0.009    2    1   0    0.52
61    1    -0.009    1    1   0    0.63
67    1    -0.005    1    1   0    0.73
101    2    -0.009    2    1   0    0.80
81    2    -0.009    2    1   0    0.84
103    2    0.000    1    2   0    1.08
141    2    -0.009    2    1   0    2.10
18    1    0.000    1    1   1    0.62
132    2    -0.005    2    1   0    0.46
68    1    0.000    1    1   1    1.03
131    2    -0.009    2    1   0    0.91
119    2    0.005    1    2   0    0.50
90    2    0.009    2    1   1    0.70
99    2    0.005    1    2   0    0.49
27    1    -0.005    2    2   1    0.50
112    2    -0.005    1    2   1    0.85
137    2    -0.005    2    1   0    2.08
23    1    0.000    1    1   1    1.30
126    2    -0.009    2    1   0    0.59
19    1    0.005    2    2   0    1.49
142    2    -0.005    1    2   1    1.09
86    2    -0.009    2    1   0    0.56
46    1    -0.009    1    1   0    0.56
108    2    0.000    1    2   0    0.76
54    1    0.005    2    2   0    2.63
106    2    -0.009    2    1   0    1.21
147    2    -0.005    1    2   1    1.13
75    2    0.009    1    2   0    1.00
121    2    -0.009    2    1   0    0.54
14    1    0.005    2    2   0    2.25
48    1    0.000    1    1   1    0.53
58    1    0.000    1    1   1    0.70
52    1    -0.005    1    1   0    0.93
104    2    0.005    1    2   0    1.09
130    2    0.009    1    2   0    1.17
78    2    0.000    1    2   0    0.79
26    1    -0.009    1    1   0    0.97
49    1    0.005    2    2   0    2.09
72    1    -0.005    1    1   0    0.64
37    1    -0.005    1    1   0    0.70
29    1    0.005    2    2   0    1.55
