--------------------------------
17-Oct-2014 08:57:01 
data from observer T06 
#occlusion2 expt 
reference disparity (degrees) 0.160000 

stim order disp kresp testresp correct time
1    2    -0.074    2    1   1    0.80
2    2    -0.069    2    1   1    0.87
3    2    -0.065    2    1   1    0.79
4    2    -0.060    2    1   1    0.98
5    2    -0.055    2    1   1    1.38
6    1    -0.051    1    1   1    0.71
7    1    0.046    2    2   1    0.71
8    1    -0.042    1    1   1    0.83
9    2    0.037    1    2   1    0.80
10    1    0.032    2    2   1    0.65
11    1    0.028    2    2   1    0.79
12    1    -0.023    1    1   1    0.85
13    2    0.018    1    2   1    1.11
14    1    0.014    2    2   1    0.72
15    1    0.009    2    2   1    1.58
16    1    0.005    2    2   1    0.89
17    1    -0.005    2    2   0    2.65
18    1    -0.014    1    1   1    0.70
19    2    0.014    1    2   1    1.61
20    1    -0.009    1    1   1    2.06
21    2    -0.009    2    1   1    0.78
22    1    -0.005    1    1   1    1.30
23    2    -0.005    2    1   1    0.76
24    1    -0.005    1    1   1    0.80
25    1    0.005    2    2   1    0.69
26    2    0.005    1    2   1    1.24
27    2    0.005    1    2   1    1.18
28    2    0.005    1    2   1    1.79
29    1    -0.005    1    1   1    1.53
30    1    0.005    2    2   1    0.74
31    2    -0.005    2    1   1    1.17
32    2    -0.005    2    1   1    2.08
33    2    -0.005    1    2   0    3.12
34    1    0.014    2    2   1    0.57
35    2    -0.014    2    1   1    0.64
36    1    -0.009    1    1   1    0.75
37    2    -0.009    2    1   1    0.56
38    2    0.005    1    2   1    1.28
39    1    0.005    2    2   1    0.60
40    2    0.005    1    2   1    0.70
41    1    0.005    2    2   1    0.56
42    1    -0.005    1    1   1    0.53
43    1    0.005    1    1   0    0.90
44    1    -0.014    1    1   1    0.61
45    1    -0.014    1    1   1    0.86
46    1    0.009    2    2   1    0.66
47    1    0.009    2    2   1    1.29
48    2    0.005    1    2   1    1.07
49    2    -0.005    2    1   1    0.91
50    1    0.005    2    2   1    0.74
-------------------------
Final staircase threshold estimate (mean) is 0.0074
-------------------------
49    1    0.009    2    2   0    4.31
50    1    0.018    2    2   0    0.75
16    1    -0.018    1    1   0    0.67
116    2    -0.018    2    1   0    0.58
109    2    0.009    1    2   0    1.26
99    2    0.009    1    2   0    0.68
53    1    0.000    2    2   0    1.07
134    2    0.009    1    2   0    0.69
113    2    0.000    1    2   0    2.14
145    2    0.018    1    2   0    0.72
137    2    -0.009    2    1   0    0.54
20    1    0.018    1    1   1    0.63
86    2    -0.018    2    1   0    0.99
29    1    0.009    2    2   0    1.76
7    1    -0.009    1    1   0    0.74
71    1    -0.018    1    1   0    0.96
132    2    -0.009    2    1   0    0.74
85    2    0.018    1    2   0    0.66
51    1    -0.018    1    1   0    0.90
120    2    0.018    1    2   0    1.14
112    2    -0.009    2    1   0    1.07
10    1    0.018    2    2   0    1.36
62    1    -0.009    1    1   0    0.65
93    2    0.000    1    2   0    2.24
127    2    -0.009    2    1   0    1.02
118    2    0.000    1    2   0    0.72
15    1    0.018    2    2   0    0.64
22    1    -0.009    1    1   0    0.54
30    1    0.018    2    2   0    0.54
12    1    -0.009    1    1   0    0.76
3    1    0.000    2    2   0    0.86
2    1    -0.009    1    1   0    0.61
84    2    0.009    1    2   0    1.52
101    2    -0.018    2    1   0    0.72
88    2    0.000    1    2   0    2.86
129    2    0.009    1    2   0    0.97
107    2    -0.009    2    1   0    0.45
115    2    0.018    1    2   0    0.66
25    1    0.018    2    2   0    0.55
52    1    -0.009    1    1   0    0.87
72    1    -0.009    1    1   0    0.68
146    2    -0.018    2    1   0    0.53
58    1    0.000    1    1   1    2.10
40    1    0.018    2    2   0    0.66
140    2    0.018    1    2   0    0.49
59    1    0.009    2    2   0    0.52
61    1    -0.018    1    1   0    0.62
55    1    0.018    2    2   0    0.67
121    2    -0.018    2    1   0    0.77
1    1    -0.018    1    1   0    0.56
42    1    -0.009    1    1   0    0.71
65    1    0.018    2    2   0    0.54
94    2    0.009    1    2   0    0.61
19    1    0.009    2    2   0    1.14
54    1    0.009    2    2   0    2.59
35    1    0.018    2    2   0    0.85
108    2    0.000    1    2   0    1.35
126    2    -0.018    2    1   0    0.61
5    1    0.018    2    2   0    0.74
106    2    -0.018    2    1   0    2.59
77    2    -0.009    1    2   1    2.16
73    1    0.000    2    2   0    0.78
68    1    0.000    1    1   1    1.62
81    2    -0.018    2    1   0    0.76
79    2    0.009    1    2   0    0.78
76    2    -0.018    2    1   0    0.81
69    1    0.009    2    2   0    2.33
98    2    0.000    1    2   0    1.62
83    2    0.000    2    1   1    0.78
148    2    0.000    2    1   1    2.72
82    2    -0.009    2    1   0    1.92
34    1    0.009    1    1   1    0.56
63    1    0.000    1    1   1    1.69
4    1    0.009    2    2   0    0.66
39    1    0.009    1    1   1    1.62
102    2    -0.009    2    1   0    1.34
24    1    0.009    2    2   0    1.39
56    1    -0.018    1    1   0    0.86
14    1    0.009    2    2   0    1.65
138    2    0.000    1    2   0    1.67
43    1    0.000    1    1   1    1.29
123    2    0.000    1    2   0    0.82
21    1    -0.018    1    1   0    0.77
74    1    0.009    2    2   0    0.57
105    2    0.018    1    2   0    0.53
122    2    -0.009    2    1   0    2.24
142    2    -0.009    2    1   0    0.88
13    1    0.000    2    2   0    1.12
104    2    0.009    1    2   0    0.63
110    2    0.018    1    2   0    0.71
36    1    -0.018    1    1   0    1.09
100    2    0.018    1    2   0    0.77
67    1    -0.009    1    1   0    1.40
96    2    -0.018    2    1   0    0.65
125    2    0.018    1    2   0    0.96
130    2    0.018    1    2   0    1.40
147    2    -0.009    2    1   0    2.51
124    2    0.009    1    2   0    0.69
38    1    0.000    1    1   1    1.65
9    1    0.009    2    2   0    0.59
66    1    -0.018    1    1   0    0.76
32    1    -0.009    1    1   0    1.75
41    1    -0.018    1    1   0    0.68
90    2    0.018    1    2   0    2.13
103    2    0.000    1    2   0    1.12
23    1    0.000    1    1   1    2.91
31    1    -0.018    1    1   0    0.65
6    1    -0.018    1    1   0    1.19
78    2    0.000    1    2   0    1.56
150    2    0.018    1    2   0    0.76
128    2    0.000    2    1   1    3.23
27    1    -0.009    1    1   0    0.70
18    1    0.000    1    1   1    1.08
17    1    -0.009    1    1   0    1.16
33    1    0.000    1    1   1    0.61
143    2    0.000    1    2   0    2.53
144    2    0.009    1    2   0    1.90
141    2    -0.018    2    1   0    1.12
117    2    -0.009    2    1   0    1.07
48    1    0.000    1    1   1    0.99
135    2    0.018    1    2   0    0.69
136    2    -0.018    2    1   0    0.94
45    1    0.018    2    2   0    0.70
8    1    0.000    1    1   1    2.42
37    1    -0.009    1    1   0    0.88
64    1    0.009    2    2   0    0.64
131    2    -0.018    2    1   0    0.72
11    1    -0.018    1    1   0    0.61
60    1    0.018    2    2   0    0.53
80    2    0.018    1    2   0    0.70
89    2    0.009    1    2   0    1.54
91    2    -0.018    2    1   0    0.68
75    2    0.018    1    2   0    1.23
119    2    0.009    1    2   0    0.97
114    2    0.009    1    2   0    1.55
28    1    0.000    2    2   0    0.49
44    1    0.009    2    2   0    2.99
87    2    -0.009    2    1   0    2.71
97    2    -0.009    2    1   0    0.72
46    1    -0.018    1    1   0    0.60
26    1    -0.018    1    1   0    0.65
57    1    -0.009    2    2   1    0.79
92    2    -0.009    2    1   0    0.93
47    1    -0.009    1    1   0    0.56
139    2    0.009    1    2   0    0.68
70    1    0.018    2    2   0    0.61
111    2    -0.018    2    1   0    0.91
133    2    0.000    1    2   0    2.46
149    2    0.009    1    2   0    1.62
95    2    0.018    1    2   0    0.67
