--------------------------------
09-Oct-2014 14:59:43 
data from observer T06 
#occlusion2 expt 
reference disparity (degrees) 0.160000 

stim order disp kresp testresp correct time
1    1    -0.074    2    2   1    3.26
2    1    0.069    1    1   1    2.11
3    1    0.065    1    1   1    2.51
4    2    -0.060    1    2   1    2.49
5    1    0.055    1    1   1    4.04
6    2    -0.051    1    2   1    1.28
7    2    -0.046    1    2   1    1.95
8    2    0.042    2    1   1    1.23
9    2    0.037    2    1   1    1.43
10    1    0.032    1    1   1    0.99
11    1    0.028    1    1   1    2.87
12    1    0.023    1    1   1    2.76
13    2    -0.018    1    2   1    2.90
14    1    -0.014    1    1   0    2.12
15    2    0.023    2    1   1    1.91
16    2    -0.023    1    2   1    1.04
17    1    0.018    1    1   1    2.62
18    2    -0.018    1    2   1    2.29
19    2    -0.014    1    2   1    1.68
20    2    -0.014    1    2   1    2.26
21    1    0.009    1    1   1    4.20
22    2    0.009    2    1   1    6.31
23    1    0.005    1    1   1    1.87
24    2    -0.005    1    2   1    5.64
25    1    -0.005    2    2   1    1.23
26    2    0.005    2    1   1    2.49
27    2    0.005    2    1   1    1.11
28    1    0.005    2    2   0    2.76
29    2    -0.014    1    2   1    1.41
30    2    -0.014    1    2   1    3.96
31    1    0.009    1    1   1    1.28
32    1    0.009    1    1   1    1.30
33    1    -0.005    2    2   1    1.42
34    2    -0.005    1    2   1    2.39
35    1    0.005    1    1   1    2.90
36    2    -0.005    1    2   1    1.00
37    2    0.005    2    1   1    4.62
38    2    0.005    2    1   1    4.74
39    2    0.005    2    1   1    1.19
40    1    0.005    1    1   1    1.25
41    1    0.005    1    1   1    1.75
42    2    0.005    2    1   1    1.03
43    1    0.005    2    2   0    2.27
44    2    -0.014    1    2   1    0.70
45    1    -0.014    2    2   1    1.49
46    1    -0.009    2    2   1    1.94
47    2    -0.009    1    2   1    0.90
48    2    0.005    2    1   1    1.56
49    1    -0.005    2    2   1    3.28
50    2    0.005    1    2   0    0.74
-------------------------
Final staircase threshold estimate (mean) is 0.0074
-------------------------
86    2    -0.018    1    2   1    4.16
131    2    -0.018    1    2   1    0.98
137    2    -0.009    1    2   1    0.91
61    1    -0.018    2    2   1    0.79
55    1    0.018    1    1   1    1.39
104    2    0.009    2    1   1    1.12
99    2    0.009    2    1   1    2.93
19    1    0.009    1    1   1    1.44
101    2    -0.018    1    2   1    1.07
13    1    0.000    2    2   0    1.52
69    1    0.009    1    1   1    0.78
37    1    -0.009    2    2   1    1.91
105    2    0.018    2    1   1    1.45
33    1    0.000    2    2   0    2.74
148    2    0.000    1    2   0    1.55
1    1    -0.018    2    2   1    0.79
8    1    0.000    1    1   1    3.11
70    1    0.018    1    1   1    0.94
30    1    0.018    1    1   1    0.98
23    1    0.000    1    1   1    3.52
130    2    0.018    2    1   1    0.73
74    1    0.009    1    1   1    0.77
117    2    -0.009    1    2   1    0.75
80    2    0.018    2    1   1    0.77
40    1    0.018    1    1   1    0.75
18    1    0.000    1    1   1    2.16
87    2    -0.009    1    2   1    1.17
111    2    -0.018    1    2   1    0.79
110    2    0.018    2    1   1    0.71
132    2    -0.009    1    2   1    0.83
11    1    -0.018    2    2   1    0.79
129    2    0.009    2    1   1    0.94
82    2    -0.009    1    2   1    0.63
53    1    0.000    2    2   0    1.64
149    2    0.009    2    1   1    0.98
141    2    -0.018    1    2   1    0.68
124    2    0.009    2    1   1    0.75
38    1    0.000    2    2   0    2.28
88    2    0.000    1    2   0    0.97
92    2    -0.009    1    2   1    0.93
79    2    0.009    2    1   1    0.94
22    1    -0.009    2    2   1    1.78
46    1    -0.018    2    2   1    1.21
136    2    -0.018    1    2   1    0.73
91    2    -0.018    2    1   0    1.95
113    2    0.000    1    2   0    3.77
47    1    -0.009    2    2   1    0.95
2    1    -0.009    2    2   1    1.47
56    1    -0.018    2    2   1    1.55
65    1    0.018    1    1   1    0.86
58    1    0.000    1    1   1    2.71
112    2    -0.009    1    2   1    1.08
109    2    0.009    2    1   1    1.36
75    2    0.018    2    1   1    1.57
108    2    0.000    1    2   0    1.45
24    1    0.009    1    1   1    1.26
77    2    -0.009    1    2   1    1.94
45    1    0.018    1    1   1    0.69
42    1    -0.009    2    2   1    0.93
135    2    0.018    2    1   1    1.32
85    2    0.018    2    1   1    0.95
102    2    -0.009    1    2   1    0.90
93    2    0.000    2    1   1    1.52
17    1    -0.009    2    2   1    1.30
50    1    0.018    1    1   1    0.74
140    2    0.018    2    1   1    0.73
60    1    0.018    1    1   1    1.21
51    1    -0.018    2    2   1    1.20
49    1    0.009    1    1   1    0.92
4    1    0.009    1    1   1    2.38
9    1    0.009    1    1   1    1.57
116    2    -0.018    1    2   1    3.05
145    2    0.018    2    1   1    0.68
103    2    0.000    1    2   0    5.53
32    1    -0.009    2    2   1    0.72
115    2    0.018    2    1   1    0.83
66    1    -0.018    2    2   1    1.18
35    1    0.018    1    1   1    2.20
127    2    -0.009    1    2   1    1.22
16    1    -0.018    2    2   1    0.75
96    2    -0.018    1    2   1    0.63
134    2    0.009    2    1   1    1.14
6    1    -0.018    2    2   1    0.78
107    2    -0.009    1    2   1    1.03
133    2    0.000    1    2   0    2.28
3    1    0.000    1    1   1    1.61
100    2    0.018    2    1   1    0.63
14    1    0.009    1    1   1    0.53
10    1    0.018    1    1   1    1.36
62    1    -0.009    2    2   1    0.56
90    2    0.018    2    1   1    1.05
63    1    0.000    1    1   1    4.03
12    1    -0.009    2    2   1    0.69
59    1    0.009    1    1   1    0.92
125    2    0.018    2    1   1    0.94
97    2    -0.009    1    2   1    0.67
139    2    0.009    2    1   1    0.54
41    1    -0.018    2    2   1    1.06
5    1    0.018    1    1   1    0.71
31    1    -0.018    2    2   1    0.53
64    1    0.009    1    1   1    0.89
71    1    -0.018    2    2   1    0.58
39    1    0.009    1    1   1    2.35
44    1    0.009    1    1   1    0.77
121    2    -0.018    1    2   1    1.51
27    1    -0.009    2    2   1    0.84
81    2    -0.018    1    2   1    0.62
119    2    0.009    2    1   1    0.90
76    2    -0.018    1    2   1    0.79
67    1    -0.009    2    2   1    0.81
98    2    0.000    1    2   0    0.78
126    2    -0.018    1    2   1    1.03
84    2    0.009    2    1   1    3.19
20    1    0.018    1    1   1    0.67
72    1    -0.009    2    2   1    0.86
43    1    0.000    2    2   0    4.26
57    1    -0.009    2    2   1    1.80
36    1    -0.018    2    2   1    0.90
114    2    0.009    2    1   1    4.67
21    1    -0.018    2    2   1    0.87
142    2    -0.009    1    2   1    0.83
7    1    -0.009    2    2   1    0.65
138    2    0.000    2    1   1    1.25
150    2    0.018    2    1   1    1.02
143    2    0.000    1    2   0    1.21
25    1    0.018    2    2   0    0.83
120    2    0.018    2    1   1    0.81
147    2    -0.009    1    2   1    0.88
26    1    -0.018    2    2   1    0.92
15    1    0.018    1    1   1    1.43
128    2    0.000    1    2   0    2.45
144    2    0.009    2    1   1    1.02
78    2    0.000    1    2   0    0.63
83    2    0.000    2    1   1    0.65
89    2    0.009    2    1   1    3.10
54    1    0.009    1    1   1    1.21
118    2    0.000    1    2   0    1.30
68    1    0.000    1    1   1    3.26
34    1    0.009    1    1   1    2.64
94    2    0.009    2    1   1    0.87
48    1    0.000    1    1   1    1.09
106    2    -0.018    2    1   0    0.71
95    2    0.018    2    1   1    1.53
29    1    0.009    1    1   1    0.74
52    1    -0.009    2    2   1    2.01
28    1    0.000    1    1   1    0.94
146    2    -0.018    1    2   1    0.93
123    2    0.000    1    2   0    2.20
122    2    -0.009    1    2   1    1.45
73    1    0.000    1    1   1    2.76
