--------------------------------
09-Oct-2014 14:51:17 
data from observer T06 
#occlusion2 expt 
reference disparity (degrees) 0.160000 

stim order disp kresp testresp correct time
1    1    0.074    1    1   1    4.11
2    2    -0.069    1    2   1    1.52
3    2    -0.065    1    2   1    0.59
4    1    0.060    1    1   1    0.62
5    2    0.055    2    1   1    0.59
6    1    -0.051    2    2   1    0.59
7    1    -0.046    2    2   1    0.60
8    1    0.042    1    1   1    0.79
9    1    0.037    1    1   1    0.85
10    2    0.032    2    1   1    0.66
11    1    -0.028    2    2   1    0.74
12    1    0.023    1    1   1    1.73
13    1    -0.018    2    2   1    0.56
14    1    0.014    1    1   1    1.67
15    2    0.009    2    1   1    0.70
16    2    0.005    1    2   0    4.00
17    1    0.014    2    2   0    0.97
18    2    -0.023    1    2   1    1.75
19    2    -0.023    1    2   1    0.74
20    2    0.018    2    1   1    0.80
21    2    0.018    2    1   1    0.82
22    1    -0.014    2    2   1    0.88
23    2    -0.014    1    2   1    1.00
24    1    0.009    1    1   1    1.31
25    1    0.009    1    1   1    1.27
26    1    0.005    1    1   1    1.06
27    1    -0.005    2    2   1    2.13
28    2    0.005    1    2   0    2.47
29    1    -0.014    2    2   1    1.02
30    1    -0.014    2    2   1    1.23
31    1    -0.009    2    2   1    1.10
32    1    0.009    1    1   1    0.90
33    1    -0.005    2    2   1    2.91
34    2    -0.005    1    2   1    2.54
35    2    0.005    2    1   1    3.55
36    2    -0.005    1    2   1    0.90
37    2    0.005    2    1   1    0.77
38    1    0.005    1    1   1    1.81
39    2    0.005    2    1   1    2.64
40    2    -0.005    1    2   1    1.18
41    1    -0.005    2    2   1    1.85
42    1    -0.005    2    2   1    4.37
43    1    0.005    1    1   1    1.25
44    1    0.005    1    1   1    1.61
45    1    -0.005    1    1   0    1.74
46    2    0.014    2    1   1    0.93
47    2    0.014    2    1   1    0.90
48    1    -0.009    2    2   1    2.17
49    2    0.009    2    1   1    1.65
50    1    0.005    1    1   1    0.82
-------------------------
Final staircase threshold estimate (mean) is 0.0074
-------------------------
7    1    -0.009    1    1   0    5.83
23    1    0.000    2    2   0    0.63
12    1    -0.009    2    2   1    1.71
146    2    -0.018    1    2   1    0.60
16    1    -0.018    2    2   1    0.76
89    2    0.009    2    1   1    2.09
110    2    0.018    2    1   1    0.86
77    2    -0.009    1    2   1    0.91
147    2    -0.009    1    2   1    0.75
130    2    0.018    2    1   1    1.22
142    2    -0.009    1    2   1    1.28
119    2    0.009    2    1   1    1.62
37    1    -0.009    2    2   1    1.48
40    1    0.018    1    1   1    0.78
75    2    0.018    2    1   1    1.26
99    2    0.009    2    1   1    1.33
114    2    0.009    2    1   1    2.26
139    2    0.009    2    1   1    1.25
79    2    0.009    2    1   1    2.79
13    1    0.000    1    1   1    3.51
143    2    0.000    1    2   0    3.22
5    1    0.018    1    1   1    0.95
148    2    0.000    1    2   0    2.76
44    1    0.009    1    1   1    0.77
121    2    -0.018    1    2   1    0.62
49    1    0.009    1    1   1    0.95
10    1    0.018    1    1   1    0.65
52    1    -0.009    2    2   1    1.42
6    1    -0.018    2    2   1    1.05
66    1    -0.018    2    2   1    1.07
101    2    -0.018    1    2   1    0.89
108    2    0.000    1    2   0    1.42
1    1    -0.018    2    2   1    0.78
127    2    -0.009    1    2   1    0.78
19    1    0.009    1    1   1    0.82
29    1    0.009    1    1   1    1.23
82    2    -0.009    1    2   1    0.77
60    1    0.018    1    1   1    1.16
86    2    -0.018    1    2   1    0.94
38    1    0.000    1    1   1    5.63
87    2    -0.009    1    2   1    2.03
95    2    0.018    2    1   1    1.05
58    1    0.000    1    1   1    3.67
33    1    0.000    2    2   0    4.04
104    2    0.009    2    1   1    2.97
118    2    0.000    1    2   0    3.54
135    2    0.018    2    1   1    1.44
61    1    -0.018    2    2   1    1.03
46    1    -0.018    2    2   1    0.99
103    2    0.000    1    2   0    1.42
35    1    0.018    1    1   1    0.66
122    2    -0.009    1    2   1    1.50
85    2    0.018    2    1   1    0.69
27    1    -0.009    2    2   1    0.78
134    2    0.009    2    1   1    2.25
24    1    0.009    1    1   1    0.63
80    2    0.018    2    1   1    0.62
94    2    0.009    2    1   1    0.82
71    1    -0.018    2    2   1    0.71
128    2    0.000    1    2   0    2.70
2    1    -0.009    2    2   1    0.67
138    2    0.000    2    1   1    1.23
8    1    0.000    1    1   1    2.60
132    2    -0.009    2    1   0    1.24
45    1    0.018    1    1   1    1.75
98    2    0.000    1    2   0    1.76
150    2    0.018    2    1   1    1.82
57    1    -0.009    2    2   1    1.59
47    1    -0.009    2    2   1    1.66
9    1    0.009    1    1   1    0.89
17    1    -0.009    2    2   1    0.84
145    2    0.018    2    1   1    1.25
116    2    -0.018    1    2   1    0.88
106    2    -0.018    1    2   1    1.19
125    2    0.018    2    1   1    1.50
67    1    -0.009    2    2   1    2.14
78    2    0.000    1    2   0    3.56
41    1    -0.018    2    2   1    0.61
102    2    -0.009    1    2   1    1.21
4    1    0.009    1    1   1    0.87
100    2    0.018    2    1   1    0.71
53    1    0.000    1    1   1    2.60
59    1    0.009    1    1   1    1.03
30    1    0.018    1    1   1    0.66
48    1    0.000    2    2   0    2.87
74    1    0.009    1    1   1    1.01
117    2    -0.009    1    2   1    0.97
91    2    -0.018    1    2   1    0.69
123    2    0.000    1    2   0    3.26
68    1    0.000    1    1   1    2.89
22    1    -0.009    2    2   1    0.94
3    1    0.000    1    1   1    1.40
28    1    0.000    1    1   1    2.76
141    2    -0.018    1    2   1    0.70
51    1    -0.018    2    2   1    0.68
70    1    0.018    1    1   1    0.70
11    1    -0.018    2    2   1    0.62
109    2    0.009    2    1   1    1.75
112    2    -0.009    1    2   1    1.04
26    1    -0.018    2    2   1    0.64
34    1    0.009    1    1   1    1.34
90    2    0.018    2    1   1    1.32
56    1    -0.018    2    2   1    0.78
129    2    0.009    2    1   1    2.68
84    2    0.009    2    1   1    0.70
137    2    -0.009    1    2   1    0.65
105    2    0.018    2    1   1    0.57
140    2    0.018    2    1   1    0.89
43    1    0.000    1    1   1    2.80
72    1    -0.009    2    2   1    0.61
92    2    -0.009    1    2   1    1.01
131    2    -0.018    1    2   1    1.37
88    2    0.000    1    2   0    1.45
55    1    0.018    1    1   1    0.72
107    2    -0.009    1    2   1    0.77
64    1    0.009    1    1   1    0.65
42    1    -0.009    2    2   1    1.77
111    2    -0.018    1    2   1    0.57
97    2    -0.009    1    2   1    0.98
133    2    0.000    1    2   0    0.58
39    1    0.009    1    1   1    2.30
81    2    -0.018    1    2   1    0.70
21    1    -0.018    2    2   1    0.64
73    1    0.000    2    2   0    2.78
20    1    0.018    1    1   1    0.72
32    1    -0.009    2    2   1    0.69
120    2    0.018    2    1   1    0.62
18    1    0.000    1    1   1    1.45
96    2    -0.018    1    2   1    0.90
83    2    0.000    2    1   1    2.79
63    1    0.000    1    1   1    2.91
149    2    0.009    2    1   1    2.41
25    1    0.018    1    1   1    1.84
50    1    0.018    1    1   1    0.86
115    2    0.018    2    1   1    0.62
62    1    -0.009    2    2   1    1.04
69    1    0.009    1    1   1    0.89
76    2    -0.018    1    2   1    0.69
65    1    0.018    1    1   1    0.67
54    1    0.009    1    1   1    2.08
113    2    0.000    2    1   1    4.02
14    1    0.009    1    1   1    0.84
15    1    0.018    1    1   1    0.70
93    2    0.000    1    2   0    0.71
144    2    0.009    2    1   1    1.11
31    1    -0.018    2    2   1    1.11
136    2    -0.018    1    2   1    0.63
36    1    -0.018    2    2   1    0.71
126    2    -0.018    1    2   1    0.56
124    2    0.009    2    1   1    0.69
