--------------------------------
17-Oct-2014 08:48:20 
data from observer T06 
#occlusion2 expt 
reference disparity (degrees) 0.160000 

stim order disp kresp testresp correct time
1    2    -0.074    2    1   1    0.92
2    2    -0.069    2    1   1    0.79
3    1    -0.065    1    1   1    0.94
4    1    0.060    2    2   1    0.73
5    1    -0.055    1    1   1    1.18
6    1    -0.051    1    1   1    0.96
7    1    0.046    2    2   1    0.68
8    2    -0.042    2    1   1    1.02
9    2    0.037    1    2   1    0.90
10    2    0.032    1    2   1    0.80
11    2    -0.028    2    1   1    0.66
12    1    -0.023    1    1   1    0.70
13    2    0.018    1    2   1    1.09
14    1    0.014    2    2   1    0.82
15    2    -0.009    2    1   1    0.93
16    1    -0.005    1    1   1    0.93
17    2    0.005    2    1   0    0.53
18    1    -0.014    1    1   1    1.21
19    1    0.014    2    2   1    0.74
20    1    -0.009    1    1   1    0.96
21    2    -0.009    2    1   1    0.92
22    1    0.005    2    2   1    1.84
23    2    -0.005    2    1   1    0.68
24    2    -0.005    2    1   1    1.01
25    2    0.005    1    2   1    0.85
26    2    0.005    1    2   1    1.25
27    1    -0.005    1    1   1    1.98
28    1    0.005    2    2   1    1.20
29    1    0.005    2    2   1    1.60
30    2    0.005    1    2   1    1.08
31    1    -0.005    1    1   1    2.13
32    1    -0.005    1    1   1    0.83
33    2    0.005    1    2   1    1.34
34    2    -0.005    2    1   1    0.65
35    2    0.005    1    2   1    1.20
36    2    -0.005    2    1   1    0.68
37    2    -0.005    2    1   1    1.41
38    1    -0.005    1    1   1    0.79
39    2    -0.005    2    1   1    1.60
40    2    -0.005    2    1   1    1.27
41    1    0.005    1    1   0    2.80
42    2    0.014    1    2   1    0.76
43    1    -0.014    1    1   1    0.59
44    2    -0.009    2    1   1    0.65
45    1    -0.009    1    1   1    0.60
46    1    -0.005    1    1   1    1.91
47    2    0.005    1    2   1    1.18
48    2    -0.005    2    1   1    0.68
49    2    -0.005    2    1   1    0.62
50    1    0.005    1    1   0    2.32
-------------------------
Final staircase threshold estimate (mean) is 0.0074
-------------------------
54    1    0.009    2    2   0    2.14
109    2    0.009    1    2   0    1.21
123    2    0.000    2    1   1    0.83
16    1    -0.018    1    1   0    0.71
45    1    0.018    2    2   0    0.59
80    2    0.018    1    2   0    0.60
71    1    -0.018    1    1   0    0.86
25    1    0.018    2    2   0    0.58
78    2    0.000    2    1   1    2.42
86    2    -0.018    2    1   0    0.56
138    2    0.000    1    2   0    0.56
55    1    0.018    2    2   0    0.56
68    1    0.000    1    1   1    0.66
66    1    -0.018    1    1   0    0.63
60    1    0.018    2    2   0    0.47
108    2    0.000    1    2   0    2.09
33    1    0.000    1    1   1    1.20
35    1    0.018    2    2   0    0.60
102    2    -0.009    2    1   0    0.60
64    1    0.009    2    2   0    0.63
47    1    -0.009    1    1   0    0.70
81    2    -0.018    2    1   0    0.60
136    2    -0.018    2    1   0    0.64
20    1    0.018    2    2   0    0.65
58    1    0.000    1    1   1    1.03
28    1    0.000    2    2   0    3.26
62    1    -0.009    1    1   0    1.17
61    1    -0.018    1    1   0    0.69
97    2    -0.009    2    1   0    0.55
19    1    0.009    2    2   0    0.65
31    1    -0.018    1    1   0    0.61
89    2    0.009    1    2   0    1.42
114    2    0.009    1    2   0    0.69
111    2    -0.018    2    1   0    0.63
79    2    0.009    1    2   0    0.68
101    2    -0.018    2    1   0    0.65
12    1    -0.009    1    1   0    1.10
4    1    0.009    2    2   0    0.63
63    1    0.000    2    2   0    2.10
72    1    -0.009    1    1   0    0.56
65    1    0.018    2    2   0    0.84
26    1    -0.018    1    1   0    0.71
42    1    -0.009    1    1   0    0.64
17    1    -0.009    1    1   0    0.86
6    1    -0.018    1    1   0    0.44
51    1    -0.018    1    1   0    0.68
104    2    0.009    1    2   0    0.80
37    1    -0.009    1    1   0    2.35
127    2    -0.009    2    1   0    0.75
131    2    -0.018    2    1   0    1.25
149    2    0.009    1    2   0    0.90
70    1    0.018    2    2   0    0.48
59    1    0.009    2    2   0    0.70
139    2    0.009    1    2   0    1.18
8    1    0.000    1    1   1    1.85
145    2    0.018    1    2   0    0.93
94    2    0.009    1    2   0    1.53
124    2    0.009    1    2   0    1.83
43    1    0.000    2    2   0    1.38
27    1    -0.009    1    1   0    0.61
150    2    0.018    1    2   0    1.22
95    2    0.018    1    2   0    2.31
103    2    0.000    1    2   0    1.41
143    2    0.000    1    2   0    1.79
40    1    0.018    2    2   0    0.80
9    1    0.009    2    2   0    1.62
39    1    0.009    1    1   1    1.99
99    2    0.009    1    2   0    1.76
126    2    -0.018    2    1   0    0.65
90    2    0.018    1    2   0    0.64
75    2    0.018    1    2   0    0.70
120    2    0.018    1    2   0    0.93
3    1    0.000    2    2   0    0.73
1    1    -0.018    1    1   0    0.65
110    2    0.018    1    2   0    0.68
96    2    -0.018    2    1   0    0.55
122    2    -0.009    2    1   0    2.33
85    2    0.018    1    2   0    0.68
49    1    0.009    2    2   0    0.64
36    1    -0.018    1    1   0    0.94
23    1    0.000    2    2   0    2.20
132    2    -0.009    2    1   0    0.89
117    2    -0.009    2    1   0    1.02
5    1    0.018    2    2   0    1.66
52    1    -0.009    1    1   0    0.71
22    1    -0.009    1    1   0    0.87
125    2    0.018    1    2   0    1.74
100    2    0.018    1    2   0    0.72
57    1    -0.009    1    1   0    1.03
137    2    -0.009    2    1   0    1.65
24    1    0.009    2    2   0    0.85
18    1    0.000    1    1   1    1.00
140    2    0.018    1    2   0    0.91
48    1    0.000    2    2   0    1.60
135    2    0.018    1    2   0    0.70
107    2    -0.009    2    1   0    0.81
50    1    0.018    2    2   0    0.66
76    2    -0.018    2    1   0    0.72
10    1    0.018    2    2   0    1.03
21    1    -0.018    1    1   0    0.74
29    1    0.009    2    2   0    1.91
92    2    -0.009    2    1   0    1.07
82    2    -0.009    2    1   0    0.82
83    2    0.000    1    2   0    1.43
121    2    -0.018    2    1   0    0.59
32    1    -0.009    2    2   1    1.06
73    1    0.000    2    2   0    0.86
14    1    0.009    2    2   0    0.69
98    2    0.000    1    2   0    0.99
7    1    -0.009    1    1   0    0.66
144    2    0.009    1    2   0    0.76
106    2    -0.018    2    1   0    0.56
105    2    0.018    1    2   0    0.83
74    1    0.009    2    2   0    0.49
88    2    0.000    2    1   1    1.38
115    2    0.018    1    2   0    0.55
38    1    0.000    1    1   1    1.79
142    2    -0.009    2    1   0    1.33
53    1    0.000    1    1   1    0.60
129    2    0.009    1    2   0    0.73
34    1    0.009    2    2   0    1.03
13    1    0.000    2    2   0    1.06
93    2    0.000    1    2   0    0.50
130    2    0.018    1    2   0    0.73
30    1    0.018    2    2   0    0.63
148    2    0.000    1    2   0    1.48
133    2    0.000    2    1   1    0.97
41    1    -0.018    1    1   0    0.55
84    2    0.009    1    2   0    0.50
118    2    0.000    1    2   0    0.70
67    1    -0.009    1    1   0    1.02
77    2    -0.009    1    2   1    1.12
116    2    -0.018    2    1   0    0.63
87    2    -0.009    2    1   0    0.84
69    1    0.009    2    2   0    1.27
134    2    0.009    1    2   0    0.77
141    2    -0.018    2    1   0    0.74
128    2    0.000    1    2   0    1.71
112    2    -0.009    2    1   0    2.05
119    2    0.009    1    2   0    0.60
15    1    0.018    2    2   0    0.55
44    1    0.009    2    2   0    0.90
146    2    -0.018    2    1   0    0.89
11    1    -0.018    1    1   0    0.55
46    1    -0.018    1    1   0    0.50
56    1    -0.018    1    1   0    0.76
2    1    -0.009    1    1   0    0.91
113    2    0.000    1    2   0    1.16
91    2    -0.018    2    1   0    0.69
147    2    -0.009    2    1   0    0.80
