--------------------------------
09-Oct-2014 15:09:41 
data from observer T06 
#occlusion2 expt 
reference disparity (degrees) 0.160000 

stim order disp kresp testresp correct time
1    1    0.074    1    1   1    1.82
2    1    0.069    1    1   1    1.24
3    2    0.065    2    1   1    0.66
4    1    -0.060    2    2   1    0.90
5    2    0.055    2    1   1    0.69
6    1    -0.051    2    2   1    0.95
7    1    0.046    1    1   1    1.51
8    1    0.042    1    1   1    0.93
9    2    0.037    2    1   1    0.68
10    2    0.032    2    1   1    0.92
11    2    0.028    2    1   1    0.77
12    1    -0.023    2    2   1    1.04
13    2    0.018    2    1   1    0.63
14    1    -0.014    2    2   1    0.77
15    1    -0.009    2    2   1    2.96
16    1    0.005    1    1   1    1.82
17    2    0.005    2    1   1    1.43
18    1    -0.005    2    2   1    3.21
19    1    -0.005    2    2   1    7.52
20    2    0.005    1    2   0    1.70
21    1    -0.014    2    2   1    1.43
22    2    -0.014    1    2   1    1.21
23    2    0.009    2    1   1    0.74
24    1    -0.009    2    2   1    1.02
25    2    -0.005    1    2   1    1.14
26    2    0.005    2    1   1    0.79
27    1    -0.005    2    2   1    0.96
28    2    -0.005    1    2   1    2.49
29    2    0.005    2    1   1    1.19
30    1    0.005    1    1   1    0.82
31    2    0.005    2    1   1    1.09
32    1    -0.005    2    2   1    0.82
33    1    0.005    1    1   1    1.12
34    1    -0.005    2    2   1    1.08
35    1    -0.005    1    1   0    1.21
36    1    -0.014    2    2   1    0.69
37    1    -0.014    2    2   1    0.70
38    1    -0.009    2    2   1    1.50
39    2    -0.009    1    2   1    0.68
40    2    -0.005    1    2   1    1.49
41    2    -0.005    1    2   1    1.98
42    2    0.005    2    1   1    0.64
43    2    0.005    2    1   1    0.93
44    2    -0.005    1    2   1    0.63
45    1    -0.005    2    2   1    2.01
46    1    0.005    1    1   1    0.56
47    2    0.005    2    1   1    1.68
48    2    -0.005    1    2   1    0.68
49    2    -0.005    1    2   1    2.11
50    2    0.005    2    1   1    1.24
-------------------------
Final staircase threshold estimate (mean) is 0.0046
-------------------------
92    2    -0.005    1    2   1    5.81
111    2    -0.009    1    2   1    1.28
140    2    0.009    2    1   1    0.98
88    2    0.000    1    2   0    4.45
49    1    0.005    1    1   1    0.72
73    1    0.000    2    2   0    1.32
54    1    0.005    1    1   1    1.28
16    1    -0.009    2    2   1    0.73
126    2    -0.009    1    2   1    1.50
119    2    0.005    2    1   1    1.17
50    1    0.009    1    1   1    0.54
102    2    -0.005    1    2   1    1.59
1    1    -0.009    2    2   1    0.78
141    2    -0.009    1    2   1    0.74
37    1    -0.005    2    2   1    0.76
145    2    0.009    2    1   1    1.14
105    2    0.009    2    1   1    2.03
148    2    0.000    1    2   0    2.05
95    2    0.009    2    1   1    0.76
57    1    -0.005    2    2   1    1.22
35    1    0.009    1    1   1    0.92
74    1    0.005    1    1   1    3.18
76    2    -0.009    1    2   1    2.24
75    2    0.009    2    1   1    1.48
70    1    0.009    1    1   1    0.98
51    1    -0.009    2    2   1    0.94
134    2    0.005    2    1   1    2.44
100    2    0.009    2    1   1    0.84
109    2    0.005    2    1   1    1.99
52    1    -0.005    2    2   1    2.56
60    1    0.009    1    1   1    1.81
17    1    -0.005    2    2   1    2.37
84    2    0.005    2    1   1    0.99
72    1    -0.005    1    1   0    1.52
48    1    0.000    1    1   1    1.34
130    2    0.009    2    1   1    1.79
115    2    0.009    2    1   1    1.00
112    2    -0.005    1    2   1    1.81
58    1    0.000    1    1   1    0.95
83    2    0.000    1    2   0    0.72
131    2    -0.009    1    2   1    0.73
86    2    -0.009    1    2   1    0.79
127    2    -0.005    1    2   1    0.74
113    2    0.000    1    2   0    0.68
78    2    0.000    1    2   0    2.40
8    1    0.000    1    1   1    1.50
59    1    0.005    1    1   1    0.83
107    2    -0.005    1    2   1    1.09
63    1    0.000    1    1   1    4.82
6    1    -0.009    2    2   1    2.73
123    2    0.000    2    1   1    2.16
87    2    -0.005    1    2   1    0.80
61    1    -0.009    2    2   1    0.72
31    1    -0.009    2    2   1    1.40
116    2    -0.009    1    2   1    0.78
30    1    0.009    1    1   1    0.68
94    2    0.005    1    2   0    2.11
82    2    -0.005    1    2   1    0.64
24    1    0.005    1    1   1    0.88
146    2    -0.009    1    2   1    0.87
103    2    0.000    1    2   0    2.13
120    2    0.009    2    1   1    0.86
139    2    0.005    2    1   1    1.80
136    2    -0.009    1    2   1    0.65
25    1    0.009    1    1   1    0.75
118    2    0.000    1    2   0    4.13
97    2    -0.005    1    2   1    1.54
101    2    -0.009    1    2   1    1.06
110    2    0.009    2    1   1    0.72
26    1    -0.009    2    2   1    0.76
12    1    -0.005    2    2   1    4.90
143    2    0.000    2    1   1    1.21
4    1    0.005    1    1   1    2.69
20    1    0.009    2    2   0    1.43
36    1    -0.009    2    2   1    0.86
13    1    0.000    2    2   0    0.97
45    1    0.009    1    1   1    0.76
137    2    -0.005    1    2   1    2.45
28    1    0.000    2    2   0    0.79
44    1    0.005    1    1   1    1.18
55    1    0.009    1    1   1    1.52
121    2    -0.009    1    2   1    1.22
129    2    0.005    1    2   0    2.98
114    2    0.005    1    2   0    1.31
98    2    0.000    1    2   0    0.90
96    2    -0.009    1    2   1    2.39
33    1    0.000    1    1   1    1.20
85    2    0.009    2    1   1    0.86
147    2    -0.005    1    2   1    0.93
65    1    0.009    1    1   1    1.28
66    1    -0.009    2    2   1    0.62
125    2    0.009    2    1   1    1.80
89    2    0.005    2    1   1    2.49
128    2    0.000    1    2   0    0.82
142    2    -0.005    1    2   1    2.17
2    1    -0.005    2    2   1    2.37
108    2    0.000    2    1   1    4.22
14    1    0.005    1    1   1    1.19
7    1    -0.005    2    2   1    1.78
133    2    0.000    2    1   1    1.55
53    1    0.000    1    1   1    2.09
150    2    0.009    2    1   1    2.26
93    2    0.000    1    2   0    0.70
80    2    0.009    2    1   1    0.62
5    1    0.009    1    1   1    0.67
41    1    -0.009    2    2   1    0.53
38    1    0.000    1    1   1    3.18
106    2    -0.009    1    2   1    1.07
23    1    0.000    2    2   0    0.62
56    1    -0.009    2    2   1    1.48
27    1    -0.005    2    2   1    1.78
42    1    -0.005    2    2   1    0.75
39    1    0.005    1    1   1    0.83
138    2    0.000    1    2   0    2.30
135    2    0.009    2    1   1    1.28
104    2    0.005    2    1   1    1.28
67    1    -0.005    2    2   1    1.32
117    2    -0.005    1    2   1    1.19
34    1    0.005    1    1   1    2.13
68    1    0.000    2    2   0    2.41
64    1    0.005    1    1   1    1.63
132    2    -0.005    1    2   1    1.11
71    1    -0.009    2    2   1    1.18
10    1    0.009    1    1   1    0.95
9    1    0.005    1    1   1    0.66
62    1    -0.005    2    2   1    0.98
46    1    -0.009    2    2   1    1.55
21    1    -0.009    2    2   1    1.98
124    2    0.005    2    1   1    1.10
47    1    -0.005    2    2   1    1.84
122    2    -0.005    1    2   1    1.09
15    1    0.009    1    1   1    1.11
91    2    -0.009    1    2   1    0.88
43    1    0.000    1    1   1    1.24
3    1    0.000    1    1   1    2.04
81    2    -0.009    1    2   1    1.01
99    2    0.005    2    1   1    2.58
32    1    -0.005    2    2   1    2.77
69    1    0.005    1    1   1    0.70
149    2    0.005    2    1   1    1.11
40    1    0.009    1    1   1    0.68
144    2    0.005    2    1   1    2.63
22    1    -0.005    2    2   1    1.87
77    2    -0.005    1    2   1    0.79
79    2    0.005    2    1   1    1.55
18    1    0.000    1    1   1    2.92
19    1    0.005    2    2   0    1.02
29    1    0.005    2    2   0    1.38
11    1    -0.009    2    2   1    1.65
90    2    0.009    2    1   1    1.62
