--------------------------------
09-Oct-2014 14:38:40 
data from observer T06 
#occlusion2 expt 
reference disparity (degrees) 0.160000 

stim order disp kresp testresp correct time
1    2    -0.074    1    2   1    1.47
2    1    0.069    1    1   1    0.91
3    2    0.065    2    1   1    0.81
4    2    0.060    2    1   1    0.77
5    1    -0.055    2    2   1    0.91
6    1    -0.051    2    2   1    1.09
7    2    0.046    2    1   1    0.93
8    2    0.042    2    1   1    1.94
9    2    -0.037    1    2   1    1.40
10    2    -0.032    1    2   1    1.24
11    1    -0.028    2    2   1    1.00
12    2    0.023    2    1   1    1.21
13    2    -0.018    1    2   1    1.60
14    2    -0.014    1    2   1    1.55
15    1    0.009    1    1   1    1.96
16    1    -0.005    2    2   1    3.76
17    2    0.005    2    1   1    4.54
18    2    -0.005    1    2   1    1.09
19    1    0.005    1    1   1    1.11
20    1    0.005    1    1   1    1.38
21    1    0.005    1    1   1    2.99
22    2    -0.005    1    2   1    2.81
23    2    -0.005    1    2   1    2.98
24    1    0.005    1    1   1    3.04
25    2    0.005    2    1   1    1.44
26    2    0.005    2    1   1    3.39
27    2    -0.005    1    2   1    3.45
28    1    0.005    1    1   1    4.00
29    1    0.005    2    2   0    1.41
30    1    -0.014    2    2   1    0.95
31    1    0.014    1    1   1    1.58
32    1    -0.009    2    2   1    0.90
33    1    -0.009    2    2   1    1.40
34    1    0.005    1    1   1    1.93
35    1    -0.005    2    2   1    2.82
36    2    -0.005    1    2   1    1.10
37    1    -0.005    2    2   1    1.65
38    1    -0.005    2    2   1    1.36
39    2    0.005    2    1   1    2.73
40    2    0.005    2    1   1    3.28
41    2    -0.005    1    2   1    1.08
42    2    0.005    2    1   1    0.99
43    1    0.005    1    1   1    0.75
44    1    0.005    2    2   0    1.03
45    2    -0.014    2    1   0    0.68
46    1    -0.023    2    2   1    0.96
47    2    0.023    2    1   1    1.06
48    1    -0.018    2    2   1    0.93
49    1    -0.018    2    2   1    1.81
50    2    0.014    2    1   1    0.95
-------------------------
Final staircase threshold estimate (mean) is 0.0129
-------------------------
9    1    0.014    1    1   1    3.53
47    1    -0.014    2    2   1    0.93
15    1    0.032    1    1   1    0.97
127    2    -0.014    1    2   1    0.98
128    2    0.000    2    1   1    1.98
19    1    0.014    1    1   1    1.12
29    1    0.014    1    1   1    1.41
82    2    -0.014    1    2   1    0.88
108    2    0.000    2    1   1    3.20
53    1    0.000    1    1   1    4.48
140    2    0.032    2    1   1    0.83
104    2    0.014    2    1   1    1.06
79    2    0.014    2    1   1    0.62
68    1    0.000    2    2   0    2.39
45    1    0.032    1    1   1    1.61
2    1    -0.014    2    2   1    1.18
93    2    0.000    2    1   1    3.10
92    2    -0.014    1    2   1    1.28
28    1    0.000    2    2   0    5.48
43    1    0.000    2    2   0    4.55
119    2    0.014    2    1   1    1.41
123    2    0.000    1    2   0    3.06
3    1    0.000    2    2   0    0.92
40    1    0.032    1    1   1    0.90
122    2    -0.014    1    2   1    1.33
67    1    -0.014    2    2   1    0.71
34    1    0.014    1    1   1    0.61
147    2    -0.014    1    2   1    1.42
112    2    -0.014    1    2   1    1.79
35    1    0.032    1    1   1    1.97
149    2    0.014    2    1   1    2.92
4    1    0.014    1    1   1    0.70
117    2    -0.014    1    2   1    1.18
56    1    -0.032    2    2   1    1.61
74    1    0.014    1    1   1    1.73
50    1    0.032    1    1   1    1.82
63    1    0.000    1    1   1    4.41
69    1    0.014    1    1   1    2.67
103    2    0.000    1    2   0    4.95
8    1    0.000    2    2   0    0.63
144    2    0.014    2    1   1    0.47
94    2    0.014    2    1   1    0.54
39    1    0.014    1    1   1    0.63
61    1    -0.032    2    2   1    0.63
11    1    -0.032    2    2   1    1.63
31    1    -0.032    2    2   1    0.80
110    2    0.032    2    1   1    0.74
99    2    0.014    2    1   1    0.58
143    2    0.000    2    1   1    4.00
98    2    0.000    2    1   1    3.30
89    2    0.014    2    1   1    2.21
118    2    0.000    1    2   0    4.28
80    2    0.032    2    1   1    0.72
137    2    -0.014    1    2   1    1.84
36    1    -0.032    2    2   1    0.68
1    1    -0.032    2    2   1    0.87
133    2    0.000    2    1   1    3.49
26    1    -0.032    2    2   1    1.53
42    1    -0.014    2    2   1    2.83
131    2    -0.032    1    2   1    1.05
38    1    0.000    2    2   0    2.83
14    1    0.014    1    1   1    2.29
114    2    0.014    2    1   1    2.94
41    1    -0.032    2    2   1    2.24
77    2    -0.014    1    2   1    2.34
142    2    -0.014    1    2   1    1.54
6    1    -0.032    2    2   1    1.98
44    1    0.014    1    1   1    2.07
113    2    0.000    1    2   0    6.64
51    1    -0.032    2    2   1    1.54
20    1    0.032    1    1   1    0.77
130    2    0.032    2    1   1    0.68
90    2    0.032    2    1   1    0.86
124    2    0.014    2    1   1    0.66
54    1    0.014    1    1   1    1.30
60    1    0.032    1    1   1    1.33
81    2    -0.032    1    2   1    0.86
95    2    0.032    2    1   1    1.54
85    2    0.032    2    1   1    1.11
10    1    0.032    1    1   1    0.86
134    2    0.014    2    1   1    0.85
126    2    -0.032    1    2   1    0.57
84    2    0.014    2    1   1    0.52
52    1    -0.014    2    2   1    2.32
121    2    -0.032    1    2   1    1.30
48    1    0.000    2    2   0    3.02
75    2    0.032    2    1   1    2.89
27    1    -0.014    2    2   1    0.72
21    1    -0.032    2    2   1    0.76
109    2    0.014    2    1   1    1.66
106    2    -0.032    1    2   1    1.04
141    2    -0.032    1    2   1    1.72
32    1    -0.014    2    2   1    0.66
66    1    -0.032    2    2   1    1.01
46    1    -0.032    2    2   1    0.87
65    1    0.032    1    1   1    0.97
102    2    -0.014    1    2   1    0.83
55    1    0.032    1    1   1    0.69
24    1    0.014    1    1   1    1.07
138    2    0.000    1    2   0    5.01
16    1    -0.032    2    2   1    4.15
120    2    0.032    2    1   1    3.82
5    1    0.032    1    1   1    1.87
116    2    -0.032    1    2   1    1.58
22    1    -0.014    2    2   1    1.69
7    1    -0.014    2    2   1    1.66
72    1    -0.014    2    2   1    2.56
97    2    -0.014    1    2   1    1.87
135    2    0.032    2    1   1    0.66
23    1    0.000    1    1   1    7.41
73    1    0.000    1    1   1    1.51
83    2    0.000    1    2   0    11.83
25    1    0.032    1    1   1    1.31
62    1    -0.014    2    2   1    1.35
91    2    -0.032    1    2   1    0.75
145    2    0.032    2    1   1    0.90
148    2    0.000    2    1   1    4.20
88    2    0.000    2    1   1    1.76
132    2    -0.014    1    2   1    1.06
49    1    0.014    1    1   1    1.16
129    2    0.014    2    1   1    2.53
76    2    -0.032    1    2   1    0.76
115    2    0.032    2    1   1    0.69
111    2    -0.032    1    2   1    0.83
86    2    -0.032    1    2   1    0.84
57    1    -0.014    2    2   1    1.30
17    1    -0.014    2    2   1    1.50
105    2    0.032    2    1   1    1.13
59    1    0.014    1    1   1    1.51
100    2    0.032    2    1   1    0.57
70    1    0.032    1    1   1    0.61
87    2    -0.014    1    2   1    1.35
136    2    -0.032    1    2   1    0.75
13    1    0.000    2    2   0    0.99
125    2    0.032    2    1   1    0.73
71    1    -0.032    2    2   1    0.52
101    2    -0.032    1    2   1    1.51
37    1    -0.014    2    2   1    1.22
12    1    -0.014    2    2   1    1.53
107    2    -0.014    1    2   1    2.19
64    1    0.014    1    1   1    0.74
33    1    0.000    2    2   0    2.58
58    1    0.000    1    1   1    1.66
18    1    0.000    1    1   1    3.56
96    2    -0.032    1    2   1    0.73
139    2    0.014    2    1   1    1.08
30    1    0.032    1    1   1    0.63
78    2    0.000    1    2   0    3.68
150    2    0.032    2    1   1    0.65
146    2    -0.032    1    2   1    0.56
