--------------------------------
09-Oct-2014 15:51:26 
data from observer TGabi 
#occlusion2 expt 
reference disparity (degrees) 0.160000 

stim order disp kresp testresp correct time
1    2    0.074    1    2   1    1.10
2    2    -0.069    2    1   1    0.55
3    1    -0.065    1    1   1    0.78
4    2    -0.060    2    1   1    0.56
5    2    -0.055    2    1   1    0.87
6    2    0.051    1    2   1    0.58
7    2    -0.046    2    1   1    0.58
8    1    0.042    2    2   1    0.59
9    1    -0.037    1    1   1    0.68
10    2    0.032    2    1   0    0.61
11    1    0.042    2    2   1    0.68
12    2    -0.042    2    1   1    1.02
13    2    -0.037    2    1   1    0.78
14    1    -0.037    1    1   1    0.61
15    2    0.032    1    2   1    0.73
16    2    -0.032    2    1   1    0.59
17    1    0.028    2    2   1    0.58
18    2    0.028    1    2   1    1.33
19    2    0.023    1    2   1    0.75
20    1    -0.023    2    2   0    0.54
21    1    0.032    2    2   1    0.72
22    2    0.032    1    2   1    0.58
23    2    0.028    2    1   0    0.55
24    1    0.037    2    2   1    0.75
25    2    0.037    1    2   1    0.59
26    2    -0.032    2    1   1    0.62
27    1    0.032    2    2   1    0.64
28    1    0.028    2    2   1    1.57
29    1    0.028    2    2   1    0.64
30    2    0.023    1    2   1    0.54
31    1    0.023    2    2   1    0.59
32    1    0.018    1    1   0    0.81
33    2    0.028    1    2   1    0.60
34    1    0.028    2    2   1    0.67
35    2    -0.023    2    1   1    0.60
36    2    0.023    1    2   1    0.65
37    2    -0.018    2    1   1    0.59
38    1    -0.018    1    1   1    0.69
39    2    -0.014    2    1   1    1.04
40    1    -0.014    1    1   1    0.92
41    1    0.009    1    1   0    0.71
42    1    -0.018    1    1   1    0.87
43    2    -0.018    2    1   1    0.67
44    2    -0.014    1    2   0    0.90
45    2    0.023    1    2   1    0.61
46    1    0.023    1    1   0    1.50
47    2    0.032    2    1   0    0.48
48    1    -0.042    2    2   0    0.56
49    2    -0.051    1    2   0    0.37
50    2    -0.060    2    1   1    0.68
-------------------------
Final staircase threshold estimate (mean) is 0.0291
-------------------------
36    1    -0.074    1    1   0    2.55
66    1    -0.074    1    1   0    0.62
141    2    -0.074    2    1   0    0.60
48    1    0.000    2    2   0    0.65
95    2    0.074    1    2   0    0.65
57    1    -0.028    1    1   0    0.71
97    2    -0.028    2    1   0    0.45
8    1    0.000    1    1   1    0.43
50    1    0.074    2    2   0    0.46
69    1    0.028    2    2   0    0.62
81    2    -0.074    2    1   0    0.76
137    2    -0.028    2    1   0    0.60
52    1    -0.028    1    1   0    0.70
71    1    -0.074    1    1   0    0.72
13    1    0.000    2    2   0    0.63
17    1    -0.028    1    1   0    0.63
63    1    0.000    1    1   1    0.95
70    1    0.074    2    2   0    0.54
149    2    0.028    1    2   0    0.69
27    1    -0.028    1    1   0    0.79
74    1    0.028    2    2   0    0.55
49    1    0.028    2    2   0    1.03
45    1    0.074    2    2   0    0.59
43    1    0.000    1    1   1    0.70
32    1    -0.028    1    1   0    0.63
5    1    0.074    2    2   0    0.76
96    2    -0.074    2    1   0    0.57
41    1    -0.074    1    1   0    0.47
18    1    0.000    1    1   1    0.98
34    1    0.028    2    2   0    0.81
140    2    0.074    1    2   0    0.52
80    2    0.074    1    2   0    0.67
16    1    -0.074    1    1   0    0.58
35    1    0.074    2    2   0    1.82
58    1    0.000    1    1   1    0.63
117    2    -0.028    2    1   0    0.60
73    1    0.000    1    1   1    1.57
79    2    0.028    1    2   0    0.67
109    2    0.028    2    1   1    0.44
88    2    0.000    2    1   1    0.73
114    2    0.028    1    2   0    0.79
38    1    0.000    1    1   1    0.55
123    2    0.000    1    2   0    0.64
108    2    0.000    1    2   0    0.62
107    2    -0.028    2    1   0    0.57
37    1    -0.028    1    1   0    0.56
23    1    0.000    1    1   1    0.66
122    2    -0.028    2    1   0    0.54
56    1    -0.074    1    1   0    0.57
129    2    0.028    1    2   0    0.82
118    2    0.000    1    2   0    0.87
42    1    -0.028    1    1   0    0.78
11    1    -0.074    1    1   0    0.56
40    1    0.074    2    2   0    0.61
103    2    0.000    1    2   0    0.60
12    1    -0.028    1    1   0    0.98
133    2    0.000    1    2   0    0.93
119    2    0.028    1    2   0    0.58
130    2    0.074    1    2   0    0.73
3    1    0.000    1    1   1    0.93
54    1    0.028    2    2   0    1.22
101    2    -0.074    2    1   0    0.94
135    2    0.074    1    2   0    0.58
22    1    -0.028    1    1   0    0.63
99    2    0.028    1    2   0    0.62
68    1    0.000    1    1   1    0.67
84    2    0.028    1    2   0    0.79
102    2    -0.028    2    1   0    0.67
120    2    0.074    1    2   0    0.62
83    2    0.000    1    2   0    0.86
131    2    -0.074    2    1   0    0.97
2    1    -0.028    1    1   0    0.60
75    2    0.074    1    2   0    0.49
121    2    -0.074    2    1   0    0.61
60    1    0.074    2    2   0    0.51
136    2    -0.074    2    1   0    0.62
6    1    -0.074    1    1   0    0.66
25    1    0.074    2    2   0    0.53
143    2    0.000    2    1   1    0.85
14    1    0.028    2    2   0    0.64
1    1    -0.074    1    1   0    0.46
91    2    -0.074    2    1   0    0.56
39    1    0.028    2    2   0    0.48
127    2    -0.028    2    1   0    0.56
126    2    -0.074    2    1   0    0.71
72    1    -0.028    1    1   0    0.61
77    2    -0.028    2    1   0    0.46
7    1    -0.028    1    1   0    0.38
116    2    -0.074    2    1   0    0.43
21    1    -0.074    1    1   0    0.42
106    2    -0.074    2    1   0    0.43
145    2    0.074    1    2   0    0.58
134    2    0.028    2    1   1    0.65
94    2    0.028    1    2   0    0.45
24    1    0.028    2    2   0    0.63
9    1    0.028    2    2   0    0.62
144    2    0.028    1    2   0    0.55
82    2    -0.028    2    1   0    0.64
26    1    -0.074    1    1   0    0.46
148    2    0.000    2    1   1    0.48
53    1    0.000    1    1   1    0.41
19    1    0.028    2    2   0    0.52
139    2    0.028    1    2   0    0.52
28    1    0.000    2    2   0    0.32
89    2    0.028    1    2   0    0.38
67    1    -0.028    1    1   0    0.57
46    1    -0.074    1    1   0    0.56
29    1    0.028    2    2   0    0.62
78    2    0.000    1    2   0    0.91
124    2    0.028    2    1   1    0.65
110    2    0.074    1    2   0    0.53
59    1    0.028    1    1   1    0.62
150    2    0.074    1    2   0    0.58
20    1    0.074    2    2   0    0.58
146    2    -0.074    2    1   0    0.55
65    1    0.074    2    2   0    0.65
128    2    0.000    1    2   0    0.68
62    1    -0.028    1    1   0    0.76
47    1    -0.028    1    1   0    0.41
90    2    0.074    1    2   0    0.76
87    2    -0.028    2    1   0    0.55
142    2    -0.028    2    1   0    0.55
111    2    -0.074    2    1   0    0.48
100    2    0.074    1    2   0    0.55
115    2    0.074    1    2   0    0.52
138    2    0.000    1    2   0    0.74
55    1    0.074    2    2   0    0.60
113    2    0.000    2    1   1    0.62
51    1    -0.074    1    1   0    0.45
92    2    -0.028    2    1   0    0.46
112    2    -0.028    2    1   0    0.55
31    1    -0.074    1    1   0    0.57
44    1    0.028    2    2   0    0.66
10    1    0.074    2    2   0    0.80
85    2    0.074    1    2   0    0.62
61    1    -0.074    1    1   0    0.93
15    1    0.074    2    2   0    0.58
105    2    0.074    1    2   0    0.53
147    2    -0.028    2    1   0    0.90
104    2    0.028    1    2   0    0.73
93    2    0.000    1    2   0    0.67
132    2    -0.028    2    1   0    0.63
30    1    0.074    2    2   0    0.77
76    2    -0.074    2    1   0    0.55
125    2    0.074    1    2   0    0.55
98    2    0.000    1    2   0    0.78
33    1    0.000    1    1   1    0.71
86    2    -0.074    2    1   0    0.57
4    1    0.028    2    2   0    1.11
64    1    0.028    2    2   0    0.67
