--------------------------------
09-Oct-2014 15:56:59 
data from observer TGabi 
#occlusion2 expt 
reference disparity (degrees) 0.160000 

stim order disp kresp testresp correct time
1    1    -0.074    1    1   1    1.24
2    2    -0.069    2    1   1    0.59
3    1    0.065    1    1   0    0.59
4    2    0.074    1    2   1    0.92
5    2    -0.074    2    1   1    0.78
6    1    0.069    2    2   1    0.55
7    1    -0.069    1    1   1    0.57
8    2    -0.065    2    1   1    0.48
9    1    0.065    1    1   0    0.58
10    1    0.074    1    1   0    1.24
11    1    -0.083    1    1   1    0.72
12    2    0.083    2    1   0    0.68
13    1    0.092    2    2   1    0.87
14    2    0.092    1    2   1    0.59
15    1    0.088    2    2   1    0.63
16    1    0.088    1    1   0    0.55
17    1    -0.097    1    1   1    0.56
18    2    0.097    1    2   1    0.70
19    1    0.092    2    2   1    0.64
20    2    0.092    1    2   1    0.71
21    1    0.088    2    2   1    1.12
22    1    -0.088    1    1   1    0.49
23    2    -0.083    2    1   1    0.47
24    2    -0.083    2    1   1    0.66
25    2    -0.079    1    2   0    0.54
26    1    -0.088    1    1   1    0.73
27    1    0.088    2    2   1    0.80
28    1    -0.083    1    1   1    0.52
29    1    -0.083    1    1   1    0.56
30    2    -0.079    2    1   1    0.58
31    1    -0.079    1    1   1    0.53
32    1    -0.074    1    1   1    0.52
33    1    -0.074    1    1   1    0.64
34    2    0.069    1    2   1    0.54
35    1    0.069    1    1   0    0.63
36    2    0.079    1    2   1    0.76
37    2    -0.079    2    1   1    0.93
38    1    0.074    1    1   0    0.65
39    1    0.083    2    2   1    0.68
40    2    0.083    1    2   1    0.74
41    2    -0.079    2    1   1    0.57
42    1    -0.079    1    1   1    0.60
43    1    -0.074    2    2   0    0.66
44    1    -0.083    1    1   1    0.50
45    2    0.083    2    1   0    0.56
46    2    0.092    1    2   1    0.63
47    2    -0.092    2    1   1    0.59
48    1    0.088    2    2   1    0.55
49    2    -0.088    2    1   1    0.51
50    2    0.083    1    2   1    0.75
-------------------------
Final staircase threshold estimate (mean) is 0.0840
-------------------------
109    2    0.083    1    2   0    2.12
99    2    0.083    1    2   0    1.37
116    2    -0.148    2    1   0    0.58
49    1    0.083    1    1   1    0.51
119    2    0.083    1    2   0    0.60
139    2    0.083    1    2   0    0.80
61    1    -0.148    1    1   0    0.52
96    2    -0.148    2    1   0    0.73
106    2    -0.148    2    1   0    0.54
25    1    0.148    2    2   0    0.69
44    1    0.083    2    2   0    0.65
77    2    -0.083    2    1   0    0.73
67    1    -0.083    1    1   0    0.80
118    2    0.000    1    2   0    0.62
87    2    -0.083    2    1   0    0.53
28    1    0.000    2    2   0    0.91
45    1    0.148    2    2   0    0.66
18    1    0.000    1    1   1    0.93
74    1    0.083    2    2   0    0.73
133    2    0.000    2    1   1    0.63
136    2    -0.148    2    1   0    0.67
53    1    0.000    1    1   1    0.58
71    1    -0.148    1    1   0    0.53
8    1    0.000    2    2   0    0.90
73    1    0.000    2    2   0    1.25
22    1    -0.083    1    1   0    0.64
38    1    0.000    2    2   0    0.54
59    1    0.083    2    2   0    0.89
62    1    -0.083    1    1   0    0.48
1    1    -0.148    1    1   0    0.59
23    1    0.000    1    1   1    1.05
81    2    -0.148    1    2   1    1.52
70    1    0.148    1    1   1    0.65
58    1    0.000    1    1   1    0.93
26    1    -0.148    1    1   0    0.68
123    2    0.000    1    2   0    1.06
140    2    0.148    2    1   1    0.55
92    2    -0.083    2    1   0    0.53
56    1    -0.148    1    1   0    0.71
32    1    -0.083    1    1   0    0.58
20    1    0.148    2    2   0    0.80
75    2    0.148    1    2   0    0.42
94    2    0.083    1    2   0    0.58
105    2    0.148    1    2   0    0.76
17    1    -0.083    1    1   0    0.48
85    2    0.148    1    2   0    0.56
10    1    0.148    1    1   1    0.46
4    1    0.083    1    1   1    0.96
114    2    0.083    1    2   0    0.66
76    2    -0.148    2    1   0    0.65
141    2    -0.148    2    1   0    0.64
112    2    -0.083    2    1   0    0.65
144    2    0.083    1    2   0    0.66
117    2    -0.083    2    1   0    0.69
147    2    -0.083    1    2   1    0.81
37    1    -0.083    1    1   0    0.64
2    1    -0.083    2    2   1    1.09
39    1    0.083    1    1   1    0.64
14    1    0.083    1    1   1    0.61
89    2    0.083    1    2   0    1.00
115    2    0.148    1    2   0    1.76
47    1    -0.083    1    1   0    1.10
104    2    0.083    1    2   0    0.60
86    2    -0.148    1    2   1    0.78
113    2    0.000    1    2   0    0.64
52    1    -0.083    1    1   0    0.62
36    1    -0.148    1    1   0    1.22
40    1    0.148    2    2   0    0.99
31    1    -0.148    1    1   0    0.54
129    2    0.083    1    2   0    0.56
9    1    0.083    1    1   1    0.66
126    2    -0.148    2    1   0    0.76
57    1    -0.083    1    1   0    0.69
19    1    0.083    1    1   1    0.75
24    1    0.083    2    2   0    0.59
48    1    0.000    1    1   1    0.53
79    2    0.083    1    2   0    0.78
120    2    0.148    1    2   0    0.52
3    1    0.000    1    1   1    0.75
135    2    0.148    1    2   0    0.72
64    1    0.083    1    1   1    0.70
46    1    -0.148    1    1   0    0.65
50    1    0.148    1    1   1    0.54
65    1    0.148    1    1   1    1.42
6    1    -0.148    1    1   0    1.20
93    2    0.000    1    2   0    0.51
29    1    0.083    2    2   0    0.51
121    2    -0.148    2    1   0    0.77
43    1    0.000    1    1   1    0.65
142    2    -0.083    2    1   0    0.63
51    1    -0.148    2    2   1    1.32
27    1    -0.083    1    1   0    0.51
148    2    0.000    2    1   1    0.68
35    1    0.148    2    2   0    0.66
72    1    -0.083    2    2   1    0.74
5    1    0.148    1    1   1    0.78
111    2    -0.148    1    2   1    0.59
83    2    0.000    1    2   0    0.62
131    2    -0.148    2    1   0    0.63
90    2    0.148    1    2   0    0.76
110    2    0.148    1    2   0    0.88
78    2    0.000    2    1   1    0.76
102    2    -0.083    2    1   0    0.71
145    2    0.148    1    2   0    0.44
125    2    0.148    1    2   0    0.48
42    1    -0.083    1    1   0    0.90
124    2    0.083    1    2   0    0.72
91    2    -0.148    2    1   0    0.66
122    2    -0.083    2    1   0    0.64
84    2    0.083    1    2   0    0.42
15    1    0.148    2    2   0    0.68
54    1    0.083    1    1   1    0.77
130    2    0.148    1    2   0    0.81
33    1    0.000    1    1   1    1.04
7    1    -0.083    1    1   0    0.85
98    2    0.000    1    2   0    0.97
128    2    0.000    1    2   0    1.15
55    1    0.148    2    2   0    1.08
95    2    0.148    2    1   1    0.46
60    1    0.148    1    1   1    0.51
138    2    0.000    1    2   0    0.57
21    1    -0.148    1    1   0    0.59
41    1    -0.148    1    1   0    0.58
101    2    -0.148    2    1   0    0.68
134    2    0.083    2    1   1    0.95
108    2    0.000    1    2   0    0.92
150    2    0.148    2    1   1    0.86
68    1    0.000    1    1   1    0.60
88    2    0.000    1    2   0    1.23
103    2    0.000    1    2   0    1.70
100    2    0.148    2    1   1    0.80
30    1    0.148    2    2   0    1.04
69    1    0.083    2    2   0    0.94
13    1    0.000    1    1   1    0.90
127    2    -0.083    2    1   0    0.66
149    2    0.083    1    2   0    1.09
16    1    -0.148    1    1   0    1.12
82    2    -0.083    1    2   1    0.83
143    2    0.000    2    1   1    0.89
12    1    -0.083    1    1   0    0.50
66    1    -0.148    1    1   0    0.51
34    1    0.083    1    1   1    0.71
137    2    -0.083    1    2   1    0.63
146    2    -0.148    1    2   1    0.57
63    1    0.000    1    1   1    0.63
11    1    -0.148    1    1   0    0.69
132    2    -0.083    2    1   0    1.20
80    2    0.148    1    2   0    0.45
97    2    -0.083    1    2   1    0.65
107    2    -0.083    2    1   0    0.70
