--------------------------------
02-Oct-2014 14:46:06 
data from observer TGabi 
#occlusion2 expt 
reference disparity (degrees) 0.160000 

stim order disp kresp testresp correct time
1    1    0.074    1    1   1    1.81
2    2    -0.069    1    2   1    0.44
3    1    -0.065    2    2   1    0.55
4    2    0.060    2    1   1    0.54
5    2    0.055    2    1   1    0.48
6    2    0.051    2    1   1    0.50
7    2    -0.046    1    2   1    0.91
8    1    0.042    1    1   1    0.56
9    1    -0.037    2    2   1    0.46
10    2    -0.032    1    2   1    0.64
11    2    -0.028    1    2   1    0.49
12    1    0.023    1    1   1    0.40
13    1    -0.018    2    2   1    0.60
14    2    0.014    2    1   1    1.00
15    2    -0.009    1    2   1    0.52
16    2    0.005    2    1   1    0.49
17    1    0.005    2    2   0    0.57
18    2    0.014    1    2   0    0.79
19    1    0.023    1    1   1    0.54
20    1    0.023    1    1   1    0.84
21    1    -0.018    2    2   1    0.53
22    2    -0.018    1    2   1    0.49
23    1    0.014    1    1   1    0.51
24    1    0.014    1    1   1    0.55
25    2    0.009    1    2   0    0.36
26    1    -0.018    2    2   1    0.63
27    2    0.018    2    1   1    0.48
28    2    -0.014    1    2   1    0.79
29    2    0.014    1    2   0    0.39
30    1    0.023    1    1   1    0.50
31    1    0.023    1    1   1    0.99
32    1    0.018    1    1   1    0.52
33    2    0.018    1    2   0    0.72
34    2    0.028    2    1   1    0.81
35    1    0.028    1    1   1    0.54
36    2    -0.023    1    2   1    0.51
37    2    -0.023    1    2   1    0.77
38    1    -0.018    2    2   1    0.65
39    2    0.018    2    1   1    0.38
40    2    -0.014    1    2   1    0.49
41    1    0.014    1    1   1    0.69
42    1    -0.009    2    2   1    0.68
43    2    -0.009    1    2   1    0.61
44    1    0.005    2    2   0    0.50
45    2    0.014    2    1   1    0.67
46    2    0.014    1    2   0    1.40
47    2    0.023    2    1   1    0.51
48    2    -0.023    1    2   1    0.81
49    2    -0.018    1    2   1    1.09
50    1    -0.018    2    2   1    1.05
-------------------------
Final staircase threshold estimate (mean) is 0.0148
-------------------------
97    2    -0.014    2    1   0    3.40
117    2    -0.014    1    2   1    0.89
133    2    0.000    2    1   1    0.75
131    2    -0.037    1    2   1    0.53
40    1    0.037    1    1   1    0.45
61    1    -0.037    2    2   1    0.64
28    1    0.000    1    1   1    0.69
122    2    -0.014    1    2   1    0.61
98    2    0.000    2    1   1    0.56
81    2    -0.037    1    2   1    0.54
104    2    0.014    2    1   1    0.52
93    2    0.000    2    1   1    0.47
70    1    0.037    1    1   1    0.62
129    2    0.014    2    1   1    0.52
26    1    -0.037    2    2   1    0.47
50    1    0.037    2    2   0    0.33
65    1    0.037    1    1   1    0.44
149    2    0.014    2    1   1    0.53
90    2    0.037    2    1   1    0.53
144    2    0.014    2    1   1    1.18
30    1    0.037    1    1   1    0.52
94    2    0.014    2    1   1    0.47
99    2    0.014    2    1   1    0.64
72    1    -0.014    1    1   0    0.83
3    1    0.000    2    2   0    0.58
17    1    -0.014    2    2   1    0.78
52    1    -0.014    2    2   1    0.60
120    2    0.037    2    1   1    0.48
59    1    0.014    1    1   1    0.86
115    2    0.037    2    1   1    0.58
78    2    0.000    2    1   1    1.19
138    2    0.000    2    1   1    1.53
33    1    0.000    2    2   0    1.18
11    1    -0.037    1    1   0    1.48
37    1    -0.014    2    2   1    0.48
38    1    0.000    2    2   0    0.57
139    2    0.014    2    1   1    0.77
46    1    -0.037    1    1   0    1.10
9    1    0.014    1    1   1    0.56
148    2    0.000    1    2   0    0.63
107    2    -0.014    2    1   0    0.84
114    2    0.014    1    2   0    1.26
106    2    -0.037    1    2   1    0.60
55    1    0.037    2    2   0    0.74
69    1    0.014    1    1   1    0.68
86    2    -0.037    1    2   1    0.55
12    1    -0.014    1    1   0    0.70
54    1    0.014    1    1   1    0.33
142    2    -0.014    1    2   1    0.71
110    2    0.037    2    1   1    0.54
73    1    0.000    1    1   1    0.66
128    2    0.000    1    2   0    2.20
36    1    -0.037    1    1   0    0.58
85    2    0.037    2    1   1    0.53
31    1    -0.037    2    2   1    0.53
45    1    0.037    1    1   1    0.52
22    1    -0.014    1    1   0    1.59
79    2    0.014    2    1   1    0.55
89    2    0.014    2    1   1    0.48
83    2    0.000    2    1   1    0.42
146    2    -0.037    1    2   1    0.60
116    2    -0.037    1    2   1    0.86
124    2    0.014    2    1   1    0.46
150    2    0.037    2    1   1    0.58
130    2    0.037    2    1   1    1.12
49    1    0.014    1    1   1    0.81
101    2    -0.037    1    2   1    0.89
8    1    0.000    1    1   1    1.07
109    2    0.014    1    2   0    1.14
103    2    0.000    1    2   0    0.83
96    2    -0.037    1    2   1    0.81
67    1    -0.014    1    1   0    0.66
137    2    -0.014    1    2   1    0.66
57    1    -0.014    1    1   0    1.53
76    2    -0.037    1    2   1    0.93
18    1    0.000    1    1   1    0.39
121    2    -0.037    1    2   1    0.69
29    1    0.014    1    1   1    0.46
53    1    0.000    1    1   1    0.68
125    2    0.037    1    2   0    0.47
102    2    -0.014    1    2   1    0.66
51    1    -0.037    2    2   1    0.64
4    1    0.014    1    1   1    0.62
126    2    -0.037    1    2   1    0.58
10    1    0.037    1    1   1    0.54
108    2    0.000    1    2   0    0.41
145    2    0.037    2    1   1    0.57
25    1    0.037    1    1   1    0.64
119    2    0.014    2    1   1    1.60
68    1    0.000    1    1   1    1.20
42    1    -0.014    2    2   1    0.55
113    2    0.000    1    2   0    0.59
74    1    0.014    2    2   0    0.87
19    1    0.014    2    2   0    0.54
92    2    -0.014    2    1   0    0.68
2    1    -0.014    2    2   1    0.41
111    2    -0.037    1    2   1    0.51
21    1    -0.037    2    2   1    0.53
60    1    0.037    1    1   1    0.68
63    1    0.000    2    2   0    0.90
127    2    -0.014    2    1   0    0.75
41    1    -0.037    2    2   1    1.05
7    1    -0.014    2    2   1    0.44
80    2    0.037    2    1   1    0.46
35    1    0.037    1    1   1    0.66
88    2    0.000    1    2   0    1.10
56    1    -0.037    2    2   1    0.58
147    2    -0.014    1    2   1    0.56
91    2    -0.037    1    2   1    0.54
132    2    -0.014    1    2   1    0.57
23    1    0.000    2    2   0    0.53
135    2    0.037    1    2   0    0.55
43    1    0.000    2    2   0    0.64
82    2    -0.014    1    2   1    0.68
143    2    0.000    1    2   0    0.94
140    2    0.037    2    1   1    0.51
39    1    0.014    1    1   1    1.04
6    1    -0.037    2    2   1    0.72
58    1    0.000    1    1   1    0.67
15    1    0.037    1    1   1    0.71
62    1    -0.014    2    2   1    0.75
48    1    0.000    2    2   0    0.62
84    2    0.014    2    1   1    0.85
32    1    -0.014    2    2   1    0.36
24    1    0.014    2    2   0    0.44
71    1    -0.037    2    2   1    0.42
123    2    0.000    1    2   0    0.83
118    2    0.000    1    2   0    0.46
47    1    -0.014    1    1   0    0.51
34    1    0.014    1    1   1    0.94
14    1    0.014    2    2   0    0.95
100    2    0.037    2    1   1    0.43
105    2    0.037    2    1   1    0.42
1    1    -0.037    2    2   1    0.71
66    1    -0.037    2    2   1    0.49
13    1    0.000    2    2   0    0.60
20    1    0.037    1    1   1    0.88
27    1    -0.014    2    2   1    0.70
16    1    -0.037    2    2   1    0.50
5    1    0.037    1    1   1    0.55
136    2    -0.037    1    2   1    0.45
112    2    -0.014    1    2   1    0.31
64    1    0.014    1    1   1    0.41
134    2    0.014    1    2   0    0.77
44    1    0.014    1    1   1    0.48
95    2    0.037    1    2   0    0.49
87    2    -0.014    2    1   0    0.61
77    2    -0.014    1    2   1    0.44
141    2    -0.037    1    2   1    0.55
75    2    0.037    1    2   0    0.54
