--------------------------------
02-Oct-2014 14:38:50 
data from observer TGabi 
#occlusion2 expt 
reference disparity (degrees) 0.160000 

stim order disp kresp testresp correct time
1    2    -0.074    1    2   1    1.04
2    1    -0.069    2    2   1    0.87
3    2    0.065    2    1   1    0.58
4    2    -0.060    1    2   1    0.55
5    2    -0.055    1    2   1    0.46
6    1    0.051    1    1   1    0.50
7    1    -0.046    2    2   1    0.61
8    2    0.042    2    1   1    1.23
9    2    -0.037    1    2   1    0.66
10    1    0.032    1    1   1    0.53
11    1    0.028    1    1   1    0.48
12    1    0.023    1    1   1    0.72
13    2    -0.018    1    2   1    0.32
14    2    -0.014    2    1   0    0.74
15    1    0.023    1    1   1    0.76
16    2    0.023    2    1   1    0.63
17    2    0.018    2    1   1    0.98
18    2    -0.018    2    1   0    0.49
19    1    0.028    1    1   1    1.15
20    1    0.028    1    1   1    0.61
21    1    -0.023    2    2   1    0.61
22    1    0.023    1    1   1    0.99
23    1    -0.018    2    2   1    0.55
24    1    -0.018    2    2   1    0.58
25    1    0.014    2    2   0    0.33
26    1    -0.023    2    2   1    0.55
27    2    -0.023    1    2   1    0.68
28    1    -0.018    2    2   1    1.05
29    1    -0.018    2    2   1    0.56
30    2    0.014    1    2   0    0.61
31    2    0.023    2    1   1    0.51
32    2    -0.023    1    2   1    1.14
33    2    0.018    2    1   1    0.98
34    1    0.018    1    1   1    0.55
35    1    0.014    2    2   0    0.53
36    2    -0.023    1    2   1    0.54
37    1    -0.023    2    2   1    0.51
38    2    0.018    2    1   1    0.53
39    1    -0.018    2    2   1    0.50
40    1    -0.014    2    2   1    0.62
41    2    0.014    2    1   1    0.67
42    1    -0.009    1    1   0    1.53
43    2    -0.018    1    2   1    0.68
44    2    -0.018    1    2   1    0.55
45    2    0.014    2    1   1    0.54
46    2    0.014    2    1   1    0.77
47    2    -0.009    2    1   0    0.39
48    2    -0.018    1    2   1    0.57
49    2    -0.018    1    2   1    0.81
50    1    -0.014    2    2   1    0.47
-------------------------
Final staircase threshold estimate (mean) is 0.0148
-------------------------
2    1    -0.014    2    2   1    5.81
82    2    -0.014    2    1   0    0.84
118    2    0.000    2    1   1    0.52
142    2    -0.014    1    2   1    0.87
83    2    0.000    2    1   1    0.55
37    1    -0.014    2    2   1    0.50
63    1    0.000    1    1   1    0.78
8    1    0.000    2    2   0    0.55
112    2    -0.014    1    2   1    0.53
95    2    0.037    1    2   0    0.33
59    1    0.014    1    1   1    0.64
34    1    0.014    1    1   1    0.71
23    1    0.000    2    2   0    1.13
48    1    0.000    2    2   0    0.62
47    1    -0.014    1    1   0    0.58
141    2    -0.037    2    1   0    1.05
74    1    0.014    1    1   1    0.51
78    2    0.000    1    2   0    0.49
77    2    -0.014    1    2   1    0.43
22    1    -0.014    2    2   1    0.63
122    2    -0.014    1    2   1    0.63
102    2    -0.014    2    1   0    0.76
67    1    -0.014    2    2   1    0.52
115    2    0.037    2    1   1    0.80
104    2    0.014    2    1   1    0.64
72    1    -0.014    2    2   1    0.46
11    1    -0.037    2    2   1    0.40
29    1    0.014    2    2   0    0.70
132    2    -0.014    1    2   1    1.15
5    1    0.037    1    1   1    0.56
18    1    0.000    1    1   1    0.32
24    1    0.014    1    1   1    0.46
58    1    0.000    1    1   1    0.48
99    2    0.014    2    1   1    0.61
49    1    0.014    1    1   1    0.62
16    1    -0.037    2    2   1    0.60
65    1    0.037    1    1   1    0.82
54    1    0.014    1    1   1    1.18
143    2    0.000    2    1   1    0.56
98    2    0.000    1    2   0    0.73
53    1    0.000    2    2   0    0.68
44    1    0.014    1    1   1    0.52
73    1    0.000    2    2   0    0.66
35    1    0.037    1    1   1    0.53
92    2    -0.014    2    1   0    0.55
111    2    -0.037    2    1   0    0.67
88    2    0.000    2    1   1    1.02
86    2    -0.037    1    2   1    0.48
69    1    0.014    1    1   1    0.47
133    2    0.000    1    2   0    0.87
129    2    0.014    1    2   0    0.43
32    1    -0.014    1    1   0    0.30
97    2    -0.014    1    2   1    0.98
107    2    -0.014    2    1   0    0.76
148    2    0.000    2    1   1    0.59
116    2    -0.037    1    2   1    0.63
68    1    0.000    1    1   1    0.79
6    1    -0.037    2    2   1    1.25
85    2    0.037    2    1   1    0.54
45    1    0.037    2    2   0    0.42
79    2    0.014    2    1   1    0.80
131    2    -0.037    1    2   1    0.92
9    1    0.014    1    1   1    0.77
123    2    0.000    1    2   0    0.93
109    2    0.014    1    2   0    0.98
15    1    0.037    1    1   1    0.73
36    1    -0.037    2    2   1    0.54
124    2    0.014    2    1   1    0.58
50    1    0.037    2    2   0    0.35
40    1    0.037    1    1   1    0.59
145    2    0.037    2    1   1    0.58
89    2    0.014    1    2   0    0.98
139    2    0.014    2    1   1    0.64
147    2    -0.014    1    2   1    0.68
149    2    0.014    2    1   1    0.60
81    2    -0.037    1    2   1    0.49
39    1    0.014    1    1   1    0.77
135    2    0.037    2    1   1    1.83
121    2    -0.037    1    2   1    0.56
7    1    -0.014    2    2   1    0.89
76    2    -0.037    1    2   1    0.55
3    1    0.000    1    1   1    0.81
30    1    0.037    1    1   1    0.69
144    2    0.014    2    1   1    0.61
64    1    0.014    1    1   1    0.49
61    1    -0.037    2    2   1    0.74
96    2    -0.037    1    2   1    0.46
113    2    0.000    2    1   1    0.64
21    1    -0.037    2    2   1    0.56
1    1    -0.037    2    2   1    0.52
20    1    0.037    2    2   0    0.33
57    1    -0.014    2    2   1    0.60
10    1    0.037    1    1   1    0.50
93    2    0.000    2    1   1    0.87
75    2    0.037    2    1   1    0.57
71    1    -0.037    2    2   1    0.71
128    2    0.000    1    2   0    0.87
27    1    -0.014    2    2   1    0.71
134    2    0.014    2    1   1    0.84
52    1    -0.014    2    2   1    0.61
90    2    0.037    2    1   1    0.42
150    2    0.037    2    1   1    0.51
28    1    0.000    1    1   1    0.60
38    1    0.000    2    2   0    0.85
108    2    0.000    2    1   1    0.70
17    1    -0.014    2    2   1    1.79
117    2    -0.014    1    2   1    0.86
46    1    -0.037    2    2   1    0.59
136    2    -0.037    1    2   1    0.44
100    2    0.037    2    1   1    0.41
120    2    0.037    2    1   1    0.71
103    2    0.000    2    1   1    0.48
43    1    0.000    2    2   0    0.74
87    2    -0.014    2    1   0    0.57
4    1    0.014    1    1   1    0.56
106    2    -0.037    1    2   1    0.64
84    2    0.014    2    1   1    0.79
110    2    0.037    2    1   1    0.53
31    1    -0.037    2    2   1    0.52
70    1    0.037    1    1   1    0.55
66    1    -0.037    2    2   1    0.54
41    1    -0.037    2    2   1    0.49
12    1    -0.014    2    2   1    0.86
60    1    0.037    1    1   1    0.49
14    1    0.014    1    1   1    0.68
55    1    0.037    1    1   1    0.56
126    2    -0.037    1    2   1    0.37
25    1    0.037    1    1   1    0.51
42    1    -0.014    1    1   0    1.35
91    2    -0.037    1    2   1    1.32
146    2    -0.037    1    2   1    0.50
80    2    0.037    2    1   1    0.88
114    2    0.014    2    1   1    0.68
26    1    -0.037    2    2   1    0.48
56    1    -0.037    2    2   1    0.43
130    2    0.037    2    1   1    0.41
119    2    0.014    2    1   1    0.32
62    1    -0.014    2    2   1    0.41
19    1    0.014    1    1   1    0.62
127    2    -0.014    1    2   1    0.91
138    2    0.000    1    2   0    0.71
140    2    0.037    2    1   1    0.51
13    1    0.000    1    1   1    0.41
51    1    -0.037    2    2   1    0.68
94    2    0.014    1    2   0    2.07
33    1    0.000    1    1   1    0.66
105    2    0.037    2    1   1    0.54
125    2    0.037    2    1   1    0.53
101    2    -0.037    1    2   1    0.77
137    2    -0.014    1    2   1    0.83
