--------------------------------
02-Oct-2014 14:52:45 
data from observer TGabi 
#occlusion2 expt 
reference disparity (degrees) 0.160000 

stim order disp kresp testresp correct time
1    1    -0.074    2    2   1    1.74
2    2    0.069    2    1   1    0.68
3    2    0.065    2    1   1    0.61
4    2    -0.060    2    1   0    0.93
5    2    -0.069    1    2   1    0.43
6    2    -0.069    1    2   1    0.46
7    2    -0.065    1    2   1    0.48
8    2    0.065    2    1   1    0.54
9    1    0.060    2    2   0    0.53
10    1    0.069    1    1   1    0.60
11    2    -0.069    1    2   1    0.53
12    1    -0.065    2    2   1    0.51
13    2    -0.065    1    2   1    0.49
14    1    -0.060    2    2   1    0.43
15    1    0.060    1    1   1    0.54
16    2    0.055    2    1   1    0.48
17    2    -0.055    1    2   1    0.51
18    2    0.051    2    1   1    0.54
19    1    0.051    1    1   1    0.51
20    2    -0.046    1    2   1    0.81
21    1    0.046    1    1   1    0.47
22    2    -0.042    1    2   1    0.36
23    1    -0.042    1    1   0    0.38
24    1    0.051    1    1   1    0.63
25    2    0.051    2    1   1    0.41
26    1    -0.046    2    2   1    0.50
27    2    0.046    2    1   1    0.48
28    1    -0.042    2    2   1    0.56
29    2    -0.042    1    2   1    0.58
30    1    -0.037    2    2   1    0.45
31    1    -0.037    2    2   1    0.52
32    2    -0.032    1    2   1    0.50
33    1    0.032    1    1   1    0.51
34    1    0.028    1    1   1    0.49
35    2    -0.028    1    2   1    0.61
36    2    -0.023    1    2   1    0.46
37    1    -0.023    2    2   1    0.73
38    1    -0.018    2    2   1    1.28
39    2    0.018    2    1   1    0.92
40    1    0.014    2    2   0    0.97
41    1    0.023    1    1   1    1.64
42    1    -0.023    1    1   0    0.80
43    2    -0.032    1    2   1    0.58
44    1    -0.032    2    2   1    0.71
45    1    -0.028    2    2   1    0.51
46    2    0.028    2    1   1    0.57
47    2    -0.023    2    1   0    0.40
48    2    -0.032    1    2   1    0.49
49    2    0.032    2    1   1    0.52
50    1    0.028    1    1   1    0.61
-------------------------
Final staircase threshold estimate (mean) is 0.0282
-------------------------
34    1    0.028    1    1   1    1.57
127    2    -0.028    1    2   1    0.88
79    2    0.028    2    1   1    0.56
85    2    0.069    2    1   1    0.54
145    2    0.069    2    1   1    0.54
9    1    0.028    1    1   1    0.49
3    1    0.000    1    1   1    0.83
52    1    -0.028    2    2   1    0.79
47    1    -0.028    2    2   1    0.59
143    2    0.000    2    1   1    0.45
49    1    0.028    2    2   0    0.39
140    2    0.069    2    1   1    0.78
17    1    -0.028    2    2   1    0.56
131    2    -0.069    1    2   1    0.46
53    1    0.000    2    2   0    1.19
111    2    -0.069    1    2   1    0.56
112    2    -0.028    1    2   1    0.49
123    2    0.000    1    2   0    0.44
96    2    -0.069    1    2   1    0.57
18    1    0.000    1    1   1    0.52
133    2    0.000    1    2   0    0.58
78    2    0.000    1    2   0    0.47
22    1    -0.028    1    1   0    0.34
65    1    0.069    1    1   1    0.60
28    1    0.000    1    1   1    0.60
35    1    0.069    1    1   1    0.93
59    1    0.028    1    1   1    0.50
120    2    0.069    2    1   1    0.67
58    1    0.000    1    1   1    0.46
80    2    0.069    2    1   1    0.64
107    2    -0.028    1    2   1    0.58
113    2    0.000    2    1   1    0.72
77    2    -0.028    1    2   1    0.69
30    1    0.069    1    1   1    0.62
1    1    -0.069    2    2   1    0.59
141    2    -0.069    1    2   1    0.64
97    2    -0.028    1    2   1    1.03
142    2    -0.028    1    2   1    0.60
89    2    0.028    2    1   1    0.83
130    2    0.069    2    1   1    0.55
148    2    0.000    1    2   0    0.79
72    1    -0.028    1    1   0    0.85
132    2    -0.028    1    2   1    0.72
36    1    -0.069    1    1   0    0.58
139    2    0.028    1    2   0    0.54
40    1    0.069    1    1   1    0.41
27    1    -0.028    2    2   1    0.56
109    2    0.028    2    1   1    0.49
84    2    0.028    2    1   1    0.41
124    2    0.028    1    2   0    0.80
150    2    0.069    2    1   1    0.54
39    1    0.028    1    1   1    0.60
108    2    0.000    1    2   0    0.46
61    1    -0.069    2    2   1    0.45
4    1    0.028    1    1   1    0.58
13    1    0.000    1    1   1    0.91
6    1    -0.069    2    2   1    0.51
60    1    0.069    1    1   1    0.49
57    1    -0.028    2    2   1    0.97
23    1    0.000    2    2   0    1.14
56    1    -0.069    2    2   1    1.05
25    1    0.069    1    1   1    0.50
136    2    -0.069    1    2   1    0.51
83    2    0.000    1    2   0    0.44
99    2    0.028    2    1   1    0.67
147    2    -0.028    1    2   1    0.52
135    2    0.069    2    1   1    0.36
33    1    0.000    1    1   1    1.19
138    2    0.000    1    2   0    0.63
50    1    0.069    1    1   1    0.58
41    1    -0.069    2    2   1    0.53
88    2    0.000    1    2   0    0.65
8    1    0.000    1    1   1    0.66
64    1    0.028    1    1   1    0.44
100    2    0.069    1    2   0    0.94
93    2    0.000    1    2   0    1.86
51    1    -0.069    1    1   0    0.87
134    2    0.028    1    2   0    0.68
63    1    0.000    1    1   1    1.03
14    1    0.028    1    1   1    0.67
106    2    -0.069    1    2   1    0.72
75    2    0.069    1    2   0    0.67
44    1    0.028    1    1   1    0.49
82    2    -0.028    1    2   1    1.09
122    2    -0.028    1    2   1    0.61
55    1    0.069    1    1   1    0.59
81    2    -0.069    1    2   1    0.50
110    2    0.069    2    1   1    0.64
104    2    0.028    2    1   1    0.46
48    1    0.000    2    2   0    0.50
10    1    0.069    1    1   1    0.56
38    1    0.000    2    2   0    0.57
11    1    -0.069    2    2   1    0.49
146    2    -0.069    2    1   0    1.96
7    1    -0.028    2    2   1    0.52
73    1    0.000    1    1   1    0.77
45    1    0.069    1    1   1    0.48
87    2    -0.028    1    2   1    0.49
128    2    0.000    1    2   0    0.41
12    1    -0.028    1    1   0    0.82
19    1    0.028    1    1   1    0.40
149    2    0.028    2    1   1    0.74
69    1    0.028    1    1   1    0.50
29    1    0.028    1    1   1    0.43
67    1    -0.028    1    1   0    0.50
24    1    0.028    1    1   1    0.52
15    1    0.069    1    1   1    0.51
144    2    0.028    1    2   0    0.56
116    2    -0.069    1    2   1    0.70
46    1    -0.069    1    1   0    0.90
74    1    0.028    1    1   1    0.53
32    1    -0.028    1    1   0    0.36
20    1    0.069    1    1   1    0.54
103    2    0.000    1    2   0    0.49
5    1    0.069    1    1   1    0.44
62    1    -0.028    2    2   1    0.51
129    2    0.028    2    1   1    0.55
90    2    0.069    2    1   1    0.51
115    2    0.069    2    1   1    0.54
86    2    -0.069    1    2   1    1.77
98    2    0.000    1    2   0    0.63
91    2    -0.069    2    1   0    0.37
126    2    -0.069    1    2   1    0.40
68    1    0.000    2    2   0    0.93
95    2    0.069    2    1   1    0.68
76    2    -0.069    1    2   1    0.56
92    2    -0.028    1    2   1    0.57
26    1    -0.069    1    1   0    0.90
31    1    -0.069    2    2   1    0.55
37    1    -0.028    1    1   0    0.68
2    1    -0.028    2    2   1    0.57
66    1    -0.069    2    2   1    0.57
137    2    -0.028    1    2   1    0.72
16    1    -0.069    1    1   0    0.43
125    2    0.069    2    1   1    0.50
42    1    -0.028    2    2   1    0.58
105    2    0.069    2    1   1    0.51
54    1    0.028    1    1   1    1.44
43    1    0.000    1    1   1    0.58
114    2    0.028    2    1   1    1.07
101    2    -0.069    1    2   1    0.42
121    2    -0.069    1    2   1    0.52
102    2    -0.028    1    2   1    0.56
117    2    -0.028    1    2   1    0.67
94    2    0.028    1    2   0    0.35
71    1    -0.069    2    2   1    0.77
70    1    0.069    1    1   1    0.64
119    2    0.028    2    1   1    0.60
21    1    -0.069    2    2   1    0.56
118    2    0.000    1    2   0    0.84
