--------------------------------
02-Oct-2014 14:58:03 
data from observer TGabi 
#occlusion2 expt 
reference disparity (degrees) 0.160000 

stim order disp kresp testresp correct time
1    1    0.074    1    1   1    3.10
2    2    -0.069    1    2   1    0.45
3    1    -0.065    2    2   1    0.87
4    1    -0.060    2    2   1    0.55
5    1    0.055    1    1   1    0.47
6    2    0.051    2    1   1    0.55
7    2    0.046    2    1   1    0.68
8    2    -0.042    1    2   1    0.54
9    2    0.037    2    1   1    0.68
10    2    0.032    2    1   1    0.53
11    2    0.028    2    1   1    0.47
12    2    -0.023    1    2   1    0.51
13    2    0.018    2    1   1    0.55
14    1    -0.014    1    1   0    0.63
15    2    0.023    2    1   1    0.56
16    1    0.023    1    1   1    0.71
17    2    0.018    2    1   1    1.18
18    1    -0.018    2    2   1    0.49
19    1    -0.014    2    2   1    0.85
20    1    0.014    2    2   0    0.51
21    1    0.023    2    2   0    0.79
22    1    -0.032    2    2   1    0.66
23    1    0.032    1    1   1    0.53
24    2    -0.028    1    2   1    0.51
25    2    0.028    2    1   1    0.60
26    1    0.023    1    1   1    0.39
27    1    -0.023    2    2   1    0.66
28    1    -0.018    2    2   1    0.61
29    1    0.018    1    1   1    0.54
30    1    -0.014    2    2   1    0.47
31    1    0.014    1    1   1    0.63
32    1    0.009    2    2   0    0.57
33    2    -0.018    1    2   1    0.70
34    1    0.018    1    1   1    0.58
35    1    0.014    1    1   1    1.02
36    2    -0.014    1    2   1    0.40
37    1    -0.009    2    2   1    0.60
38    2    -0.009    1    2   1    0.53
39    1    0.005    1    1   1    0.71
40    2    -0.005    1    2   1    1.15
41    2    -0.005    1    2   1    0.60
42    2    0.005    1    2   0    0.55
43    2    0.014    2    1   1    0.97
44    1    0.014    1    1   1    0.94
45    1    -0.009    2    2   1    0.89
46    1    0.009    1    1   1    0.88
47    1    0.005    2    2   0    0.68
48    2    0.014    1    2   0    0.51
49    1    -0.023    2    2   1    0.99
50    1    -0.023    2    2   1    0.73
-------------------------
Final staircase threshold estimate (mean) is 0.0120
-------------------------
39    1    0.014    1    1   1    1.22
58    1    0.000    2    2   0    0.97
100    2    0.032    2    1   1    0.62
87    2    -0.014    1    2   1    0.59
35    1    0.032    1    1   1    0.60
20    1    0.032    1    1   1    0.51
1    1    -0.032    2    2   1    0.50
73    1    0.000    2    2   0    0.68
66    1    -0.032    2    2   1    0.58
49    1    0.014    1    1   1    0.67
104    2    0.014    2    1   1    0.62
124    2    0.014    2    1   1    0.56
150    2    0.032    2    1   1    0.67
88    2    0.000    2    1   1    0.37
139    2    0.014    2    1   1    0.98
92    2    -0.014    1    2   1    0.60
52    1    -0.014    2    2   1    0.56
95    2    0.032    2    1   1    0.49
102    2    -0.014    2    1   0    0.38
42    1    -0.014    2    2   1    0.57
4    1    0.014    1    1   1    0.74
21    1    -0.032    2    2   1    0.51
23    1    0.000    2    2   0    0.67
22    1    -0.014    1    1   0    0.55
145    2    0.032    2    1   1    0.59
17    1    -0.014    2    2   1    0.52
81    2    -0.032    2    1   0    0.44
47    1    -0.014    1    1   0    1.01
56    1    -0.032    2    2   1    0.53
131    2    -0.032    1    2   1    0.48
7    1    -0.014    2    2   1    0.60
119    2    0.014    2    1   1    0.63
31    1    -0.032    2    2   1    0.64
19    1    0.014    1    1   1    0.49
141    2    -0.032    1    2   1    0.59
77    2    -0.014    1    2   1    0.61
149    2    0.014    1    2   0    1.36
62    1    -0.014    2    2   1    0.61
59    1    0.014    1    1   1    0.56
5    1    0.032    1    1   1    0.52
30    1    0.032    1    1   1    0.58
78    2    0.000    1    2   0    0.37
148    2    0.000    1    2   0    0.40
33    1    0.000    1    1   1    0.63
74    1    0.014    2    2   0    0.89
60    1    0.032    1    1   1    0.54
136    2    -0.032    1    2   1    0.55
25    1    0.032    1    1   1    0.40
6    1    -0.032    2    2   1    1.35
54    1    0.014    1    1   1    0.54
10    1    0.032    1    1   1    0.52
70    1    0.032    1    1   1    0.51
107    2    -0.014    1    2   1    0.58
34    1    0.014    1    1   1    1.08
135    2    0.032    2    1   1    0.51
112    2    -0.014    1    2   1    0.48
111    2    -0.032    1    2   1    0.54
101    2    -0.032    1    2   1    0.37
147    2    -0.014    1    2   1    0.35
8    1    0.000    1    1   1    0.69
126    2    -0.032    1    2   1    0.61
144    2    0.014    1    2   0    0.60
113    2    0.000    1    2   0    0.50
63    1    0.000    1    1   1    1.06
41    1    -0.032    2    2   1    0.67
29    1    0.014    1    1   1    0.61
129    2    0.014    2    1   1    0.52
93    2    0.000    1    2   0    1.49
50    1    0.032    1    1   1    1.47
67    1    -0.014    2    2   1    0.54
86    2    -0.032    1    2   1    0.60
83    2    0.000    1    2   0    0.82
65    1    0.032    1    1   1    1.10
44    1    0.014    1    1   1    0.52
48    1    0.000    1    1   1    0.37
57    1    -0.014    2    2   1    0.48
90    2    0.032    2    1   1    0.68
84    2    0.014    2    1   1    0.81
2    1    -0.014    2    2   1    0.86
68    1    0.000    1    1   1    0.56
106    2    -0.032    1    2   1    0.58
76    2    -0.032    1    2   1    0.60
61    1    -0.032    2    2   1    0.84
108    2    0.000    1    2   0    1.67
45    1    0.032    1    1   1    0.97
132    2    -0.014    1    2   1    0.48
43    1    0.000    1    1   1    0.60
32    1    -0.014    2    2   1    0.56
94    2    0.014    2    1   1    0.76
12    1    -0.014    2    2   1    0.65
13    1    0.000    2    2   0    0.57
72    1    -0.014    1    1   0    0.56
36    1    -0.032    2    2   1    0.55
75    2    0.032    2    1   1    0.49
89    2    0.014    2    1   1    0.79
55    1    0.032    1    1   1    0.65
138    2    0.000    1    2   0    0.52
80    2    0.032    2    1   1    0.65
133    2    0.000    2    1   1    0.66
140    2    0.032    2    1   1    0.73
103    2    0.000    2    1   1    0.44
99    2    0.014    2    1   1    0.73
97    2    -0.014    1    2   1    0.63
40    1    0.032    1    1   1    0.42
27    1    -0.014    1    1   0    0.34
127    2    -0.014    1    2   1    0.79
125    2    0.032    2    1   1    0.61
114    2    0.014    2    1   1    0.88
53    1    0.000    1    1   1    0.48
105    2    0.032    2    1   1    0.44
3    1    0.000    2    2   0    0.47
109    2    0.014    2    1   1    0.58
85    2    0.032    2    1   1    0.53
134    2    0.014    1    2   0    0.81
82    2    -0.014    2    1   0    0.56
51    1    -0.032    2    2   1    0.49
14    1    0.014    2    2   0    0.36
64    1    0.014    1    1   1    0.66
116    2    -0.032    1    2   1    0.65
146    2    -0.032    1    2   1    0.73
130    2    0.032    1    2   0    0.35
122    2    -0.014    1    2   1    0.84
15    1    0.032    1    1   1    0.64
11    1    -0.032    2    2   1    0.63
142    2    -0.014    1    2   1    0.58
79    2    0.014    1    2   0    0.69
18    1    0.000    1    1   1    0.89
9    1    0.014    1    1   1    0.58
110    2    0.032    2    1   1    0.69
71    1    -0.032    2    2   1    0.88
69    1    0.014    1    1   1    0.52
38    1    0.000    1    1   1    0.65
120    2    0.032    1    2   0    0.63
115    2    0.032    1    2   0    0.36
143    2    0.000    1    2   0    0.64
118    2    0.000    1    2   0    0.39
28    1    0.000    1    1   1    0.74
123    2    0.000    1    2   0    0.32
117    2    -0.014    1    2   1    0.83
128    2    0.000    1    2   0    0.38
46    1    -0.032    2    2   1    0.58
16    1    -0.032    2    2   1    0.69
96    2    -0.032    1    2   1    0.68
98    2    0.000    1    2   0    0.66
137    2    -0.014    1    2   1    0.43
91    2    -0.032    1    2   1    0.55
24    1    0.014    1    1   1    0.59
26    1    -0.032    2    2   1    0.63
121    2    -0.032    1    2   1    0.62
37    1    -0.014    1    1   0    0.91
