--------------------------------
09-Oct-2014 16:02:56 
data from observer TaGabi 
#occlusion2 expt 
reference disparity (degrees) 0.160000 

stim order disp kresp testresp correct time
1    2    0.074    1    2   1    1.33
2    2    -0.069    2    1   1    0.61
3    2    0.065    1    2   1    0.44
4    1    -0.060    1    1   1    0.48
5    1    0.055    2    2   1    0.49
6    2    -0.051    2    1   1    0.61
7    2    -0.046    2    1   1    0.50
8    2    -0.042    2    1   1    0.56
9    2    -0.037    2    1   1    0.64
10    2    -0.032    1    2   0    1.21
11    1    -0.042    1    1   1    0.60
12    1    0.042    2    2   1    0.69
13    1    0.037    2    2   1    0.90
14    2    0.037    1    2   1    0.58
15    1    0.032    2    2   1    0.65
16    2    -0.032    2    1   1    0.60
17    2    -0.028    1    2   0    0.91
18    1    -0.037    1    1   1    0.55
19    1    0.037    2    2   1    0.58
20    2    0.032    1    2   1    0.53
21    1    0.032    2    2   1    0.64
22    1    0.028    1    1   0    0.61
23    2    0.037    2    1   0    0.55
24    1    -0.046    1    1   1    0.50
25    1    -0.046    1    1   1    0.50
26    1    -0.042    1    1   1    0.60
27    1    0.042    2    2   1    0.67
28    1    0.037    1    1   0    0.61
29    1    0.046    2    2   1    0.48
30    2    -0.046    1    2   0    0.96
31    1    0.055    2    2   1    0.85
32    1    0.055    2    2   1    0.61
33    2    -0.051    2    1   1    0.59
34    2    0.051    1    2   1    0.66
35    1    0.046    2    2   1    0.65
36    2    0.046    1    2   1    0.55
37    2    0.042    1    2   1    0.60
38    1    -0.042    1    1   1    0.61
39    2    0.037    1    2   1    0.59
40    2    -0.037    2    1   1    0.95
41    2    0.032    1    2   1    0.64
42    1    -0.032    1    1   1    0.65
43    1    0.028    2    2   1    0.68
44    2    0.028    1    2   1    0.60
45    1    -0.023    1    1   1    0.83
46    2    -0.023    2    1   1    1.06
47    2    0.018    1    2   1    0.60
48    2    0.018    1    2   1    0.59
49    1    -0.014    1    1   1    1.23
50    2    0.014    2    1   0    0.54
-------------------------
Final staircase threshold estimate (mean) is 0.0231
-------------------------
133    2    0.000    1    2   0    2.76
26    1    -0.055    1    1   0    0.65
11    1    -0.055    1    1   0    0.58
102    2    -0.023    2    1   0    1.30
6    1    -0.055    1    1   0    0.64
10    1    0.055    2    2   0    0.67
4    1    0.023    2    2   0    0.61
123    2    0.000    1    2   0    0.39
35    1    0.055    2    2   0    0.58
129    2    0.023    1    2   0    0.38
27    1    -0.023    1    1   0    0.54
69    1    0.023    1    1   1    0.48
149    2    0.023    1    2   0    0.79
88    2    0.000    1    2   0    0.78
93    2    0.000    2    1   1    1.17
17    1    -0.023    1    1   0    0.58
99    2    0.023    1    2   0    0.48
148    2    0.000    1    2   0    0.78
108    2    0.000    1    2   0    0.68
141    2    -0.055    2    1   0    0.54
134    2    0.023    1    2   0    0.64
57    1    -0.023    1    1   0    0.51
13    1    0.000    1    1   1    0.42
140    2    0.055    1    2   0    0.49
112    2    -0.023    2    1   0    0.91
86    2    -0.055    2    1   0    0.83
87    2    -0.023    2    1   0    0.60
34    1    0.023    2    2   0    0.78
62    1    -0.023    1    1   0    0.71
113    2    0.000    1    2   0    0.56
98    2    0.000    1    2   0    0.58
20    1    0.055    1    1   1    0.93
73    1    0.000    1    1   1    1.56
79    2    0.023    1    2   0    0.95
145    2    0.055    1    2   0    0.66
127    2    -0.023    2    1   0    0.88
66    1    -0.055    1    1   0    1.19
147    2    -0.023    1    2   1    0.91
128    2    0.000    1    2   0    0.67
21    1    -0.055    1    1   0    0.89
15    1    0.055    2    2   0    0.61
136    2    -0.055    2    1   0    0.62
32    1    -0.023    1    1   0    1.60
56    1    -0.055    1    1   0    0.59
97    2    -0.023    1    2   1    0.50
146    2    -0.055    2    1   0    0.55
68    1    0.000    1    1   1    0.58
103    2    0.000    2    1   1    0.73
5    1    0.055    1    1   1    0.56
111    2    -0.055    2    1   0    0.60
23    1    0.000    1    1   1    0.73
104    2    0.023    1    2   0    0.53
53    1    0.000    1    1   1    0.90
19    1    0.023    2    2   0    0.84
48    1    0.000    1    1   1    0.35
28    1    0.000    2    2   0    0.77
16    1    -0.055    1    1   0    0.59
135    2    0.055    1    2   0    0.55
84    2    0.023    1    2   0    0.47
115    2    0.055    1    2   0    0.60
22    1    -0.023    1    1   0    0.62
82    2    -0.023    2    1   0    0.80
61    1    -0.055    1    1   0    0.56
67    1    -0.023    1    1   0    0.44
130    2    0.055    1    2   0    0.60
94    2    0.023    1    2   0    0.61
44    1    0.023    2    2   0    0.64
41    1    -0.055    1    1   0    0.53
80    2    0.055    1    2   0    0.63
150    2    0.055    1    2   0    0.65
72    1    -0.023    1    1   0    0.61
101    2    -0.055    2    1   0    0.67
78    2    0.000    1    2   0    0.74
9    1    0.023    2    2   0    0.53
142    2    -0.023    1    2   1    0.35
59    1    0.023    2    2   0    1.08
107    2    -0.023    2    1   0    0.80
70    1    0.055    2    2   0    0.64
143    2    0.000    1    2   0    0.60
109    2    0.023    1    2   0    1.02
77    2    -0.023    2    1   0    0.71
117    2    -0.023    2    1   0    0.61
131    2    -0.055    2    1   0    0.58
65    1    0.055    2    2   0    0.71
121    2    -0.055    2    1   0    0.53
31    1    -0.055    1    1   0    0.44
122    2    -0.023    1    2   1    0.98
120    2    0.055    1    2   0    0.81
25    1    0.055    1    1   1    0.58
63    1    0.000    1    1   1    0.81
83    2    0.000    2    1   1    0.51
100    2    0.055    1    2   0    0.67
126    2    -0.055    2    1   0    0.68
144    2    0.023    1    2   0    0.60
24    1    0.023    1    1   1    1.66
7    1    -0.023    1    1   0    0.65
89    2    0.023    1    2   0    0.67
110    2    0.055    1    2   0    0.65
36    1    -0.055    1    1   0    0.63
132    2    -0.023    2    1   0    1.32
2    1    -0.023    1    1   0    0.63
1    1    -0.055    1    1   0    0.61
92    2    -0.023    2    1   0    0.52
85    2    0.055    1    2   0    0.95
49    1    0.023    2    2   0    0.64
37    1    -0.023    1    1   0    0.51
39    1    0.023    2    2   0    1.06
76    2    -0.055    2    1   0    0.68
29    1    0.023    1    1   1    0.73
8    1    0.000    2    2   0    0.71
18    1    0.000    1    1   1    0.68
105    2    0.055    1    2   0    0.95
91    2    -0.055    2    1   0    0.55
75    2    0.055    1    2   0    0.62
51    1    -0.055    1    1   0    0.61
30    1    0.055    2    2   0    0.59
118    2    0.000    1    2   0    0.61
58    1    0.000    2    2   0    0.39
14    1    0.023    1    1   1    0.59
116    2    -0.055    2    1   0    0.94
106    2    -0.055    2    1   0    0.82
54    1    0.023    1    1   1    0.64
96    2    -0.055    2    1   0    0.59
45    1    0.055    2    2   0    0.57
95    2    0.055    1    2   0    0.72
90    2    0.055    1    2   0    0.46
71    1    -0.055    1    1   0    0.70
33    1    0.000    1    1   1    0.49
74    1    0.023    1    1   1    0.69
46    1    -0.055    1    1   0    0.57
38    1    0.000    1    1   1    0.80
125    2    0.055    1    2   0    0.79
64    1    0.023    2    2   0    0.91
52    1    -0.023    1    1   0    0.60
47    1    -0.023    1    1   0    0.69
138    2    0.000    2    1   1    0.63
124    2    0.023    1    2   0    0.55
50    1    0.055    2    2   0    0.59
40    1    0.055    2    2   0    0.62
137    2    -0.023    2    1   0    0.53
119    2    0.023    1    2   0    0.47
139    2    0.023    1    2   0    0.51
3    1    0.000    1    1   1    0.58
42    1    -0.023    1    1   0    0.62
60    1    0.055    2    2   0    1.07
43    1    0.000    1    1   1    0.79
55    1    0.055    1    1   1    0.89
12    1    -0.023    1    1   0    0.75
81    2    -0.055    2    1   0    0.64
114    2    0.023    1    2   0    0.84
