--------------------------------
09-Oct-2014 15:44:29 
data from observer TGabi 
#occlusion2 expt 
reference disparity (degrees) 0.160000 

stim order disp kresp testresp correct time
1    1    -0.074    1    1   1    1.52
2    1    -0.069    1    1   1    23.99
3    2    -0.065    2    1   1    0.75
4    1    0.060    2    2   1    0.56
5    2    -0.055    2    1   1    0.46
6    1    -0.051    1    1   1    0.82
7    2    0.046    1    2   1    0.56
8    1    0.042    2    2   1    0.67
9    1    0.037    2    2   1    0.64
10    1    -0.032    2    2   0    0.44
11    2    -0.042    2    1   1    0.57
12    1    0.042    2    2   1    0.57
13    1    -0.037    1    1   1    0.61
14    1    0.037    2    2   1    0.55
15    1    -0.032    1    1   1    0.60
16    1    -0.032    1    1   1    0.75
17    1    -0.028    1    1   1    0.57
18    1    0.028    2    2   1    0.62
19    1    -0.023    2    2   0    0.49
20    2    -0.032    1    2   0    0.53
21    1    -0.042    1    1   1    1.58
22    1    -0.042    1    1   1    0.48
23    2    -0.037    2    1   1    0.66
24    2    0.037    1    2   1    0.69
25    2    0.032    1    2   1    0.82
26    2    -0.032    2    1   1    0.61
27    1    -0.028    2    2   0    0.50
28    1    0.037    2    2   1    0.48
29    2    -0.037    2    1   1    0.55
30    1    0.032    1    1   0    0.54
31    2    -0.042    2    1   1    0.56
32    1    0.042    2    2   1    0.56
33    2    -0.037    2    1   1    0.47
34    2    0.037    1    2   1    0.70
35    2    -0.032    2    1   1    0.46
36    2    0.032    1    2   1    0.56
37    2    0.028    2    1   0    0.53
38    1    0.037    2    2   1    0.59
39    1    -0.037    1    1   1    0.56
40    2    0.032    1    2   1    0.84
41    1    0.032    2    2   1    0.49
42    2    -0.028    2    1   1    0.70
43    2    -0.028    1    2   0    0.51
44    1    -0.037    1    1   1    0.51
45    2    -0.037    2    1   1    0.49
46    1    -0.032    1    1   1    0.54
47    2    -0.032    2    1   1    0.49
48    2    0.028    1    2   1    0.59
49    2    0.028    1    2   1    0.98
50    2    -0.023    2    1   1    0.55
-------------------------
Final staircase threshold estimate (mean) is 0.0305
-------------------------
72    1    -0.032    1    1   0    2.88
66    1    -0.074    2    2   1    1.01
17    1    -0.032    2    2   1    0.95
61    1    -0.074    1    1   0    0.47
9    1    0.032    2    2   0    0.53
143    2    0.000    1    2   0    0.60
38    1    0.000    2    2   0    0.54
148    2    0.000    2    1   1    0.62
44    1    0.032    2    2   0    0.61
123    2    0.000    2    1   1    0.69
42    1    -0.032    1    1   0    0.74
135    2    0.074    1    2   0    0.73
7    1    -0.032    1    1   0    0.69
120    2    0.074    1    2   0    0.78
97    2    -0.032    2    1   0    0.58
87    2    -0.032    2    1   0    0.58
138    2    0.000    1    2   0    1.04
134    2    0.032    1    2   0    0.61
140    2    0.074    1    2   0    0.69
30    1    0.074    2    2   0    0.62
84    2    0.032    1    2   0    1.27
88    2    0.000    1    2   0    0.91
59    1    0.032    2    2   0    0.60
51    1    -0.074    1    1   0    0.49
56    1    -0.074    1    1   0    0.48
110    2    0.074    1    2   0    0.63
34    1    0.032    2    2   0    0.55
112    2    -0.032    2    1   0    0.55
105    2    0.074    1    2   0    0.68
149    2    0.032    1    2   0    0.64
62    1    -0.032    1    1   0    0.91
13    1    0.000    2    2   0    0.60
126    2    -0.074    2    1   0    0.48
125    2    0.074    2    1   1    0.93
27    1    -0.032    1    1   0    0.95
95    2    0.074    2    1   1    0.79
92    2    -0.032    2    1   0    0.65
26    1    -0.074    1    1   0    0.78
101    2    -0.074    2    1   0    0.51
89    2    0.032    1    2   0    0.65
70    1    0.074    2    2   0    0.59
23    1    0.000    2    2   0    0.81
74    1    0.032    2    2   0    1.37
78    2    0.000    1    2   0    1.81
75    2    0.074    2    1   1    0.48
16    1    -0.074    1    1   0    0.54
65    1    0.074    2    2   0    0.52
147    2    -0.032    2    1   0    0.58
2    1    -0.032    1    1   0    0.64
99    2    0.032    1    2   0    0.90
131    2    -0.074    2    1   0    0.49
127    2    -0.032    2    1   0    0.65
1    1    -0.074    1    1   0    0.63
29    1    0.032    2    2   0    0.45
117    2    -0.032    2    1   0    0.75
124    2    0.032    1    2   0    0.69
104    2    0.032    1    2   0    0.73
103    2    0.000    2    1   1    0.59
113    2    0.000    2    1   1    0.78
121    2    -0.074    2    1   0    1.04
80    2    0.074    1    2   0    0.73
90    2    0.074    1    2   0    0.61
60    1    0.074    2    2   0    0.65
115    2    0.074    1    2   0    0.61
146    2    -0.074    2    1   0    0.69
132    2    -0.032    2    1   0    0.81
68    1    0.000    2    2   0    0.84
52    1    -0.032    1    1   0    0.38
36    1    -0.074    1    1   0    2.19
54    1    0.032    2    2   0    0.61
41    1    -0.074    1    1   0    0.68
129    2    0.032    1    2   0    0.73
20    1    0.074    2    2   0    0.70
73    1    0.000    1    1   1    0.62
109    2    0.032    1    2   0    1.12
43    1    0.000    1    1   1    1.25
91    2    -0.074    2    1   0    0.53
8    1    0.000    1    1   1    0.97
39    1    0.032    2    2   0    0.72
81    2    -0.074    2    1   0    0.88
25    1    0.074    2    2   0    0.74
150    2    0.074    1    2   0    0.59
119    2    0.032    2    1   1    0.54
37    1    -0.032    1    1   0    0.60
6    1    -0.074    1    1   0    0.47
46    1    -0.074    1    1   0    0.69
12    1    -0.032    1    1   0    0.67
111    2    -0.074    2    1   0    0.60
96    2    -0.074    2    1   0    0.58
83    2    0.000    1    2   0    0.68
49    1    0.032    2    2   0    0.73
142    2    -0.032    2    1   0    0.70
79    2    0.032    1    2   0    0.99
40    1    0.074    2    2   0    0.53
48    1    0.000    1    1   1    0.97
32    1    -0.032    1    1   0    0.65
139    2    0.032    2    1   1    0.46
11    1    -0.074    1    1   0    0.72
63    1    0.000    1    1   1    0.90
100    2    0.074    1    2   0    0.84
98    2    0.000    1    2   0    0.90
102    2    -0.032    2    1   0    0.47
47    1    -0.032    2    2   1    0.90
71    1    -0.074    1    1   0    0.69
57    1    -0.032    1    1   0    0.62
3    1    0.000    2    2   0    0.59
141    2    -0.074    2    1   0    0.75
118    2    0.000    1    2   0    0.70
136    2    -0.074    2    1   0    0.60
21    1    -0.074    1    1   0    0.61
14    1    0.032    2    2   0    0.74
4    1    0.032    2    2   0    0.86
15    1    0.074    2    2   0    0.68
106    2    -0.074    2    1   0    0.66
86    2    -0.074    2    1   0    1.01
77    2    -0.032    2    1   0    0.59
10    1    0.074    2    2   0    0.55
55    1    0.074    2    2   0    0.59
19    1    0.032    2    2   0    0.90
22    1    -0.032    1    1   0    1.03
94    2    0.032    1    2   0    1.05
144    2    0.032    2    1   1    1.14
5    1    0.074    2    2   0    1.07
130    2    0.074    1    2   0    0.64
107    2    -0.032    2    1   0    0.64
93    2    0.000    2    1   1    0.71
35    1    0.074    2    2   0    1.11
85    2    0.074    1    2   0    0.55
53    1    0.000    1    1   1    0.63
18    1    0.000    1    1   1    0.78
45    1    0.074    2    2   0    0.87
114    2    0.032    2    1   1    0.94
64    1    0.032    1    1   1    1.46
28    1    0.000    1    1   1    0.74
67    1    -0.032    1    1   0    0.59
69    1    0.032    2    2   0    0.80
24    1    0.032    2    2   0    0.90
58    1    0.000    1    1   1    0.57
128    2    0.000    1    2   0    0.77
122    2    -0.032    2    1   0    1.61
116    2    -0.074    2    1   0    0.63
108    2    0.000    1    2   0    2.34
137    2    -0.032    2    1   0    1.15
31    1    -0.074    1    1   0    0.63
133    2    0.000    1    2   0    1.05
76    2    -0.074    2    1   0    0.65
50    1    0.074    2    2   0    0.59
82    2    -0.032    2    1   0    0.54
33    1    0.000    2    2   0    0.65
145    2    0.074    1    2   0    0.64
