--------------------------------
02-Oct-2014 15:39:06 
data from observer A08 
#occlusion2 expt 
reference disparity (degrees) 0.160000 

stim order disp kresp testresp correct time
1    1    -0.074    2    2   1    1.90
2    2    0.069    2    1   1    1.57
3    2    -0.065    1    2   1    5.30
4    1    -0.060    2    2   1    0.75
5    2    -0.055    1    2   1    5.22
6    2    0.051    2    1   1    1.91
7    2    0.046    2    1   1    1.91
8    2    -0.042    2    1   0    4.76
9    2    -0.051    1    2   1    2.40
10    2    -0.051    2    1   0    1.25
11    2    -0.060    2    1   0    1.76
12    1    0.069    1    1   1    1.94
13    1    -0.069    2    2   1    1.13
14    2    -0.065    1    2   1    3.72
15    1    -0.065    2    2   1    0.98
16    1    -0.060    2    2   1    1.16
17    1    0.060    1    1   1    4.16
18    2    0.055    2    1   1    0.51
19    2    -0.055    1    2   1    2.32
20    1    0.051    1    1   1    3.57
21    2    0.051    2    1   1    0.92
22    1    0.046    1    1   1    4.02
23    2    0.046    2    1   1    0.70
24    1    0.042    1    1   1    2.20
25    2    0.042    2    1   1    0.69
26    2    0.037    2    1   1    0.86
27    2    0.037    2    1   1    0.74
28    1    -0.032    2    2   1    0.64
29    1    -0.032    2    2   1    1.79
30    2    0.028    2    1   1    0.84
31    2    0.028    2    1   1    3.08
32    1    0.023    2    2   0    3.29
33    1    -0.032    2    2   1    0.73
34    2    -0.032    1    2   1    4.27
35    2    -0.028    1    2   1    2.69
36    1    0.028    1    1   1    4.96
37    1    -0.023    2    2   1    0.75
38    2    0.023    2    1   1    1.81
39    1    -0.018    2    2   1    0.77
40    1    0.018    1    1   1    5.04
41    2    0.014    2    1   1    0.65
42    1    0.014    1    1   1    7.93
43    2    0.009    2    1   1    4.80
44    1    -0.009    2    2   1    2.04
45    2    -0.005    2    1   0    10.23
46    2    0.014    2    1   1    0.74
47    2    -0.014    2    1   0    4.77
48    2    0.023    2    1   1    0.91
49    1    -0.023    2    2   1    1.59
50    1    0.018    1    1   1    5.30
-------------------------
Final staircase threshold estimate (mean) is 0.0143
-------------------------
127    2    -0.014    2    1   0    5.53
139    2    0.014    2    1   1    0.78
145    2    0.037    2    1   1    0.67
43    1    0.000    2    2   0    1.93
45    1    0.037    1    1   1    0.68
87    2    -0.014    1    2   1    1.83
52    1    -0.014    2    2   1    0.64
61    1    -0.037    2    2   1    0.63
130    2    0.037    2    1   1    0.56
38    1    0.000    2    2   0    1.64
123    2    0.000    2    1   1    0.85
80    2    0.037    2    1   1    0.60
126    2    -0.037    1    2   1    2.08
133    2    0.000    2    1   1    0.61
65    1    0.037    1    1   1    0.94
77    2    -0.014    1    2   1    5.55
33    1    0.000    2    2   0    5.07
66    1    -0.037    2    2   1    0.64
128    2    0.000    2    1   1    2.14
97    2    -0.014    1    2   1    3.29
122    2    -0.014    2    1   0    0.65
100    2    0.037    2    1   1    0.87
6    1    -0.037    2    2   1    1.35
56    1    -0.037    2    2   1    1.44
96    2    -0.037    1    2   1    3.55
136    2    -0.037    1    2   1    1.40
142    2    -0.014    1    2   1    2.38
42    1    -0.014    2    2   1    0.84
71    1    -0.037    2    2   1    1.20
73    1    0.000    2    2   0    2.45
88    2    0.000    2    1   1    2.30
32    1    -0.014    2    2   1    0.89
124    2    0.014    2    1   1    1.47
50    1    0.037    1    1   1    1.02
11    1    -0.037    2    2   1    0.61
67    1    -0.014    2    2   1    1.64
47    1    -0.014    2    2   1    1.14
86    2    -0.037    2    1   0    0.66
118    2    0.000    2    1   1    1.73
134    2    0.014    2    1   1    0.65
22    1    -0.014    2    2   1    0.65
144    2    0.014    2    1   1    0.70
48    1    0.000    2    2   0    0.72
24    1    0.014    1    1   1    5.58
18    1    0.000    2    2   0    2.02
55    1    0.037    1    1   1    0.77
13    1    0.000    1    1   1    4.12
17    1    -0.014    2    2   1    1.15
53    1    0.000    2    2   0    2.72
19    1    0.014    1    1   1    1.08
3    1    0.000    2    2   0    0.55
34    1    0.014    2    2   0    2.36
10    1    0.037    1    1   1    0.48
85    2    0.037    2    1   1    0.57
109    2    0.014    2    1   1    0.56
135    2    0.037    2    1   1    0.61
79    2    0.014    2    1   1    0.72
89    2    0.014    2    1   1    0.89
99    2    0.014    2    1   1    0.70
21    1    -0.037    2    2   1    0.76
36    1    -0.037    2    2   1    0.65
93    2    0.000    2    1   1    2.25
5    1    0.037    1    1   1    1.33
117    2    -0.014    1    2   1    3.55
2    1    -0.014    2    2   1    0.76
149    2    0.014    2    1   1    0.66
69    1    0.014    2    2   0    5.44
83    2    0.000    2    1   1    0.83
27    1    -0.014    2    2   1    0.86
116    2    -0.037    1    2   1    0.89
91    2    -0.037    1    2   1    1.57
138    2    0.000    2    1   1    1.45
64    1    0.014    1    1   1    2.23
105    2    0.037    2    1   1    0.78
26    1    -0.037    2    2   1    0.65
9    1    0.014    1    1   1    3.94
8    1    0.000    2    2   0    0.80
108    2    0.000    2    1   1    2.74
125    2    0.037    2    1   1    0.62
146    2    -0.037    1    2   1    2.22
14    1    0.014    1    1   1    3.14
75    2    0.037    2    1   1    0.64
15    1    0.037    1    1   1    1.49
20    1    0.037    1    1   1    1.12
28    1    0.000    2    2   0    3.61
44    1    0.014    1    1   1    1.22
132    2    -0.014    1    2   1    2.41
106    2    -0.037    1    2   1    0.77
84    2    0.014    2    1   1    0.98
104    2    0.014    2    1   1    1.73
35    1    0.037    1    1   1    0.95
57    1    -0.014    2    2   1    1.64
129    2    0.014    2    1   1    2.90
29    1    0.014    1    1   1    2.34
41    1    -0.037    2    2   1    0.63
102    2    -0.014    1    2   1    4.57
101    2    -0.037    1    2   1    1.31
92    2    -0.014    1    2   1    3.19
58    1    0.000    1    1   1    3.87
82    2    -0.014    1    2   1    3.34
4    1    0.014    1    1   1    3.77
131    2    -0.037    1    2   1    1.88
98    2    0.000    2    1   1    1.24
114    2    0.014    2    1   1    1.09
40    1    0.037    1    1   1    1.81
23    1    0.000    2    2   0    2.20
140    2    0.037    2    1   1    0.68
46    1    -0.037    2    2   1    1.23
150    2    0.037    2    1   1    0.95
1    1    -0.037    2    2   1    1.21
72    1    -0.014    2    2   1    1.48
115    2    0.037    2    1   1    2.09
137    2    -0.014    1    2   1    3.72
113    2    0.000    2    1   1    1.46
62    1    -0.014    2    2   1    0.82
95    2    0.037    2    1   1    0.79
148    2    0.000    2    1   1    0.90
68    1    0.000    2    2   0    0.96
51    1    -0.037    2    2   1    0.72
30    1    0.037    1    1   1    1.70
143    2    0.000    2    1   1    1.43
70    1    0.037    1    1   1    1.45
94    2    0.014    2    1   1    0.80
74    1    0.014    1    1   1    2.83
63    1    0.000    2    2   0    0.62
12    1    -0.014    2    2   1    0.88
59    1    0.014    1    1   1    4.53
90    2    0.037    2    1   1    0.76
31    1    -0.037    2    2   1    0.83
141    2    -0.037    1    2   1    1.58
119    2    0.014    2    1   1    1.58
112    2    -0.014    1    2   1    3.22
60    1    0.037    1    1   1    1.60
103    2    0.000    2    1   1    0.81
37    1    -0.014    2    2   1    1.59
78    2    0.000    2    1   1    1.95
147    2    -0.014    1    2   1    3.49
120    2    0.037    2    1   1    0.48
121    2    -0.037    1    2   1    0.89
49    1    0.014    1    1   1    1.73
76    2    -0.037    1    2   1    0.75
25    1    0.037    1    1   1    0.99
16    1    -0.037    2    2   1    0.61
81    2    -0.037    1    2   1    1.36
54    1    0.014    1    1   1    2.58
7    1    -0.014    2    2   1    0.73
107    2    -0.014    1    2   1    1.01
110    2    0.037    2    1   1    0.81
111    2    -0.037    1    2   1    1.05
39    1    0.014    1    1   1    1.55
