--------------------------------
11-Oct-2014 13:15:15 
data from observer T08 
#occlusion2 expt 
reference disparity (degrees) 0.160000 

stim order disp kresp testresp correct time
1    1    -0.074    1    1   1    0.81
2    1    0.069    2    2   1    0.90
3    1    -0.065    1    1   1    0.69
4    2    0.060    1    2   1    0.80
5    1    -0.055    1    1   1    0.70
6    1    0.051    2    2   1    0.75
7    2    -0.046    2    1   1    0.78
8    1    0.042    2    2   1    0.78
9    1    -0.037    1    1   1    0.63
10    1    0.032    2    2   1    0.73
11    1    0.028    2    2   1    0.74
12    1    0.023    2    2   1    0.71
13    1    -0.018    2    2   0    0.84
14    2    -0.028    2    1   1    0.60
15    1    -0.028    1    1   1    0.74
16    1    0.023    2    2   1    0.50
17    2    0.023    1    2   1    1.98
18    1    -0.018    1    1   1    1.54
19    1    -0.018    1    1   1    1.43
20    2    -0.014    2    1   1    0.66
21    2    -0.014    2    1   1    0.84
22    2    0.009    1    2   1    0.74
23    1    0.009    2    2   1    0.54
24    1    0.005    2    2   1    0.71
25    2    0.005    2    1   0    0.73
26    1    -0.014    1    1   1    0.89
27    2    -0.014    2    1   1    0.63
28    1    -0.009    1    1   1    0.75
29    2    -0.009    2    1   1    0.91
30    1    -0.005    1    1   1    0.88
31    1    -0.005    2    2   0    0.75
32    2    0.014    2    1   0    0.87
33    1    0.023    2    2   1    0.51
34    1    -0.023    1    1   1    0.54
35    2    0.018    1    2   1    0.83
36    1    0.018    2    2   1    0.75
37    2    -0.014    2    1   1    0.59
38    1    0.014    2    2   1    0.72
39    2    0.009    1    2   1    2.23
40    1    0.009    2    2   1    0.72
41    1    0.005    2    2   1    1.08
42    1    0.005    2    2   1    0.75
43    2    -0.005    2    1   1    1.20
44    1    -0.005    2    2   0    1.17
45    2    0.014    1    2   1    2.11
46    1    -0.014    2    2   0    0.84
47    2    0.023    1    2   1    0.77
48    1    -0.023    1    1   1    0.74
49    1    -0.018    1    1   1    1.03
50    2    -0.018    2    1   1    0.70
-------------------------
Final staircase threshold estimate (mean) is 0.0129
-------------------------
41    1    -0.032    1    1   0    4.87
90    2    0.032    1    2   0    0.69
75    2    0.032    1    2   0    0.70
111    2    -0.032    2    1   0    0.60
24    1    0.014    2    2   0    0.86
133    2    0.000    2    1   1    0.95
100    2    0.032    1    2   0    0.90
125    2    0.032    1    2   0    0.68
105    2    0.032    1    2   0    0.62
114    2    0.014    1    2   0    1.05
15    1    0.032    2    2   0    0.55
124    2    0.014    1    2   0    1.41
78    2    0.000    2    1   1    0.64
117    2    -0.014    2    1   0    0.63
128    2    0.000    2    1   1    1.05
34    1    0.014    2    2   0    0.71
28    1    0.000    2    2   0    0.74
95    2    0.032    1    2   0    0.86
66    1    -0.032    1    1   0    0.67
58    1    0.000    2    2   0    0.93
145    2    0.032    1    2   0    0.60
36    1    -0.032    1    1   0    0.67
17    1    -0.014    2    2   1    0.65
13    1    0.000    2    2   0    0.56
49    1    0.014    2    2   0    0.70
94    2    0.014    1    2   0    1.61
104    2    0.014    1    2   0    0.89
71    1    -0.032    1    1   0    0.65
103    2    0.000    2    1   1    0.67
60    1    0.032    2    2   0    0.64
132    2    -0.014    2    1   0    0.66
65    1    0.032    2    2   0    0.61
25    1    0.032    2    2   0    0.61
50    1    0.032    2    2   0    0.54
122    2    -0.014    2    1   0    0.51
12    1    -0.014    1    1   0    3.63
26    1    -0.032    1    1   0    0.71
70    1    0.032    2    2   0    0.59
88    2    0.000    2    1   1    0.61
56    1    -0.032    1    1   0    0.74
48    1    0.000    2    2   0    1.45
141    2    -0.032    2    1   0    0.75
137    2    -0.014    2    1   0    0.78
143    2    0.000    2    1   1    1.68
69    1    0.014    2    2   0    0.92
86    2    -0.032    2    1   0    0.84
7    1    -0.014    1    1   0    0.76
127    2    -0.014    2    1   0    0.57
146    2    -0.032    2    1   0    0.83
6    1    -0.032    1    1   0    0.80
130    2    0.032    1    2   0    0.79
38    1    0.000    2    2   0    0.90
79    2    0.014    1    2   0    0.69
11    1    -0.032    1    1   0    0.64
14    1    0.014    2    2   0    0.64
16    1    -0.032    1    1   0    0.80
43    1    0.000    2    2   0    0.55
102    2    -0.014    2    1   0    0.72
67    1    -0.014    1    1   0    1.37
138    2    0.000    2    1   1    0.78
87    2    -0.014    2    1   0    0.63
92    2    -0.014    2    1   0    0.54
80    2    0.032    1    2   0    0.66
120    2    0.032    1    2   0    0.58
47    1    -0.014    1    1   0    2.74
110    2    0.032    1    2   0    0.64
106    2    -0.032    2    1   0    0.61
135    2    0.032    1    2   0    0.76
148    2    0.000    2    1   1    0.72
23    1    0.000    2    2   0    1.28
29    1    0.014    2    2   0    0.86
42    1    -0.014    1    1   0    0.96
73    1    0.000    2    2   0    1.11
144    2    0.014    1    2   0    2.37
76    2    -0.032    2    1   0    0.56
136    2    -0.032    2    1   0    0.54
118    2    0.000    2    1   1    0.55
126    2    -0.032    2    1   0    0.56
123    2    0.000    2    1   1    1.10
54    1    0.014    2    2   0    0.60
8    1    0.000    2    2   0    0.57
3    1    0.000    2    2   0    0.69
21    1    -0.032    1    1   0    0.51
27    1    -0.014    2    2   1    0.73
57    1    -0.014    1    1   0    0.79
74    1    0.014    2    2   0    0.67
61    1    -0.032    1    1   0    0.63
96    2    -0.032    2    1   0    0.61
35    1    0.032    2    2   0    0.62
30    1    0.032    2    2   0    1.07
18    1    0.000    2    2   0    2.71
52    1    -0.014    1    1   0    0.87
2    1    -0.014    1    1   0    0.70
109    2    0.014    1    2   0    0.84
1    1    -0.032    1    1   0    0.87
98    2    0.000    2    1   1    0.95
101    2    -0.032    2    1   0    0.64
51    1    -0.032    1    1   0    0.66
84    2    0.014    2    1   1    0.61
150    2    0.032    1    2   0    0.67
64    1    0.014    2    2   0    0.62
4    1    0.014    2    2   0    0.71
46    1    -0.032    1    1   0    0.79
32    1    -0.014    1    1   0    0.68
39    1    0.014    2    2   0    0.65
91    2    -0.032    2    1   0    0.60
113    2    0.000    2    1   1    1.10
142    2    -0.014    1    2   1    0.66
129    2    0.014    1    2   0    0.55
121    2    -0.032    2    1   0    0.52
93    2    0.000    2    1   1    1.41
37    1    -0.014    1    1   0    1.25
9    1    0.014    2    2   0    0.60
81    2    -0.032    2    1   0    0.58
115    2    0.032    1    2   0    0.63
22    1    -0.014    1    1   0    1.23
5    1    0.032    2    2   0    0.60
45    1    0.032    2    2   0    0.60
112    2    -0.014    2    1   0    0.61
134    2    0.014    1    2   0    1.51
131    2    -0.032    2    1   0    0.57
44    1    0.014    2    2   0    0.97
99    2    0.014    1    2   0    1.00
33    1    0.000    2    2   0    1.41
116    2    -0.032    2    1   0    0.59
62    1    -0.014    1    1   0    0.79
59    1    0.014    2    2   0    0.56
77    2    -0.014    2    1   0    0.81
139    2    0.014    1    2   0    0.79
31    1    -0.032    1    1   0    0.76
85    2    0.032    1    2   0    0.59
40    1    0.032    2    2   0    0.62
140    2    0.032    1    2   0    0.68
19    1    0.014    2    2   0    0.59
108    2    0.000    2    1   1    3.35
97    2    -0.014    2    1   0    0.85
20    1    0.032    2    2   0    0.70
72    1    -0.014    1    1   0    0.97
10    1    0.032    2    2   0    0.64
149    2    0.014    1    2   0    0.78
55    1    0.032    2    2   0    0.63
63    1    0.000    2    2   0    1.92
147    2    -0.014    2    1   0    0.55
53    1    0.000    2    2   0    0.70
82    2    -0.014    2    1   0    0.55
83    2    0.000    2    1   1    0.51
107    2    -0.014    2    1   0    0.62
89    2    0.014    1    2   0    1.71
68    1    0.000    1    1   1    1.91
119    2    0.014    1    2   0    0.75
