--------------------------------
11-Oct-2014 13:08:39 
data from observer T08 
#occlusion2 expt 
reference disparity (degrees) 0.160000 

stim order disp kresp testresp correct time
1    1    -0.074    2    2   1    0.74
2    1    -0.069    2    2   1    0.66
3    2    0.065    2    1   1    0.58
4    2    -0.060    1    2   1    0.53
5    1    0.055    1    1   1    0.52
6    1    -0.051    2    2   1    0.46
7    1    -0.046    2    2   1    0.46
8    2    -0.042    1    2   1    0.45
9    2    -0.037    1    2   1    1.19
10    1    0.032    1    1   1    2.12
11    2    -0.028    1    2   1    1.65
12    2    0.023    2    1   1    0.61
13    1    -0.018    2    2   1    0.56
14    1    -0.014    2    2   1    0.64
15    1    0.009    1    1   1    1.62
16    1    -0.005    2    2   1    0.67
17    2    0.005    2    1   1    0.51
18    1    0.005    2    2   0    0.96
19    1    0.014    1    1   1    1.94
20    2    -0.014    1    2   1    0.64
21    2    -0.009    1    2   1    0.84
22    1    0.009    2    2   0    1.08
23    2    -0.018    1    2   1    0.71
24    2    0.018    2    1   1    0.82
25    1    -0.014    2    2   1    1.26
26    2    -0.014    2    1   0    1.70
27    2    0.023    2    1   1    0.66
28    2    -0.023    1    2   1    1.69
29    2    -0.018    1    2   1    1.24
30    2    0.018    2    1   1    0.68
31    1    -0.014    2    2   1    0.70
32    2    -0.014    1    2   1    1.49
33    2    0.009    2    1   1    0.97
34    2    0.009    2    1   1    1.09
35    1    -0.005    2    2   1    1.00
36    1    0.005    1    1   1    2.12
37    1    -0.005    2    2   1    0.55
38    1    -0.005    2    2   1    1.02
39    2    -0.005    2    1   0    1.25
40    1    -0.014    2    2   1    0.72
41    2    -0.014    1    2   1    1.92
42    2    -0.009    2    1   0    0.77
43    2    0.018    2    1   1    0.63
44    2    -0.018    2    1   0    0.76
45    2    0.028    2    1   1    0.54
46    2    0.028    2    1   1    0.75
47    1    -0.023    2    2   1    0.78
48    2    -0.023    1    2   1    1.12
49    2    -0.018    1    2   1    0.92
50    1    0.018    2    2   0    1.35
-------------------------
Final staircase threshold estimate (mean) is 0.0199
-------------------------
142    2    -0.018    1    2   1    2.71
86    2    -0.051    1    2   1    0.59
18    1    0.000    2    2   0    1.58
117    2    -0.018    1    2   1    0.83
111    2    -0.051    1    2   1    0.66
10    1    0.051    1    1   1    0.57
109    2    0.018    2    1   1    0.63
4    1    0.018    1    1   1    1.03
68    1    0.000    2    2   0    1.50
34    1    0.018    1    1   1    0.77
146    2    -0.051    1    2   1    0.73
110    2    0.051    2    1   1    0.59
102    2    -0.018    1    2   1    1.80
84    2    0.018    2    1   1    0.63
87    2    -0.018    1    2   1    1.88
69    1    0.018    1    1   1    1.25
24    1    0.018    1    1   1    1.67
103    2    0.000    2    1   1    0.57
130    2    0.051    2    1   1    0.56
139    2    0.018    2    1   1    0.82
64    1    0.018    1    1   1    2.23
28    1    0.000    2    2   0    1.84
133    2    0.000    1    2   0    1.35
56    1    -0.051    2    2   1    0.49
147    2    -0.018    1    2   1    0.46
106    2    -0.051    1    2   1    0.73
143    2    0.000    2    1   1    0.60
5    1    0.051    1    1   1    0.60
115    2    0.051    2    1   1    0.51
43    1    0.000    2    2   0    1.27
36    1    -0.051    2    2   1    0.51
108    2    0.000    2    1   1    1.11
104    2    0.018    2    1   1    0.75
61    1    -0.051    2    2   1    0.61
105    2    0.051    2    1   1    0.73
12    1    -0.018    2    2   1    0.68
58    1    0.000    2    2   0    1.42
63    1    0.000    2    2   0    1.43
90    2    0.051    2    1   1    0.60
98    2    0.000    2    1   1    0.73
15    1    0.051    1    1   1    0.73
3    1    0.000    2    2   0    0.59
80    2    0.051    2    1   1    0.58
17    1    -0.018    2    2   1    0.86
9    1    0.018    1    1   1    0.92
113    2    0.000    2    1   1    0.61
107    2    -0.018    1    2   1    0.42
14    1    0.018    1    1   1    1.25
59    1    0.018    1    1   1    0.70
42    1    -0.018    2    2   1    0.70
141    2    -0.051    1    2   1    0.60
53    1    0.000    2    2   0    1.06
29    1    0.018    1    1   1    1.04
71    1    -0.051    2    2   1    0.62
100    2    0.051    2    1   1    0.71
70    1    0.051    1    1   1    0.76
150    2    0.051    2    1   1    0.58
96    2    -0.051    1    2   1    0.64
66    1    -0.051    2    2   1    0.50
129    2    0.018    2    1   1    0.57
78    2    0.000    2    1   1    0.71
72    1    -0.018    2    2   1    0.83
94    2    0.018    2    1   1    0.73
140    2    0.051    2    1   1    0.74
124    2    0.018    2    1   1    0.92
122    2    -0.018    1    2   1    2.00
81    2    -0.051    1    2   1    0.61
89    2    0.018    2    1   1    0.57
49    1    0.018    1    1   1    0.51
23    1    0.000    2    2   0    0.79
74    1    0.018    1    1   1    0.61
62    1    -0.018    2    2   1    0.46
127    2    -0.018    1    2   1    1.71
27    1    -0.018    2    2   1    0.61
136    2    -0.051    1    2   1    0.75
37    1    -0.018    2    2   1    1.02
138    2    0.000    2    1   1    1.13
52    1    -0.018    2    2   1    0.65
114    2    0.018    2    1   1    0.54
132    2    -0.018    1    2   1    1.15
47    1    -0.018    2    2   1    0.65
51    1    -0.051    2    2   1    0.66
67    1    -0.018    2    2   1    0.58
134    2    0.018    2    1   1    0.66
2    1    -0.018    2    2   1    1.17
31    1    -0.051    2    2   1    0.53
118    2    0.000    2    1   1    1.19
128    2    0.000    2    1   1    0.74
16    1    -0.051    2    2   1    0.80
1    1    -0.051    2    2   1    0.55
79    2    0.018    2    1   1    0.76
77    2    -0.018    1    2   1    1.13
54    1    0.018    1    1   1    0.84
11    1    -0.051    2    2   1    0.64
38    1    0.000    2    2   0    1.17
97    2    -0.018    1    2   1    0.76
55    1    0.051    1    1   1    0.58
99    2    0.018    2    1   1    0.58
46    1    -0.051    2    2   1    0.52
48    1    0.000    2    2   0    1.02
112    2    -0.018    1    2   1    0.57
33    1    0.000    2    2   0    0.57
73    1    0.000    2    2   0    0.54
45    1    0.051    1    1   1    0.57
39    1    0.018    1    1   1    0.82
137    2    -0.018    2    1   0    1.61
6    1    -0.051    2    2   1    0.52
30    1    0.051    1    1   1    0.57
26    1    -0.051    2    2   1    0.56
60    1    0.051    1    1   1    0.50
101    2    -0.051    1    2   1    0.59
7    1    -0.018    2    2   1    0.59
57    1    -0.018    2    2   1    0.53
25    1    0.051    1    1   1    0.68
32    1    -0.018    2    2   1    0.63
126    2    -0.051    1    2   1    0.61
145    2    0.051    2    1   1    0.57
120    2    0.051    2    1   1    0.57
88    2    0.000    2    1   1    2.21
93    2    0.000    2    1   1    0.57
41    1    -0.051    2    2   1    0.51
121    2    -0.051    1    2   1    0.48
131    2    -0.051    1    2   1    0.64
116    2    -0.051    1    2   1    0.52
40    1    0.051    1    1   1    0.93
65    1    0.051    1    1   1    0.69
75    2    0.051    2    1   1    0.48
91    2    -0.051    1    2   1    0.61
44    1    0.018    1    1   1    0.80
22    1    -0.018    2    2   1    0.68
82    2    -0.018    1    2   1    1.59
8    1    0.000    2    2   0    2.10
92    2    -0.018    1    2   1    0.86
83    2    0.000    2    1   1    0.74
50    1    0.051    1    1   1    0.51
125    2    0.051    2    1   1    0.57
76    2    -0.051    1    2   1    0.51
144    2    0.018    2    1   1    0.60
149    2    0.018    2    1   1    0.61
20    1    0.051    1    1   1    0.64
135    2    0.051    2    1   1    0.50
119    2    0.018    2    1   1    0.73
13    1    0.000    2    2   0    0.91
148    2    0.000    2    1   1    1.43
85    2    0.051    2    1   1    1.43
21    1    -0.051    2    2   1    0.77
123    2    0.000    2    1   1    0.53
95    2    0.051    2    1   1    0.52
19    1    0.018    1    1   1    2.37
35    1    0.051    1    1   1    0.83
