--------------------------------
11-Oct-2014 13:01:19 
data from observer T08 
#occlusion2 expt run 2
reference disparity (degrees) 0.160000 

stim order disp kresp testresp correct time
1    2    0.074    2    1   1    1.14
2    2    0.069    2    1   1    0.77
3    1    0.065    1    1   1    2.46
4    2    -0.060    1    2   1    0.74
5    2    0.055    2    1   1    0.63
6    2    -0.051    1    2   1    0.81
7    1    0.046    1    1   1    1.80
8    1    0.042    1    1   1    1.77
9    2    0.037    2    1   1    0.70
10    2    0.032    2    1   1    0.70
11    1    -0.028    2    2   1    0.96
12    2    0.023    2    1   1    1.07
13    2    0.018    2    1   1    0.64
14    1    -0.014    2    2   1    1.16
15    2    0.009    2    1   1    1.22
16    2    0.005    2    1   1    2.31
17    2    0.005    2    1   1    2.10
18    2    0.005    2    1   1    0.72
19    2    0.005    2    1   1    0.72
20    2    -0.005    1    2   1    2.52
21    1    -0.005    2    2   1    0.73
22    1    -0.005    2    2   1    1.96
23    1    -0.005    2    2   1    0.94
24    1    0.005    2    2   0    1.42
25    1    0.014    1    1   1    1.00
26    2    0.014    2    1   1    1.43
27    1    -0.009    2    2   1    1.47
28    2    0.009    2    1   1    1.50
29    1    -0.005    2    2   1    2.64
30    2    0.005    2    1   1    0.62
31    2    0.005    2    1   1    0.54
32    1    -0.005    2    2   1    1.13
33    2    0.005    2    1   1    0.67
34    2    -0.005    2    1   0    1.35
35    2    0.014    2    1   1    0.64
36    2    -0.014    1    2   1    1.35
37    1    -0.009    2    2   1    0.69
38    2    0.009    2    1   1    0.94
39    1    0.005    2    2   0    1.20
40    2    0.014    2    1   1    1.58
41    2    0.014    2    1   1    1.38
42    1    -0.009    2    2   1    1.71
43    2    -0.009    1    2   1    2.19
44    1    -0.005    2    2   1    0.80
45    1    0.005    2    2   0    0.77
46    2    0.014    2    1   1    0.76
47    2    0.014    2    1   1    1.35
48    2    -0.009    1    2   1    1.52
49    1    0.009    1    1   1    1.68
50    1    0.005    1    1   1    1.53
-------------------------
Final staircase threshold estimate (mean) is 0.0092
-------------------------
45    1    0.023    1    1   1    3.55
52    1    -0.009    2    2   1    1.11
146    2    -0.023    1    2   1    0.63
145    2    0.023    2    1   1    0.66
30    1    0.023    1    1   1    0.65
18    1    0.000    2    2   0    1.77
127    2    -0.009    1    2   1    0.56
106    2    -0.023    1    2   1    0.66
12    1    -0.009    2    2   1    0.70
3    1    0.000    2    2   0    2.16
129    2    0.009    2    1   1    0.62
15    1    0.023    1    1   1    0.55
121    2    -0.023    1    2   1    0.70
8    1    0.000    2    2   0    1.99
92    2    -0.009    1    2   1    1.30
115    2    0.023    2    1   1    0.61
37    1    -0.009    2    2   1    0.65
6    1    -0.023    2    2   1    0.55
44    1    0.009    1    1   1    1.07
23    1    0.000    2    2   0    3.54
57    1    -0.009    2    2   1    0.58
96    2    -0.023    1    2   1    0.74
28    1    0.000    1    1   1    0.64
75    2    0.023    2    1   1    0.98
24    1    0.009    1    1   1    0.67
26    1    -0.023    2    2   1    0.54
63    1    0.000    1    1   1    0.51
94    2    0.009    2    1   1    1.03
59    1    0.009    1    1   1    2.03
39    1    0.009    1    1   1    1.31
117    2    -0.009    1    2   1    0.82
38    1    0.000    1    1   1    0.88
143    2    0.000    1    2   0    1.36
108    2    0.000    1    2   0    3.06
78    2    0.000    2    1   1    2.15
42    1    -0.009    2    2   1    1.07
33    1    0.000    1    1   1    1.87
55    1    0.023    1    1   1    0.54
29    1    0.009    1    1   1    0.93
9    1    0.009    1    1   1    0.73
111    2    -0.023    1    2   1    0.64
148    2    0.000    2    1   1    0.85
19    1    0.009    1    1   1    0.73
7    1    -0.009    2    2   1    0.61
83    2    0.000    1    2   0    1.05
126    2    -0.023    1    2   1    0.77
51    1    -0.023    2    2   1    0.86
49    1    0.009    2    2   0    1.15
100    2    0.023    2    1   1    0.72
104    2    0.009    2    1   1    0.68
80    2    0.023    2    1   1    0.91
20    1    0.023    1    1   1    0.72
122    2    -0.009    1    2   1    1.17
144    2    0.009    2    1   1    0.64
16    1    -0.023    2    2   1    0.58
34    1    0.009    1    1   1    0.62
47    1    -0.009    2    2   1    1.23
119    2    0.009    2    1   1    0.74
135    2    0.023    2    1   1    0.89
101    2    -0.023    1    2   1    0.73
114    2    0.009    2    1   1    0.68
5    1    0.023    1    1   1    0.77
88    2    0.000    1    2   0    1.54
25    1    0.023    1    1   1    0.64
48    1    0.000    2    2   0    2.20
81    2    -0.023    1    2   1    0.50
79    2    0.009    2    1   1    1.36
131    2    -0.023    1    2   1    0.55
125    2    0.023    2    1   1    0.80
142    2    -0.009    1    2   1    0.64
87    2    -0.009    1    2   1    1.25
71    1    -0.023    2    2   1    1.43
66    1    -0.023    2    2   1    0.91
112    2    -0.009    1    2   1    0.67
62    1    -0.009    2    2   1    0.74
97    2    -0.009    1    2   1    1.20
54    1    0.009    1    1   1    0.97
50    1    0.023    1    1   1    0.63
109    2    0.009    2    1   1    1.08
22    1    -0.009    2    2   1    0.88
4    1    0.009    1    1   1    1.08
58    1    0.000    2    2   0    1.59
102    2    -0.009    1    2   1    1.07
85    2    0.023    2    1   1    0.64
46    1    -0.023    2    2   1    0.66
128    2    0.000    1    2   0    2.67
69    1    0.009    1    1   1    0.62
137    2    -0.009    1    2   1    0.73
99    2    0.009    2    1   1    1.74
41    1    -0.023    2    2   1    0.56
139    2    0.009    2    1   1    0.76
110    2    0.023    2    1   1    0.73
35    1    0.023    1    1   1    0.59
116    2    -0.023    1    2   1    0.56
36    1    -0.023    2    2   1    0.64
123    2    0.000    1    2   0    1.43
76    2    -0.023    1    2   1    0.61
118    2    0.000    2    1   1    1.02
105    2    0.023    2    1   1    0.55
43    1    0.000    1    1   1    1.62
82    2    -0.009    1    2   1    0.65
138    2    0.000    2    1   1    1.87
134    2    0.009    2    1   1    0.73
120    2    0.023    2    1   1    0.81
89    2    0.009    2    1   1    0.53
64    1    0.009    1    1   1    2.13
17    1    -0.009    2    2   1    0.56
32    1    -0.009    2    2   1    0.74
77    2    -0.009    1    2   1    0.67
65    1    0.023    1    1   1    0.71
90    2    0.023    2    1   1    0.54
107    2    -0.009    1    2   1    1.51
72    1    -0.009    2    2   1    0.55
70    1    0.023    1    1   1    0.62
93    2    0.000    2    1   1    0.54
149    2    0.009    2    1   1    1.81
150    2    0.023    2    1   1    0.66
136    2    -0.023    1    2   1    0.70
147    2    -0.009    1    2   1    1.25
11    1    -0.023    2    2   1    0.61
95    2    0.023    2    1   1    0.60
21    1    -0.023    2    2   1    0.69
67    1    -0.009    1    1   0    1.37
68    1    0.000    2    2   0    0.53
98    2    0.000    2    1   1    0.64
2    1    -0.009    2    2   1    0.86
40    1    0.023    1    1   1    0.84
132    2    -0.009    2    1   0    2.56
84    2    0.009    2    1   1    0.56
56    1    -0.023    2    2   1    0.54
31    1    -0.023    2    2   1    0.55
73    1    0.000    2    2   0    0.62
141    2    -0.023    1    2   1    0.83
91    2    -0.023    1    2   1    0.68
140    2    0.023    2    1   1    0.65
86    2    -0.023    1    2   1    1.00
113    2    0.000    2    1   1    1.62
53    1    0.000    1    1   1    0.87
133    2    0.000    2    1   1    1.60
1    1    -0.023    2    2   1    0.65
14    1    0.009    1    1   1    1.03
10    1    0.023    1    1   1    0.81
130    2    0.023    2    1   1    0.66
103    2    0.000    1    2   0    2.36
27    1    -0.009    2    2   1    0.54
61    1    -0.023    2    2   1    0.59
74    1    0.009    1    1   1    1.23
60    1    0.023    1    1   1    0.74
13    1    0.000    2    2   0    0.73
124    2    0.009    2    1   1    0.71
--------------------------------
02-Oct-2014 15:28:03 
data from observer T08 
#occlusion2 expt 
reference disparity (degrees) 0.160000 

stim order disp kresp testresp correct time
1    2    0.074    2    1   1    3.90
2    2    -0.069    1    2   1    1.62
3    2    -0.065    2    1   0    2.23
4    1    0.074    1    1   1    1.21
5    2    0.074    2    1   1    0.77
6    1    -0.069    2    2   1    1.10
7    1    -0.069    2    2   1    0.87
8    1    0.065    1    1   1    2.13
9    1    0.065    1    1   1    2.27
10    2    -0.060    1    2   1    3.01
11    2    -0.060    1    2   1    2.31
12    2    0.055    2    1   1    1.55
13    2    0.055    2    1   1    2.30
14    1    -0.051    2    2   1    1.50
15    2    -0.051    1    2   1    2.83
16    2    0.046    2    1   1    2.58
17    2    -0.046    1    2   1    3.59
18    2    -0.042    1    2   1    2.00
19    1    0.042    1    1   1    1.58
20    1    -0.037    2    2   1    1.30
21    2    -0.037    1    2   1    2.22
22    2    -0.032    1    2   1    1.58
23    1    -0.032    2    2   1    1.30
24    1    -0.028    2    2   1    1.96
25    2    0.028    2    1   1    2.66
26    2    -0.023    2    1   0    2.97
27    1    -0.032    2    2   1    0.91
28    1    -0.032    2    2   1    2.44
29    1    0.028    1    1   1    1.20
30    1    -0.028    2    2   1    0.75
31    2    -0.023    1    2   1    3.66
32    2    0.023    2    1   1    2.20
33    1    0.018    1    1   1    6.41
34    1    0.018    1    1   1    3.98
35    1    -0.014    2    2   1    0.98
36    1    0.014    1    1   1    0.77
37    2    -0.009    2    1   0    0.80
38    1    0.018    1    1   1    1.70
39    1    0.018    2    2   0    0.73
40    1    0.028    2    2   0    0.75
41    1    0.037    2    2   0    0.77
42    2    -0.046    1    2   1    1.87
43    1    0.046    1    1   1    1.83
44    2    -0.042    1    2   1    1.34
45    1    0.042    1    1   1    0.90
46    2    0.037    2    1   1    1.49
47    1    0.037    1    1   1    1.90
48    2    -0.032    1    2   1    0.93
49    1    -0.032    2    2   1    0.78
50    1    0.028    1    1   1    2.43
-------------------------
Final staircase threshold estimate (mean) is 0.0379
-------------------------
97    2    -0.037    1    2   1    6.44
58    1    0.000    2    2   0    0.89
147    2    -0.037    1    2   1    2.85
105    2    0.092    2    1   1    0.63
88    2    0.000    2    1   1    2.08
67    1    -0.037    2    2   1    1.40
47    1    -0.037    2    2   1    1.49
73    1    0.000    2    2   0    2.59
112    2    -0.037    1    2   1    3.29
62    1    -0.037    2    2   1    1.03
21    1    -0.092    2    2   1    1.30
83    2    0.000    2    1   1    6.50
26    1    -0.092    2    2   1    0.77
139    2    0.037    2    1   1    1.47
92    2    -0.037    1    2   1    4.16
146    2    -0.092    2    1   0    1.79
116    2    -0.092    1    2   1    3.67
23    1    0.000    2    2   0    4.51
11    1    -0.092    2    2   1    1.54
12    1    -0.037    2    2   1    1.95
66    1    -0.092    2    2   1    0.98
41    1    -0.092    2    2   1    1.59
72    1    -0.037    2    2   1    0.97
136    2    -0.092    1    2   1    3.33
50    1    0.092    1    1   1    2.06
63    1    0.000    2    2   0    5.76
141    2    -0.092    1    2   1    2.20
36    1    -0.092    2    2   1    1.97
1    1    -0.092    2    2   1    1.89
142    2    -0.037    1    2   1    2.69
89    2    0.037    2    1   1    1.50
68    1    0.000    2    2   0    4.54
137    2    -0.037    1    2   1    0.91
82    2    -0.037    1    2   1    2.25
122    2    -0.037    1    2   1    2.22
32    1    -0.037    2    2   1    2.37
84    2    0.037    2    1   1    1.27
119    2    0.037    2    1   1    1.98
65    1    0.092    1    1   1    1.11
115    2    0.092    2    1   1    1.50
117    2    -0.037    1    2   1    2.84
52    1    -0.037    2    2   1    1.47
42    1    -0.037    2    2   1    1.85
100    2    0.092    2    1   1    1.58
127    2    -0.037    1    2   1    2.99
2    1    -0.037    2    2   1    1.01
107    2    -0.037    1    2   1    1.44
135    2    0.092    2    1   1    0.91
9    1    0.037    1    1   1    1.39
16    1    -0.092    2    2   1    0.72
30    1    0.092    1    1   1    1.21
132    2    -0.037    1    2   1    2.31
134    2    0.037    2    1   1    0.74
77    2    -0.037    1    2   1    1.95
99    2    0.037    2    1   1    1.39
39    1    0.037    1    1   1    1.69
78    2    0.000    1    2   0    10.02
91    2    -0.092    1    2   1    0.71
14    1    0.037    1    1   1    1.49
145    2    0.092    2    1   1    1.22
18    1    0.000    2    2   0    3.14
148    2    0.000    1    2   0    5.70
111    2    -0.092    1    2   1    2.72
56    1    -0.092    2    2   1    0.94
59    1    0.037    1    1   1    1.70
94    2    0.037    2    1   1    0.80
48    1    0.000    2    2   0    6.95
37    1    -0.037    2    2   1    1.86
128    2    0.000    2    1   1    4.96
90    2    0.092    2    1   1    0.61
133    2    0.000    1    2   0    2.84
150    2    0.092    2    1   1    0.53
123    2    0.000    1    2   0    3.32
8    1    0.000    2    2   0    3.71
80    2    0.092    2    1   1    0.56
55    1    0.092    1    1   1    1.09
35    1    0.092    1    1   1    1.80
101    2    -0.092    1    2   1    1.49
22    1    -0.037    2    2   1    0.83
131    2    -0.092    1    2   1    0.97
120    2    0.092    2    1   1    0.84
75    2    0.092    2    1   1    1.54
60    1    0.092    1    1   1    5.36
138    2    0.000    2    1   1    2.30
76    2    -0.092    1    2   1    1.82
69    1    0.037    1    1   1    2.83
27    1    -0.037    2    2   1    1.58
28    1    0.000    2    2   0    1.94
85    2    0.092    2    1   1    0.84
104    2    0.037    2    1   1    0.94
96    2    -0.092    1    2   1    0.83
7    1    -0.037    2    2   1    1.60
15    1    0.092    1    1   1    1.40
125    2    0.092    2    1   1    1.31
38    1    0.000    2    2   0    6.10
31    1    -0.092    2    2   1    0.61
110    2    0.092    2    1   1    0.97
4    1    0.037    1    1   1    1.04
124    2    0.037    2    1   1    1.41
61    1    -0.092    2    2   1    1.20
102    2    -0.037    1    2   1    1.42
51    1    -0.092    2    2   1    1.34
98    2    0.000    1    2   0    4.44
64    1    0.037    1    1   1    3.21
44    1    0.037    1    1   1    1.53
95    2    0.092    2    1   1    0.78
33    1    0.000    2    2   0    4.70
114    2    0.037    2    1   1    0.49
86    2    -0.092    1    2   1    0.77
126    2    -0.092    1    2   1    0.80
74    1    0.037    1    1   1    1.62
144    2    0.037    2    1   1    0.86
29    1    0.037    1    1   1    1.48
109    2    0.037    2    1   1    0.66
34    1    0.037    1    1   1    1.61
17    1    -0.037    2    2   1    0.70
143    2    0.000    2    1   1    2.73
19    1    0.037    1    1   1    0.69
24    1    0.037    1    1   1    1.10
49    1    0.037    1    1   1    1.16
13    1    0.000    2    2   0    0.91
81    2    -0.092    1    2   1    0.76
10    1    0.092    1    1   1    0.85
45    1    0.092    1    1   1    1.30
3    1    0.000    2    2   0    2.83
71    1    -0.092    2    2   1    0.70
6    1    -0.092    2    2   1    0.88
149    2    0.037    2    1   1    1.22
106    2    -0.092    1    2   1    1.97
129    2    0.037    2    1   1    0.89
103    2    0.000    2    1   1    3.38
93    2    0.000    2    1   1    4.32
46    1    -0.092    2    2   1    0.75
108    2    0.000    2    1   1    6.67
40    1    0.092    1    1   1    0.69
54    1    0.037    1    1   1    1.25
53    1    0.000    1    1   1    3.46
70    1    0.092    1    1   1    2.38
118    2    0.000    2    1   1    2.58
79    2    0.037    2    1   1    1.11
121    2    -0.092    1    2   1    1.86
25    1    0.092    1    1   1    0.98
140    2    0.092    2    1   1    0.74
130    2    0.092    2    1   1    0.79
43    1    0.000    2    2   0    1.75
87    2    -0.037    1    2   1    1.46
57    1    -0.037    2    2   1    0.79
5    1    0.092    1    1   1    0.83
20    1    0.092    1    1   1    0.83
113    2    0.000    2    1   1    2.98
