--------------------------------
11-Oct-2014 13:40:20 
data from observer T08 
#occlusion2 expt 
reference disparity (degrees) 0.160000 

stim order disp kresp testresp correct time
1    1    0.074    2    2   1    0.74
2    2    0.069    1    2   1    0.93
3    2    -0.065    2    1   1    0.55
4    2    0.060    1    2   1    0.70
5    2    0.055    1    2   1    0.77
6    1    -0.051    1    1   1    0.54
7    1    -0.046    1    1   1    0.51
8    1    -0.042    1    1   1    0.62
9    1    -0.037    1    1   1    0.55
10    1    -0.032    1    1   1    0.58
11    1    -0.028    1    1   1    0.57
12    1    -0.023    1    1   1    0.67
13    1    0.018    2    2   1    0.52
14    1    0.014    2    2   1    0.56
15    2    0.009    1    2   1    1.33
16    2    -0.005    2    1   1    1.26
17    2    -0.005    2    1   1    1.71
18    1    -0.005    1    1   1    2.18
19    1    -0.005    2    2   0    1.75
20    2    0.014    1    2   1    0.68
21    1    -0.014    1    1   1    0.88
22    2    0.009    1    2   1    0.90
23    2    0.009    2    1   0    1.20
24    1    0.018    2    2   1    0.71
25    2    -0.018    2    1   1    0.74
26    1    0.014    2    2   1    0.64
27    1    0.014    2    2   1    0.74
28    1    0.009    2    2   1    1.06
29    2    0.009    1    2   1    0.79
30    1    0.005    2    2   1    0.70
31    1    0.005    2    2   1    0.64
32    1    -0.005    1    1   1    2.23
33    2    -0.005    2    1   1    1.27
34    1    -0.005    2    2   0    1.24
35    1    0.014    2    2   1    0.78
36    1    0.014    2    2   1    0.70
37    2    0.009    1    2   1    1.90
38    1    -0.009    1    1   1    0.67
39    2    -0.005    2    1   1    0.72
40    1    -0.005    1    1   1    1.25
41    2    -0.005    2    1   1    1.80
42    2    0.005    2    1   0    2.73
43    2    0.014    1    2   1    0.64
44    1    -0.014    1    1   1    1.41
45    1    -0.009    1    1   1    0.92
46    1    0.009    2    2   1    1.98
47    1    -0.005    1    1   1    2.42
48    1    0.005    2    2   1    1.24
49    1    0.005    2    2   1    0.95
50    1    0.005    2    2   1    1.88
-------------------------
Final staircase threshold estimate (mean) is 0.0074
-------------------------
64    1    0.009    2    2   0    3.14
22    1    -0.009    1    1   0    1.77
132    2    -0.009    2    1   0    0.62
50    1    0.018    2    2   0    0.59
4    1    0.009    2    2   0    0.55
69    1    0.009    2    2   0    0.62
43    1    0.000    2    2   0    1.30
109    2    0.009    1    2   0    3.07
42    1    -0.009    1    1   0    1.43
75    2    0.018    1    2   0    0.80
87    2    -0.009    2    1   0    0.79
129    2    0.009    1    2   0    2.80
76    2    -0.018    2    1   0    0.55
35    1    0.018    2    2   0    0.71
30    1    0.018    2    2   0    0.61
128    2    0.000    2    1   1    1.76
93    2    0.000    2    1   1    0.67
98    2    0.000    2    1   1    0.61
141    2    -0.018    2    1   0    0.61
104    2    0.009    1    2   0    0.88
121    2    -0.018    2    1   0    0.74
39    1    0.009    2    2   0    0.88
71    1    -0.018    1    1   0    0.97
140    2    0.018    1    2   0    0.65
27    1    -0.009    1    1   0    0.90
149    2    0.009    1    2   0    0.75
33    1    0.000    2    2   0    0.50
123    2    0.000    2    1   1    0.75
51    1    -0.018    1    1   0    0.75
85    2    0.018    1    2   0    0.70
34    1    0.009    2    2   0    0.68
83    2    0.000    2    1   1    1.17
68    1    0.000    2    2   0    0.84
124    2    0.009    1    2   0    0.87
73    1    0.000    2    2   0    0.56
81    2    -0.018    2    1   0    0.60
57    1    -0.009    1    1   0    0.72
138    2    0.000    2    1   1    0.75
40    1    0.018    2    2   0    0.67
29    1    0.009    2    2   0    0.60
44    1    0.009    2    2   0    0.63
47    1    -0.009    1    1   0    0.71
146    2    -0.018    2    1   0    0.49
84    2    0.009    1    2   0    0.73
17    1    -0.009    1    1   0    0.80
144    2    0.009    1    2   0    0.78
66    1    -0.018    1    1   0    0.69
70    1    0.018    2    2   0    0.66
142    2    -0.009    2    1   0    0.75
77    2    -0.009    2    1   0    0.80
3    1    0.000    2    2   0    0.80
26    1    -0.018    1    1   0    0.62
8    1    0.000    2    2   0    0.68
96    2    -0.018    2    1   0    0.64
105    2    0.018    1    2   0    0.73
102    2    -0.009    2    1   0    1.10
94    2    0.009    1    2   0    0.77
108    2    0.000    2    1   1    0.71
20    1    0.018    1    1   1    0.48
19    1    0.009    2    2   0    0.54
131    2    -0.018    2    1   0    0.53
31    1    -0.018    1    1   0    0.71
99    2    0.009    1    2   0    0.81
110    2    0.018    1    2   0    0.65
38    1    0.000    1    1   1    1.15
80    2    0.018    2    1   1    1.02
45    1    0.018    2    2   0    0.83
16    1    -0.018    1    1   0    0.75
107    2    -0.009    2    1   0    0.71
115    2    0.018    1    2   0    0.57
72    1    -0.009    1    1   0    1.21
5    1    0.018    2    2   0    0.77
106    2    -0.018    2    1   0    0.61
127    2    -0.009    2    1   0    1.00
24    1    0.009    2    2   0    0.60
119    2    0.009    1    2   0    0.92
133    2    0.000    2    1   1    0.77
13    1    0.000    2    2   0    0.76
137    2    -0.009    2    1   0    0.74
126    2    -0.018    2    1   0    1.64
136    2    -0.018    2    1   0    0.67
53    1    0.000    2    2   0    0.96
62    1    -0.009    1    1   0    2.41
88    2    0.000    1    2   0    1.54
113    2    0.000    2    1   1    0.78
74    1    0.009    2    2   0    1.07
49    1    0.009    2    2   0    0.98
82    2    -0.009    1    2   1    3.13
14    1    0.009    1    1   1    1.02
28    1    0.000    2    2   0    1.38
65    1    0.018    2    2   0    1.08
52    1    -0.009    1    1   0    1.39
116    2    -0.018    2    1   0    0.85
95    2    0.018    1    2   0    0.58
145    2    0.018    1    2   0    0.76
148    2    0.000    1    2   0    1.35
21    1    -0.018    1    1   0    0.57
120    2    0.018    1    2   0    0.66
60    1    0.018    2    2   0    0.87
10    1    0.018    2    2   0    0.71
125    2    0.018    1    2   0    0.61
78    2    0.000    2    1   1    0.94
1    1    -0.018    1    1   0    0.54
91    2    -0.018    2    1   0    0.62
90    2    0.018    1    2   0    0.74
59    1    0.009    2    2   0    0.73
12    1    -0.009    2    2   1    1.53
46    1    -0.018    1    1   0    0.69
92    2    -0.009    2    1   0    0.60
23    1    0.000    1    1   1    1.47
48    1    0.000    1    1   1    0.83
2    1    -0.009    1    1   0    0.79
18    1    0.000    2    2   0    0.82
11    1    -0.018    1    1   0    0.81
89    2    0.009    1    2   0    0.75
118    2    0.000    2    1   1    0.64
58    1    0.000    2    2   0    0.59
67    1    -0.009    1    1   0    0.59
9    1    0.009    2    2   0    2.16
79    2    0.009    1    2   0    0.74
56    1    -0.018    1    1   0    0.86
25    1    0.018    2    2   0    0.66
36    1    -0.018    1    1   0    0.64
86    2    -0.018    2    1   0    0.63
7    1    -0.009    1    1   0    0.67
100    2    0.018    1    2   0    0.60
15    1    0.018    2    2   0    0.71
114    2    0.009    2    1   1    1.34
112    2    -0.009    2    1   0    0.66
97    2    -0.009    2    1   0    0.87
103    2    0.000    1    2   0    3.58
32    1    -0.009    1    1   0    0.72
61    1    -0.018    1    1   0    0.67
134    2    0.009    1    2   0    0.59
135    2    0.018    1    2   0    1.66
6    1    -0.018    1    1   0    0.73
41    1    -0.018    1    1   0    0.52
101    2    -0.018    2    1   0    0.85
143    2    0.000    2    1   1    2.38
122    2    -0.009    2    1   0    0.65
63    1    0.000    2    2   0    0.95
130    2    0.018    1    2   0    1.05
147    2    -0.009    2    1   0    0.66
150    2    0.018    1    2   0    0.63
139    2    0.009    1    2   0    0.57
55    1    0.018    2    2   0    1.14
37    1    -0.009    1    1   0    0.76
111    2    -0.018    2    1   0    0.73
117    2    -0.009    2    1   0    0.83
54    1    0.009    2    2   0    0.77
