--------------------------------
11-Oct-2014 13:32:57 
data from observer T08 
#occlusion2 expt 
reference disparity (degrees) 0.160000 

stim order disp kresp testresp correct time
1    2    0.074    1    2   1    1.98
2    1    -0.069    1    1   1    0.97
3    1    -0.065    1    1   1    0.60
4    1    -0.060    1    1   1    1.39
5    1    -0.055    1    1   1    1.07
6    2    0.051    1    2   1    1.08
7    2    0.046    1    2   1    0.82
8    2    -0.042    2    1   1    1.01
9    1    0.037    2    2   1    0.86
10    1    0.032    2    2   1    0.70
11    1    0.028    2    2   1    0.67
12    2    0.023    1    2   1    1.04
13    1    -0.018    1    1   1    1.28
14    1    -0.014    2    2   0    0.77
15    2    -0.023    2    1   1    0.66
16    1    0.023    2    2   1    0.73
17    1    -0.018    1    1   1    1.64
18    1    0.018    2    2   1    1.48
19    1    0.014    2    2   1    1.30
20    1    -0.014    1    1   1    1.11
21    2    -0.009    2    1   1    2.47
22    2    0.009    1    2   1    1.80
23    1    0.005    2    2   1    1.76
24    2    -0.005    1    2   0    3.60
25    2    0.014    1    2   1    0.80
26    2    -0.014    2    1   1    0.99
27    2    -0.009    2    1   1    3.82
28    1    -0.009    1    1   1    0.82
29    1    0.005    1    1   0    1.70
30    1    0.014    2    2   1    1.01
31    2    0.014    1    2   1    2.21
32    1    0.009    2    2   1    0.73
33    1    -0.009    1    1   1    2.37
34    1    0.005    2    2   1    1.35
35    2    -0.005    1    2   0    1.46
36    2    0.014    1    2   1    1.72
37    1    -0.014    1    1   1    1.25
38    2    -0.009    2    1   1    2.99
39    1    0.009    2    2   1    2.91
40    2    0.005    1    2   1    2.05
41    1    0.005    2    2   1    1.30
42    2    0.005    1    2   1    1.11
43    1    -0.005    1    1   1    1.44
44    2    0.005    2    1   0    0.67
45    2    -0.014    2    1   1    1.16
46    2    -0.014    2    1   1    1.31
47    2    0.009    1    2   1    2.07
48    1    -0.009    1    1   1    1.27
49    2    -0.005    2    1   1    0.74
50    2    -0.005    2    1   1    1.53
-------------------------
Final staircase threshold estimate (mean) is 0.0074
-------------------------
83    2    0.000    2    1   1    5.20
146    2    -0.018    2    1   0    1.00
2    1    -0.009    1    1   0    3.03
93    2    0.000    2    1   1    1.55
12    1    -0.009    1    1   0    0.73
149    2    0.009    1    2   0    1.51
23    1    0.000    1    1   1    0.57
32    1    -0.009    1    1   0    0.68
113    2    0.000    2    1   1    0.30
8    1    0.000    1    1   1    0.26
75    2    0.018    1    2   0    0.43
10    1    0.018    2    2   0    0.75
130    2    0.018    1    2   0    0.95
21    1    -0.018    1    1   0    0.52
106    2    -0.018    2    1   0    0.67
34    1    0.009    2    2   0    0.74
17    1    -0.009    2    2   1    0.90
142    2    -0.009    2    1   0    0.72
37    1    -0.009    1    1   0    0.96
59    1    0.009    2    2   0    0.40
108    2    0.000    2    1   1    0.53
94    2    0.009    2    1   1    0.53
31    1    -0.018    1    1   0    0.81
95    2    0.018    1    2   0    0.81
68    1    0.000    2    2   0    0.61
137    2    -0.009    1    2   1    0.35
87    2    -0.009    2    1   0    0.75
27    1    -0.009    1    1   0    0.81
82    2    -0.009    2    1   0    0.68
114    2    0.009    1    2   0    1.01
50    1    0.018    2    2   0    1.44
97    2    -0.009    2    1   0    0.67
55    1    0.018    2    2   0    1.42
49    1    0.009    2    2   0    2.66
84    2    0.009    2    1   1    1.15
67    1    -0.009    1    1   0    1.44
30    1    0.018    2    2   0    1.34
147    2    -0.009    2    1   0    0.95
99    2    0.009    1    2   0    0.96
53    1    0.000    1    1   1    1.35
69    1    0.009    2    2   0    0.67
143    2    0.000    2    1   1    1.78
115    2    0.018    1    2   0    0.76
89    2    0.009    1    2   0    1.54
60    1    0.018    2    2   0    0.71
56    1    -0.018    1    1   0    0.64
107    2    -0.009    2    1   0    0.62
90    2    0.018    1    2   0    0.66
80    2    0.018    1    2   0    0.77
118    2    0.000    2    1   1    0.92
132    2    -0.009    2    1   0    0.67
127    2    -0.009    2    1   0    0.72
133    2    0.000    2    1   1    2.81
86    2    -0.018    2    1   0    0.71
111    2    -0.018    2    1   0    0.91
120    2    0.018    1    2   0    1.42
77    2    -0.009    2    1   0    1.00
144    2    0.009    1    2   0    0.86
126    2    -0.018    2    1   0    0.62
14    1    0.009    2    2   0    0.62
64    1    0.009    2    2   0    0.72
54    1    0.009    2    2   0    0.53
141    2    -0.018    2    1   0    0.54
117    2    -0.009    2    1   0    0.57
122    2    -0.009    2    1   0    1.68
39    1    0.009    2    2   0    1.44
119    2    0.009    1    2   0    0.74
110    2    0.018    2    1   1    0.42
125    2    0.018    1    2   0    0.88
121    2    -0.018    2    1   0    0.79
76    2    -0.018    2    1   0    2.05
140    2    0.018    1    2   0    2.49
65    1    0.018    2    2   0    5.08
128    2    0.000    1    2   0    2.49
91    2    -0.018    1    2   1    0.97
98    2    0.000    1    2   0    0.51
18    1    0.000    1    1   1    1.51
1    1    -0.018    1    1   0    1.15
52    1    -0.009    2    2   1    0.72
131    2    -0.018    1    2   1    0.50
92    2    -0.009    2    1   0    0.57
85    2    0.018    1    2   0    0.64
7    1    -0.009    1    1   0    0.62
71    1    -0.018    1    1   0    0.60
9    1    0.009    2    2   0    0.73
36    1    -0.018    1    1   0    1.11
139    2    0.009    1    2   0    0.63
47    1    -0.009    1    1   0    0.89
61    1    -0.018    1    1   0    0.65
78    2    0.000    2    1   1    1.35
5    1    0.018    2    2   0    0.61
88    2    0.000    2    1   1    0.88
79    2    0.009    1    2   0    1.53
74    1    0.009    2    2   0    0.77
58    1    0.000    2    2   0    2.65
4    1    0.009    1    1   1    2.51
33    1    0.000    1    1   1    0.92
101    2    -0.018    2    1   0    0.81
20    1    0.018    2    2   0    0.84
100    2    0.018    1    2   0    1.45
72    1    -0.009    1    1   0    1.47
43    1    0.000    2    2   0    1.31
40    1    0.018    2    2   0    0.76
73    1    0.000    2    2   0    1.91
148    2    0.000    1    2   0    2.33
57    1    -0.009    1    1   0    0.97
28    1    0.000    2    2   0    1.62
25    1    0.018    2    2   0    1.03
109    2    0.009    1    2   0    1.12
6    1    -0.018    1    1   0    0.79
136    2    -0.018    2    1   0    1.05
38    1    0.000    1    1   1    1.49
134    2    0.009    1    2   0    1.16
46    1    -0.018    1    1   0    0.65
11    1    -0.018    1    1   0    0.58
116    2    -0.018    2    1   0    0.67
16    1    -0.018    1    1   0    1.62
96    2    -0.018    1    2   1    1.70
35    1    0.018    2    2   0    1.17
66    1    -0.018    1    1   0    0.76
150    2    0.018    1    2   0    0.72
145    2    0.018    2    1   1    1.04
112    2    -0.009    2    1   0    0.76
41    1    -0.018    1    1   0    0.65
105    2    0.018    1    2   0    0.68
63    1    0.000    2    2   0    1.33
3    1    0.000    2    2   0    0.77
44    1    0.009    2    2   0    0.80
135    2    0.018    1    2   0    0.70
81    2    -0.018    2    1   0    0.83
29    1    0.009    2    2   0    0.64
102    2    -0.009    2    1   0    0.97
129    2    0.009    1    2   0    1.73
26    1    -0.018    1    1   0    0.95
19    1    0.009    2    2   0    0.59
62    1    -0.009    1    1   0    1.76
103    2    0.000    2    1   1    0.60
42    1    -0.009    1    1   0    1.68
22    1    -0.009    2    2   1    1.28
104    2    0.009    1    2   0    1.42
123    2    0.000    2    1   1    1.63
124    2    0.009    1    2   0    1.60
48    1    0.000    1    1   1    0.95
13    1    0.000    2    2   0    0.63
45    1    0.018    2    2   0    0.77
138    2    0.000    2    1   1    3.08
70    1    0.018    2    2   0    1.09
51    1    -0.018    1    1   0    1.52
24    1    0.009    2    2   0    0.86
15    1    0.018    2    2   0    1.17
