--------------------------------
02-Oct-2014 15:54:34 
data from observer T08 
#occlusion2 expt 
reference disparity (degrees) 0.160000 

stim order disp kresp testresp correct time
1    1    0.074    1    1   1    5.07
2    2    0.069    2    1   1    0.63
3    1    0.065    1    1   1    2.23
4    1    0.060    1    1   1    0.83
5    1    -0.055    2    2   1    0.63
6    1    0.051    1    1   1    1.60
7    1    0.046    1    1   1    1.64
8    1    0.042    1    1   1    1.68
9    1    0.037    1    1   1    3.14
10    1    -0.032    2    2   1    0.66
11    1    0.028    2    2   0    1.64
12    2    0.037    2    1   1    0.59
13    1    -0.037    2    2   1    0.66
14    2    -0.032    2    1   0    0.77
15    1    -0.042    2    2   1    0.67
16    2    0.042    2    1   1    0.68
17    1    -0.037    2    2   1    0.73
18    2    0.037    2    1   1    0.88
19    2    0.032    2    1   1    2.00
20    2    0.032    2    1   1    1.26
21    2    0.028    2    1   1    2.30
22    2    0.028    2    1   1    4.02
23    2    0.023    2    1   1    0.61
24    2    0.023    2    1   1    1.02
25    1    -0.018    2    2   1    1.39
26    1    0.018    1    1   1    2.49
27    1    0.014    2    2   0    1.38
28    1    -0.023    2    2   1    0.98
29    2    0.023    2    1   1    1.32
30    2    -0.018    1    2   1    3.33
31    1    0.018    1    1   1    2.17
32    2    0.014    2    1   1    0.76
33    1    0.014    1    1   1    2.70
34    2    0.009    2    1   1    0.67
35    1    0.009    1    1   1    2.03
36    2    0.005    2    1   1    1.04
37    2    0.005    2    1   1    1.30
38    1    0.005    1    1   1    0.87
39    1    -0.005    2    2   1    0.69
40    2    0.005    2    1   1    1.78
41    1    -0.005    1    1   0    2.42
42    1    0.014    1    1   1    0.97
43    2    0.014    2    1   1    0.77
44    1    -0.009    2    2   1    0.65
45    2    -0.009    1    2   1    1.37
46    1    0.005    1    1   1    2.45
47    2    0.005    2    1   1    0.85
48    2    0.005    2    1   1    2.75
49    2    0.005    1    2   0    1.70
50    1    0.014    1    1   1    1.73
-------------------------
Final staircase threshold estimate (mean) is 0.0083
-------------------------
148    2    0.000    2    1   1    5.96
68    1    0.000    2    2   0    4.50
7    1    -0.009    2    2   1    3.00
9    1    0.009    1    1   1    3.83
117    2    -0.009    1    2   1    2.06
129    2    0.009    2    1   1    0.58
5    1    0.023    1    1   1    2.74
142    2    -0.009    2    1   0    3.35
118    2    0.000    1    2   0    0.83
108    2    0.000    2    1   1    2.97
106    2    -0.023    1    2   1    1.11
52    1    -0.009    2    2   1    0.73
127    2    -0.009    1    2   1    1.46
46    1    -0.023    2    2   1    0.63
33    1    0.000    2    2   0    1.00
24    1    0.009    1    1   1    1.96
40    1    0.023    1    1   1    0.88
4    1    0.009    1    1   1    0.85
53    1    0.000    2    2   0    0.77
44    1    0.009    1    1   1    0.66
27    1    -0.009    2    2   1    0.68
86    2    -0.023    1    2   1    1.52
38    1    0.000    1    1   1    0.92
149    2    0.009    2    1   1    0.66
39    1    0.009    1    1   1    2.09
50    1    0.023    1    1   1    1.01
81    2    -0.023    1    2   1    0.97
75    2    0.023    2    1   1    1.10
112    2    -0.009    1    2   1    4.89
135    2    0.023    2    1   1    1.09
62    1    -0.009    2    2   1    2.01
100    2    0.023    2    1   1    1.04
11    1    -0.023    2    2   1    1.41
132    2    -0.009    1    2   1    3.74
8    1    0.000    2    2   0    1.97
107    2    -0.009    1    2   1    2.26
57    1    -0.009    2    2   1    0.85
115    2    0.023    2    1   1    1.15
134    2    0.009    2    1   1    1.10
150    2    0.023    2    1   1    0.70
139    2    0.009    2    1   1    1.21
125    2    0.023    2    1   1    0.94
102    2    -0.009    1    2   1    3.37
143    2    0.000    2    1   1    0.72
63    1    0.000    2    2   0    0.86
74    1    0.009    1    1   1    3.09
35    1    0.023    1    1   1    3.93
110    2    0.023    2    1   1    1.93
45    1    0.023    1    1   1    5.15
34    1    0.009    1    1   1    3.23
29    1    0.009    1    1   1    2.16
48    1    0.000    1    1   1    5.12
16    1    -0.023    2    2   1    1.67
60    1    0.023    1    1   1    2.54
78    2    0.000    2    1   1    3.22
77    2    -0.009    2    1   0    1.73
114    2    0.009    2    1   1    0.74
28    1    0.000    2    2   0    0.89
85    2    0.023    2    1   1    0.70
141    2    -0.023    1    2   1    4.84
71    1    -0.023    2    2   1    1.39
105    2    0.023    2    1   1    2.27
79    2    0.009    2    1   1    3.98
130    2    0.023    2    1   1    2.50
32    1    -0.009    2    2   1    2.59
103    2    0.000    2    1   1    1.78
111    2    -0.023    1    2   1    1.24
15    1    0.023    1    1   1    1.15
31    1    -0.023    2    2   1    1.29
25    1    0.023    1    1   1    1.90
54    1    0.009    2    2   0    1.73
22    1    -0.009    2    2   1    0.72
23    1    0.000    1    1   1    1.96
51    1    -0.023    2    2   1    2.29
119    2    0.009    2    1   1    1.69
95    2    0.023    2    1   1    2.04
92    2    -0.009    1    2   1    3.22
42    1    -0.009    2    2   1    0.89
147    2    -0.009    1    2   1    2.24
6    1    -0.023    2    2   1    0.75
89    2    0.009    2    1   1    1.24
30    1    0.023    1    1   1    1.76
146    2    -0.023    2    1   0    1.71
67    1    -0.009    2    2   1    1.76
131    2    -0.023    1    2   1    3.16
64    1    0.009    1    1   1    3.27
26    1    -0.023    2    2   1    0.75
122    2    -0.009    1    2   1    3.74
56    1    -0.023    2    2   1    2.18
121    2    -0.023    1    2   1    1.26
136    2    -0.023    1    2   1    0.85
58    1    0.000    1    1   1    1.27
98    2    0.000    2    1   1    1.28
109    2    0.009    2    1   1    1.62
83    2    0.000    2    1   1    3.11
123    2    0.000    2    1   1    1.18
47    1    -0.009    2    2   1    2.27
37    1    -0.009    2    2   1    1.75
138    2    0.000    1    2   0    2.21
94    2    0.009    2    1   1    1.15
73    1    0.000    2    2   0    4.19
17    1    -0.009    2    2   1    0.99
96    2    -0.023    1    2   1    1.74
82    2    -0.009    2    1   0    2.63
59    1    0.009    1    1   1    1.44
36    1    -0.023    2    2   1    0.83
49    1    0.009    2    2   0    4.66
55    1    0.023    1    1   1    0.64
88    2    0.000    2    1   1    0.72
1    1    -0.023    2    2   1    0.59
41    1    -0.023    2    2   1    0.49
90    2    0.023    2    1   1    1.74
101    2    -0.023    1    2   1    1.05
91    2    -0.023    1    2   1    0.62
80    2    0.023    2    1   1    0.67
13    1    0.000    2    2   0    1.27
104    2    0.009    2    1   1    0.97
10    1    0.023    2    2   0    0.72
70    1    0.023    1    1   1    1.09
116    2    -0.023    1    2   1    1.30
133    2    0.000    2    1   1    1.08
93    2    0.000    2    1   1    1.05
61    1    -0.023    2    2   1    0.84
128    2    0.000    1    2   0    1.17
14    1    0.009    1    1   1    1.92
66    1    -0.023    2    2   1    0.66
99    2    0.009    2    1   1    2.46
84    2    0.009    2    1   1    0.97
43    1    0.000    2    2   0    0.85
21    1    -0.023    2    2   1    0.65
18    1    0.000    2    2   0    3.03
87    2    -0.009    1    2   1    2.05
76    2    -0.023    1    2   1    1.22
65    1    0.023    1    1   1    5.37
145    2    0.023    2    1   1    1.07
19    1    0.009    1    1   1    4.18
72    1    -0.009    2    2   1    1.63
113    2    0.000    2    1   1    2.01
126    2    -0.023    1    2   1    2.28
20    1    0.023    1    1   1    0.76
3    1    0.000    2    2   0    2.92
144    2    0.009    2    1   1    3.23
2    1    -0.009    2    2   1    2.55
140    2    0.023    2    1   1    0.67
124    2    0.009    2    1   1    1.98
120    2    0.023    2    1   1    1.20
137    2    -0.009    1    2   1    1.88
69    1    0.009    2    2   0    1.73
12    1    -0.009    2    2   1    0.70
97    2    -0.009    1    2   1    2.41
