--------------------------------
11-Oct-2014 13:26:08 
data from observer T08 
#occlusion2 expt 
reference disparity (degrees) 0.160000 

stim order disp kresp testresp correct time
1    2    0.074    1    2   1    1.81
2    1    0.069    2    2   1    0.57
3    2    -0.065    2    1   1    0.55
4    1    0.060    2    2   1    0.52
5    1    -0.055    1    1   1    0.48
6    2    0.051    1    2   1    0.52
7    1    0.046    2    2   1    0.55
8    2    0.042    1    2   1    0.68
9    2    -0.037    2    1   1    0.52
10    2    0.032    1    2   1    0.91
11    1    -0.028    1    1   1    1.62
12    2    0.023    1    2   1    1.77
13    1    -0.018    1    1   1    0.71
14    1    -0.014    2    2   0    0.61
15    2    0.023    1    2   1    0.69
16    1    -0.023    1    1   1    0.72
17    2    0.018    1    2   1    0.84
18    1    0.018    2    2   1    0.52
19    2    0.014    1    2   1    0.77
20    1    -0.014    2    2   0    0.73
21    1    0.023    2    2   1    0.62
22    2    -0.023    2    1   1    0.65
23    2    -0.018    2    1   1    1.04
24    2    -0.018    2    1   1    0.77
25    2    0.014    1    2   1    2.15
26    2    -0.014    2    1   1    0.73
27    2    0.009    1    2   1    3.49
28    2    0.009    1    2   1    1.65
29    1    -0.005    2    2   0    0.53
30    1    -0.014    2    2   0    1.19
31    2    -0.023    2    1   1    0.54
32    1    0.023    2    2   1    0.54
33    2    -0.018    2    1   1    0.93
34    2    0.018    1    2   1    1.58
35    1    -0.014    1    1   1    2.54
36    1    -0.014    2    2   0    1.54
37    2    0.023    1    2   1    1.55
38    2    0.023    1    2   1    2.01
39    1    0.018    2    2   1    0.54
40    1    -0.018    2    2   0    2.11
41    2    -0.028    2    1   1    0.51
42    1    -0.028    1    1   1    0.92
43    2    0.023    1    2   1    1.14
44    1    0.023    2    2   1    0.54
45    2    -0.018    2    1   1    0.53
46    1    0.018    2    2   1    0.53
47    1    -0.014    1    1   1    2.16
48    1    -0.014    1    1   1    0.86
49    2    0.009    2    1   0    0.59
50    1    0.018    2    2   1    0.61
-------------------------
Final staircase threshold estimate (mean) is 0.0194
-------------------------
140    2    0.051    1    2   0    2.46
35    1    0.051    2    2   0    0.54
6    1    -0.051    1    1   0    0.69
51    1    -0.051    1    1   0    0.62
108    2    0.000    2    1   1    0.55
103    2    0.000    2    1   1    0.58
132    2    -0.018    2    1   0    0.51
14    1    0.018    2    2   0    0.54
95    2    0.051    1    2   0    0.63
83    2    0.000    2    1   1    1.02
3    1    0.000    2    2   0    0.84
128    2    0.000    2    1   1    0.63
29    1    0.018    2    2   0    0.67
78    2    0.000    2    1   1    1.68
57    1    -0.018    1    1   0    2.65
70    1    0.051    2    2   0    0.55
139    2    0.018    1    2   0    1.23
44    1    0.018    2    2   0    0.70
73    1    0.000    2    2   0    1.17
125    2    0.051    1    2   0    0.57
99    2    0.018    1    2   0    1.86
131    2    -0.051    2    1   0    0.51
87    2    -0.018    2    1   0    0.55
101    2    -0.051    2    1   0    0.59
136    2    -0.051    2    1   0    0.55
65    1    0.051    2    2   0    0.54
1    1    -0.051    1    1   0    0.86
126    2    -0.051    2    1   0    0.54
76    2    -0.051    2    1   0    0.60
49    1    0.018    2    2   0    1.03
22    1    -0.018    1    1   0    1.78
67    1    -0.018    1    1   0    2.79
115    2    0.051    1    2   0    2.28
102    2    -0.018    2    1   0    0.80
45    1    0.051    2    2   0    0.64
20    1    0.051    2    2   0    0.99
10    1    0.051    2    2   0    0.53
134    2    0.018    1    2   0    2.20
17    1    -0.018    2    2   1    0.85
66    1    -0.051    1    1   0    0.73
105    2    0.051    1    2   0    1.13
19    1    0.018    2    2   0    0.73
58    1    0.000    2    2   0    1.99
143    2    0.000    2    1   1    0.73
16    1    -0.051    1    1   0    0.53
123    2    0.000    2    1   1    0.72
86    2    -0.051    2    1   0    0.70
25    1    0.051    2    2   0    0.84
38    1    0.000    2    2   0    1.08
71    1    -0.051    1    1   0    1.18
52    1    -0.018    1    1   0    2.73
21    1    -0.051    1    1   0    0.76
110    2    0.051    1    2   0    0.60
92    2    -0.018    2    1   0    1.20
4    1    0.018    2    2   0    0.88
18    1    0.000    2    2   0    0.65
119    2    0.018    1    2   0    1.24
135    2    0.051    1    2   0    0.62
141    2    -0.051    2    1   0    0.60
63    1    0.000    2    2   0    1.01
111    2    -0.051    2    1   0    0.50
34    1    0.018    2    2   0    0.60
130    2    0.051    1    2   0    0.65
138    2    0.000    2    1   1    0.64
28    1    0.000    2    2   0    1.59
9    1    0.018    2    2   0    0.59
48    1    0.000    2    2   0    0.73
41    1    -0.051    1    1   0    0.67
113    2    0.000    2    1   1    1.41
59    1    0.018    2    2   0    0.78
62    1    -0.018    1    1   0    1.36
85    2    0.051    1    2   0    0.81
46    1    -0.051    1    1   0    0.71
56    1    -0.051    1    1   0    0.68
60    1    0.051    2    2   0    0.62
64    1    0.018    2    2   0    1.09
37    1    -0.018    1    1   0    0.68
121    2    -0.051    2    1   0    0.51
97    2    -0.018    2    1   0    0.60
122    2    -0.018    2    1   0    0.90
69    1    0.018    2    2   0    0.58
96    2    -0.051    2    1   0    0.57
137    2    -0.018    2    1   0    0.98
24    1    0.018    2    2   0    1.14
39    1    0.018    2    2   0    0.77
61    1    -0.051    1    1   0    1.15
11    1    -0.051    1    1   0    2.17
107    2    -0.018    2    1   0    0.75
93    2    0.000    2    1   1    1.73
33    1    0.000    2    2   0    1.06
84    2    0.018    1    2   0    1.53
100    2    0.051    1    2   0    0.62
13    1    0.000    2    2   0    0.72
148    2    0.000    2    1   1    1.02
30    1    0.051    2    2   0    0.59
55    1    0.051    2    2   0    0.51
80    2    0.051    1    2   0    0.58
149    2    0.018    2    1   1    1.40
144    2    0.018    2    1   1    0.61
81    2    -0.051    2    1   0    0.53
5    1    0.051    2    2   0    0.54
42    1    -0.018    1    1   0    1.31
68    1    0.000    2    2   0    1.06
79    2    0.018    1    2   0    0.84
94    2    0.018    1    2   0    0.69
75    2    0.051    1    2   0    0.73
147    2    -0.018    2    1   0    0.68
150    2    0.051    1    2   0    0.73
54    1    0.018    2    2   0    0.57
145    2    0.051    1    2   0    0.87
124    2    0.018    1    2   0    1.22
91    2    -0.051    2    1   0    0.58
129    2    0.018    1    2   0    0.87
23    1    0.000    2    2   0    0.45
118    2    0.000    2    1   1    0.61
104    2    0.018    1    2   0    0.53
116    2    -0.051    2    1   0    0.41
106    2    -0.051    2    1   0    0.57
47    1    -0.018    1    1   0    2.29
117    2    -0.018    2    1   0    1.54
31    1    -0.051    1    1   0    1.76
53    1    0.000    2    2   0    1.81
74    1    0.018    2    2   0    1.50
90    2    0.051    1    2   0    0.89
142    2    -0.018    2    1   0    1.98
77    2    -0.018    2    1   0    0.87
50    1    0.051    2    2   0    0.68
72    1    -0.018    1    1   0    3.24
7    1    -0.018    1    1   0    0.60
40    1    0.051    2    2   0    0.54
27    1    -0.018    1    1   0    0.81
146    2    -0.051    2    1   0    0.50
32    1    -0.018    2    2   1    1.37
26    1    -0.051    1    1   0    0.61
109    2    0.018    1    2   0    1.57
43    1    0.000    2    2   0    0.63
8    1    0.000    2    2   0    0.53
112    2    -0.018    2    1   0    0.57
12    1    -0.018    1    1   0    1.28
2    1    -0.018    1    1   0    0.83
120    2    0.051    1    2   0    0.78
88    2    0.000    2    1   1    2.63
89    2    0.018    1    2   0    1.60
133    2    0.000    2    1   1    0.74
114    2    0.018    1    2   0    1.47
36    1    -0.051    1    1   0    0.75
98    2    0.000    2    1   1    2.30
82    2    -0.018    2    1   0    0.69
127    2    -0.018    2    1   0    0.63
15    1    0.051    2    2   0    0.60
