--------------------------------
10-Oct-2014 16:54:44 
data from observer T09 
#occlusion2 expt 
reference disparity (degrees) 0.160000 

stim order disp kresp testresp correct time
1    1    0.074    1    1   1    1.41
2    2    -0.069    1    2   1    0.65
3    2    -0.065    1    2   1    0.58
4    2    0.060    2    1   1    0.60
5    2    0.055    2    1   1    0.61
6    2    -0.051    1    2   1    0.47
7    2    0.046    2    1   1    0.50
8    1    0.042    1    1   1    0.49
9    2    0.037    2    1   1    0.46
10    1    -0.032    2    2   1    0.58
11    1    -0.028    2    2   1    0.52
12    1    -0.023    2    2   1    1.12
13    1    -0.018    2    2   1    1.92
14    2    -0.014    1    2   1    0.49
15    2    -0.009    1    2   1    1.01
16    2    -0.005    1    2   1    2.54
17    1    -0.005    2    2   1    0.79
18    2    -0.005    1    2   1    0.82
19    1    0.005    1    1   1    2.01
20    1    -0.005    2    2   1    1.59
21    1    0.005    1    1   1    0.79
22    2    -0.005    1    2   1    2.86
23    2    0.005    2    1   1    0.82
24    2    0.005    2    1   1    0.67
25    2    -0.005    1    2   1    0.94
26    1    0.005    2    2   0    0.60
27    2    -0.014    2    1   0    0.93
28    2    -0.023    1    2   1    0.61
29    1    0.023    1    1   1    1.60
30    1    -0.018    2    2   1    0.64
31    2    -0.018    1    2   1    1.11
32    2    -0.014    2    1   0    1.10
33    2    0.023    2    1   1    1.20
34    1    0.023    1    1   1    1.26
35    1    -0.018    2    2   1    0.63
36    1    -0.018    2    2   1    1.17
37    1    0.014    2    2   0    3.14
38    2    0.023    2    1   1    0.58
39    1    -0.023    2    2   1    0.52
40    2    -0.018    1    2   1    0.56
41    2    0.018    2    1   1    0.49
42    1    -0.014    2    2   1    0.48
43    2    -0.014    1    2   1    0.51
44    2    -0.009    1    2   1    1.60
45    2    -0.009    1    2   1    1.10
46    1    0.005    1    1   1    0.74
47    1    -0.005    2    2   1    0.47
48    1    0.005    2    2   0    0.64
49    1    0.014    1    1   1    0.98
50    2    -0.014    1    2   1    2.98
-------------------------
Final staircase threshold estimate (mean) is 0.0106
-------------------------
31    1    -0.028    2    2   1    3.64
14    1    0.009    1    1   1    0.89
13    1    0.000    2    2   0    4.07
113    2    0.000    2    1   1    2.43
37    1    -0.009    2    2   1    0.73
58    1    0.000    1    1   1    0.91
5    1    0.028    1    1   1    3.72
120    2    0.028    2    1   1    0.69
94    2    0.009    2    1   1    0.86
74    1    0.009    1    1   1    0.65
99    2    0.009    2    1   1    0.54
8    1    0.000    1    1   1    1.95
89    2    0.009    2    1   1    0.51
122    2    -0.009    1    2   1    0.59
68    1    0.000    2    2   0    0.55
137    2    -0.009    1    2   1    1.78
125    2    0.028    2    1   1    0.50
45    1    0.028    1    1   1    0.53
59    1    0.009    1    1   1    0.68
73    1    0.000    2    2   0    0.63
140    2    0.028    2    1   1    0.62
114    2    0.009    2    1   1    0.71
144    2    0.009    2    1   1    1.00
130    2    0.028    2    1   1    0.67
25    1    0.028    1    1   1    0.56
86    2    -0.028    1    2   1    0.59
147    2    -0.009    2    1   0    1.46
27    1    -0.009    2    2   1    0.73
129    2    0.009    2    1   1    0.96
135    2    0.028    2    1   1    0.73
28    1    0.000    1    1   1    2.55
103    2    0.000    2    1   1    4.49
112    2    -0.009    1    2   1    2.64
65    1    0.028    1    1   1    0.77
16    1    -0.028    2    2   1    0.57
61    1    -0.028    2    2   1    1.70
9    1    0.009    1    1   1    0.90
134    2    0.009    2    1   1    0.54
76    2    -0.028    1    2   1    0.57
84    2    0.009    2    1   1    0.44
53    1    0.000    1    1   1    0.91
52    1    -0.009    2    2   1    0.68
85    2    0.028    2    1   1    0.59
149    2    0.009    2    1   1    1.11
51    1    -0.028    2    2   1    0.64
49    1    0.009    1    1   1    0.60
126    2    -0.028    1    2   1    0.65
55    1    0.028    2    2   0    0.98
104    2    0.009    2    1   1    0.75
118    2    0.000    1    2   0    2.53
2    1    -0.009    2    2   1    0.98
1    1    -0.028    2    2   1    0.59
56    1    -0.028    2    2   1    0.55
41    1    -0.028    2    2   1    0.47
141    2    -0.028    1    2   1    0.57
124    2    0.009    2    1   1    0.49
6    1    -0.028    2    2   1    0.50
15    1    0.028    1    1   1    0.48
90    2    0.028    2    1   1    0.49
60    1    0.028    1    1   1    0.47
66    1    -0.028    2    2   1    0.32
95    2    0.028    2    1   1    0.61
69    1    0.009    1    1   1    0.48
44    1    0.009    1    1   1    0.62
107    2    -0.009    2    1   0    1.11
4    1    0.009    1    1   1    0.66
79    2    0.009    2    1   1    0.65
70    1    0.028    1    1   1    0.53
42    1    -0.009    2    2   1    0.68
35    1    0.028    1    1   1    0.53
108    2    0.000    1    2   0    1.59
138    2    0.000    1    2   0    1.13
93    2    0.000    2    1   1    0.75
21    1    -0.028    2    2   1    0.88
43    1    0.000    1    1   1    0.74
30    1    0.028    1    1   1    0.53
36    1    -0.028    2    2   1    0.50
22    1    -0.009    2    2   1    0.54
7    1    -0.009    2    2   1    0.73
146    2    -0.028    1    2   1    0.50
77    2    -0.009    1    2   1    0.54
40    1    0.028    1    1   1    0.52
3    1    0.000    1    1   1    0.56
17    1    -0.009    1    1   0    0.48
105    2    0.028    2    1   1    0.61
87    2    -0.009    1    2   1    0.57
75    2    0.028    2    1   1    0.59
11    1    -0.028    2    2   1    0.58
91    2    -0.028    1    2   1    0.50
150    2    0.028    2    1   1    0.50
63    1    0.000    1    1   1    1.60
117    2    -0.009    1    2   1    1.12
136    2    -0.028    1    2   1    0.61
46    1    -0.028    2    2   1    0.44
119    2    0.009    2    1   1    0.88
80    2    0.028    2    1   1    0.64
23    1    0.000    1    1   1    1.47
47    1    -0.009    2    2   1    0.78
57    1    -0.009    2    2   1    0.53
78    2    0.000    1    2   0    1.58
139    2    0.009    2    1   1    0.51
148    2    0.000    2    1   1    3.27
71    1    -0.028    2    2   1    0.62
26    1    -0.028    2    2   1    0.54
83    2    0.000    1    2   0    0.82
115    2    0.028    2    1   1    0.72
101    2    -0.028    1    2   1    0.51
67    1    -0.009    2    2   1    0.63
145    2    0.028    2    1   1    0.76
19    1    0.009    1    1   1    1.16
48    1    0.000    2    2   0    1.39
38    1    0.000    2    2   0    0.85
102    2    -0.009    1    2   1    0.69
39    1    0.009    1    1   1    0.62
62    1    -0.009    2    2   1    0.55
110    2    0.028    2    1   1    0.48
54    1    0.009    1    1   1    0.75
92    2    -0.009    1    2   1    0.77
100    2    0.028    2    1   1    0.52
132    2    -0.009    1    2   1    0.52
29    1    0.009    2    2   0    1.30
10    1    0.028    1    1   1    0.58
116    2    -0.028    1    2   1    0.62
88    2    0.000    2    1   1    1.24
128    2    0.000    1    2   0    0.51
96    2    -0.028    1    2   1    0.53
133    2    0.000    1    2   0    1.88
50    1    0.028    1    1   1    0.63
81    2    -0.028    1    2   1    0.65
142    2    -0.009    2    1   0    1.03
12    1    -0.009    1    1   0    1.93
18    1    0.000    2    2   0    0.79
64    1    0.009    1    1   1    0.93
98    2    0.000    2    1   1    0.58
82    2    -0.009    1    2   1    1.88
121    2    -0.028    1    2   1    0.81
24    1    0.009    1    1   1    0.68
34    1    0.009    1    1   1    1.07
33    1    0.000    2    2   0    1.32
131    2    -0.028    1    2   1    2.07
127    2    -0.009    1    2   1    1.70
143    2    0.000    1    2   0    1.93
20    1    0.028    1    1   1    0.75
72    1    -0.009    2    2   1    0.49
123    2    0.000    1    2   0    0.98
32    1    -0.009    2    2   1    0.60
109    2    0.009    2    1   1    0.60
106    2    -0.028    1    2   1    0.65
111    2    -0.028    1    2   1    0.55
97    2    -0.009    1    2   1    0.62
