--------------------------------
10-Oct-2014 16:45:08 
data from observer T09 
#occlusion2 expt 
reference disparity (degrees) 0.160000 

stim order disp kresp testresp correct time
1    2    -0.074    1    2   1    1.09
2    1    0.069    1    1   1    0.61
3    2    0.065    2    1   1    0.61
4    2    -0.060    1    2   1    0.90
5    1    0.055    1    1   1    0.92
6    2    -0.051    1    2   1    0.75
7    1    0.046    1    1   1    0.59
8    1    0.042    1    1   1    0.61
9    1    0.037    1    1   1    0.51
10    2    -0.032    1    2   1    0.67
11    1    -0.028    2    2   1    0.52
12    1    0.023    1    1   1    0.70
13    1    -0.018    2    2   1    1.66
14    2    0.014    2    1   1    2.44
15    1    -0.009    2    2   1    1.45
16    1    0.005    2    2   0    2.17
17    1    0.014    1    1   1    1.35
18    1    -0.014    1    1   0    4.37
19    1    -0.023    2    2   1    0.72
20    1    0.023    1    1   1    0.79
21    2    0.018    2    1   1    0.60
22    2    0.018    2    1   1    0.93
23    1    0.014    1    1   1    0.68
24    2    0.014    2    1   1    0.68
25    1    -0.009    2    2   1    0.65
26    2    0.009    1    2   0    0.98
27    1    0.018    1    1   1    0.92
28    1    -0.018    2    2   1    0.67
29    1    0.014    1    1   1    0.63
30    1    0.014    1    1   1    0.84
31    2    -0.009    1    2   1    0.75
32    2    -0.009    1    2   1    0.70
33    1    -0.005    1    1   0    0.81
34    1    0.014    1    1   1    1.03
35    1    0.014    1    1   1    1.50
36    1    0.009    2    2   0    0.76
37    1    0.018    1    1   1    1.27
38    2    0.018    2    1   1    0.70
39    2    0.014    2    1   1    0.52
40    1    0.014    2    2   0    2.04
41    1    -0.023    1    1   0    3.16
42    1    0.032    1    1   1    2.55
43    1    0.032    1    1   1    1.41
44    2    0.028    1    2   0    1.41
45    1    0.037    1    1   1    0.85
46    2    -0.037    1    2   1    0.70
47    1    0.032    1    1   1    0.66
48    2    0.032    2    1   1    0.88
49    2    0.028    2    1   1    0.60
50    2    -0.028    1    2   1    0.65
-------------------------
Final staircase threshold estimate (mean) is 0.0309
-------------------------
129    2    0.032    2    1   1    2.52
123    2    0.000    1    2   0    1.73
58    1    0.000    2    2   0    0.80
64    1    0.032    1    1   1    0.65
114    2    0.032    2    1   1    0.53
103    2    0.000    1    2   0    1.53
126    2    -0.079    1    2   1    0.66
134    2    0.032    2    1   1    0.51
6    1    -0.079    2    2   1    0.58
36    1    -0.079    2    2   1    0.61
78    2    0.000    2    1   1    1.32
57    1    -0.032    2    2   1    1.44
125    2    0.079    2    1   1    0.93
56    1    -0.079    2    2   1    3.64
44    1    0.032    1    1   1    0.73
106    2    -0.079    1    2   1    0.71
132    2    -0.032    1    2   1    0.58
48    1    0.000    2    2   0    0.59
127    2    -0.032    1    2   1    2.34
63    1    0.000    2    2   0    3.11
68    1    0.000    1    1   1    2.10
67    1    -0.032    2    2   1    0.63
135    2    0.079    2    1   1    2.49
92    2    -0.032    1    2   1    1.06
25    1    0.079    1    1   1    0.99
47    1    -0.032    2    2   1    0.85
13    1    0.000    2    2   0    1.38
35    1    0.079    1    1   1    0.76
23    1    0.000    1    1   1    1.57
85    2    0.079    2    1   1    0.65
133    2    0.000    2    1   1    5.46
12    1    -0.032    2    2   1    0.81
90    2    0.079    2    1   1    0.70
91    2    -0.079    1    2   1    1.01
18    1    0.000    1    1   1    4.16
37    1    -0.032    2    2   1    0.64
53    1    0.000    1    1   1    1.24
76    2    -0.079    1    2   1    0.77
26    1    -0.079    2    2   1    0.90
8    1    0.000    2    2   0    6.24
140    2    0.079    2    1   1    1.70
49    1    0.032    1    1   1    1.65
19    1    0.032    1    1   1    4.15
101    2    -0.079    2    1   0    4.97
138    2    0.000    1    2   0    3.95
104    2    0.032    2    1   1    1.97
105    2    0.079    2    1   1    3.72
150    2    0.079    2    1   1    2.58
144    2    0.032    2    1   1    1.07
60    1    0.079    1    1   1    1.23
147    2    -0.032    1    2   1    1.18
21    1    -0.079    2    2   1    4.11
1    1    -0.079    2    2   1    2.26
146    2    -0.079    1    2   1    0.70
17    1    -0.032    2    2   1    0.68
15    1    0.079    1    1   1    0.60
80    2    0.079    2    1   1    0.60
45    1    0.079    1    1   1    0.56
115    2    0.079    2    1   1    0.69
84    2    0.032    1    2   0    1.06
109    2    0.032    2    1   1    2.55
73    1    0.000    1    1   1    0.65
108    2    0.000    2    1   1    0.60
52    1    -0.032    2    2   1    0.77
61    1    -0.079    2    2   1    0.79
88    2    0.000    2    1   1    0.70
148    2    0.000    1    2   0    1.05
82    2    -0.032    1    2   1    0.85
38    1    0.000    1    1   1    4.38
111    2    -0.079    1    2   1    2.21
51    1    -0.079    2    2   1    1.64
139    2    0.032    2    1   1    1.96
34    1    0.032    1    1   1    1.07
39    1    0.032    1    1   1    0.75
66    1    -0.079    2    2   1    0.84
7    1    -0.032    2    2   1    1.76
137    2    -0.032    1    2   1    0.78
136    2    -0.079    1    2   1    1.35
79    2    0.032    2    1   1    1.88
128    2    0.000    1    2   0    0.83
131    2    -0.079    1    2   1    2.67
5    1    0.079    1    1   1    2.56
22    1    -0.032    2    2   1    2.07
87    2    -0.032    1    2   1    0.65
29    1    0.032    1    1   1    1.51
28    1    0.000    2    2   0    1.92
72    1    -0.032    2    2   1    1.82
24    1    0.032    1    1   1    0.63
27    1    -0.032    2    2   1    1.22
121    2    -0.079    1    2   1    0.62
71    1    -0.079    2    2   1    0.68
14    1    0.032    1    1   1    0.55
89    2    0.032    2    1   1    0.44
74    1    0.032    1    1   1    0.45
141    2    -0.079    1    2   1    0.63
145    2    0.079    2    1   1    1.59
62    1    -0.032    1    1   0    3.16
112    2    -0.032    1    2   1    0.72
93    2    0.000    1    2   0    3.32
43    1    0.000    1    1   1    0.93
3    1    0.000    1    1   1    3.58
117    2    -0.032    1    2   1    2.04
42    1    -0.032    2    2   1    3.00
50    1    0.079    1    1   1    0.77
96    2    -0.079    1    2   1    1.34
113    2    0.000    1    2   0    1.38
11    1    -0.079    2    2   1    3.12
65    1    0.079    1    1   1    0.81
99    2    0.032    1    2   0    2.12
55    1    0.079    1    1   1    1.91
69    1    0.032    1    1   1    1.94
143    2    0.000    1    2   0    1.41
31    1    -0.079    1    1   0    1.01
75    2    0.079    2    1   1    2.25
149    2    0.032    2    1   1    0.67
124    2    0.032    2    1   1    0.68
70    1    0.079    1    1   1    0.70
16    1    -0.079    1    1   0    0.78
120    2    0.079    2    1   1    0.80
102    2    -0.032    1    2   1    0.85
110    2    0.079    2    1   1    2.81
77    2    -0.032    1    2   1    1.52
100    2    0.079    2    1   1    1.15
33    1    0.000    1    1   1    1.89
122    2    -0.032    1    2   1    0.66
4    1    0.032    1    1   1    0.70
94    2    0.032    2    1   1    0.68
95    2    0.079    2    1   1    0.72
130    2    0.079    2    1   1    0.98
86    2    -0.079    1    2   1    1.05
2    1    -0.032    2    2   1    0.53
10    1    0.079    1    1   1    0.65
32    1    -0.032    2    2   1    0.84
54    1    0.032    1    1   1    0.71
9    1    0.032    1    1   1    0.91
81    2    -0.079    1    2   1    2.82
30    1    0.079    1    1   1    0.62
59    1    0.032    1    1   1    0.82
41    1    -0.079    1    1   0    0.81
118    2    0.000    1    2   0    0.58
20    1    0.079    1    1   1    0.72
119    2    0.032    2    1   1    1.17
46    1    -0.079    2    2   1    1.81
83    2    0.000    1    2   0    3.32
116    2    -0.079    1    2   1    1.13
98    2    0.000    2    1   1    4.01
40    1    0.079    1    1   1    0.65
107    2    -0.032    1    2   1    4.06
97    2    -0.032    1    2   1    0.94
142    2    -0.032    1    2   1    0.69
