--------------------------------
16-Oct-2014 13:31:33 
data from observer T09 
#occlusion2 expt 
reference disparity (degrees) 0.160000 

stim order disp kresp testresp correct time
1    2    -0.074    2    1   1    2.22
2    2    0.069    1    2   1    0.55
3    2    0.065    2    1   0    1.11
4    2    -0.074    2    1   1    1.83
5    2    0.074    1    2   1    0.82
6    2    -0.069    2    1   1    0.57
7    1    0.069    2    2   1    0.76
8    1    -0.065    1    1   1    0.64
9    2    -0.065    2    1   1    0.49
10    2    -0.060    2    1   1    0.89
11    2    -0.060    2    1   1    0.75
12    2    -0.055    2    1   1    2.39
13    1    0.055    2    2   1    0.58
14    2    0.051    1    2   1    0.68
15    1    -0.051    1    1   1    0.59
16    2    -0.046    2    1   1    0.51
17    2    -0.046    2    1   1    0.71
18    2    -0.042    2    1   1    0.51
19    2    -0.042    2    1   1    0.57
20    1    0.037    2    2   1    0.91
21    1    -0.037    1    1   1    1.28
22    2    -0.032    1    2   0    2.52
23    2    0.042    1    2   1    1.32
24    1    0.042    2    2   1    0.87
25    1    -0.037    1    1   1    0.77
26    2    0.037    1    2   1    0.79
27    1    0.032    2    2   1    1.47
28    1    0.032    2    2   1    1.16
29    1    0.028    2    2   1    0.89
30    2    -0.028    2    1   1    0.77
31    2    -0.023    2    1   1    1.60
32    2    0.023    1    2   1    1.08
33    1    -0.018    1    1   1    0.96
34    1    0.018    2    2   1    1.17
35    2    -0.014    2    1   1    1.92
36    1    0.014    2    2   1    1.64
37    2    -0.009    1    2   0    1.15
38    1    -0.018    1    1   1    0.63
39    1    -0.018    1    1   1    0.54
40    2    0.014    1    2   1    0.54
41    1    0.014    1    1   0    0.51
42    2    0.023    1    2   1    0.61
43    1    -0.023    1    1   1    0.59
44    2    0.018    1    2   1    0.63
45    1    0.018    1    1   0    0.61
46    2    -0.028    2    1   1    1.03
47    1    0.028    2    2   1    1.19
48    2    0.023    1    2   1    0.74
49    1    0.023    2    2   1    1.57
50    1    -0.018    1    1   1    0.64
-------------------------
Final staircase threshold estimate (mean) is 0.0217
-------------------------
14    1    0.023    2    2   0    3.57
109    2    0.023    1    2   0    6.32
16    1    -0.055    1    1   0    0.90
79    2    0.023    1    2   0    0.63
47    1    -0.023    1    1   0    0.64
143    2    0.000    1    2   0    0.51
3    1    0.000    1    1   1    0.52
32    1    -0.023    1    1   0    0.44
44    1    0.023    1    1   1    0.43
121    2    -0.055    2    1   0    0.49
93    2    0.000    1    2   0    0.61
98    2    0.000    1    2   0    1.06
72    1    -0.023    1    1   0    0.76
5    1    0.055    2    2   0    0.58
40    1    0.055    2    2   0    0.51
36    1    -0.055    1    1   0    0.59
128    2    0.000    2    1   1    4.63
17    1    -0.023    1    1   0    0.80
18    1    0.000    1    1   1    2.17
54    1    0.023    2    2   0    0.78
35    1    0.055    2    2   0    0.63
52    1    -0.023    1    1   0    0.60
115    2    0.055    1    2   0    0.59
1    1    -0.055    1    1   0    0.51
124    2    0.023    1    2   0    1.20
130    2    0.055    1    2   0    0.58
99    2    0.023    1    2   0    0.71
117    2    -0.023    2    1   0    0.65
142    2    -0.023    2    1   0    1.34
2    1    -0.023    1    1   0    0.94
87    2    -0.023    2    1   0    1.72
7    1    -0.023    1    1   0    0.51
31    1    -0.055    1    1   0    1.24
127    2    -0.023    2    1   0    0.48
97    2    -0.023    2    1   0    0.60
107    2    -0.023    2    1   0    0.57
67    1    -0.023    1    1   0    0.55
129    2    0.023    1    2   0    0.63
51    1    -0.055    1    1   0    0.60
64    1    0.023    2    2   0    0.63
20    1    0.055    2    2   0    0.51
45    1    0.055    2    2   0    0.46
134    2    0.023    2    1   1    0.66
56    1    -0.055    1    1   0    0.53
22    1    -0.023    1    1   0    1.42
71    1    -0.055    1    1   0    0.61
76    2    -0.055    2    1   0    0.63
27    1    -0.023    1    1   0    0.68
123    2    0.000    2    1   1    1.62
86    2    -0.055    2    1   0    0.80
110    2    0.055    1    2   0    0.67
10    1    0.055    2    2   0    1.10
84    2    0.023    1    2   0    1.31
73    1    0.000    1    1   1    5.31
101    2    -0.055    2    1   0    0.70
92    2    -0.023    2    1   0    2.74
131    2    -0.055    2    1   0    0.57
82    2    -0.023    2    1   0    0.96
113    2    0.000    2    1   1    1.11
149    2    0.023    1    2   0    2.37
144    2    0.023    2    1   1    1.29
21    1    -0.055    1    1   0    1.12
120    2    0.055    1    2   0    0.00
95    2    0.055    1    2   0    0.99
19    1    0.023    2    2   0    0.85
106    2    -0.055    2    1   0    0.77
146    2    -0.055    1    2   1    1.60
140    2    0.055    1    2   0    2.69
102    2    -0.023    2    1   0    1.96
23    1    0.000    1    1   1    1.05
24    1    0.023    2    2   0    3.53
48    1    0.000    2    2   0    1.33
118    2    0.000    1    2   0    2.01
135    2    0.055    1    2   0    1.43
43    1    0.000    1    1   1    0.66
75    2    0.055    1    2   0    3.14
69    1    0.023    2    2   0    1.69
89    2    0.023    1    2   0    0.57
126    2    -0.055    2    1   0    0.70
60    1    0.055    2    2   0    1.09
9    1    0.023    2    2   0    0.88
133    2    0.000    1    2   0    1.06
49    1    0.023    1    1   1    1.30
65    1    0.055    2    2   0    1.03
137    2    -0.023    2    1   0    0.72
122    2    -0.023    2    1   0    4.67
70    1    0.055    2    2   0    0.83
96    2    -0.055    2    1   0    0.92
112    2    -0.023    2    1   0    0.52
37    1    -0.023    2    2   1    0.63
148    2    0.000    2    1   1    0.60
57    1    -0.023    1    1   0    1.55
138    2    0.000    1    2   0    0.90
33    1    0.000    1    1   1    2.20
6    1    -0.055    1    1   0    0.69
111    2    -0.055    2    1   0    0.78
25    1    0.055    2    2   0    1.04
15    1    0.055    2    2   0    1.40
53    1    0.000    1    1   1    4.41
108    2    0.000    1    2   0    0.99
103    2    0.000    1    2   0    1.72
8    1    0.000    1    1   1    1.06
90    2    0.055    2    1   1    2.28
83    2    0.000    1    2   0    1.41
136    2    -0.055    1    2   1    3.98
125    2    0.055    1    2   0    2.29
34    1    0.023    1    1   1    5.92
4    1    0.023    1    1   1    1.03
41    1    -0.055    1    1   0    1.15
46    1    -0.055    1    1   0    0.86
116    2    -0.055    2    1   0    1.93
29    1    0.023    1    1   1    0.83
88    2    0.000    1    2   0    1.16
68    1    0.000    1    1   1    0.75
141    2    -0.055    2    1   0    0.83
61    1    -0.055    1    1   0    0.83
77    2    -0.023    2    1   0    2.04
105    2    0.055    1    2   0    1.39
78    2    0.000    1    2   0    0.67
66    1    -0.055    1    1   0    0.67
26    1    -0.055    1    1   0    0.80
94    2    0.023    1    2   0    2.82
81    2    -0.055    2    1   0    0.61
38    1    0.000    1    1   1    0.83
39    1    0.023    2    2   0    0.85
58    1    0.000    2    2   0    0.55
145    2    0.055    1    2   0    1.29
104    2    0.023    1    2   0    2.98
12    1    -0.023    1    1   0    2.72
30    1    0.055    2    2   0    0.71
100    2    0.055    1    2   0    0.82
59    1    0.023    2    2   0    0.74
11    1    -0.055    1    1   0    2.00
119    2    0.023    1    2   0    2.84
28    1    0.000    1    1   1    1.16
139    2    0.023    1    2   0    0.69
80    2    0.055    1    2   0    0.70
63    1    0.000    1    1   1    0.78
42    1    -0.023    1    1   0    0.80
62    1    -0.023    1    1   0    0.72
74    1    0.023    1    1   1    1.27
150    2    0.055    1    2   0    0.68
85    2    0.055    1    2   0    2.19
13    1    0.000    2    2   0    2.18
132    2    -0.023    1    2   1    0.97
50    1    0.055    2    2   0    0.96
91    2    -0.055    2    1   0    0.99
147    2    -0.023    2    1   0    2.36
55    1    0.055    2    2   0    0.60
114    2    0.023    2    1   1    0.62
