--------------------------------
16-Oct-2014 13:24:22 
data from observer T09 
#occlusion2 expt 
reference disparity (degrees) 0.160000 

stim order disp kresp testresp correct time
1    2    -0.074    2    1   1    3.33
2    2    -0.069    2    1   1    0.52
3    2    0.065    1    2   1    0.76
4    1    -0.060    1    1   1    0.47
5    2    -0.055    2    1   1    0.46
6    1    -0.051    1    1   1    0.60
7    2    0.046    1    2   1    0.52
8    2    0.042    1    2   1    0.47
9    1    -0.037    1    1   1    0.57
10    1    -0.032    1    1   1    1.56
11    2    0.028    1    2   1    0.49
12    1    0.023    2    2   1    0.58
13    2    -0.018    2    1   1    0.81
14    2    0.014    1    2   1    0.63
15    2    0.009    1    2   1    1.32
16    1    0.005    2    2   1    0.43
17    1    0.005    2    2   1    0.88
18    1    -0.005    2    2   0    0.81
19    2    0.014    1    2   1    0.93
20    1    0.014    2    2   1    0.82
21    1    0.009    2    2   1    0.78
22    1    -0.009    1    1   1    0.58
23    2    0.005    2    1   0    0.57
24    1    -0.014    1    1   1    0.56
25    1    -0.014    1    1   1    0.74
26    2    0.009    2    1   0    0.59
27    1    0.018    2    2   1    0.62
28    1    -0.018    1    1   1    0.51
29    1    0.014    2    2   1    0.50
30    2    -0.014    2    1   1    0.55
31    1    0.009    2    2   1    0.59
32    2    -0.009    2    1   1    0.48
33    1    0.005    2    2   1    0.54
34    1    0.005    2    2   1    1.11
35    2    0.005    1    2   1    1.30
36    2    -0.005    2    1   1    0.69
37    1    0.005    2    2   1    1.18
38    1    0.005    2    2   1    0.56
39    1    -0.005    2    2   0    1.20
40    2    0.014    1    2   1    0.57
41    2    -0.014    2    1   1    0.58
42    2    0.009    1    2   1    0.80
43    2    -0.009    2    1   1    0.61
44    2    -0.005    2    1   1    0.64
45    2    -0.005    1    2   0    0.81
46    2    -0.014    2    1   1    0.61
47    1    -0.014    1    1   1    0.56
48    2    -0.009    2    1   1    0.57
49    1    0.009    2    2   1    0.61
50    2    -0.005    2    1   1    0.56
-------------------------
Final staircase threshold estimate (mean) is 0.0092
-------------------------
126    2    -0.023    2    1   0    3.96
90    2    0.023    1    2   0    2.22
5    1    0.023    2    2   0    1.35
113    2    0.000    2    1   1    3.79
140    2    0.023    1    2   0    0.64
27    1    -0.009    1    1   0    0.69
17    1    -0.009    1    1   0    0.53
146    2    -0.023    2    1   0    0.48
143    2    0.000    1    2   0    1.07
117    2    -0.009    2    1   0    0.56
134    2    0.009    1    2   0    0.56
33    1    0.000    1    1   1    1.24
29    1    0.009    2    2   0    0.61
96    2    -0.023    2    1   0    0.57
104    2    0.009    1    2   0    0.56
85    2    0.023    1    2   0    0.58
69    1    0.009    2    2   0    0.44
11    1    -0.023    1    1   0    0.49
107    2    -0.009    2    1   0    0.79
48    1    0.000    2    2   0    0.86
76    2    -0.023    2    1   0    0.51
82    2    -0.009    2    1   0    0.57
70    1    0.023    2    2   0    0.48
125    2    0.023    1    2   0    0.54
32    1    -0.009    1    1   0    0.56
88    2    0.000    2    1   1    0.54
73    1    0.000    2    2   0    0.66
42    1    -0.009    1    1   0    0.80
147    2    -0.009    2    1   0    0.84
121    2    -0.023    2    1   0    0.50
111    2    -0.023    2    1   0    0.63
14    1    0.009    2    2   0    0.72
149    2    0.009    1    2   0    0.62
53    1    0.000    1    1   1    0.65
71    1    -0.023    1    1   0    0.54
128    2    0.000    1    2   0    0.96
148    2    0.000    2    1   1    1.14
30    1    0.023    2    2   0    0.65
123    2    0.000    1    2   0    2.94
124    2    0.009    1    2   0    0.96
23    1    0.000    1    1   1    1.61
35    1    0.023    2    2   0    0.89
91    2    -0.023    2    1   0    0.56
16    1    -0.023    1    1   0    0.58
93    2    0.000    1    2   0    0.69
108    2    0.000    1    2   0    0.80
10    1    0.023    2    2   0    0.58
46    1    -0.023    1    1   0    0.52
122    2    -0.009    2    1   0    0.59
51    1    -0.023    1    1   0    0.54
15    1    0.023    2    2   0    0.63
95    2    0.023    1    2   0    0.51
47    1    -0.009    1    1   0    1.62
57    1    -0.009    1    1   0    0.60
2    1    -0.009    1    1   0    0.57
105    2    0.023    1    2   0    0.60
36    1    -0.023    1    1   0    0.64
22    1    -0.009    1    1   0    0.78
58    1    0.000    2    2   0    0.69
145    2    0.023    1    2   0    0.50
12    1    -0.009    1    1   0    0.84
116    2    -0.023    2    1   0    0.60
115    2    0.023    1    2   0    0.77
40    1    0.023    2    2   0    0.64
118    2    0.000    2    1   1    1.35
138    2    0.000    1    2   0    0.90
114    2    0.009    1    2   0    0.71
127    2    -0.009    2    1   0    0.70
8    1    0.000    2    2   0    2.22
60    1    0.023    2    2   0    0.74
28    1    0.000    1    1   1    1.69
50    1    0.023    2    2   0    0.55
86    2    -0.023    2    1   0    0.81
3    1    0.000    2    2   0    0.60
18    1    0.000    1    1   1    0.73
83    2    0.000    2    1   1    0.65
103    2    0.000    2    1   1    0.72
130    2    0.023    1    2   0    0.71
92    2    -0.009    2    1   0    1.19
87    2    -0.009    2    1   0    0.65
34    1    0.009    2    2   0    0.82
64    1    0.009    1    1   1    0.92
84    2    0.009    1    2   0    0.88
81    2    -0.023    2    1   0    0.66
61    1    -0.023    1    1   0    0.54
80    2    0.023    1    2   0    0.65
66    1    -0.023    1    1   0    0.60
9    1    0.009    2    2   0    0.68
133    2    0.000    2    1   1    0.58
136    2    -0.023    2    1   0    0.61
45    1    0.023    2    2   0    0.64
94    2    0.009    1    2   0    0.80
139    2    0.009    1    2   0    0.92
119    2    0.009    1    2   0    0.85
43    1    0.000    2    2   0    0.58
89    2    0.009    1    2   0    0.58
65    1    0.023    2    2   0    0.44
98    2    0.000    2    1   1    0.41
142    2    -0.009    2    1   0    0.69
41    1    -0.023    1    1   0    0.81
99    2    0.009    2    1   1    0.86
44    1    0.009    2    2   0    1.17
100    2    0.023    1    2   0    0.91
39    1    0.009    2    2   0    0.67
1    1    -0.023    1    1   0    1.68
24    1    0.009    2    2   0    1.52
62    1    -0.009    1    1   0    1.21
144    2    0.009    1    2   0    0.71
7    1    -0.009    1    1   0    1.38
150    2    0.023    1    2   0    0.82
75    2    0.023    1    2   0    0.59
21    1    -0.023    1    1   0    0.83
6    1    -0.023    1    1   0    0.47
101    2    -0.023    2    1   0    0.61
72    1    -0.009    1    1   0    0.66
4    1    0.009    2    2   0    0.59
52    1    -0.009    2    2   1    0.57
37    1    -0.009    1    1   0    2.21
49    1    0.009    2    2   0    1.14
110    2    0.023    1    2   0    2.33
55    1    0.023    2    2   0    0.62
106    2    -0.023    2    1   0    0.59
19    1    0.009    2    2   0    0.80
38    1    0.000    2    2   0    1.09
102    2    -0.009    2    1   0    0.56
54    1    0.009    2    2   0    0.45
56    1    -0.023    1    1   0    1.08
77    2    -0.009    1    2   1    0.73
59    1    0.009    2    2   0    0.69
68    1    0.000    1    1   1    1.10
129    2    0.009    1    2   0    1.08
25    1    0.023    2    2   0    0.64
137    2    -0.009    2    1   0    1.23
31    1    -0.023    1    1   0    0.56
20    1    0.023    2    2   0    0.61
78    2    0.000    2    1   1    0.63
97    2    -0.009    2    1   0    1.09
131    2    -0.023    2    1   0    0.59
13    1    0.000    2    2   0    2.39
26    1    -0.023    1    1   0    0.62
141    2    -0.023    2    1   0    0.63
135    2    0.023    1    2   0    0.67
67    1    -0.009    1    1   0    0.67
63    1    0.000    2    2   0    1.33
79    2    0.009    1    2   0    0.97
109    2    0.009    1    2   0    0.91
132    2    -0.009    2    1   0    0.64
74    1    0.009    2    2   0    0.79
120    2    0.023    1    2   0    1.00
112    2    -0.009    2    1   0    0.60
