--------------------------------
16-Oct-2014 13:05:54 
data from observer T09 
#occlusion2 expt 
reference disparity (degrees) 0.160000 

stim order disp kresp testresp correct time
1    1    -0.074    1    1   1    1.50
2    2    -0.069    2    1   1    0.55
3    1    0.065    2    2   1    0.61
4    2    -0.060    2    1   1    0.59
5    1    0.055    2    2   1    0.43
6    1    -0.051    1    1   1    0.48
7    2    -0.046    2    1   1    0.50
8    1    -0.042    1    1   1    0.39
9    1    -0.037    1    1   1    0.47
10    1    -0.032    1    1   1    0.44
11    1    0.028    2    2   1    0.35
12    2    -0.023    2    1   1    0.50
13    2    -0.018    2    1   1    1.08
14    1    -0.014    1    1   1    0.37
15    1    0.009    1    1   0    0.86
16    1    -0.018    1    1   1    0.53
17    1    -0.018    1    1   1    0.50
18    1    0.014    2    2   1    0.85
19    2    -0.014    2    1   1    0.61
20    2    0.009    1    2   1    0.74
21    2    0.009    1    2   1    0.52
22    2    -0.005    1    2   0    0.59
23    1    -0.014    1    1   1    0.82
24    2    0.014    1    2   1    0.51
25    1    0.009    2    2   1    0.65
26    2    -0.009    2    1   1    1.58
27    1    -0.005    1    1   1    0.64
28    2    0.005    1    2   1    0.63
29    1    -0.005    1    1   1    0.50
30    1    0.005    1    1   0    0.62
31    1    -0.014    1    1   1    0.52
32    2    -0.014    2    1   1    0.59
33    1    0.009    2    2   1    0.48
34    2    -0.009    1    2   0    0.57
35    2    -0.018    2    1   1    0.56
36    2    0.018    1    2   1    0.69
37    2    0.014    1    2   1    0.51
38    1    -0.014    1    1   1    0.46
39    1    0.009    2    2   1    0.47
40    1    0.009    2    2   1    0.70
41    2    0.005    1    2   1    0.55
42    1    -0.005    1    1   1    0.55
43    1    -0.005    1    1   1    0.88
44    2    0.005    1    2   1    0.79
45    2    -0.005    1    2   0    0.42
46    2    0.014    1    2   1    0.54
47    2    -0.014    2    1   1    0.55
48    2    -0.009    2    1   1    0.74
49    1    -0.009    1    1   1    1.02
50    2    -0.005    2    1   1    1.01
-------------------------
Final staircase threshold estimate (mean) is 0.0074
-------------------------
109    2    0.009    1    2   0    3.64
71    1    -0.018    1    1   0    1.77
100    2    0.018    1    2   0    0.72
21    1    -0.018    1    1   0    1.68
135    2    0.018    1    2   0    0.50
126    2    -0.018    2    1   0    0.53
80    2    0.018    1    2   0    0.45
33    1    0.000    2    2   0    0.80
133    2    0.000    1    2   0    1.04
141    2    -0.018    2    1   0    0.47
110    2    0.018    1    2   0    0.48
123    2    0.000    2    1   1    1.62
20    1    0.018    2    2   0    0.54
16    1    -0.018    1    1   0    0.51
31    1    -0.018    1    1   0    0.45
14    1    0.009    2    2   0    0.96
121    2    -0.018    2    1   0    0.60
115    2    0.018    1    2   0    0.51
48    1    0.000    1    1   1    0.63
40    1    0.018    2    2   0    0.66
88    2    0.000    1    2   0    0.74
90    2    0.018    1    2   0    0.55
119    2    0.009    1    2   0    0.64
10    1    0.018    2    2   0    0.63
25    1    0.018    2    2   0    0.56
15    1    0.018    2    2   0    0.64
102    2    -0.009    2    1   0    1.13
18    1    0.000    1    1   1    0.60
136    2    -0.018    2    1   0    0.55
27    1    -0.009    1    1   0    0.51
4    1    0.009    1    1   1    0.60
75    2    0.018    1    2   0    0.59
113    2    0.000    1    2   0    0.57
9    1    0.009    2    2   0    0.55
83    2    0.000    1    2   0    0.64
117    2    -0.009    2    1   0    0.72
116    2    -0.018    2    1   0    0.63
5    1    0.018    2    2   0    0.56
74    1    0.009    1    1   1    0.83
86    2    -0.018    2    1   0    0.50
144    2    0.009    1    2   0    0.68
134    2    0.009    1    2   0    0.58
24    1    0.009    2    2   0    2.23
55    1    0.018    2    2   0    0.65
67    1    -0.009    1    1   0    0.76
59    1    0.009    2    2   0    0.57
118    2    0.000    1    2   0    0.52
26    1    -0.018    1    1   0    0.51
127    2    -0.009    2    1   0    1.15
46    1    -0.018    1    1   0    0.53
120    2    0.018    1    2   0    0.55
81    2    -0.018    2    1   0    0.52
97    2    -0.009    2    1   0    0.77
72    1    -0.009    1    1   0    0.61
61    1    -0.018    1    1   0    0.70
106    2    -0.018    2    1   0    0.54
92    2    -0.009    1    2   1    0.58
1    1    -0.018    1    1   0    0.72
41    1    -0.018    1    1   0    0.69
32    1    -0.009    1    1   0    0.56
52    1    -0.009    1    1   0    0.57
125    2    0.018    1    2   0    0.47
114    2    0.009    1    2   0    0.46
63    1    0.000    1    1   1    0.84
35    1    0.018    2    2   0    0.66
149    2    0.009    1    2   0    0.52
98    2    0.000    2    1   1    0.75
82    2    -0.009    2    1   0    1.45
150    2    0.018    1    2   0    1.00
7    1    -0.009    1    1   0    0.95
38    1    0.000    1    1   1    1.62
95    2    0.018    1    2   0    0.76
17    1    -0.009    1    1   0    0.67
64    1    0.009    2    2   0    0.61
34    1    0.009    1    1   1    0.78
94    2    0.009    1    2   0    0.48
28    1    0.000    2    2   0    0.56
145    2    0.018    1    2   0    0.37
130    2    0.018    1    2   0    0.44
58    1    0.000    1    1   1    0.67
56    1    -0.018    1    1   0    0.63
22    1    -0.009    1    1   0    0.76
140    2    0.018    1    2   0    0.39
104    2    0.009    1    2   0    0.40
91    2    -0.018    2    1   0    0.57
78    2    0.000    1    2   0    0.66
45    1    0.018    2    2   0    0.52
60    1    0.018    2    2   0    0.65
107    2    -0.009    1    2   1    0.50
8    1    0.000    1    1   1    0.88
77    2    -0.009    2    1   0    0.88
30    1    0.018    2    2   0    0.82
50    1    0.018    2    2   0    0.61
112    2    -0.009    2    1   0    2.05
79    2    0.009    1    2   0    0.55
73    1    0.000    1    1   1    1.07
103    2    0.000    1    2   0    0.59
6    1    -0.018    1    1   0    0.56
105    2    0.018    1    2   0    0.47
131    2    -0.018    2    1   0    0.62
65    1    0.018    2    2   0    0.53
2    1    -0.009    1    1   0    0.67
76    2    -0.018    2    1   0    0.56
44    1    0.009    1    1   1    0.94
84    2    0.009    1    2   0    0.68
147    2    -0.009    2    1   0    0.94
137    2    -0.009    2    1   0    0.79
138    2    0.000    1    2   0    1.24
3    1    0.000    2    2   0    2.55
49    1    0.009    2    2   0    1.20
87    2    -0.009    2    1   0    1.20
128    2    0.000    1    2   0    1.19
69    1    0.009    2    2   0    4.58
53    1    0.000    1    1   1    1.22
62    1    -0.009    1    1   0    0.66
12    1    -0.009    1    1   0    0.54
23    1    0.000    1    1   1    0.49
129    2    0.009    1    2   0    0.61
143    2    0.000    1    2   0    0.50
93    2    0.000    1    2   0    1.34
108    2    0.000    1    2   0    0.77
37    1    -0.009    1    1   0    0.67
11    1    -0.018    1    1   0    0.56
51    1    -0.018    1    1   0    0.50
54    1    0.009    1    1   1    0.44
89    2    0.009    1    2   0    0.72
68    1    0.000    2    2   0    1.25
148    2    0.000    2    1   1    1.60
85    2    0.018    1    2   0    0.55
96    2    -0.018    2    1   0    0.77
139    2    0.009    1    2   0    0.94
122    2    -0.009    2    1   0    0.81
132    2    -0.009    2    1   0    0.58
39    1    0.009    2    2   0    0.61
19    1    0.009    2    2   0    0.54
29    1    0.009    2    2   0    0.68
43    1    0.000    1    1   1    1.40
142    2    -0.009    2    1   0    1.11
42    1    -0.009    1    1   0    0.79
124    2    0.009    1    2   0    1.10
13    1    0.000    2    2   0    1.79
47    1    -0.009    1    1   0    0.84
70    1    0.018    2    2   0    0.80
99    2    0.009    1    2   0    0.65
66    1    -0.018    1    1   0    0.68
101    2    -0.018    2    1   0    1.03
111    2    -0.018    2    1   0    0.85
57    1    -0.009    1    1   0    0.79
146    2    -0.018    2    1   0    1.02
36    1    -0.018    1    1   0    0.46
