--------------------------------
10-Oct-2014 16:19:43 
data from observer T09 
#occlusion2 expt 
reference disparity (degrees) 0.160000 

stim order disp kresp testresp correct time
1    2    -0.074    1    2   1    1.30
2    1    0.069    1    1   1    0.61
3    2    0.065    2    1   1    0.65
4    2    0.060    2    1   1    0.87
5    1    0.055    1    1   1    0.74
6    2    0.051    2    1   1    0.56
7    2    -0.046    1    2   1    0.62
8    2    0.042    2    1   1    0.59
9    2    0.037    2    1   1    0.66
10    2    -0.032    1    2   1    0.77
11    2    -0.028    1    2   1    0.69
12    1    -0.023    2    2   1    0.79
13    1    0.018    1    1   1    0.95
14    2    -0.014    1    2   1    0.86
15    1    0.009    1    1   1    2.47
16    1    -0.005    2    2   1    0.97
17    2    0.005    2    1   1    0.75
18    2    0.005    2    1   1    1.85
19    2    0.005    2    1   1    1.44
20    1    -0.005    1    1   0    1.29
21    2    -0.014    1    2   1    0.96
22    1    0.014    1    1   1    0.82
23    2    -0.009    1    2   1    0.73
24    1    -0.009    2    2   1    0.94
25    2    0.005    2    1   1    2.99
26    2    0.005    1    2   0    0.94
27    2    -0.014    1    2   1    0.71
28    2    -0.014    1    2   1    0.62
29    1    0.009    1    1   1    0.60
30    1    0.009    1    1   1    1.14
31    1    0.005    1    1   1    0.91
32    1    -0.005    2    2   1    0.85
33    2    -0.005    1    2   1    0.78
34    1    0.005    1    1   1    1.03
35    1    -0.005    2    2   1    0.73
36    1    -0.005    2    2   1    0.60
37    2    0.005    2    1   1    1.00
38    2    0.005    2    1   1    0.63
39    2    0.005    2    1   1    0.58
40    2    0.005    2    1   1    1.10
41    2    0.005    2    1   1    0.84
42    2    0.005    2    1   1    2.29
43    1    0.005    1    1   1    3.55
44    1    0.005    1    1   1    3.68
45    2    -0.005    1    2   1    4.41
46    2    0.005    2    1   1    4.11
47    2    -0.005    1    2   1    5.75
48    1    0.005    2    2   0    5.02
49    2    0.014    2    1   1    0.93
50    2    0.014    2    1   1    0.96
-------------------------
Final staircase threshold estimate (mean) is 0.0065
-------------------------
78    2    0.000    1    2   0    17.12
128    2    0.000    2    1   1    0.82
92    2    -0.005    1    2   1    0.68
73    1    0.000    1    1   1    1.82
58    1    0.000    1    1   1    2.50
118    2    0.000    1    2   0    6.00
1    1    -0.014    2    2   1    0.85
144    2    0.005    1    2   0    7.24
49    1    0.005    1    1   1    1.21
50    1    0.018    1    1   1    1.77
19    1    0.005    1    1   1    2.14
150    2    0.018    2    1   1    0.77
86    2    -0.014    1    2   1    0.77
52    1    -0.005    2    2   1    0.65
61    1    -0.014    2    2   1    0.73
136    2    -0.014    1    2   1    0.82
140    2    0.018    2    1   1    0.64
148    2    0.000    1    2   0    1.97
30    1    0.018    1    1   1    1.28
4    1    0.005    1    1   1    6.95
22    1    -0.005    2    2   1    0.71
8    1    0.000    1    1   1    3.81
97    2    -0.005    1    2   1    1.10
76    2    -0.014    1    2   1    0.61
40    1    0.018    1    1   1    0.75
24    1    0.005    1    1   1    0.84
131    2    -0.014    1    2   1    0.74
102    2    -0.005    1    2   1    1.99
108    2    0.000    1    2   0    4.80
18    1    0.000    1    1   1    11.91
20    1    0.018    1    1   1    0.79
31    1    -0.014    2    2   1    0.87
6    1    -0.014    2    2   1    2.09
27    1    -0.005    2    2   1    3.95
47    1    -0.005    2    2   1    3.90
59    1    0.005    1    1   1    0.73
137    2    -0.005    1    2   1    1.55
44    1    0.005    1    1   1    2.15
132    2    -0.005    1    2   1    2.33
121    2    -0.014    1    2   1    0.98
117    2    -0.005    1    2   1    1.41
2    1    -0.005    2    2   1    10.84
67    1    -0.005    1    1   0    3.79
46    1    -0.014    2    2   1    0.69
34    1    0.005    1    1   1    5.48
17    1    -0.005    2    2   1    1.52
81    2    -0.014    1    2   1    0.61
84    2    0.005    2    1   1    0.61
127    2    -0.005    1    2   1    1.17
129    2    0.005    2    1   1    1.39
111    2    -0.014    1    2   1    1.41
62    1    -0.005    1    1   0    2.21
101    2    -0.014    1    2   1    1.37
103    2    0.000    1    2   0    2.55
33    1    0.000    1    1   1    3.33
7    1    -0.005    1    1   0    3.85
56    1    -0.014    2    2   1    5.15
114    2    0.005    2    1   1    3.30
14    1    0.005    1    1   1    3.14
90    2    0.018    2    1   1    1.24
146    2    -0.014    1    2   1    3.72
75    2    0.018    2    1   1    0.73
9    1    0.005    1    1   1    4.12
51    1    -0.014    2    2   1    2.85
69    1    0.005    1    1   1    5.62
71    1    -0.014    2    2   1    2.79
89    2    0.005    1    2   0    10.14
5    1    0.018    1    1   1    1.12
57    1    -0.005    2    2   1    4.56
124    2    0.005    2    1   1    3.55
42    1    -0.005    2    2   1    3.74
109    2    0.005    2    1   1    1.16
126    2    -0.014    1    2   1    2.02
142    2    -0.005    1    2   1    5.47
100    2    0.018    2    1   1    1.31
105    2    0.018    2    1   1    6.90
16    1    -0.014    2    2   1    1.69
43    1    0.000    1    1   1    1.57
85    2    0.018    2    1   1    3.34
115    2    0.018    2    1   1    1.90
120    2    0.018    2    1   1    1.31
3    1    0.000    1    1   1    0.91
99    2    0.005    2    1   1    11.10
72    1    -0.005    1    1   0    2.90
77    2    -0.005    1    2   1    1.07
26    1    -0.014    2    2   1    0.77
32    1    -0.005    1    1   0    0.99
134    2    0.005    1    2   0    1.64
41    1    -0.014    2    2   1    2.39
119    2    0.005    2    1   1    1.55
106    2    -0.014    1    2   1    1.44
64    1    0.005    1    1   1    6.24
36    1    -0.014    2    2   1    1.29
54    1    0.005    1    1   1    0.97
139    2    0.005    1    2   0    7.59
135    2    0.018    2    1   1    2.43
55    1    0.018    1    1   1    0.80
141    2    -0.014    1    2   1    0.86
83    2    0.000    1    2   0    0.77
130    2    0.018    2    1   1    0.91
104    2    0.005    1    2   0    4.81
87    2    -0.005    1    2   1    1.49
113    2    0.000    1    2   0    4.86
37    1    -0.005    1    1   0    5.57
147    2    -0.005    1    2   1    1.33
80    2    0.018    2    1   1    0.97
94    2    0.005    1    2   0    1.77
38    1    0.000    1    1   1    5.71
125    2    0.018    2    1   1    0.81
98    2    0.000    1    2   0    0.67
10    1    0.018    1    1   1    1.38
74    1    0.005    1    1   1    1.34
145    2    0.018    2    1   1    0.67
45    1    0.018    1    1   1    0.69
82    2    -0.005    1    2   1    0.85
13    1    0.000    1    1   1    0.91
149    2    0.005    1    2   0    6.10
107    2    -0.005    1    2   1    3.94
110    2    0.018    2    1   1    0.79
11    1    -0.014    2    2   1    0.71
138    2    0.000    2    1   1    1.81
29    1    0.005    1    1   1    1.26
35    1    0.018    1    1   1    0.81
28    1    0.000    1    1   1    4.44
95    2    0.018    2    1   1    0.97
63    1    0.000    1    1   1    0.79
23    1    0.000    1    1   1    1.99
116    2    -0.014    1    2   1    0.86
112    2    -0.005    1    2   1    0.66
25    1    0.018    1    1   1    0.67
96    2    -0.014    1    2   1    0.77
60    1    0.018    1    1   1    0.75
48    1    0.000    2    2   0    1.76
133    2    0.000    1    2   0    6.48
15    1    0.018    1    1   1    1.35
66    1    -0.014    2    2   1    0.79
70    1    0.018    1    1   1    1.84
65    1    0.018    1    1   1    1.10
91    2    -0.014    1    2   1    3.43
122    2    -0.005    2    1   0    2.73
88    2    0.000    1    2   0    5.96
21    1    -0.014    2    2   1    0.82
12    1    -0.005    2    2   1    1.06
93    2    0.000    2    1   1    2.58
39    1    0.005    1    1   1    0.80
123    2    0.000    1    2   0    3.64
79    2    0.005    2    1   1    0.64
143    2    0.000    1    2   0    1.65
68    1    0.000    1    1   1    6.22
53    1    0.000    1    1   1    2.56
