--------------------------------
16-Oct-2014 13:13:24 
data from observer T09 
#occlusion2 expt 
reference disparity (degrees) 0.160000 

stim order disp kresp testresp correct time
1    1    -0.074    1    1   1    10.90
2    2    0.069    1    2   1    0.78
3    1    0.065    2    2   1    1.88
4    1    0.060    2    2   1    0.48
5    2    -0.055    2    1   1    0.39
6    1    0.051    2    2   1    0.39
7    2    -0.046    2    1   1    0.37
8    2    -0.042    2    1   1    0.46
9    1    0.037    2    2   1    0.52
10    1    -0.032    1    1   1    0.43
11    2    0.028    1    2   1    0.60
12    2    0.023    1    2   1    0.73
13    2    0.018    1    2   1    0.46
14    1    0.014    2    2   1    0.50
15    2    0.009    1    2   1    0.48
16    1    0.005    2    2   1    1.00
17    2    -0.005    2    1   1    0.52
18    2    -0.005    2    1   1    0.70
19    2    0.005    1    2   1    0.53
20    2    -0.005    2    1   1    0.59
21    2    0.005    1    2   1    0.47
22    2    0.005    2    1   0    2.23
23    2    0.014    1    2   1    0.52
24    2    0.014    1    2   1    0.66
25    2    0.009    1    2   1    0.48
26    2    -0.009    2    1   1    0.55
27    2    -0.005    2    1   1    0.90
28    2    -0.005    2    1   1    1.22
29    1    0.005    1    1   0    1.13
30    2    -0.014    2    1   1    0.75
31    1    -0.014    1    1   1    0.81
32    2    -0.009    2    1   1    0.87
33    1    0.009    2    2   1    0.62
34    2    -0.005    2    1   1    0.78
35    1    -0.005    1    1   1    1.46
36    2    -0.005    2    1   1    1.36
37    2    -0.005    2    1   1    0.66
38    2    -0.005    1    2   0    0.55
39    1    0.014    2    2   1    0.71
40    2    -0.014    2    1   1    0.87
41    1    0.009    2    2   1    0.52
42    2    -0.009    2    1   1    0.53
43    1    0.005    2    2   1    0.55
44    2    -0.005    2    1   1    0.71
45    2    -0.005    2    1   1    1.17
46    1    0.005    2    2   1    0.89
47    2    0.005    1    2   1    0.58
48    2    0.005    2    1   0    0.98
49    1    -0.014    1    1   1    1.20
50    1    -0.014    1    1   1    1.01
-------------------------
Final staircase threshold estimate (mean) is 0.0074
-------------------------
4    1    0.009    2    2   0    1.85
148    2    0.000    2    1   1    1.07
149    2    0.009    1    2   0    1.01
115    2    0.018    1    2   0    0.67
41    1    -0.018    1    1   0    0.47
78    2    0.000    2    1   1    1.41
26    1    -0.018    1    1   0    0.54
8    1    0.000    2    2   0    0.62
58    1    0.000    1    1   1    0.59
119    2    0.009    1    2   0    0.62
128    2    0.000    2    1   1    1.03
106    2    -0.018    2    1   0    0.55
76    2    -0.018    2    1   0    0.77
30    1    0.018    2    2   0    0.71
49    1    0.009    2    2   0    0.86
150    2    0.018    1    2   0    0.59
38    1    0.000    1    1   1    0.48
56    1    -0.018    1    1   0    0.52
10    1    0.018    2    2   0    0.86
109    2    0.009    1    2   0    0.88
14    1    0.009    2    2   0    0.68
74    1    0.009    2    2   0    0.64
3    1    0.000    1    1   1    0.56
66    1    -0.018    1    1   0    0.56
114    2    0.009    2    1   1    2.11
17    1    -0.009    1    1   0    0.71
121    2    -0.018    2    1   0    1.38
55    1    0.018    2    2   0    1.03
97    2    -0.009    2    1   0    1.37
129    2    0.009    1    2   0    1.77
37    1    -0.009    1    1   0    2.59
111    2    -0.018    2    1   0    0.58
20    1    0.018    2    2   0    0.57
81    2    -0.018    2    1   0    0.77
102    2    -0.009    2    1   0    0.78
101    2    -0.018    2    1   0    0.56
70    1    0.018    2    2   0    0.96
124    2    0.009    1    2   0    1.43
93    2    0.000    2    1   1    1.15
90    2    0.018    1    2   0    0.68
2    1    -0.009    1    1   0    1.08
5    1    0.018    2    2   0    1.68
27    1    -0.009    1    1   0    1.35
139    2    0.009    1    2   0    0.89
71    1    -0.018    1    1   0    0.59
68    1    0.000    2    2   0    0.63
67    1    -0.009    1    1   0    1.17
51    1    -0.018    1    1   0    0.63
29    1    0.009    2    2   0    0.77
88    2    0.000    2    1   1    0.57
32    1    -0.009    1    1   0    0.80
53    1    0.000    2    2   0    0.72
100    2    0.018    1    2   0    0.73
62    1    -0.009    1    1   0    0.82
141    2    -0.018    2    1   0    0.77
48    1    0.000    1    1   1    0.74
64    1    0.009    2    2   0    0.83
96    2    -0.018    2    1   0    0.75
16    1    -0.018    1    1   0    0.64
72    1    -0.009    1    1   0    0.79
25    1    0.018    2    2   0    0.64
87    2    -0.009    2    1   0    0.57
118    2    0.000    1    2   0    1.65
134    2    0.009    1    2   0    0.92
94    2    0.009    1    2   0    0.56
104    2    0.009    1    2   0    1.28
61    1    -0.018    1    1   0    0.89
65    1    0.018    1    1   1    0.45
77    2    -0.009    1    2   1    0.58
92    2    -0.009    2    1   0    0.95
89    2    0.009    1    2   0    0.73
23    1    0.000    1    1   1    0.66
133    2    0.000    2    1   1    1.03
15    1    0.018    2    2   0    1.09
31    1    -0.018    2    2   1    1.03
43    1    0.000    2    2   0    0.78
21    1    -0.018    1    1   0    0.74
103    2    0.000    2    1   1    1.20
138    2    0.000    1    2   0    1.47
34    1    0.009    2    2   0    0.76
123    2    0.000    1    2   0    1.92
113    2    0.000    1    2   0    0.69
44    1    0.009    2    2   0    1.13
6    1    -0.018    1    1   0    0.63
83    2    0.000    2    1   1    0.70
85    2    0.018    1    2   0    0.61
142    2    -0.009    2    1   0    1.33
18    1    0.000    2    2   0    1.27
99    2    0.009    1    2   0    4.42
120    2    0.018    1    2   0    0.74
1    1    -0.018    1    1   0    0.59
19    1    0.009    2    2   0    4.12
45    1    0.018    2    2   0    2.09
112    2    -0.009    2    1   0    2.89
135    2    0.018    1    2   0    1.59
40    1    0.018    2    2   0    0.58
137    2    -0.009    2    1   0    1.67
108    2    0.000    2    1   1    0.41
82    2    -0.009    2    1   0    0.77
59    1    0.009    2    2   0    2.25
24    1    0.009    2    2   0    0.96
131    2    -0.018    2    1   0    0.64
80    2    0.018    1    2   0    0.81
95    2    0.018    1    2   0    0.80
140    2    0.018    1    2   0    0.61
73    1    0.000    2    2   0    0.67
122    2    -0.009    2    1   0    1.04
60    1    0.018    2    2   0    0.69
50    1    0.018    2    2   0    0.59
130    2    0.018    1    2   0    0.69
33    1    0.000    2    2   0    0.64
105    2    0.018    1    2   0    1.54
79    2    0.009    1    2   0    0.89
126    2    -0.018    2    1   0    1.01
46    1    -0.018    1    1   0    0.79
117    2    -0.009    2    1   0    0.59
116    2    -0.018    2    1   0    0.66
132    2    -0.009    2    1   0    1.25
12    1    -0.009    1    1   0    1.11
28    1    0.000    2    2   0    0.62
35    1    0.018    1    1   1    0.46
147    2    -0.009    2    1   0    0.45
36    1    -0.018    1    1   0    0.58
39    1    0.009    2    2   0    0.45
54    1    0.009    2    2   0    1.11
11    1    -0.018    1    1   0    0.54
52    1    -0.009    1    1   0    0.60
144    2    0.009    1    2   0    0.92
107    2    -0.009    1    2   1    0.55
84    2    0.009    1    2   0    0.91
47    1    -0.009    1    1   0    0.62
136    2    -0.018    2    1   0    1.26
98    2    0.000    2    1   1    0.65
110    2    0.018    1    2   0    0.64
7    1    -0.009    1    1   0    2.16
75    2    0.018    1    2   0    0.55
57    1    -0.009    1    1   0    0.65
127    2    -0.009    1    2   1    0.63
143    2    0.000    1    2   0    0.65
69    1    0.009    2    2   0    0.79
42    1    -0.009    2    2   1    0.66
145    2    0.018    1    2   0    0.72
86    2    -0.018    1    2   1    0.72
9    1    0.009    2    2   0    0.52
125    2    0.018    1    2   0    0.59
13    1    0.000    2    2   0    2.86
91    2    -0.018    2    1   0    1.48
146    2    -0.018    2    1   0    1.08
63    1    0.000    1    1   1    2.50
22    1    -0.009    2    2   1    1.68
