--------------------------------
10-Oct-2014 16:37:42 
data from observer T09 
#occlusion2 expt 
reference disparity (degrees) 0.160000 

stim order disp kresp testresp correct time
1    1    0.074    1    1   1    6.97
2    2    0.069    2    1   1    0.63
3    2    0.065    2    1   1    0.47
4    2    0.060    2    1   1    0.45
5    1    -0.055    2    2   1    0.47
6    2    0.051    2    1   1    0.57
7    2    -0.046    1    2   1    0.49
8    1    0.042    1    1   1    0.49
9    1    0.037    1    1   1    0.60
10    1    0.032    1    1   1    0.74
11    1    -0.028    2    2   1    0.52
12    2    -0.023    1    2   1    0.47
13    1    -0.018    2    2   1    0.54
14    1    -0.014    2    2   1    0.65
15    1    -0.009    2    2   1    0.53
16    2    0.005    2    1   1    4.75
17    2    0.005    1    2   0    0.48
18    2    0.014    2    1   1    0.50
19    2    -0.014    1    2   1    0.48
20    2    -0.009    1    2   1    0.82
21    2    -0.009    1    2   1    1.13
22    1    0.005    1    1   1    3.84
23    1    0.005    1    1   1    2.51
24    1    0.005    1    1   1    0.59
25    2    0.005    2    1   1    0.63
26    2    0.005    2    1   1    0.66
27    1    0.005    1    1   1    0.70
28    2    -0.005    1    2   1    1.48
29    1    0.005    1    1   1    0.45
30    2    0.005    2    1   1    1.03
31    2    -0.005    1    2   1    0.53
32    2    0.005    2    1   1    0.61
33    2    -0.005    1    2   1    1.30
34    2    -0.005    2    1   0    1.54
35    1    -0.014    2    2   1    0.57
36    1    0.014    1    1   1    0.95
37    2    0.009    2    1   1    0.66
38    1    0.009    1    1   1    1.57
39    1    -0.005    2    2   1    0.74
40    1    0.005    2    2   0    0.92
41    1    -0.014    2    2   1    0.53
42    2    -0.014    1    2   1    0.54
43    2    -0.009    1    2   1    0.56
44    2    -0.009    1    2   1    0.59
45    1    -0.005    2    2   1    0.52
46    2    -0.005    1    2   1    0.73
47    1    -0.005    2    2   1    1.57
48    2    -0.005    1    2   1    0.73
49    1    0.005    1    1   1    0.67
50    1    -0.005    2    2   1    0.53
-------------------------
Final staircase threshold estimate (mean) is 0.0074
-------------------------
98    2    0.000    1    2   0    3.08
17    1    -0.009    2    2   1    0.59
146    2    -0.018    1    2   1    0.49
66    1    -0.018    2    2   1    0.54
27    1    -0.009    2    2   1    0.73
4    1    0.009    1    1   1    0.74
96    2    -0.018    1    2   1    1.72
39    1    0.009    1    1   1    1.22
83    2    0.000    2    1   1    3.82
52    1    -0.009    2    2   1    0.63
3    1    0.000    2    2   0    3.59
25    1    0.018    1    1   1    0.57
136    2    -0.018    2    1   0    1.72
38    1    0.000    2    2   0    1.80
77    2    -0.009    1    2   1    0.97
2    1    -0.009    2    2   1    0.65
62    1    -0.009    2    2   1    1.11
32    1    -0.009    2    2   1    0.63
130    2    0.018    2    1   1    0.62
103    2    0.000    2    1   1    0.93
138    2    0.000    1    2   0    2.74
72    1    -0.009    2    2   1    0.62
111    2    -0.018    1    2   1    0.62
142    2    -0.009    1    2   1    0.71
145    2    0.018    2    1   1    0.61
33    1    0.000    1    1   1    0.95
44    1    0.009    1    1   1    0.62
106    2    -0.018    1    2   1    0.63
84    2    0.009    2    1   1    0.71
119    2    0.009    2    1   1    0.70
15    1    0.018    1    1   1    0.64
30    1    0.018    1    1   1    0.58
63    1    0.000    2    2   0    0.59
97    2    -0.009    1    2   1    0.58
108    2    0.000    2    1   1    0.96
121    2    -0.018    1    2   1    0.64
125    2    0.018    2    1   1    0.55
61    1    -0.018    2    2   1    0.62
73    1    0.000    2    2   0    0.94
55    1    0.018    1    1   1    0.57
68    1    0.000    1    1   1    1.71
11    1    -0.018    2    2   1    0.53
37    1    -0.009    2    2   1    0.61
31    1    -0.018    2    2   1    0.56
40    1    0.018    1    1   1    0.54
46    1    -0.018    2    2   1    0.52
16    1    -0.018    2    2   1    0.54
18    1    0.000    1    1   1    0.54
81    2    -0.018    1    2   1    0.58
139    2    0.009    2    1   1    0.53
110    2    0.018    2    1   1    0.50
101    2    -0.018    1    2   1    0.42
104    2    0.009    2    1   1    0.60
148    2    0.000    2    1   1    0.66
29    1    0.009    1    1   1    0.43
59    1    0.009    1    1   1    1.88
19    1    0.009    1    1   1    5.10
64    1    0.009    1    1   1    0.58
140    2    0.018    2    1   1    0.57
99    2    0.009    2    1   1    0.90
135    2    0.018    2    1   1    0.59
74    1    0.009    1    1   1    0.63
144    2    0.009    2    1   1    1.04
10    1    0.018    1    1   1    0.57
95    2    0.018    2    1   1    0.45
45    1    0.018    1    1   1    0.59
50    1    0.018    1    1   1    0.56
105    2    0.018    2    1   1    0.51
122    2    -0.009    1    2   1    2.50
137    2    -0.009    1    2   1    0.81
79    2    0.009    2    1   1    0.58
134    2    0.009    2    1   1    0.59
71    1    -0.018    2    2   1    0.59
57    1    -0.009    1    1   0    0.54
76    2    -0.018    1    2   1    0.80
26    1    -0.018    2    2   1    0.51
8    1    0.000    1    1   1    3.05
89    2    0.009    2    1   1    0.58
70    1    0.018    1    1   1    0.63
5    1    0.018    1    1   1    0.61
60    1    0.018    1    1   1    0.65
43    1    0.000    1    1   1    0.71
7    1    -0.009    2    2   1    0.60
150    2    0.018    2    1   1    0.59
21    1    -0.018    2    2   1    0.62
88    2    0.000    1    2   0    1.03
12    1    -0.009    2    2   1    0.53
120    2    0.018    2    1   1    0.51
42    1    -0.009    2    2   1    0.48
13    1    0.000    2    2   0    1.83
9    1    0.009    1    1   1    0.69
20    1    0.018    1    1   1    0.61
143    2    0.000    2    1   1    1.68
41    1    -0.018    2    2   1    0.67
1    1    -0.018    2    2   1    2.10
94    2    0.009    2    1   1    1.85
54    1    0.009    1    1   1    1.13
65    1    0.018    1    1   1    0.73
67    1    -0.009    2    2   1    1.08
86    2    -0.018    1    2   1    0.64
115    2    0.018    2    1   1    0.62
124    2    0.009    2    1   1    0.84
112    2    -0.009    1    2   1    0.88
56    1    -0.018    2    2   1    0.69
126    2    -0.018    1    2   1    0.72
51    1    -0.018    2    2   1    0.60
36    1    -0.018    2    2   1    0.65
35    1    0.018    1    1   1    0.66
149    2    0.009    2    1   1    0.59
90    2    0.018    2    1   1    0.82
22    1    -0.009    2    2   1    0.64
48    1    0.000    2    2   0    0.57
14    1    0.009    1    1   1    1.45
133    2    0.000    1    2   0    0.77
132    2    -0.009    1    2   1    1.36
107    2    -0.009    1    2   1    2.01
85    2    0.018    2    1   1    0.73
82    2    -0.009    1    2   1    0.97
123    2    0.000    2    1   1    1.32
28    1    0.000    1    1   1    1.07
147    2    -0.009    2    1   0    2.31
116    2    -0.018    1    2   1    0.65
34    1    0.009    1    1   1    0.72
47    1    -0.009    2    2   1    0.64
128    2    0.000    2    1   1    1.22
93    2    0.000    1    2   0    2.50
69    1    0.009    1    1   1    1.00
131    2    -0.018    1    2   1    0.66
49    1    0.009    1    1   1    2.18
117    2    -0.009    2    1   0    1.24
102    2    -0.009    1    2   1    0.61
58    1    0.000    1    1   1    4.86
91    2    -0.018    1    2   1    0.82
23    1    0.000    2    2   0    0.66
109    2    0.009    2    1   1    0.70
118    2    0.000    2    1   1    0.78
6    1    -0.018    2    2   1    1.83
92    2    -0.009    1    2   1    0.88
24    1    0.009    1    1   1    3.31
114    2    0.009    2    1   1    0.72
80    2    0.018    2    1   1    1.08
100    2    0.018    2    1   1    0.63
127    2    -0.009    1    2   1    0.70
87    2    -0.009    1    2   1    1.13
78    2    0.000    2    1   1    2.03
141    2    -0.018    1    2   1    1.53
113    2    0.000    1    2   0    2.10
53    1    0.000    2    2   0    2.82
75    2    0.018    2    1   1    0.69
129    2    0.009    2    1   1    0.64
