--------------------------------
16-Oct-2014 14:50:24 
data from observer T10 
#occlusion2 expt 
reference disparity (degrees) 0.160000 

stim order disp kresp testresp correct time
1    2    0.074    2    1   0    1.37
2    2    -0.083    1    2   0    0.92
3    2    -0.092    2    1   1    0.98
4    2    0.088    1    2   1    0.56
5    2    0.088    2    1   0    0.59
6    1    0.097    1    1   0    0.60
7    2    0.106    1    2   1    0.60
8    2    -0.106    1    2   0    0.69
9    2    -0.115    1    2   0    0.62
10    2    0.125    2    1   0    1.04
11    2    -0.134    1    2   0    0.72
12    1    0.143    2    2   1    1.33
13    1    0.143    1    1   0    0.50
14    2    0.148    2    1   0    0.67
15    1    0.148    1    1   0    0.89
16    1    0.148    2    2   1    0.57
17    1    0.148    2    2   1    0.60
18    1    -0.143    2    2   0    0.72
19    1    -0.148    2    2   0    0.61
20    1    -0.148    2    2   0    0.60
21    2    0.148    2    1   0    0.75
22    1    -0.148    2    2   0    0.58
23    1    -0.148    2    2   0    0.38
24    2    -0.148    2    1   1    0.46
25    1    -0.148    2    2   0    0.53
26    1    0.148    2    2   1    1.96
27    2    0.148    2    1   0    0.67
28    2    0.148    2    1   0    0.66
29    2    0.148    1    2   1    0.54
30    2    0.148    1    2   1    0.55
31    2    -0.143    1    2   0    0.55
32    1    -0.148    1    1   1    0.30
33    2    -0.148    2    1   1    0.24
34    2    -0.143    1    2   0    0.23
35    2    0.148    2    1   0    0.22
36    1    0.148    2    2   1    0.40
37    2    -0.148    1    2   0    0.62
38    2    -0.148    1    2   0    0.55
39    1    0.148    1    1   0    0.63
40    1    0.148    2    2   1    0.38
41    1    -0.148    1    1   1    0.02
42    2    0.143    2    1   0    0.24
43    2    0.148    1    2   1    0.43
44    1    0.148    2    2   1    0.28
45    1    -0.143    2    2   0    0.27
46    2    0.148    1    2   1    0.39
47    1    0.148    2    2   1    0.65
48    2    -0.143    2    1   1    0.53
49    1    -0.143    2    2   0    0.43
50    2    -0.148    2    1   1    0.42
-------------------------
Final staircase threshold estimate (mean) is 0.1459
-------------------------
7    1    -0.143    2    2   1    13.22
45    1    0.148    2    2   0    0.61
10    1    0.148    1    1   1    0.75
66    1    -0.148    2    2   1    0.58
93    2    0.000    1    2   0    0.58
29    1    0.143    1    1   1    0.45
50    1    0.148    1    1   1    0.49
40    1    0.148    2    2   0    0.61
1    1    -0.148    2    2   1    0.64
84    2    0.143    1    2   0    0.55
54    1    0.143    1    1   1    0.71
146    2    -0.148    1    2   1    0.87
136    2    -0.148    1    2   1    0.60
109    2    0.143    1    2   0    0.92
22    1    -0.143    2    2   1    0.56
137    2    -0.143    1    2   1    0.65
122    2    -0.143    1    2   1    0.57
42    1    -0.143    2    2   1    0.63
81    2    -0.148    1    2   1    0.84
88    2    0.000    1    2   0    1.57
15    1    0.148    1    1   1    1.09
73    1    0.000    1    1   1    1.56
9    1    0.143    1    1   1    0.74
13    1    0.000    1    1   1    0.58
32    1    -0.143    1    1   0    0.47
53    1    0.000    1    1   1    0.74
23    1    0.000    2    2   0    0.57
121    2    -0.148    1    2   1    0.55
126    2    -0.148    1    2   1    0.46
134    2    0.143    1    2   0    0.57
113    2    0.000    1    2   0    0.55
77    2    -0.143    1    2   1    0.67
91    2    -0.148    1    2   1    1.72
147    2    -0.143    1    2   1    0.75
8    1    0.000    1    1   1    0.96
100    2    0.148    1    2   0    1.54
21    1    -0.148    1    1   0    0.67
99    2    0.143    2    1   1    0.77
11    1    -0.148    2    2   1    0.48
20    1    0.148    2    2   0    0.46
61    1    -0.148    1    1   0    0.48
47    1    -0.143    2    2   1    0.66
138    2    0.000    2    1   1    0.81
123    2    0.000    1    2   0    0.55
150    2    0.148    2    1   1    0.73
141    2    -0.148    1    2   1    1.13
127    2    -0.143    1    2   1    0.50
128    2    0.000    1    2   0    0.62
118    2    0.000    2    1   1    1.18
133    2    0.000    1    2   0    0.74
97    2    -0.143    1    2   1    0.54
120    2    0.148    1    2   0    0.64
115    2    0.148    1    2   0    0.52
17    1    -0.143    1    1   0    0.60
2    1    -0.143    1    1   0    0.50
85    2    0.148    1    2   0    0.55
112    2    -0.143    1    2   1    0.62
89    2    0.143    1    2   0    0.67
56    1    -0.148    1    1   0    0.44
149    2    0.143    1    2   0    0.53
142    2    -0.143    1    2   1    0.43
16    1    -0.148    1    1   0    0.45
140    2    0.148    1    2   0    0.46
110    2    0.148    1    2   0    0.37
83    2    0.000    1    2   0    0.49
98    2    0.000    2    1   1    2.05
5    1    0.148    2    2   0    1.33
33    1    0.000    1    1   1    1.06
130    2    0.148    1    2   0    0.58
71    1    -0.148    1    1   0    0.46
76    2    -0.148    1    2   1    0.71
82    2    -0.143    1    2   1    0.49
27    1    -0.143    1    1   0    0.51
46    1    -0.148    1    1   0    0.42
4    1    0.143    1    1   1    0.58
34    1    0.143    2    2   0    1.07
103    2    0.000    2    1   1    0.88
114    2    0.143    2    1   1    0.94
108    2    0.000    2    1   1    1.89
131    2    -0.148    2    1   0    0.55
37    1    -0.143    2    2   1    0.61
69    1    0.143    2    2   0    0.60
144    2    0.143    2    1   1    1.09
38    1    0.000    2    2   0    0.58
102    2    -0.143    2    1   0    1.42
106    2    -0.148    2    1   0    0.60
92    2    -0.143    2    1   0    0.65
75    2    0.148    1    2   0    0.75
49    1    0.143    1    1   1    0.49
43    1    0.000    1    1   1    0.50
35    1    0.148    2    2   0    0.63
68    1    0.000    2    2   0    1.18
125    2    0.148    1    2   0    1.52
26    1    -0.148    1    1   0    0.72
80    2    0.148    2    1   1    0.76
74    1    0.143    1    1   1    1.27
18    1    0.000    1    1   1    0.62
41    1    -0.148    1    1   0    1.39
48    1    0.000    1    1   1    0.66
31    1    -0.148    1    1   0    0.96
143    2    0.000    2    1   1    1.35
94    2    0.143    1    2   0    0.80
148    2    0.000    1    2   0    3.46
96    2    -0.148    1    2   1    0.98
28    1    0.000    2    2   0    0.60
62    1    -0.143    1    1   0    0.55
70    1    0.148    2    2   0    1.00
3    1    0.000    1    1   1    1.20
116    2    -0.148    1    2   1    0.95
57    1    -0.143    2    2   1    2.95
24    1    0.143    2    2   0    1.07
101    2    -0.148    1    2   1    0.74
117    2    -0.143    1    2   1    1.47
105    2    0.148    1    2   0    0.60
87    2    -0.143    1    2   1    1.48
132    2    -0.143    1    2   1    0.91
107    2    -0.143    1    2   1    0.45
90    2    0.148    1    2   0    0.53
44    1    0.143    1    1   1    0.66
86    2    -0.148    1    2   1    0.54
135    2    0.148    2    1   1    1.49
95    2    0.148    2    1   1    0.82
65    1    0.148    2    2   0    0.90
6    1    -0.148    2    2   1    0.96
145    2    0.148    1    2   0    2.02
111    2    -0.148    2    1   0    1.15
139    2    0.143    1    2   0    2.48
72    1    -0.143    1    1   0    0.90
59    1    0.143    1    1   1    0.77
19    1    0.143    1    1   1    1.06
64    1    0.143    2    2   0    0.86
30    1    0.148    2    2   0    0.97
51    1    -0.148    1    1   0    1.54
12    1    -0.143    2    2   1    0.81
129    2    0.143    1    2   0    1.42
63    1    0.000    1    1   1    1.31
67    1    -0.143    2    2   1    1.16
25    1    0.148    2    2   0    1.00
79    2    0.143    1    2   0    1.17
58    1    0.000    1    1   1    0.81
39    1    0.143    1    1   1    1.27
52    1    -0.143    1    1   0    0.72
124    2    0.143    1    2   0    1.39
60    1    0.148    2    2   0    4.04
36    1    -0.148    2    2   1    0.97
119    2    0.143    2    1   1    1.03
78    2    0.000    1    2   0    1.29
55    1    0.148    2    2   0    1.21
14    1    0.143    2    2   0    0.81
104    2    0.143    1    2   0    2.01
