--------------------------------
16-Oct-2014 14:21:42 
data from observer T10 
#occlusion2 expt 
reference disparity (degrees) 0.160000 

stim order disp kresp testresp correct time
1    2    0.074    2    1   1    1.41
2    2    -0.069    1    2   1    0.57
3    1    -0.065    2    2   1    0.58
4    2    -0.060    1    2   1    0.71
5    2    0.055    2    1   1    1.53
6    2    -0.051    1    2   1    0.70
7    2    0.046    2    1   1    0.81
8    2    -0.042    1    2   1    0.64
9    1    0.037    1    1   1    0.73
10    2    0.032    2    1   1    0.64
11    2    0.028    2    1   1    0.58
12    2    -0.023    1    2   1    0.90
13    2    -0.018    1    2   1    0.94
14    1    -0.014    2    2   1    1.04
15    1    0.009    1    1   1    0.92
16    1    0.005    1    1   1    0.65
17    1    -0.005    1    1   0    0.76
18    1    0.014    1    1   1    0.98
19    2    -0.014    2    1   0    1.75
20    1    -0.023    2    2   1    0.70
21    1    0.023    1    1   1    0.78
22    1    -0.018    2    2   1    0.73
23    1    -0.018    2    2   1    0.75
24    1    0.014    1    1   1    0.98
25    1    0.014    1    1   1    0.78
26    2    0.009    2    1   1    1.14
27    2    0.009    2    1   1    0.78
28    2    -0.005    1    2   1    1.13
29    1    -0.005    2    2   1    0.84
30    2    -0.005    1    2   1    0.68
31    2    -0.005    1    2   1    0.68
32    2    0.005    2    1   1    0.71
33    1    -0.005    2    2   1    0.80
34    1    0.005    1    1   1    1.66
35    1    -0.005    2    2   1    0.84
36    1    -0.005    2    2   1    0.94
37    2    0.005    2    1   1    0.78
38    2    0.005    2    1   1    0.78
39    1    0.005    1    1   1    2.04
40    2    -0.005    2    1   0    1.86
41    1    -0.014    2    2   1    0.96
42    2    0.014    2    1   1    0.59
43    1    -0.009    2    2   1    0.60
44    2    0.009    2    1   1    0.35
45    2    -0.005    2    1   0    0.33
46    2    0.014    2    1   1    0.91
47    2    -0.014    1    2   1    1.49
48    1    -0.009    2    2   1    0.67
49    1    0.009    1    1   1    1.38
50    1    0.005    1    1   1    0.75
-------------------------
Final staircase threshold estimate (mean) is 0.0102
-------------------------
70    1    0.028    1    1   1    3.35
60    1    0.028    1    1   1    0.74
77    2    -0.009    1    2   1    3.47
10    1    0.028    1    1   1    0.71
80    2    0.028    2    1   1    0.62
100    2    0.028    2    1   1    0.99
22    1    -0.009    1    1   0    1.68
57    1    -0.009    2    2   1    1.03
124    2    0.009    2    1   1    2.01
67    1    -0.009    1    1   0    0.69
144    2    0.009    1    2   0    1.08
5    1    0.028    1    1   1    1.40
38    1    0.000    2    2   0    3.12
122    2    -0.009    1    2   1    0.65
28    1    0.000    1    1   1    1.82
79    2    0.009    1    2   0    0.98
48    1    0.000    1    1   1    0.69
6    1    -0.023    2    2   1    1.16
35    1    0.028    1    1   1    0.68
94    2    0.009    2    1   1    1.09
97    2    -0.009    1    2   1    0.68
112    2    -0.009    1    2   1    0.86
148    2    0.000    2    1   1    1.39
14    1    0.009    1    1   1    2.99
32    1    -0.009    2    2   1    0.71
120    2    0.028    2    1   1    0.67
34    1    0.009    1    1   1    0.69
20    1    0.028    2    2   0    2.88
23    1    0.000    2    2   0    1.46
113    2    0.000    2    1   1    0.99
42    1    -0.009    2    2   1    1.45
31    1    -0.023    2    2   1    0.65
19    1    0.009    1    1   1    1.80
116    2    -0.023    1    2   1    0.67
84    2    0.009    2    1   1    0.71
101    2    -0.023    1    2   1    0.63
53    1    0.000    2    2   0    3.51
17    1    -0.009    2    2   1    1.13
118    2    0.000    2    1   1    4.03
129    2    0.009    2    1   1    0.69
36    1    -0.023    2    2   1    1.19
117    2    -0.009    2    1   0    0.60
55    1    0.028    1    1   1    0.79
66    1    -0.023    2    2   1    0.66
46    1    -0.023    2    2   1    0.61
75    2    0.028    2    1   1    0.58
37    1    -0.009    2    2   1    0.78
102    2    -0.009    1    2   1    2.29
73    1    0.000    2    2   0    1.88
105    2    0.028    2    1   1    0.70
78    2    0.000    2    1   1    0.79
108    2    0.000    2    1   1    0.90
50    1    0.028    1    1   1    1.33
142    2    -0.009    1    2   1    1.34
127    2    -0.009    1    2   1    1.52
76    2    -0.023    1    2   1    1.02
119    2    0.009    2    1   1    0.89
134    2    0.009    2    1   1    0.55
8    1    0.000    2    2   0    2.71
65    1    0.028    1    1   1    0.84
47    1    -0.009    2    2   1    1.24
74    1    0.009    1    1   1    0.63
13    1    0.000    2    2   0    0.67
1    1    -0.023    2    2   1    0.64
136    2    -0.023    1    2   1    0.72
90    2    0.028    2    1   1    0.53
87    2    -0.009    1    2   1    0.56
18    1    0.000    2    2   0    4.06
9    1    0.009    1    1   1    0.60
140    2    0.028    2    1   1    0.56
40    1    0.028    1    1   1    0.60
81    2    -0.023    1    2   1    0.59
147    2    -0.009    1    2   1    0.56
138    2    0.000    2    1   1    1.70
96    2    -0.023    1    2   1    0.62
25    1    0.028    1    1   1    0.56
7    1    -0.009    2    2   1    0.57
11    1    -0.023    2    2   1    0.59
26    1    -0.023    2    2   1    0.65
131    2    -0.023    1    2   1    1.23
54    1    0.009    1    1   1    0.55
128    2    0.000    2    1   1    0.61
82    2    -0.009    1    2   1    0.63
132    2    -0.009    1    2   1    0.65
4    1    0.009    1    1   1    0.83
114    2    0.009    1    2   0    1.24
137    2    -0.009    1    2   1    0.70
103    2    0.000    1    2   0    0.66
12    1    -0.009    2    2   1    0.75
109    2    0.009    1    2   0    0.71
33    1    0.000    2    2   0    1.78
72    1    -0.009    2    2   1    1.16
44    1    0.009    1    1   1    2.11
92    2    -0.009    1    2   1    1.59
51    1    -0.023    2    2   1    0.95
71    1    -0.023    2    2   1    2.08
39    1    0.009    1    1   1    0.87
63    1    0.000    1    1   1    1.52
106    2    -0.023    1    2   1    2.37
86    2    -0.023    1    2   1    0.72
3    1    0.000    1    1   1    0.77
139    2    0.009    2    1   1    1.62
150    2    0.028    2    1   1    0.63
85    2    0.028    2    1   1    1.14
146    2    -0.023    1    2   1    1.63
52    1    -0.009    2    2   1    1.46
83    2    0.000    2    1   1    2.77
45    1    0.028    1    1   1    0.61
121    2    -0.023    1    2   1    0.56
15    1    0.028    1    1   1    0.65
130    2    0.028    2    1   1    1.34
91    2    -0.023    1    2   1    0.76
115    2    0.028    2    1   1    2.68
59    1    0.009    1    1   1    0.94
89    2    0.009    2    1   1    2.04
125    2    0.028    2    1   1    1.26
141    2    -0.023    1    2   1    0.58
16    1    -0.023    2    2   1    1.00
56    1    -0.023    2    2   1    0.67
21    1    -0.023    2    2   1    0.63
149    2    0.009    1    2   0    0.72
99    2    0.009    2    1   1    0.69
133    2    0.000    1    2   0    2.44
126    2    -0.023    1    2   1    0.99
2    1    -0.009    2    2   1    1.39
62    1    -0.009    2    2   1    0.88
95    2    0.028    2    1   1    0.60
69    1    0.009    1    1   1    1.67
111    2    -0.023    1    2   1    0.66
29    1    0.009    1    1   1    0.65
135    2    0.028    2    1   1    1.46
49    1    0.009    1    1   1    1.78
64    1    0.009    1    1   1    0.63
61    1    -0.023    2    2   1    0.91
123    2    0.000    1    2   0    2.78
30    1    0.028    1    1   1    0.80
88    2    0.000    1    2   0    0.61
110    2    0.028    2    1   1    0.61
143    2    0.000    2    1   1    0.69
43    1    0.000    2    2   0    1.33
104    2    0.009    2    1   1    0.87
27    1    -0.009    2    2   1    0.74
98    2    0.000    1    2   0    1.49
107    2    -0.009    1    2   1    0.76
24    1    0.009    1    1   1    0.80
93    2    0.000    2    1   1    2.92
41    1    -0.023    2    2   1    1.00
58    1    0.000    1    1   1    2.18
68    1    0.000    2    2   0    2.14
145    2    0.028    2    1   1    0.57
