--------------------------------
16-Oct-2014 14:04:48 
data from observer T10 
#occlusion2 expt 
reference disparity (degrees) 0.160000 

stim order disp kresp testresp correct time
1    1    0.074    1    1   1    1.63
2    2    -0.069    1    2   1    0.82
3    2    0.065    2    1   1    0.88
4    1    -0.060    1    1   0    0.76
5    1    -0.069    1    1   0    0.48
6    2    0.079    2    1   1    0.73
7    1    -0.079    2    2   1    0.89
8    2    0.074    1    2   0    0.50
9    1    -0.083    2    2   1    0.91
10    1    0.083    2    2   0    0.75
11    2    0.092    2    1   1    0.87
12    2    0.092    2    1   1    0.54
13    1    -0.088    2    2   1    0.80
14    2    0.088    2    1   1    0.55
15    1    -0.083    2    2   1    0.51
16    1    0.083    1    1   1    0.50
17    1    0.079    1    1   1    0.50
18    2    0.079    1    2   0    0.55
19    2    -0.088    1    2   1    0.77
20    2    -0.088    1    2   1    0.51
21    2    0.083    2    1   1    0.73
22    2    0.083    2    1   1    0.55
23    2    0.079    2    1   1    0.55
24    1    0.079    2    2   0    0.53
25    1    0.088    1    1   1    0.56
26    2    -0.088    1    2   1    0.51
27    2    -0.083    1    2   1    0.48
28    1    0.083    1    1   1    0.56
29    2    0.079    2    1   1    0.54
30    1    -0.079    2    2   1    0.61
31    2    -0.074    1    2   1    0.77
32    1    -0.074    1    1   0    0.47
33    2    -0.083    1    2   1    0.75
34    1    -0.083    2    2   1    0.59
35    2    -0.079    1    2   1    0.76
36    2    0.079    2    1   1    0.97
37    2    0.074    2    1   1    0.64
38    1    -0.074    2    2   1    0.57
39    2    0.069    2    1   1    0.57
40    2    -0.069    1    2   1    0.58
41    1    0.065    1    1   1    0.57
42    2    0.065    2    1   1    0.54
43    2    0.060    2    1   1    0.52
44    2    -0.060    1    2   1    0.56
45    2    0.055    2    1   1    0.57
46    2    0.055    2    1   1    0.53
47    2    0.051    2    1   1    0.61
48    1    -0.051    2    2   1    1.02
49    2    -0.046    1    2   1    0.89
50    2    0.046    2    1   1    0.63
-------------------------
Final staircase threshold estimate (mean) is 0.0554
-------------------------
132    2    -0.055    1    2   1    3.84
29    1    0.055    1    1   1    1.56
23    1    0.000    1    1   1    2.02
18    1    0.000    1    1   1    0.65
100    2    0.139    2    1   1    0.69
105    2    0.139    2    1   1    0.66
1    1    -0.139    2    2   1    0.94
80    2    0.139    2    1   1    0.57
111    2    -0.139    1    2   1    0.72
146    2    -0.139    1    2   1    0.49
92    2    -0.055    1    2   1    0.55
113    2    0.000    2    1   1    1.05
77    2    -0.055    1    2   1    0.61
54    1    0.055    1    1   1    0.64
44    1    0.055    2    2   0    0.87
95    2    0.139    2    1   1    0.74
126    2    -0.139    1    2   1    0.53
133    2    0.000    2    1   1    1.86
91    2    -0.139    1    2   1    0.46
97    2    -0.055    1    2   1    0.50
41    1    -0.139    2    2   1    0.75
127    2    -0.055    1    2   1    0.58
45    1    0.139    1    1   1    0.50
16    1    -0.139    2    2   1    0.63
8    1    0.000    2    2   0    0.73
13    1    0.000    2    2   0    0.56
67    1    -0.055    1    1   0    0.47
69    1    0.055    1    1   1    0.47
62    1    -0.055    2    2   1    0.57
139    2    0.055    2    1   1    0.68
106    2    -0.139    1    2   1    0.44
19    1    0.055    1    1   1    0.78
83    2    0.000    2    1   1    0.69
148    2    0.000    2    1   1    0.49
82    2    -0.055    1    2   1    0.58
109    2    0.055    2    1   1    0.89
52    1    -0.055    2    2   1    0.64
49    1    0.055    1    1   1    0.59
120    2    0.139    2    1   1    0.54
58    1    0.000    2    2   0    0.53
46    1    -0.139    1    1   0    0.40
27    1    -0.055    2    2   1    1.04
123    2    0.000    1    2   0    0.86
31    1    -0.139    2    2   1    2.23
35    1    0.139    1    1   1    0.74
114    2    0.055    2    1   1    2.69
32    1    -0.055    2    2   1    0.72
149    2    0.055    1    2   0    0.66
22    1    -0.055    2    2   1    0.52
104    2    0.055    1    2   0    1.29
56    1    -0.139    2    2   1    0.69
88    2    0.000    1    2   0    0.60
84    2    0.055    1    2   0    0.44
74    1    0.055    1    1   1    0.69
118    2    0.000    1    2   0    4.20
81    2    -0.139    1    2   1    0.52
61    1    -0.139    2    2   1    0.74
60    1    0.139    1    1   1    0.48
70    1    0.139    1    1   1    0.52
78    2    0.000    1    2   0    0.49
128    2    0.000    2    1   1    2.26
37    1    -0.055    2    2   1    1.79
47    1    -0.055    1    1   0    0.64
17    1    -0.055    1    1   0    0.60
72    1    -0.055    2    2   1    0.77
103    2    0.000    1    2   0    0.67
89    2    0.055    2    1   1    0.67
25    1    0.139    1    1   1    0.52
9    1    0.055    1    1   1    1.22
147    2    -0.055    1    2   1    0.56
11    1    -0.139    2    2   1    0.72
86    2    -0.139    1    2   1    0.64
116    2    -0.139    1    2   1    0.62
140    2    0.139    2    1   1    0.50
30    1    0.139    1    1   1    0.58
66    1    -0.139    2    2   1    0.74
142    2    -0.055    1    2   1    0.57
48    1    0.000    1    1   1    0.44
117    2    -0.055    1    2   1    0.54
150    2    0.139    2    1   1    0.59
144    2    0.055    2    1   1    0.81
38    1    0.000    1    1   1    0.63
107    2    -0.055    1    2   1    0.64
76    2    -0.139    1    2   1    0.49
3    1    0.000    1    1   1    0.52
108    2    0.000    2    1   1    2.99
68    1    0.000    1    1   1    0.47
53    1    0.000    2    2   0    0.77
40    1    0.139    1    1   1    0.50
143    2    0.000    2    1   1    1.54
6    1    -0.139    1    1   0    0.74
99    2    0.055    2    1   1    1.04
36    1    -0.139    2    2   1    0.61
5    1    0.139    1    1   1    0.57
121    2    -0.139    1    2   1    0.58
115    2    0.139    2    1   1    0.68
96    2    -0.139    1    2   1    0.57
110    2    0.139    2    1   1    0.78
130    2    0.139    2    1   1    0.61
20    1    0.139    1    1   1    0.52
57    1    -0.055    2    2   1    0.77
55    1    0.139    1    1   1    0.53
131    2    -0.139    1    2   1    0.56
59    1    0.055    1    1   1    0.50
129    2    0.055    2    1   1    0.51
4    1    0.055    1    1   1    0.44
28    1    0.000    2    2   0    1.89
14    1    0.055    1    1   1    0.51
98    2    0.000    2    1   1    1.31
75    2    0.139    1    2   0    0.37
93    2    0.000    1    2   0    0.61
63    1    0.000    1    1   1    0.53
43    1    0.000    1    1   1    2.29
145    2    0.139    2    1   1    0.76
136    2    -0.139    1    2   1    0.51
34    1    0.055    1    1   1    0.54
12    1    -0.055    2    2   1    0.71
134    2    0.055    2    1   1    0.61
119    2    0.055    2    1   1    1.45
125    2    0.139    2    1   1    0.63
141    2    -0.139    1    2   1    0.95
51    1    -0.139    2    2   1    0.57
101    2    -0.139    1    2   1    1.22
87    2    -0.055    1    2   1    0.59
124    2    0.055    2    1   1    0.84
64    1    0.055    1    1   1    1.28
50    1    0.139    1    1   1    0.70
42    1    -0.055    2    2   1    0.94
135    2    0.139    2    1   1    0.91
10    1    0.139    1    1   1    0.82
2    1    -0.055    2    2   1    0.60
71    1    -0.139    2    2   1    0.56
21    1    -0.139    2    2   1    1.33
24    1    0.055    1    1   1    0.94
26    1    -0.139    2    2   1    0.73
15    1    0.139    1    1   1    1.25
138    2    0.000    1    2   0    2.28
122    2    -0.055    1    2   1    0.75
85    2    0.139    1    2   0    1.09
79    2    0.055    2    1   1    0.64
73    1    0.000    1    1   1    0.99
65    1    0.139    1    1   1    0.46
94    2    0.055    1    2   0    0.39
112    2    -0.055    1    2   1    1.30
137    2    -0.055    1    2   1    1.15
90    2    0.139    2    1   1    0.68
33    1    0.000    1    1   1    0.68
7    1    -0.055    2    2   1    0.61
39    1    0.055    1    1   1    0.66
102    2    -0.055    1    2   1    0.62
