--------------------------------
16-Oct-2014 14:57:00 
data from observer T10 
#occlusion2 expt 
reference disparity (degrees) 0.160000 

stim order disp kresp testresp correct time
1    2    -0.074    2    1   1    2.85
2    2    0.069    1    2   1    0.84
3    1    0.065    2    2   1    0.90
4    1    -0.060    1    1   1    0.53
5    2    0.055    1    2   1    0.56
6    2    0.051    1    2   1    0.59
7    1    0.046    2    2   1    0.89
8    2    -0.042    2    1   1    0.87
9    1    0.037    2    2   1    0.47
10    1    -0.032    1    1   1    0.62
11    2    -0.028    1    2   0    0.47
12    2    -0.037    2    1   1    0.73
13    1    -0.037    1    1   1    0.65
14    1    0.032    1    1   0    0.45
15    1    -0.042    1    1   1    0.64
16    2    -0.042    2    1   1    0.62
17    1    -0.037    1    1   1    1.11
18    2    0.037    1    2   1    0.53
19    1    0.032    2    2   1    0.89
20    2    -0.032    2    1   1    0.48
21    1    0.028    2    2   1    0.81
22    1    0.028    2    2   1    0.74
23    1    -0.023    1    1   1    0.59
24    2    0.023    1    2   1    0.63
25    1    -0.018    1    1   1    0.64
26    2    0.018    1    2   1    0.46
27    1    0.014    2    2   1    0.75
28    1    -0.014    1    1   1    1.10
29    1    0.009    1    1   0    0.61
30    2    0.018    2    1   0    0.59
31    1    -0.028    1    1   1    0.51
32    2    0.028    1    2   1    0.44
33    2    0.023    1    2   1    0.46
34    1    -0.023    1    1   1    0.51
35    2    0.018    1    2   1    0.39
36    1    0.018    2    2   1    0.63
37    1    0.014    2    2   1    0.64
38    1    -0.014    1    1   1    1.12
39    1    -0.009    1    1   1    0.52
40    2    -0.009    1    2   0    0.50
41    2    -0.018    2    1   1    0.70
42    2    0.018    2    1   0    0.90
43    1    -0.028    1    1   1    0.53
44    2    0.028    1    2   1    0.48
45    2    0.023    1    2   1    0.52
46    2    -0.023    2    1   1    0.54
47    2    0.018    1    2   1    0.46
48    2    -0.018    2    1   1    0.69
49    2    -0.014    2    1   1    0.70
50    2    -0.014    2    1   1    0.56
-------------------------
Final staircase threshold estimate (mean) is 0.0203
-------------------------
49    1    0.018    2    2   0    2.75
11    1    -0.051    1    1   0    0.55
64    1    0.018    2    2   0    0.67
137    2    -0.018    2    1   0    0.71
6    1    -0.051    1    1   0    0.58
148    2    0.000    2    1   1    0.79
96    2    -0.051    2    1   0    0.59
138    2    0.000    2    1   1    0.83
101    2    -0.051    2    1   0    0.53
19    1    0.018    2    2   0    0.89
17    1    -0.018    2    2   1    0.61
13    1    0.000    2    2   0    0.84
75    2    0.051    1    2   0    0.62
90    2    0.051    1    2   0    0.48
68    1    0.000    2    2   0    1.02
15    1    0.051    2    2   0    0.54
7    1    -0.018    2    2   1    0.94
97    2    -0.018    2    1   0    0.61
118    2    0.000    2    1   1    0.42
89    2    0.018    1    2   0    1.07
132    2    -0.018    2    1   0    0.64
16    1    -0.051    1    1   0    0.79
41    1    -0.051    1    1   0    0.49
91    2    -0.051    2    1   0    0.57
5    1    0.051    2    2   0    0.58
14    1    0.018    2    2   0    0.47
110    2    0.051    1    2   0    1.12
36    1    -0.051    1    1   0    0.56
25    1    0.051    2    2   0    0.66
43    1    0.000    2    2   0    2.13
31    1    -0.051    1    1   0    0.55
98    2    0.000    1    2   0    0.59
27    1    -0.018    1    1   0    0.48
26    1    -0.051    1    1   0    0.40
94    2    0.018    1    2   0    0.65
12    1    -0.018    1    1   0    0.43
88    2    0.000    1    2   0    0.38
22    1    -0.018    1    1   0    4.37
32    1    -0.018    1    1   0    0.58
107    2    -0.018    2    1   0    0.96
51    1    -0.051    1    1   0    2.45
116    2    -0.051    2    1   0    0.49
18    1    0.000    2    2   0    0.44
57    1    -0.018    2    2   1    1.23
121    2    -0.051    2    1   0    0.69
86    2    -0.051    2    1   0    0.58
136    2    -0.051    2    1   0    0.48
53    1    0.000    2    2   0    1.78
119    2    0.018    1    2   0    1.38
40    1    0.051    2    2   0    0.77
133    2    0.000    2    1   1    1.95
131    2    -0.051    2    1   0    0.65
76    2    -0.051    2    1   0    0.58
126    2    -0.051    2    1   0    0.47
38    1    0.000    1    1   1    1.68
115    2    0.051    1    2   0    0.75
4    1    0.018    2    2   0    1.10
77    2    -0.018    2    1   0    0.79
79    2    0.018    2    1   1    0.58
45    1    0.051    2    2   0    0.76
82    2    -0.018    2    1   0    0.84
46    1    -0.051    1    1   0    1.28
48    1    0.000    2    2   0    0.87
105    2    0.051    1    2   0    0.93
24    1    0.018    2    2   0    0.59
39    1    0.018    2    2   0    0.56
66    1    -0.051    1    1   0    0.56
117    2    -0.018    2    1   0    0.61
58    1    0.000    1    1   1    0.40
104    2    0.018    1    2   0    0.92
29    1    0.018    2    2   0    0.64
143    2    0.000    2    1   1    0.91
34    1    0.018    2    2   0    0.99
1    1    -0.051    2    2   1    0.64
67    1    -0.018    1    1   0    0.61
125    2    0.051    1    2   0    0.61
47    1    -0.018    1    1   0    0.54
129    2    0.018    1    2   0    1.43
71    1    -0.051    1    1   0    0.67
54    1    0.018    2    2   0    0.84
100    2    0.051    1    2   0    0.59
84    2    0.018    1    2   0    0.60
80    2    0.051    1    2   0    0.86
144    2    0.018    1    2   0    0.54
56    1    -0.051    1    1   0    0.84
149    2    0.018    1    2   0    0.83
52    1    -0.018    1    1   0    0.56
23    1    0.000    1    1   1    0.70
128    2    0.000    1    2   0    0.54
74    1    0.018    1    1   1    0.57
9    1    0.018    2    2   0    1.01
81    2    -0.051    2    1   0    0.51
127    2    -0.018    2    1   0    0.49
106    2    -0.051    2    1   0    0.45
111    2    -0.051    2    1   0    0.52
10    1    0.051    2    2   0    0.59
113    2    0.000    2    1   1    0.61
112    2    -0.018    2    1   0    0.46
123    2    0.000    2    1   1    0.82
145    2    0.051    1    2   0    0.49
50    1    0.051    1    1   1    0.36
73    1    0.000    2    2   0    0.70
78    2    0.000    2    1   1    0.63
108    2    0.000    2    1   1    1.30
70    1    0.051    2    2   0    0.56
150    2    0.051    2    1   1    0.46
130    2    0.051    1    2   0    0.59
122    2    -0.018    2    1   0    0.62
2    1    -0.018    1    1   0    0.60
3    1    0.000    1    1   1    0.44
20    1    0.051    2    2   0    0.65
72    1    -0.018    1    1   0    1.03
63    1    0.000    2    2   0    1.87
141    2    -0.051    2    1   0    0.68
95    2    0.051    1    2   0    0.71
55    1    0.051    2    2   0    0.61
69    1    0.018    2    2   0    0.64
120    2    0.051    1    2   0    0.77
30    1    0.051    2    2   0    0.71
92    2    -0.018    1    2   1    0.61
134    2    0.018    1    2   0    0.61
85    2    0.051    1    2   0    0.51
42    1    -0.018    1    1   0    0.52
44    1    0.018    2    2   0    0.59
124    2    0.018    1    2   0    0.41
83    2    0.000    1    2   0    0.52
139    2    0.018    1    2   0    0.39
33    1    0.000    2    2   0    0.72
87    2    -0.018    2    1   0    0.75
102    2    -0.018    2    1   0    0.66
61    1    -0.051    1    1   0    0.81
60    1    0.051    2    2   0    0.63
135    2    0.051    1    2   0    0.82
147    2    -0.018    2    1   0    0.45
59    1    0.018    2    2   0    0.68
99    2    0.018    1    2   0    0.58
28    1    0.000    1    1   1    0.78
8    1    0.000    2    2   0    0.66
140    2    0.051    1    2   0    0.58
21    1    -0.051    1    1   0    0.56
37    1    -0.018    1    1   0    0.81
103    2    0.000    1    2   0    0.53
93    2    0.000    1    2   0    0.49
142    2    -0.018    2    1   0    0.95
62    1    -0.018    1    1   0    0.55
146    2    -0.051    2    1   0    0.68
109    2    0.018    1    2   0    0.62
35    1    0.051    2    2   0    0.49
114    2    0.018    1    2   0    0.71
65    1    0.051    2    2   0    0.50
