--------------------------------
16-Oct-2014 15:03:14 
data from observer T10 
#occlusion2 expt 
reference disparity (degrees) 0.160000 

stim order disp kresp testresp correct time
1    2    -0.074    2    1   1    4.48
2    1    -0.069    1    1   1    0.66
3    1    0.065    2    2   1    1.00
4    2    0.060    1    2   1    0.46
5    2    0.055    1    2   1    0.58
6    2    0.051    1    2   1    0.45
7    2    0.046    1    2   1    0.50
8    2    0.042    1    2   1    0.45
9    2    0.037    1    2   1    0.49
10    1    0.032    2    2   1    1.22
11    1    -0.028    1    1   1    0.98
12    2    -0.023    2    1   1    1.24
13    1    -0.018    1    1   1    0.60
14    1    -0.014    2    2   0    1.12
15    1    0.023    2    2   1    0.49
16    2    -0.023    1    2   0    0.46
17    1    0.032    2    2   1    0.56
18    1    0.032    2    2   1    0.79
19    2    0.028    1    2   1    0.98
20    1    0.028    2    2   1    0.76
21    2    -0.023    2    1   1    0.62
22    1    -0.023    2    2   0    0.72
23    1    0.032    2    2   1    0.92
24    1    0.032    2    2   1    0.67
25    2    -0.028    2    1   1    0.68
26    1    0.028    2    2   1    1.18
27    2    0.023    1    2   1    0.69
28    1    0.023    2    2   1    0.92
29    2    -0.018    2    1   1    0.60
30    2    -0.018    2    1   1    0.69
31    2    0.014    1    2   1    0.77
32    2    -0.014    2    1   1    0.82
33    2    0.009    1    2   1    0.78
34    1    -0.009    1    1   1    0.79
35    2    0.005    1    2   1    0.52
36    2    0.005    2    1   0    0.74
37    1    0.014    2    2   1    0.97
38    1    -0.014    2    2   0    1.80
39    2    -0.023    2    1   1    0.49
40    2    -0.023    2    1   1    0.55
41    1    0.018    2    2   1    0.57
42    1    -0.018    1    1   1    1.01
43    2    -0.014    2    1   1    0.77
44    1    0.014    2    2   1    0.51
45    2    0.009    2    1   0    0.85
46    1    0.018    2    2   1    0.68
47    2    0.018    1    2   1    0.67
48    2    0.014    1    2   1    1.95
49    2    0.014    2    1   0    0.77
50    1    -0.023    1    1   1    0.52
-------------------------
Final staircase threshold estimate (mean) is 0.0162
-------------------------
90    2    0.042    1    2   0    8.09
56    1    -0.042    1    1   0    0.86
130    2    0.042    1    2   0    0.50
150    2    0.042    1    2   0    0.50
93    2    0.000    2    1   1    0.73
11    1    -0.042    1    1   0    0.80
20    1    0.042    2    2   0    0.64
131    2    -0.042    2    1   0    0.43
118    2    0.000    2    1   1    0.43
59    1    0.018    2    2   0    0.51
16    1    -0.042    1    1   0    0.50
49    1    0.018    2    2   0    0.62
94    2    0.018    2    1   1    0.38
97    2    -0.018    2    1   0    0.60
65    1    0.042    2    2   0    0.45
69    1    0.018    2    2   0    0.70
136    2    -0.042    2    1   0    0.54
37    1    -0.018    1    1   0    1.34
9    1    0.018    2    2   0    0.54
78    2    0.000    2    1   1    0.53
19    1    0.018    2    2   0    0.72
126    2    -0.042    2    1   0    0.61
95    2    0.042    1    2   0    0.79
45    1    0.042    2    2   0    0.65
6    1    -0.042    2    2   1    0.64
84    2    0.018    1    2   0    0.99
5    1    0.042    2    2   0    0.77
142    2    -0.018    2    1   0    0.55
33    1    0.000    2    2   0    0.49
107    2    -0.018    2    1   0    0.76
39    1    0.018    2    2   0    1.10
35    1    0.042    2    2   0    0.93
133    2    0.000    1    2   0    2.71
80    2    0.042    1    2   0    0.97
12    1    -0.018    1    1   0    0.47
40    1    0.042    2    2   0    0.80
105    2    0.042    1    2   0    0.67
10    1    0.042    2    2   0    0.64
47    1    -0.018    2    2   1    1.48
13    1    0.000    2    2   0    0.51
108    2    0.000    2    1   1    0.51
148    2    0.000    2    1   1    0.53
42    1    -0.018    1    1   0    0.80
30    1    0.042    2    2   0    0.45
143    2    0.000    2    1   1    0.55
139    2    0.018    2    1   1    0.62
52    1    -0.018    1    1   0    0.67
44    1    0.018    2    2   0    0.57
102    2    -0.018    2    1   0    0.53
53    1    0.000    1    1   1    0.77
114    2    0.018    1    2   0    0.50
124    2    0.018    1    2   0    0.91
99    2    0.018    1    2   0    0.56
115    2    0.042    2    1   1    0.73
79    2    0.018    2    1   1    0.54
101    2    -0.042    2    1   0    0.59
137    2    -0.018    2    1   0    0.65
21    1    -0.042    1    1   0    0.58
15    1    0.042    2    2   0    0.56
134    2    0.018    1    2   0    0.51
106    2    -0.042    2    1   0    0.58
138    2    0.000    1    2   0    3.16
41    1    -0.042    1    1   0    0.63
51    1    -0.042    1    1   0    0.51
58    1    0.000    1    1   1    0.51
86    2    -0.042    2    1   0    0.66
68    1    0.000    1    1   1    0.65
22    1    -0.018    1    1   0    0.60
23    1    0.000    2    2   0    0.53
98    2    0.000    1    2   0    0.72
110    2    0.042    1    2   0    0.65
122    2    -0.018    2    1   0    0.58
61    1    -0.042    1    1   0    0.55
135    2    0.042    1    2   0    0.68
73    1    0.000    2    2   0    0.65
127    2    -0.018    2    1   0    0.62
64    1    0.018    2    2   0    0.49
132    2    -0.018    2    1   0    0.52
24    1    0.018    1    1   1    0.81
25    1    0.042    2    2   0    1.11
55    1    0.042    2    2   0    0.53
141    2    -0.042    2    1   0    0.55
91    2    -0.042    2    1   0    0.41
48    1    0.000    2    2   0    0.50
77    2    -0.018    2    1   0    0.43
28    1    0.000    2    2   0    0.40
112    2    -0.018    2    1   0    0.42
27    1    -0.018    2    2   1    0.51
121    2    -0.042    2    1   0    0.71
26    1    -0.042    1    1   0    0.95
36    1    -0.042    1    1   0    0.49
31    1    -0.042    1    1   0    0.48
34    1    0.018    2    2   0    0.66
32    1    -0.018    1    1   0    0.63
104    2    0.018    1    2   0    0.53
62    1    -0.018    1    1   0    0.53
123    2    0.000    2    1   1    0.54
96    2    -0.042    2    1   0    0.98
87    2    -0.018    1    2   1    0.80
147    2    -0.018    1    2   1    0.66
63    1    0.000    1    1   1    1.36
145    2    0.042    1    2   0    0.71
50    1    0.042    2    2   0    0.99
129    2    0.018    1    2   0    0.60
82    2    -0.018    1    2   1    0.55
60    1    0.042    2    2   0    0.65
76    2    -0.042    2    1   0    0.64
7    1    -0.018    1    1   0    0.67
17    1    -0.018    1    1   0    0.53
111    2    -0.042    2    1   0    0.50
146    2    -0.042    2    1   0    0.60
103    2    0.000    1    2   0    0.60
89    2    0.018    1    2   0    0.51
100    2    0.042    1    2   0    0.84
66    1    -0.042    1    1   0    0.51
57    1    -0.018    1    1   0    0.50
83    2    0.000    1    2   0    0.40
67    1    -0.018    1    1   0    0.55
116    2    -0.042    2    1   0    0.56
43    1    0.000    1    1   1    0.89
128    2    0.000    2    1   1    0.73
125    2    0.042    1    2   0    0.76
29    1    0.018    2    2   0    0.69
8    1    0.000    1    1   1    0.51
88    2    0.000    1    2   0    0.43
46    1    -0.042    1    1   0    0.51
120    2    0.042    1    2   0    0.69
18    1    0.000    1    1   1    0.43
72    1    -0.018    1    1   0    0.48
144    2    0.018    1    2   0    0.45
109    2    0.018    1    2   0    0.86
119    2    0.018    2    1   1    0.82
75    2    0.042    1    2   0    0.91
81    2    -0.042    2    1   0    0.78
38    1    0.000    1    1   1    0.52
117    2    -0.018    1    2   1    0.88
149    2    0.018    2    1   1    0.90
4    1    0.018    2    2   0    0.63
71    1    -0.042    1    1   0    0.93
74    1    0.018    2    2   0    0.62
1    1    -0.042    1    1   0    1.35
14    1    0.018    2    2   0    0.63
140    2    0.042    1    2   0    0.70
54    1    0.018    2    2   0    0.68
113    2    0.000    1    2   0    0.92
70    1    0.042    2    2   0    0.63
85    2    0.042    2    1   1    0.46
3    1    0.000    1    1   1    0.77
92    2    -0.018    2    1   0    0.53
2    1    -0.018    1    1   0    0.55
