--------------------------------
16-Oct-2014 14:13:01 
data from observer T10 
#occlusion2 expt 
reference disparity (degrees) 0.160000 

stim order disp kresp testresp correct time
1    1    -0.074    2    2   1    1.97
2    2    0.069    2    1   1    1.41
3    1    0.065    1    1   1    0.57
4    2    -0.060    1    2   1    0.57
5    2    -0.055    1    2   1    0.60
6    1    -0.051    1    1   0    0.50
7    2    0.060    2    1   1    1.00
8    2    -0.060    1    2   1    0.61
9    1    0.055    1    1   1    1.33
10    2    0.055    2    1   1    1.79
11    2    0.051    2    1   1    1.55
12    1    -0.051    2    2   1    1.19
13    1    0.046    1    1   1    0.72
14    2    0.046    2    1   1    1.33
15    2    0.042    2    1   1    1.38
16    1    0.042    1    1   1    0.80
17    2    0.037    2    1   1    1.39
18    2    -0.037    1    2   1    0.70
19    1    0.032    1    1   1    0.65
20    1    0.032    1    1   1    0.61
21    1    0.028    1    1   1    0.50
22    2    0.028    2    1   1    0.90
23    1    0.023    1    1   1    0.69
24    1    0.023    1    1   1    3.47
25    2    0.018    2    1   1    1.38
26    1    0.018    1    1   1    1.70
27    2    -0.014    1    2   1    0.68
28    2    0.014    2    1   1    0.94
29    2    -0.009    2    1   0    2.21
30    1    -0.018    2    2   1    1.47
31    2    -0.018    1    2   1    2.05
32    1    -0.014    2    2   1    1.36
33    1    0.014    1    1   1    0.80
34    1    -0.009    1    1   0    1.32
35    2    -0.018    1    2   1    2.81
36    2    -0.018    1    2   1    0.61
37    2    0.014    2    1   1    1.69
38    1    0.014    1    1   1    0.75
39    2    0.009    1    2   0    0.66
40    1    -0.018    2    2   1    0.63
41    2    -0.018    1    2   1    0.75
42    2    -0.014    1    2   1    0.66
43    2    0.014    1    2   0    0.53
44    2    0.023    2    1   1    1.10
45    1    -0.023    2    2   1    1.13
46    1    -0.018    2    2   1    0.87
47    1    0.018    1    1   1    0.71
48    1    0.014    1    1   1    0.79
49    1    0.014    1    1   1    0.65
50    1    -0.009    2    2   1    1.82
-------------------------
Final staircase threshold estimate (mean) is 0.0166
-------------------------
26    1    -0.042    2    2   1    3.25
101    2    -0.042    1    2   1    0.68
8    1    0.000    1    1   1    0.59
55    1    0.042    1    1   1    0.60
133    2    0.000    1    2   0    2.10
17    1    -0.018    2    2   1    1.13
57    1    -0.018    1    1   0    0.74
10    1    0.042    1    1   1    0.59
29    1    0.018    1    1   1    0.57
41    1    -0.042    2    2   1    1.01
97    2    -0.018    1    2   1    1.29
12    1    -0.018    2    2   1    0.68
115    2    0.042    2    1   1    0.93
31    1    -0.042    2    2   1    1.05
122    2    -0.018    1    2   1    0.97
136    2    -0.042    1    2   1    0.79
23    1    0.000    1    1   1    0.63
30    1    0.042    1    1   1    0.73
109    2    0.018    1    2   0    0.60
141    2    -0.042    1    2   1    1.17
34    1    0.018    1    1   1    0.68
9    1    0.018    1    1   1    2.21
5    1    0.042    1    1   1    1.16
3    1    0.000    2    2   0    2.24
117    2    -0.018    1    2   1    2.82
56    1    -0.042    2    2   1    0.80
1    1    -0.042    2    2   1    0.76
144    2    0.018    2    1   1    2.21
139    2    0.018    2    1   1    0.69
100    2    0.042    2    1   1    0.58
40    1    0.042    1    1   1    0.88
18    1    0.000    2    2   0    1.68
116    2    -0.042    1    2   1    0.82
123    2    0.000    2    1   1    1.17
126    2    -0.042    1    2   1    0.80
77    2    -0.018    1    2   1    0.91
33    1    0.000    1    1   1    0.69
39    1    0.018    1    1   1    0.61
69    1    0.018    1    1   1    1.48
48    1    0.000    1    1   1    0.67
127    2    -0.018    1    2   1    0.89
74    1    0.018    1    1   1    0.62
124    2    0.018    2    1   1    1.03
83    2    0.000    2    1   1    2.24
68    1    0.000    1    1   1    0.66
67    1    -0.018    2    2   1    0.67
143    2    0.000    1    2   0    0.74
82    2    -0.018    1    2   1    1.88
16    1    -0.042    2    2   1    0.83
89    2    0.018    2    1   1    0.74
78    2    0.000    2    1   1    1.58
2    1    -0.018    2    2   1    0.89
63    1    0.000    2    2   0    2.23
111    2    -0.042    1    2   1    1.02
93    2    0.000    1    2   0    0.95
79    2    0.018    2    1   1    1.19
90    2    0.042    2    1   1    0.61
14    1    0.018    1    1   1    0.77
61    1    -0.042    2    2   1    0.53
95    2    0.042    2    1   1    0.67
59    1    0.018    1    1   1    0.90
28    1    0.000    2    2   0    2.42
44    1    0.018    1    1   1    1.93
62    1    -0.018    2    2   1    0.77
80    2    0.042    2    1   1    0.80
43    1    0.000    2    2   0    0.62
91    2    -0.042    1    2   1    0.64
119    2    0.018    2    1   1    0.86
140    2    0.042    2    1   1    1.01
35    1    0.042    1    1   1    0.62
150    2    0.042    2    1   1    0.73
81    2    -0.042    1    2   1    0.63
20    1    0.042    1    1   1    0.67
96    2    -0.042    1    2   1    0.54
137    2    -0.018    1    2   1    0.74
103    2    0.000    2    1   1    1.95
134    2    0.018    2    1   1    0.68
51    1    -0.042    2    2   1    0.58
87    2    -0.018    1    2   1    0.66
86    2    -0.042    1    2   1    0.64
32    1    -0.018    2    2   1    0.60
37    1    -0.018    2    2   1    0.56
76    2    -0.042    1    2   1    0.66
66    1    -0.042    2    2   1    0.49
105    2    0.042    2    1   1    0.53
94    2    0.018    2    1   1    1.48
54    1    0.018    1    1   1    1.04
112    2    -0.018    1    2   1    0.62
129    2    0.018    2    1   1    0.62
113    2    0.000    2    1   1    1.83
104    2    0.018    2    1   1    0.76
42    1    -0.018    2    2   1    0.75
108    2    0.000    1    2   0    1.99
13    1    0.000    1    1   1    1.82
121    2    -0.042    1    2   1    1.09
99    2    0.018    2    1   1    1.77
120    2    0.042    2    1   1    1.82
49    1    0.018    1    1   1    0.77
128    2    0.000    1    2   0    0.72
114    2    0.018    2    1   1    0.98
27    1    -0.018    2    2   1    1.14
6    1    -0.042    2    2   1    0.80
148    2    0.000    1    2   0    1.22
149    2    0.018    2    1   1    1.22
38    1    0.000    1    1   1    0.85
84    2    0.018    1    2   0    1.45
130    2    0.042    2    1   1    1.00
70    1    0.042    1    1   1    0.96
19    1    0.018    1    1   1    0.64
146    2    -0.042    1    2   1    0.56
110    2    0.042    2    1   1    1.13
132    2    -0.018    1    2   1    1.27
106    2    -0.042    1    2   1    0.64
25    1    0.042    1    1   1    0.82
88    2    0.000    2    1   1    2.07
22    1    -0.018    1    1   0    1.95
142    2    -0.018    1    2   1    1.86
7    1    -0.018    1    1   0    0.76
50    1    0.042    1    1   1    0.62
47    1    -0.018    2    2   1    0.86
102    2    -0.018    1    2   1    0.61
71    1    -0.042    2    2   1    0.68
60    1    0.042    1    1   1    0.69
75    2    0.042    2    1   1    1.61
98    2    0.000    2    1   1    1.17
15    1    0.042    1    1   1    0.77
73    1    0.000    1    1   1    0.72
11    1    -0.042    2    2   1    0.62
52    1    -0.018    2    2   1    0.97
72    1    -0.018    2    2   1    1.88
147    2    -0.018    1    2   1    1.27
4    1    0.018    1    1   1    0.66
131    2    -0.042    1    2   1    0.65
45    1    0.042    1    1   1    0.74
21    1    -0.042    2    2   1    0.61
65    1    0.042    1    1   1    0.59
107    2    -0.018    1    2   1    0.98
64    1    0.018    1    1   1    0.52
125    2    0.042    2    1   1    1.07
135    2    0.042    2    1   1    0.62
53    1    0.000    1    1   1    0.53
118    2    0.000    2    1   1    1.10
92    2    -0.018    1    2   1    0.72
36    1    -0.042    2    2   1    0.71
138    2    0.000    2    1   1    1.96
85    2    0.042    2    1   1    2.51
58    1    0.000    2    2   0    2.35
46    1    -0.042    2    2   1    0.86
24    1    0.018    1    1   1    0.78
145    2    0.042    2    1   1    0.83
