--------------------------------
16-Oct-2014 14:29:25 
data from observer T10 
#occlusion2 expt 
reference disparity (degrees) 0.160000 

stim order disp kresp testresp correct time
1    1    0.074    1    1   1    2.74
2    2    0.069    2    1   1    2.02
3    2    0.065    1    2   0    0.92
4    2    -0.074    1    2   1    2.37
5    2    -0.074    1    2   1    1.03
6    1    -0.069    1    1   0    0.76
7    2    0.079    2    1   1    1.81
8    1    -0.079    1    1   0    0.80
9    2    0.088    1    2   0    0.66
10    1    0.097    1    1   1    0.53
11    2    -0.097    1    2   1    0.97
12    1    -0.092    2    2   1    1.42
13    1    0.092    1    1   1    0.55
14    1    -0.088    1    1   0    0.60
15    1    -0.097    2    2   1    1.55
16    2    0.097    2    1   1    2.20
17    1    -0.092    1    1   0    1.84
18    1    -0.102    1    1   0    0.91
19    2    -0.111    2    1   0    1.26
20    1    -0.120    1    1   0    1.52
21    2    -0.129    1    2   1    0.83
22    2    -0.129    1    2   1    0.63
23    2    0.125    1    2   0    0.64
24    1    -0.134    1    1   0    0.80
25    1    -0.143    1    1   0    2.37
26    2    0.148    2    1   1    0.99
27    1    0.148    1    1   1    0.66
28    2    -0.143    2    1   0    4.17
29    2    0.148    1    2   0    0.92
30    2    0.148    1    2   0    1.51
31    1    -0.148    1    1   0    1.40
32    1    0.148    1    1   1    0.60
33    2    0.148    1    2   0    1.19
34    1    0.148    1    1   1    0.76
35    2    -0.148    1    2   1    2.85
36    2    -0.143    2    1   0    1.11
37    1    0.148    1    1   1    0.68
38    1    -0.148    1    1   0    0.72
39    2    0.148    1    2   0    1.30
40    2    0.148    2    1   1    0.57
41    1    0.148    1    1   1    0.60
42    2    -0.143    1    2   1    1.46
43    1    0.143    1    1   1    0.66
44    2    0.139    1    2   0    0.65
45    2    0.148    2    1   1    0.93
46    1    0.148    1    1   1    0.56
47    2    -0.143    1    2   1    0.56
48    1    -0.143    1    1   0    0.74
49    1    -0.148    1    1   0    0.66
50    2    -0.148    1    2   1    0.87
-------------------------
Final staircase threshold estimate (mean) is 0.1450
-------------------------
97    2    -0.143    1    2   1    5.58
66    1    -0.148    2    2   1    1.73
133    2    0.000    1    2   0    0.71
125    2    0.148    2    1   1    2.17
87    2    -0.143    1    2   1    0.55
93    2    0.000    1    2   0    0.53
33    1    0.000    1    1   1    1.35
113    2    0.000    1    2   0    0.84
52    1    -0.143    1    1   0    0.98
57    1    -0.143    1    1   0    0.54
63    1    0.000    2    2   0    1.00
112    2    -0.143    1    2   1    1.17
129    2    0.143    2    1   1    0.73
72    1    -0.143    2    2   1    0.49
149    2    0.143    2    1   1    0.45
105    2    0.148    2    1   1    0.53
98    2    0.000    1    2   0    0.57
21    1    -0.148    1    1   0    0.87
142    2    -0.143    2    1   0    0.51
104    2    0.143    2    1   1    0.42
76    2    -0.148    2    1   0    0.49
50    1    0.148    1    1   1    0.48
136    2    -0.148    1    2   1    0.77
51    1    -0.148    1    1   0    0.41
132    2    -0.143    1    2   1    0.48
26    1    -0.148    1    1   0    0.40
77    2    -0.143    1    2   1    0.51
62    1    -0.143    1    1   0    0.42
127    2    -0.143    2    1   0    0.42
37    1    -0.143    2    2   1    0.50
43    1    0.000    1    1   1    0.95
109    2    0.143    1    2   0    0.46
91    2    -0.148    1    2   1    0.40
115    2    0.148    2    1   1    0.57
30    1    0.148    1    1   1    0.44
111    2    -0.148    1    2   1    0.37
92    2    -0.143    1    2   1    0.67
126    2    -0.148    1    2   1    0.68
100    2    0.148    2    1   1    0.53
20    1    0.148    1    1   1    0.48
130    2    0.148    1    2   0    0.58
61    1    -0.148    1    1   0    0.53
110    2    0.148    1    2   0    0.53
147    2    -0.143    1    2   1    0.52
32    1    -0.143    1    1   0    0.62
67    1    -0.143    2    2   1    0.52
121    2    -0.148    1    2   1    0.58
75    2    0.148    2    1   1    0.63
137    2    -0.143    1    2   1    0.85
140    2    0.148    2    1   1    0.60
68    1    0.000    1    1   1    0.53
17    1    -0.143    1    1   0    0.67
12    1    -0.143    2    2   1    0.54
99    2    0.143    2    1   1    0.62
48    1    0.000    1    1   1    1.87
79    2    0.143    2    1   1    0.63
46    1    -0.148    1    1   0    0.76
145    2    0.148    2    1   1    0.65
25    1    0.148    1    1   1    0.50
31    1    -0.148    2    2   1    0.45
150    2    0.148    2    1   1    0.76
94    2    0.143    1    2   0    0.49
58    1    0.000    1    1   1    0.55
8    1    0.000    1    1   1    1.31
5    1    0.148    1    1   1    0.90
44    1    0.143    1    1   1    0.63
114    2    0.143    2    1   1    0.68
36    1    -0.148    1    1   0    1.17
65    1    0.148    1    1   1    0.63
42    1    -0.143    1    1   0    0.43
139    2    0.143    2    1   1    0.55
106    2    -0.148    2    1   0    0.58
118    2    0.000    1    2   0    0.69
23    1    0.000    1    1   1    0.61
71    1    -0.148    2    2   1    0.61
34    1    0.143    1    1   1    1.04
107    2    -0.143    1    2   1    0.87
73    1    0.000    1    1   1    1.27
41    1    -0.148    2    2   1    0.62
81    2    -0.148    2    1   0    0.61
141    2    -0.148    1    2   1    1.45
135    2    0.148    2    1   1    0.59
95    2    0.148    2    1   1    0.57
29    1    0.143    1    1   1    0.55
85    2    0.148    2    1   1    0.78
128    2    0.000    2    1   1    0.85
86    2    -0.148    2    1   0    1.50
84    2    0.143    2    1   1    0.71
27    1    -0.143    1    1   0    0.65
47    1    -0.143    2    2   1    1.77
64    1    0.143    1    1   1    0.57
90    2    0.148    2    1   1    0.75
108    2    0.000    1    2   0    0.95
53    1    0.000    2    2   0    2.10
119    2    0.143    2    1   1    0.74
117    2    -0.143    1    2   1    0.54
148    2    0.000    1    2   0    0.55
74    1    0.143    1    1   1    0.64
96    2    -0.148    1    2   1    0.51
138    2    0.000    2    1   1    1.12
56    1    -0.148    2    2   1    1.59
49    1    0.143    1    1   1    0.76
146    2    -0.148    1    2   1    0.61
13    1    0.000    1    1   1    1.19
1    1    -0.148    1    1   0    0.90
3    1    0.000    2    2   0    1.13
40    1    0.148    1    1   1    0.56
69    1    0.143    1    1   1    0.52
55    1    0.148    1    1   1    0.51
39    1    0.143    1    1   1    0.58
143    2    0.000    2    1   1    0.91
15    1    0.148    1    1   1    0.68
82    2    -0.143    2    1   0    0.80
144    2    0.143    1    2   0    0.46
22    1    -0.143    2    2   1    0.56
80    2    0.148    2    1   1    0.66
70    1    0.148    1    1   1    1.41
18    1    0.000    2    2   0    0.84
124    2    0.143    1    2   0    0.66
60    1    0.148    2    2   0    0.75
9    1    0.143    2    2   0    1.01
59    1    0.143    1    1   1    0.71
54    1    0.143    1    1   1    0.53
131    2    -0.148    1    2   1    0.45
35    1    0.148    1    1   1    0.37
38    1    0.000    1    1   1    0.32
123    2    0.000    2    1   1    0.58
10    1    0.148    1    1   1    0.46
2    1    -0.143    1    1   0    0.47
89    2    0.143    2    1   1    0.60
122    2    -0.143    2    1   0    0.56
28    1    0.000    1    1   1    0.28
16    1    -0.148    2    2   1    0.52
11    1    -0.148    2    2   1    0.73
102    2    -0.143    1    2   1    0.61
88    2    0.000    2    1   1    0.52
14    1    0.143    1    1   1    0.35
4    1    0.143    1    1   1    0.32
101    2    -0.148    1    2   1    0.34
83    2    0.000    1    2   0    0.49
103    2    0.000    2    1   1    0.81
6    1    -0.148    2    2   1    0.32
24    1    0.143    2    2   0    0.31
120    2    0.148    2    1   1    0.63
7    1    -0.143    1    1   0    0.42
19    1    0.143    1    1   1    0.48
45    1    0.148    1    1   1    0.34
116    2    -0.148    2    1   0    0.49
78    2    0.000    2    1   1    0.85
134    2    0.143    2    1   1    0.91
