--------------------------------
16-Oct-2014 14:42:23 
data from observer T10 
#occlusion2 expt 
reference disparity (degrees) 0.160000 

stim order disp kresp testresp correct time
1    1    -0.074    1    1   1    1.60
2    2    -0.069    2    1   1    0.78
3    1    -0.065    1    1   1    0.78
4    1    -0.060    1    1   1    1.30
5    2    -0.055    2    1   1    0.67
6    1    0.051    2    2   1    0.68
7    2    0.046    1    2   1    0.56
8    2    0.042    1    2   1    0.77
9    2    -0.037    1    2   0    0.57
10    2    -0.046    2    1   1    0.75
11    1    0.046    2    2   1    0.79
12    1    -0.042    1    1   1    0.60
13    1    0.042    2    2   1    0.70
14    2    -0.037    2    1   1    0.56
15    2    0.037    1    2   1    0.63
16    2    0.032    1    2   1    0.55
17    1    0.032    2    2   1    0.62
18    2    -0.028    1    2   0    0.50
19    1    0.037    2    2   1    0.64
20    2    0.037    1    2   1    0.79
21    2    0.032    1    2   1    0.61
22    1    0.032    2    2   1    0.76
23    1    -0.028    1    1   1    0.61
24    1    -0.028    1    1   1    0.95
25    2    -0.023    1    2   0    0.56
26    2    -0.032    2    1   1    0.53
27    2    -0.032    2    1   1    0.55
28    1    0.028    2    2   1    1.05
29    2    -0.028    2    1   1    0.61
30    2    0.023    1    2   1    0.80
31    2    -0.023    2    1   1    0.98
32    1    -0.018    1    1   1    0.61
33    1    -0.018    1    1   1    0.59
34    1    0.014    2    2   1    0.99
35    1    0.014    1    1   0    1.79
36    2    0.023    1    2   1    0.68
37    2    0.023    1    2   1    0.69
38    2    0.018    1    2   1    0.79
39    1    -0.018    1    1   1    0.97
40    2    -0.014    1    2   0    0.54
41    1    -0.023    1    1   1    0.67
42    2    0.023    1    2   1    0.57
43    1    -0.018    1    1   1    0.51
44    2    0.018    1    2   1    0.56
45    1    -0.014    1    1   1    0.46
46    1    -0.014    1    1   1    0.57
47    2    -0.009    1    2   0    2.02
48    2    0.018    1    2   1    0.78
49    1    -0.018    1    1   1    0.65
50    1    -0.014    1    1   1    0.65
-------------------------
Final staircase threshold estimate (mean) is 0.0171
-------------------------
31    1    -0.042    1    1   0    4.77
61    1    -0.042    1    1   0    0.56
42    1    -0.018    1    1   0    0.58
86    2    -0.042    2    1   0    0.73
148    2    0.000    1    2   0    0.58
62    1    -0.018    1    1   0    0.57
108    2    0.000    1    2   0    1.60
103    2    0.000    1    2   0    0.57
45    1    0.042    1    1   1    0.62
133    2    0.000    1    2   0    2.17
77    2    -0.018    1    2   1    0.58
73    1    0.000    1    1   1    0.70
106    2    -0.042    2    1   0    0.60
107    2    -0.018    2    1   0    0.81
123    2    0.000    1    2   0    0.72
40    1    0.042    2    2   0    0.58
30    1    0.042    2    2   0    0.47
44    1    0.018    1    1   1    0.46
17    1    -0.018    1    1   0    0.85
54    1    0.018    2    2   0    0.56
8    1    0.000    1    1   1    0.43
25    1    0.042    2    2   0    0.71
68    1    0.000    2    2   0    1.74
131    2    -0.042    1    2   1    0.51
105    2    0.042    1    2   0    0.61
117    2    -0.018    2    1   0    0.59
37    1    -0.018    1    1   0    0.65
34    1    0.018    2    2   0    0.80
92    2    -0.018    2    1   0    0.72
41    1    -0.042    1    1   0    0.88
39    1    0.018    2    2   0    0.56
129    2    0.018    1    2   0    0.75
26    1    -0.042    1    1   0    0.76
51    1    -0.042    1    1   0    0.88
29    1    0.018    2    2   0    0.60
36    1    -0.042    1    1   0    0.55
139    2    0.018    1    2   0    0.54
43    1    0.000    2    2   0    2.02
83    2    0.000    1    2   0    0.74
93    2    0.000    2    1   1    0.59
89    2    0.018    1    2   0    0.48
23    1    0.000    2    2   0    0.70
140    2    0.042    1    2   0    0.69
142    2    -0.018    2    1   0    0.59
63    1    0.000    2    2   0    2.81
88    2    0.000    1    2   0    0.93
85    2    0.042    1    2   0    0.54
10    1    0.042    2    2   0    0.67
24    1    0.018    2    2   0    1.02
144    2    0.018    1    2   0    0.70
76    2    -0.042    2    1   0    0.53
56    1    -0.042    1    1   0    0.46
87    2    -0.018    2    1   0    0.52
125    2    0.042    1    2   0    0.49
97    2    -0.018    1    2   1    0.54
46    1    -0.042    1    1   0    0.50
128    2    0.000    1    2   0    0.52
114    2    0.018    1    2   0    0.49
27    1    -0.018    1    1   0    0.51
12    1    -0.018    1    1   0    0.46
101    2    -0.042    2    1   0    0.56
132    2    -0.018    2    1   0    0.65
66    1    -0.042    1    1   0    0.54
20    1    0.042    2    2   0    0.56
149    2    0.018    1    2   0    0.61
82    2    -0.018    2    1   0    0.60
90    2    0.042    1    2   0    0.54
147    2    -0.018    2    1   0    0.77
22    1    -0.018    1    1   0    0.49
135    2    0.042    1    2   0    0.51
84    2    0.018    1    2   0    0.93
1    1    -0.042    1    1   0    0.55
120    2    0.042    1    2   0    0.66
150    2    0.042    1    2   0    0.57
48    1    0.000    2    2   0    1.41
57    1    -0.018    1    1   0    0.59
95    2    0.042    1    2   0    0.47
126    2    -0.042    2    1   0    1.26
122    2    -0.018    2    1   0    0.68
58    1    0.000    1    1   1    0.64
50    1    0.042    2    2   0    0.50
67    1    -0.018    1    1   0    0.87
11    1    -0.042    1    1   0    0.63
75    2    0.042    1    2   0    0.65
55    1    0.042    2    2   0    0.62
141    2    -0.042    2    1   0    0.62
94    2    0.018    1    2   0    0.65
116    2    -0.042    2    1   0    0.49
19    1    0.018    2    2   0    0.60
47    1    -0.018    1    1   0    0.71
110    2    0.042    1    2   0    0.48
91    2    -0.042    2    1   0    0.96
7    1    -0.018    1    1   0    0.87
137    2    -0.018    2    1   0    1.56
138    2    0.000    2    1   1    0.62
124    2    0.018    1    2   0    0.62
127    2    -0.018    2    1   0    1.81
21    1    -0.042    1    1   0    0.64
112    2    -0.018    2    1   0    0.80
4    1    0.018    2    2   0    0.57
28    1    0.000    2    2   0    2.00
64    1    0.018    2    2   0    0.59
104    2    0.018    1    2   0    0.62
119    2    0.018    1    2   0    0.55
18    1    0.000    1    1   1    0.75
38    1    0.000    2    2   0    0.78
33    1    0.000    2    2   0    0.76
2    1    -0.018    1    1   0    1.47
3    1    0.000    2    2   0    0.95
60    1    0.042    2    2   0    0.67
69    1    0.018    2    2   0    0.46
121    2    -0.042    2    1   0    0.59
35    1    0.042    2    2   0    0.48
102    2    -0.018    2    1   0    0.59
70    1    0.042    2    2   0    0.61
96    2    -0.042    2    1   0    0.56
113    2    0.000    2    1   1    1.33
53    1    0.000    1    1   1    0.82
111    2    -0.042    2    1   0    0.66
13    1    0.000    2    2   0    0.75
100    2    0.042    1    2   0    0.65
32    1    -0.018    1    1   0    0.53
80    2    0.042    1    2   0    0.51
52    1    -0.018    1    1   0    0.54
6    1    -0.042    1    1   0    0.67
71    1    -0.042    1    1   0    0.66
78    2    0.000    1    2   0    0.56
74    1    0.018    1    1   1    0.63
14    1    0.018    2    2   0    0.64
15    1    0.042    2    2   0    0.49
98    2    0.000    1    2   0    0.55
118    2    0.000    1    2   0    0.53
146    2    -0.042    1    2   1    0.33
81    2    -0.042    2    1   0    0.48
115    2    0.042    1    2   0    0.52
59    1    0.018    2    2   0    0.61
16    1    -0.042    1    1   0    0.47
9    1    0.018    2    2   0    0.60
79    2    0.018    1    2   0    0.50
99    2    0.018    2    1   1    0.49
134    2    0.018    1    2   0    0.44
65    1    0.042    2    2   0    0.50
143    2    0.000    1    2   0    0.46
72    1    -0.018    1    1   0    0.44
145    2    0.042    1    2   0    0.53
109    2    0.018    1    2   0    0.45
5    1    0.042    2    2   0    0.64
136    2    -0.042    1    2   1    0.65
130    2    0.042    1    2   0    1.02
49    1    0.018    2    2   0    0.54
