--------------------------------
05-Mar-2015 15:38:14 
data from observer T11 
#occlusion2 expt 
reference disparity (degrees) 0.160000 

stim order disp kresp testresp correct time
1    2    -0.074    1    2   1    3.30
2    2    -0.069    1    2   1    2.26
3    2    0.065    1    2   0    2.74
4    1    -0.074    1    1   0    1.90
5    1    0.083    2    2   0    1.48
6    1    -0.092    1    1   0    2.00
7    2    -0.102    2    1   0    1.93
8    2    -0.111    1    2   1    2.29
9    2    0.111    2    1   1    0.75
10    1    0.106    2    2   0    1.03
11    2    -0.115    2    1   0    0.99
12    2    0.125    2    1   1    1.60
13    2    -0.125    2    1   0    0.89
14    1    -0.134    1    1   0    0.77
15    2    0.143    2    1   1    1.26
16    1    0.143    2    2   0    1.20
17    2    0.148    2    1   1    0.97
18    2    -0.148    2    1   0    1.56
19    2    0.148    2    1   1    0.96
20    1    0.148    2    2   0    1.80
21    1    -0.148    2    2   1    1.58
22    2    0.148    2    1   1    0.73
23    2    0.143    2    1   1    1.22
24    1    -0.143    2    2   1    1.73
25    2    0.139    2    1   1    1.07
26    1    0.139    2    2   0    1.04
27    2    0.148    2    1   1    1.05
28    2    0.148    2    1   1    0.75
29    1    0.143    2    2   0    1.83
30    1    -0.148    1    1   0    1.29
31    2    -0.148    2    1   0    1.71
32    1    0.148    2    2   0    0.99
33    2    0.148    2    1   1    1.32
34    2    -0.148    2    1   0    1.95
35    1    0.148    2    2   0    1.33
36    2    0.148    2    1   1    2.27
37    2    0.148    2    1   1    1.32
38    1    -0.143    2    2   1    1.42
39    1    -0.143    2    2   1    0.94
40    1    -0.139    1    1   0    1.26
41    2    0.148    2    1   1    0.78
42    1    0.148    2    2   0    1.23
43    1    0.148    2    2   0    0.81
44    2    -0.148    2    1   0    1.02
45    2    -0.148    2    1   0    1.25
46    2    0.148    2    1   1    0.82
47    1    0.148    2    2   0    1.70
48    2    -0.148    2    1   0    0.64
49    2    0.148    2    1   1    1.08
50    2    0.148    1    2   0    1.02
-------------------------
Final staircase threshold estimate (mean) is 0.1478
-------------------------
50    1    0.148    1    1   1    6.54
69    1    0.143    1    1   1    2.12
111    2    -0.148    1    2   1    3.10
98    2    0.000    1    2   0    1.58
46    1    -0.148    2    2   1    1.87
7    1    -0.143    2    2   1    2.79
31    1    -0.148    2    2   1    0.75
12    1    -0.143    2    2   1    0.59
84    2    0.143    2    1   1    0.69
77    2    -0.143    2    1   0    0.92
8    1    0.000    2    2   0    1.49
60    1    0.148    2    2   0    1.03
115    2    0.148    2    1   1    0.82
135    2    0.148    2    1   1    1.40
99    2    0.143    2    1   1    2.29
150    2    0.148    2    1   1    1.15
103    2    0.000    1    2   0    0.99
63    1    0.000    2    2   0    1.92
106    2    -0.148    1    2   1    1.43
113    2    0.000    1    2   0    0.73
53    1    0.000    2    2   0    1.15
15    1    0.148    2    2   0    1.03
32    1    -0.143    2    2   1    1.28
34    1    0.143    1    1   1    0.91
33    1    0.000    2    2   0    1.37
28    1    0.000    1    1   1    0.74
9    1    0.143    2    2   0    1.85
92    2    -0.143    1    2   1    0.90
58    1    0.000    2    2   0    1.23
67    1    -0.143    2    2   1    1.17
142    2    -0.143    1    2   1    1.92
10    1    0.148    1    1   1    0.73
18    1    0.000    2    2   0    1.41
130    2    0.148    2    1   1    0.76
42    1    -0.143    2    2   1    0.87
30    1    0.148    1    1   1    0.89
6    1    -0.148    2    2   1    0.91
88    2    0.000    2    1   1    0.83
73    1    0.000    2    2   0    1.39
70    1    0.148    1    1   1    0.62
16    1    -0.148    2    2   1    0.63
41    1    -0.148    2    2   1    0.55
89    2    0.143    2    1   1    0.56
44    1    0.143    1    1   1    0.70
85    2    0.148    2    1   1    0.54
71    1    -0.148    1    1   0    0.79
147    2    -0.143    1    2   1    0.79
36    1    -0.148    2    2   1    0.63
17    1    -0.143    2    2   1    0.53
65    1    0.148    1    1   1    0.53
21    1    -0.148    2    2   1    0.55
81    2    -0.148    1    2   1    0.53
118    2    0.000    1    2   0    1.02
45    1    0.148    1    1   1    0.59
146    2    -0.148    1    2   1    0.61
123    2    0.000    2    1   1    0.76
122    2    -0.143    1    2   1    0.65
112    2    -0.143    1    2   1    0.72
19    1    0.143    1    1   1    0.81
137    2    -0.143    1    2   1    0.81
124    2    0.143    2    1   1    0.67
74    1    0.143    1    1   1    0.56
52    1    -0.143    2    2   1    0.55
40    1    0.148    1    1   1    0.43
140    2    0.148    2    1   1    0.43
104    2    0.143    2    1   1    0.58
61    1    -0.148    2    2   1    0.79
78    2    0.000    1    2   0    1.12
97    2    -0.143    1    2   1    0.77
94    2    0.143    2    1   1    0.64
76    2    -0.148    1    2   1    0.81
55    1    0.148    1    1   1    0.83
59    1    0.143    1    1   1    0.67
68    1    0.000    2    2   0    0.86
101    2    -0.148    1    2   1    0.70
3    1    0.000    2    2   0    0.58
95    2    0.148    1    2   0    1.32
2    1    -0.143    2    2   1    0.68
13    1    0.000    1    1   1    0.65
79    2    0.143    2    1   1    0.68
117    2    -0.143    1    2   1    0.55
87    2    -0.143    1    2   1    0.78
72    1    -0.143    2    2   1    0.83
119    2    0.143    2    1   1    0.78
56    1    -0.148    2    2   1    0.65
143    2    0.000    1    2   0    0.76
54    1    0.143    1    1   1    0.75
43    1    0.000    2    2   0    0.94
105    2    0.148    2    1   1    0.55
23    1    0.000    2    2   0    1.15
24    1    0.143    1    1   1    0.67
83    2    0.000    2    1   1    0.63
47    1    -0.143    2    2   1    0.73
86    2    -0.148    1    2   1    0.86
100    2    0.148    2    1   1    0.49
66    1    -0.148    2    2   1    0.61
149    2    0.143    2    1   1    0.59
91    2    -0.148    1    2   1    1.02
11    1    -0.148    2    2   1    0.63
144    2    0.143    2    1   1    0.54
114    2    0.143    2    1   1    0.45
110    2    0.148    2    1   1    0.66
108    2    0.000    1    2   0    1.01
51    1    -0.148    2    2   1    0.55
38    1    0.000    1    1   1    0.75
138    2    0.000    1    2   0    0.84
136    2    -0.148    1    2   1    0.58
125    2    0.148    2    1   1    0.49
64    1    0.143    1    1   1    0.53
116    2    -0.148    1    2   1    0.65
14    1    0.143    1    1   1    0.47
120    2    0.148    2    1   1    0.64
96    2    -0.148    1    2   1    0.44
145    2    0.148    2    1   1    0.67
93    2    0.000    2    1   1    0.55
62    1    -0.143    2    2   1    0.86
25    1    0.148    1    1   1    0.69
75    2    0.148    2    1   1    0.62
127    2    -0.143    1    2   1    0.79
141    2    -0.148    1    2   1    0.57
133    2    0.000    1    2   0    1.16
26    1    -0.148    2    2   1    0.56
22    1    -0.143    2    2   1    1.01
90    2    0.148    2    1   1    0.83
29    1    0.143    1    1   1    0.53
20    1    0.148    1    1   1    0.48
4    1    0.143    1    1   1    0.60
121    2    -0.148    1    2   1    0.44
82    2    -0.143    1    2   1    0.53
5    1    0.148    1    1   1    0.67
80    2    0.148    2    1   1    0.57
49    1    0.143    1    1   1    0.55
131    2    -0.148    1    2   1    0.48
1    1    -0.148    1    1   0    0.57
126    2    -0.148    1    2   1    0.90
129    2    0.143    2    1   1    0.61
39    1    0.143    1    1   1    0.48
134    2    0.143    2    1   1    0.75
128    2    0.000    2    1   1    1.13
139    2    0.143    2    1   1    0.57
57    1    -0.143    2    2   1    0.63
27    1    -0.143    2    2   1    0.69
107    2    -0.143    1    2   1    0.52
109    2    0.143    2    1   1    0.68
148    2    0.000    1    2   0    1.76
102    2    -0.143    1    2   1    0.60
35    1    0.148    1    1   1    0.58
37    1    -0.143    2    2   1    0.56
132    2    -0.143    1    2   1    0.49
48    1    0.000    2    2   0    0.60
