--------------------------------
05-Mar-2015 15:26:37 
data from observer T11 
#occlusion2 expt 
reference disparity (degrees) 0.160000 

stim order disp kresp testresp correct time
1    2    -0.074    1    2   1    2.21
2    1    -0.069    2    2   1    0.62
3    2    0.065    2    1   1    1.00
4    2    0.060    2    1   1    0.51
5    2    0.055    2    1   1    0.86
6    1    -0.051    2    2   1    0.56
7    2    -0.046    1    2   1    0.54
8    2    -0.042    1    2   1    0.71
9    2    0.037    2    1   1    0.57
10    1    0.032    1    1   1    0.58
11    1    -0.028    2    2   1    0.46
12    1    0.023    1    1   1    0.53
13    1    0.018    2    2   0    0.52
14    2    0.028    2    1   1    0.47
15    2    -0.028    1    2   1    0.54
16    2    -0.023    1    2   1    0.51
17    1    -0.023    2    2   1    0.59
18    1    0.018    1    1   1    0.60
19    2    -0.018    1    2   1    0.67
20    1    -0.014    2    2   1    0.54
21    1    0.014    1    1   1    0.53
22    2    0.009    2    1   1    0.57
23    2    -0.009    1    2   1    1.22
24    1    0.005    1    1   1    0.60
25    1    -0.005    2    2   1    0.72
26    2    -0.005    2    1   0    0.78
27    1    -0.014    2    2   1    0.50
28    2    0.014    2    1   1    0.45
29    1    0.009    2    2   0    0.39
30    2    -0.018    1    2   1    0.65
31    1    0.018    1    1   1    0.47
32    1    -0.014    2    2   1    0.60
33    2    -0.014    1    2   1    0.63
34    2    -0.009    1    2   1    0.54
35    1    0.009    1    1   1    1.39
36    2    0.005    2    1   1    0.57
37    2    0.005    2    1   1    0.67
38    2    0.005    2    1   1    0.72
39    1    0.005    2    2   0    0.92
40    1    -0.014    2    2   1    0.66
41    2    0.014    2    1   1    0.58
42    2    -0.009    1    2   1    0.83
43    2    0.009    2    1   1    0.66
44    2    -0.005    1    2   1    0.53
45    2    0.005    2    1   1    0.55
46    1    -0.005    2    2   1    0.68
47    2    -0.005    1    2   1    0.63
48    1    0.005    1    1   1    1.07
49    1    -0.005    2    2   1    0.58
50    1    0.005    1    1   1    0.58
-------------------------
Final staircase threshold estimate (mean) is 0.0065
-------------------------
114    2    0.005    2    1   1    2.74
134    2    0.005    2    1   1    1.08
150    2    0.018    2    1   1    0.58
148    2    0.000    1    2   0    1.27
57    1    -0.005    2    2   1    0.81
78    2    0.000    2    1   1    0.92
45    1    0.018    1    1   1    0.66
139    2    0.005    2    1   1    0.64
115    2    0.018    2    1   1    0.56
98    2    0.000    2    1   1    0.82
121    2    -0.014    1    2   1    0.47
110    2    0.018    2    1   1    0.57
87    2    -0.005    1    2   1    0.64
146    2    -0.014    1    2   1    0.56
5    1    0.018    1    1   1    0.64
8    1    0.000    2    2   0    0.61
43    1    0.000    2    2   0    0.91
67    1    -0.005    2    2   1    0.75
82    2    -0.005    1    2   1    0.75
107    2    -0.005    1    2   1    0.72
47    1    -0.005    2    2   1    0.91
111    2    -0.014    1    2   1    0.88
116    2    -0.014    1    2   1    0.54
12    1    -0.005    2    2   1    0.80
89    2    0.005    2    1   1    0.69
17    1    -0.005    2    2   1    0.64
20    1    0.018    1    1   1    0.56
34    1    0.005    1    1   1    0.92
69    1    0.005    1    1   1    0.72
137    2    -0.005    1    2   1    0.86
76    2    -0.014    1    2   1    0.52
132    2    -0.005    1    2   1    0.79
95    2    0.018    2    1   1    0.58
50    1    0.018    1    1   1    0.64
28    1    0.000    1    1   1    0.95
54    1    0.005    1    1   1    0.68
6    1    -0.014    2    2   1    0.62
55    1    0.018    1    1   1    0.71
63    1    0.000    1    1   1    1.74
26    1    -0.014    2    2   1    0.61
124    2    0.005    2    1   1    0.60
131    2    -0.014    1    2   1    0.65
1    1    -0.014    2    2   1    0.52
123    2    0.000    2    1   1    0.93
72    1    -0.005    2    2   1    0.63
86    2    -0.014    1    2   1    0.47
103    2    0.000    2    1   1    0.93
29    1    0.005    1    1   1    0.90
14    1    0.005    1    1   1    0.94
71    1    -0.014    2    2   1    0.53
3    1    0.000    1    1   1    1.21
127    2    -0.005    1    2   1    0.56
90    2    0.018    2    1   1    0.65
145    2    0.018    2    1   1    0.44
53    1    0.000    2    2   0    0.70
102    2    -0.005    1    2   1    0.59
48    1    0.000    2    2   0    0.70
62    1    -0.005    2    2   1    0.69
39    1    0.005    1    1   1    0.89
96    2    -0.014    1    2   1    0.61
106    2    -0.014    1    2   1    0.57
100    2    0.018    2    1   1    0.57
13    1    0.000    1    1   1    0.99
133    2    0.000    1    2   0    0.72
141    2    -0.014    1    2   1    0.58
147    2    -0.005    1    2   1    0.66
66    1    -0.014    2    2   1    0.62
118    2    0.000    1    2   0    1.03
25    1    0.018    1    1   1    0.50
126    2    -0.014    1    2   1    0.66
15    1    0.018    1    1   1    0.54
120    2    0.018    2    1   1    0.52
113    2    0.000    2    1   1    0.92
84    2    0.005    2    1   1    0.59
74    1    0.005    1    1   1    0.78
93    2    0.000    1    2   0    0.72
35    1    0.018    1    1   1    0.52
138    2    0.000    2    1   1    0.81
46    1    -0.014    2    2   1    0.54
9    1    0.005    2    2   0    1.14
70    1    0.018    1    1   1    0.50
142    2    -0.005    1    2   1    0.98
119    2    0.005    2    1   1    0.74
68    1    0.000    1    1   1    0.53
21    1    -0.014    2    2   1    0.59
143    2    0.000    2    1   1    0.65
27    1    -0.005    2    2   1    0.69
16    1    -0.014    2    2   1    0.56
125    2    0.018    2    1   1    0.59
42    1    -0.005    2    2   1    0.74
136    2    -0.014    1    2   1    0.72
85    2    0.018    2    1   1    0.55
59    1    0.005    1    1   1    0.77
130    2    0.018    2    1   1    0.55
91    2    -0.014    1    2   1    0.70
36    1    -0.014    2    2   1    0.47
109    2    0.005    2    1   1    0.53
19    1    0.005    1    1   1    0.95
128    2    0.000    2    1   1    0.57
38    1    0.000    1    1   1    0.82
77    2    -0.005    1    2   1    0.75
80    2    0.018    2    1   1    0.49
144    2    0.005    2    1   1    0.66
2    1    -0.005    2    2   1    0.58
58    1    0.000    1    1   1    1.32
24    1    0.005    1    1   1    0.60
97    2    -0.005    1    2   1    1.02
52    1    -0.005    2    2   1    0.93
105    2    0.018    2    1   1    0.58
73    1    0.000    1    1   1    1.02
108    2    0.000    2    1   1    0.54
149    2    0.005    2    1   1    0.67
11    1    -0.014    2    2   1    0.72
40    1    0.018    1    1   1    0.55
60    1    0.018    1    1   1    0.39
99    2    0.005    2    1   1    0.79
56    1    -0.014    2    2   1    0.58
23    1    0.000    2    2   0    0.46
75    2    0.018    2    1   1    0.60
32    1    -0.005    2    2   1    1.07
10    1    0.018    1    1   1    0.55
79    2    0.005    2    1   1    0.55
65    1    0.018    1    1   1    0.56
101    2    -0.014    1    2   1    0.88
7    1    -0.005    2    2   1    0.84
49    1    0.005    1    1   1    0.70
41    1    -0.014    2    2   1    0.52
88    2    0.000    1    2   0    0.74
140    2    0.018    2    1   1    0.49
135    2    0.018    2    1   1    0.68
64    1    0.005    2    2   0    0.88
51    1    -0.014    2    2   1    0.68
31    1    -0.014    2    2   1    0.80
117    2    -0.005    1    2   1    0.78
122    2    -0.005    1    2   1    0.82
18    1    0.000    2    2   0    0.61
83    2    0.000    1    2   0    0.76
30    1    0.018    1    1   1    0.60
37    1    -0.005    2    2   1    0.57
44    1    0.005    1    1   1    0.69
33    1    0.000    2    2   0    0.67
22    1    -0.005    2    2   1    0.58
129    2    0.005    2    1   1    0.53
81    2    -0.014    1    2   1    0.71
61    1    -0.014    2    2   1    0.57
112    2    -0.005    1    2   1    0.98
104    2    0.005    2    1   1    0.84
4    1    0.005    1    1   1    0.62
94    2    0.005    2    1   1    0.66
92    2    -0.005    1    2   1    1.02
