--------------------------------
05-Mar-2015 15:32:35 
data from observer T11 
#occlusion2 expt 
reference disparity (degrees) 0.160000 

stim order disp kresp testresp correct time
1    1    0.074    1    1   1    4.12
2    2    0.069    2    1   1    0.89
3    2    -0.065    2    1   0    2.18
4    1    -0.074    2    2   1    0.64
5    2    -0.074    1    2   1    0.57
6    2    0.069    2    1   1    0.70
7    1    -0.069    2    2   1    0.45
8    1    0.065    1    1   1    0.58
9    1    0.065    1    1   1    0.59
10    1    -0.060    2    2   1    0.49
11    2    0.060    2    1   1    0.45
12    2    0.055    2    1   1    0.58
13    2    0.055    2    1   1    0.41
14    1    -0.051    2    2   1    0.42
15    1    0.051    1    1   1    0.53
16    1    -0.046    2    2   1    0.56
17    1    0.046    1    1   1    0.58
18    2    -0.042    1    2   1    0.55
19    2    0.042    2    1   1    0.45
20    1    0.037    2    2   0    0.81
21    2    -0.046    1    2   1    0.62
22    2    0.046    2    1   1    0.51
23    1    0.042    1    1   1    0.62
24    2    -0.042    1    2   1    0.64
25    1    -0.037    2    2   1    0.59
26    1    -0.037    2    2   1    0.53
27    2    0.032    2    1   1    0.37
28    2    -0.032    1    2   1    0.61
29    1    0.028    1    1   1    0.58
30    2    0.028    2    1   1    0.57
31    1    0.023    1    1   1    0.76
32    1    0.023    1    1   1    0.66
33    1    -0.018    2    2   1    0.56
34    1    -0.018    2    2   1    0.58
35    1    0.014    2    2   0    0.86
36    2    -0.023    1    2   1    0.59
37    2    0.023    2    1   1    0.51
38    1    -0.018    2    2   1    0.55
39    1    -0.018    2    2   1    0.53
40    1    0.014    1    1   1    0.68
41    1    0.014    1    1   1    0.94
42    2    -0.009    2    1   0    0.58
43    2    0.018    2    1   1    0.54
44    2    -0.018    1    2   1    0.67
45    1    0.014    1    1   1    0.64
46    1    0.014    1    1   1    0.76
47    1    -0.009    2    2   1    0.56
48    1    -0.009    2    2   1    0.56
49    2    0.005    2    1   1    0.57
50    1    -0.005    2    2   1    0.42
-------------------------
Final staircase threshold estimate (mean) is 0.0115
-------------------------
50    1    0.028    1    1   1    1.78
143    2    0.000    2    1   1    1.20
95    2    0.028    2    1   1    0.58
101    2    -0.028    1    2   1    0.60
25    1    0.028    1    1   1    0.59
19    1    0.009    1    1   1    1.08
68    1    0.000    2    2   0    0.55
63    1    0.000    2    2   0    0.50
65    1    0.028    1    1   1    0.57
33    1    0.000    2    2   0    0.58
1    1    -0.028    2    2   1    0.55
147    2    -0.009    1    2   1    0.68
69    1    0.009    1    1   1    0.66
127    2    -0.009    1    2   1    1.40
128    2    0.000    2    1   1    0.59
139    2    0.009    2    1   1    0.56
112    2    -0.009    1    2   1    0.56
34    1    0.009    1    1   1    0.63
149    2    0.009    2    1   1    0.63
94    2    0.009    2    1   1    0.72
38    1    0.000    2    2   0    0.92
81    2    -0.028    1    2   1    0.60
44    1    0.009    1    1   1    0.70
4    1    0.009    1    1   1    0.65
51    1    -0.028    2    2   1    0.51
75    2    0.028    2    1   1    0.44
136    2    -0.028    1    2   1    0.61
74    1    0.009    1    1   1    0.60
96    2    -0.028    1    2   1    0.68
123    2    0.000    1    2   0    0.83
129    2    0.009    2    1   1    0.53
93    2    0.000    2    1   1    0.65
46    1    -0.028    2    2   1    0.51
17    1    -0.009    2    2   1    0.67
113    2    0.000    2    1   1    0.76
105    2    0.028    2    1   1    0.71
146    2    -0.028    1    2   1    0.54
88    2    0.000    2    1   1    0.65
2    1    -0.009    2    2   1    0.59
148    2    0.000    2    1   1    0.54
52    1    -0.009    2    2   1    0.54
56    1    -0.028    2    2   1    0.52
43    1    0.000    2    2   0    0.60
125    2    0.028    2    1   1    0.51
10    1    0.028    1    1   1    0.56
100    2    0.028    2    1   1    0.47
140    2    0.028    2    1   1    0.44
55    1    0.028    1    1   1    0.51
124    2    0.009    2    1   1    0.47
77    2    -0.009    1    2   1    0.53
11    1    -0.028    2    2   1    0.43
20    1    0.028    1    1   1    0.49
29    1    0.009    1    1   1    0.58
22    1    -0.009    2    2   1    0.63
76    2    -0.028    1    2   1    0.69
73    1    0.000    1    1   1    1.08
39    1    0.009    1    1   1    0.50
72    1    -0.009    2    2   1    0.58
41    1    -0.028    2    2   1    0.50
9    1    0.009    1    1   1    0.62
6    1    -0.028    2    2   1    0.62
99    2    0.009    2    1   1    0.55
115    2    0.028    2    1   1    0.50
49    1    0.009    1    1   1    0.50
66    1    -0.028    2    2   1    0.50
57    1    -0.009    2    2   1    0.48
14    1    0.009    1    1   1    0.56
104    2    0.009    2    1   1    0.44
24    1    0.009    2    2   0    0.54
15    1    0.028    1    1   1    0.53
13    1    0.000    2    2   0    0.49
80    2    0.028    2    1   1    0.50
116    2    -0.028    1    2   1    0.49
109    2    0.009    2    1   1    0.52
67    1    -0.009    2    2   1    0.55
150    2    0.028    2    1   1    0.49
79    2    0.009    2    1   1    0.47
30    1    0.028    1    1   1    0.54
122    2    -0.009    1    2   1    0.46
91    2    -0.028    1    2   1    0.45
60    1    0.028    1    1   1    0.62
98    2    0.000    2    1   1    0.61
138    2    0.000    2    1   1    0.60
71    1    -0.028    2    2   1    0.48
97    2    -0.009    1    2   1    0.69
126    2    -0.028    1    2   1    0.52
120    2    0.028    2    1   1    0.49
64    1    0.009    1    1   1    0.57
26    1    -0.028    2    2   1    0.54
54    1    0.009    1    1   1    0.53
27    1    -0.009    2    2   1    0.48
23    1    0.000    2    2   0    1.15
89    2    0.009    2    1   1    0.73
61    1    -0.028    2    2   1    0.49
103    2    0.000    2    1   1    0.45
5    1    0.028    1    1   1    0.51
144    2    0.009    2    1   1    0.52
28    1    0.000    2    2   0    0.66
35    1    0.028    1    1   1    0.49
3    1    0.000    2    2   0    0.55
8    1    0.000    2    2   0    0.61
85    2    0.028    2    1   1    0.49
45    1    0.028    1    1   1    0.52
83    2    0.000    2    1   1    0.55
40    1    0.028    1    1   1    0.51
31    1    -0.028    2    2   1    0.45
132    2    -0.009    1    2   1    0.41
62    1    -0.009    2    2   1    0.66
90    2    0.028    2    1   1    0.54
48    1    0.000    2    2   0    0.67
36    1    -0.028    2    2   1    0.43
119    2    0.009    2    1   1    0.64
7    1    -0.009    2    2   1    0.49
21    1    -0.028    2    2   1    0.40
78    2    0.000    2    1   1    0.36
145    2    0.028    2    1   1    0.52
106    2    -0.028    1    2   1    0.54
131    2    -0.028    1    2   1    0.52
102    2    -0.009    1    2   1    0.55
114    2    0.009    2    1   1    0.54
107    2    -0.009    1    2   1    0.48
142    2    -0.009    1    2   1    0.54
84    2    0.009    2    1   1    0.57
111    2    -0.028    1    2   1    0.50
92    2    -0.009    1    2   1    0.64
108    2    0.000    1    2   0    0.88
42    1    -0.009    2    2   1    0.57
47    1    -0.009    2    2   1    0.60
53    1    0.000    1    1   1    0.61
18    1    0.000    2    2   0    0.66
82    2    -0.009    1    2   1    0.53
32    1    -0.009    2    2   1    0.63
141    2    -0.028    1    2   1    0.58
58    1    0.000    1    1   1    1.08
121    2    -0.028    1    2   1    0.61
12    1    -0.009    2    2   1    0.85
70    1    0.028    1    1   1    0.69
59    1    0.009    1    1   1    1.01
16    1    -0.028    2    2   1    0.48
130    2    0.028    2    1   1    0.69
117    2    -0.009    2    1   0    0.79
137    2    -0.009    1    2   1    0.64
118    2    0.000    1    2   0    0.85
133    2    0.000    1    2   0    2.20
110    2    0.028    2    1   1    0.54
87    2    -0.009    1    2   1    0.58
86    2    -0.028    1    2   1    0.67
135    2    0.028    2    1   1    0.53
37    1    -0.009    2    2   1    0.65
134    2    0.009    2    1   1    0.45
