--------------------------------
05-Mar-2015 16:36:28 
data from observer T11 
#occlusion2 expt 
reference disparity (degrees) 0.160000 

stim order disp kresp testresp correct time
1    2    -0.074    2    1   1    2.41
2    2    -0.069    2    1   1    0.93
3    1    -0.065    2    2   0    1.23
4    1    0.074    2    2   1    0.62
5    1    0.074    2    2   1    0.93
6    2    0.069    1    2   1    0.72
7    1    0.069    2    2   1    0.94
8    2    -0.065    2    1   1    0.67
9    2    -0.065    2    1   1    0.71
10    1    -0.060    1    1   1    0.83
11    1    0.060    2    2   1    0.69
12    2    0.055    1    2   1    0.95
13    1    0.055    2    2   1    0.46
14    1    0.051    2    2   1    0.46
15    2    0.051    1    2   1    0.73
16    1    -0.046    1    1   1    0.51
17    1    -0.046    1    1   1    0.45
18    1    -0.042    1    1   1    0.61
19    1    0.042    2    2   1    0.53
20    1    0.037    2    2   1    0.54
21    1    0.037    2    2   1    0.68
22    2    -0.032    2    1   1    0.83
23    1    0.032    2    2   1    0.80
24    1    0.028    2    2   1    0.85
25    2    -0.028    2    1   1    0.61
26    2    0.023    1    2   1    0.72
27    1    0.023    2    2   1    0.66
28    2    0.018    1    2   1    0.55
29    2    0.018    1    2   1    0.57
30    1    -0.014    1    1   1    0.56
31    2    0.014    1    2   1    0.99
32    2    -0.009    2    1   1    0.54
33    2    0.009    1    2   1    1.03
34    1    -0.005    1    1   1    0.88
35    1    0.005    2    2   1    0.74
36    2    0.005    2    1   0    0.89
37    1    -0.014    2    2   0    1.02
38    2    -0.023    2    1   1    0.58
39    2    0.023    1    2   1    0.78
40    2    0.018    1    2   1    0.85
41    1    -0.018    1    1   1    0.68
42    2    0.014    1    2   1    0.76
43    2    0.014    1    2   1    0.58
44    2    -0.009    2    1   1    0.67
45    2    -0.009    2    1   1    0.59
46    1    -0.005    1    1   1    0.65
47    1    -0.005    1    1   1    0.74
48    1    -0.005    1    1   1    0.74
49    1    0.005    2    2   1    0.73
50    2    0.005    2    1   0    2.57
-------------------------
Final staircase threshold estimate (mean) is 0.0088
-------------------------
93    2    0.000    2    1   1    3.18
62    1    -0.009    2    2   1    1.01
129    2    0.009    2    1   1    0.78
121    2    -0.023    2    1   0    0.62
83    2    0.000    2    1   1    1.26
149    2    0.009    1    2   0    1.07
89    2    0.009    1    2   0    1.39
29    1    0.009    2    2   0    0.68
109    2    0.009    1    2   0    0.67
48    1    0.000    2    2   0    0.71
53    1    0.000    2    2   0    0.71
59    1    0.009    2    2   0    0.85
108    2    0.000    2    1   1    0.71
125    2    0.023    1    2   0    0.65
68    1    0.000    2    2   0    1.15
148    2    0.000    2    1   1    0.59
145    2    0.023    1    2   0    0.68
101    2    -0.023    2    1   0    0.51
94    2    0.009    1    2   0    0.74
17    1    -0.009    1    1   0    0.73
138    2    0.000    2    1   1    0.77
100    2    0.023    1    2   0    0.47
72    1    -0.009    1    1   0    0.69
46    1    -0.023    1    1   0    0.46
132    2    -0.009    2    1   0    0.61
47    1    -0.009    1    1   0    0.53
128    2    0.000    2    1   1    0.58
22    1    -0.009    1    1   0    0.60
73    1    0.000    2    2   0    0.59
58    1    0.000    2    2   0    0.66
123    2    0.000    2    1   1    0.99
33    1    0.000    2    2   0    0.65
39    1    0.009    2    2   0    0.64
105    2    0.023    1    2   0    0.75
87    2    -0.009    2    1   0    0.51
111    2    -0.023    2    1   0    0.44
26    1    -0.023    1    1   0    0.53
107    2    -0.009    2    1   0    0.47
150    2    0.023    1    2   0    0.69
88    2    0.000    2    1   1    0.75
122    2    -0.009    2    1   0    0.74
96    2    -0.023    2    1   0    0.64
16    1    -0.023    1    1   0    0.64
126    2    -0.023    2    1   0    0.63
57    1    -0.009    1    1   0    1.53
106    2    -0.023    2    1   0    0.49
143    2    0.000    1    2   0    0.57
28    1    0.000    1    1   1    0.88
63    1    0.000    2    2   0    0.59
117    2    -0.009    2    1   0    0.72
71    1    -0.023    1    1   0    0.86
133    2    0.000    1    2   0    0.91
136    2    -0.023    2    1   0    0.60
64    1    0.009    2    2   0    0.56
13    1    0.000    2    2   0    0.80
8    1    0.000    2    2   0    2.43
95    2    0.023    1    2   0    0.75
44    1    0.009    2    2   0    0.69
75    2    0.023    1    2   0    0.61
42    1    -0.009    1    1   0    0.96
141    2    -0.023    2    1   0    0.54
21    1    -0.023    1    1   0    0.60
27    1    -0.009    1    1   0    0.75
146    2    -0.023    2    1   0    0.82
90    2    0.023    1    2   0    0.98
54    1    0.009    2    2   0    0.90
4    1    0.009    2    2   0    0.68
1    1    -0.023    1    1   0    0.65
40    1    0.023    2    2   0    0.69
110    2    0.023    1    2   0    0.47
32    1    -0.009    1    1   0    0.64
61    1    -0.023    1    1   0    0.59
38    1    0.000    2    2   0    1.18
135    2    0.023    1    2   0    0.62
102    2    -0.009    2    1   0    0.57
114    2    0.009    1    2   0    0.68
19    1    0.009    2    2   0    0.48
67    1    -0.009    1    1   0    0.81
30    1    0.023    2    2   0    0.61
103    2    0.000    2    1   1    0.93
69    1    0.009    2    2   0    0.84
37    1    -0.009    1    1   0    1.12
77    2    -0.009    2    1   0    0.52
137    2    -0.009    2    1   0    0.59
131    2    -0.023    2    1   0    0.70
91    2    -0.023    2    1   0    0.57
25    1    0.023    2    2   0    0.78
81    2    -0.023    2    1   0    0.54
124    2    0.009    2    1   1    1.38
82    2    -0.009    2    1   0    0.54
80    2    0.023    1    2   0    0.61
147    2    -0.009    2    1   0    0.72
23    1    0.000    2    2   0    0.62
43    1    0.000    2    2   0    1.14
60    1    0.023    2    2   0    0.48
86    2    -0.023    2    1   0    0.54
104    2    0.009    1    2   0    0.62
49    1    0.009    2    2   0    0.58
115    2    0.023    1    2   0    0.66
113    2    0.000    2    1   1    0.74
144    2    0.009    1    2   0    0.83
70    1    0.023    2    2   0    0.51
92    2    -0.009    2    1   0    0.74
134    2    0.009    1    2   0    0.79
52    1    -0.009    1    1   0    0.76
45    1    0.023    2    2   0    0.52
142    2    -0.009    2    1   0    0.58
9    1    0.009    2    2   0    0.74
36    1    -0.023    1    1   0    0.69
65    1    0.023    2    2   0    0.50
51    1    -0.023    1    1   0    0.56
35    1    0.023    2    2   0    0.80
139    2    0.009    1    2   0    0.65
11    1    -0.023    1    1   0    0.59
78    2    0.000    2    1   1    0.99
140    2    0.023    1    2   0    0.56
18    1    0.000    2    2   0    0.61
76    2    -0.023    2    1   0    0.60
66    1    -0.023    1    1   0    0.86
14    1    0.009    2    2   0    0.66
120    2    0.023    1    2   0    0.62
56    1    -0.023    1    1   0    0.62
5    1    0.023    2    2   0    0.56
55    1    0.023    2    2   0    0.56
50    1    0.023    2    2   0    0.65
127    2    -0.009    2    1   0    0.82
31    1    -0.023    1    1   0    0.68
34    1    0.009    2    2   0    0.80
119    2    0.009    1    2   0    0.67
6    1    -0.023    1    1   0    0.72
85    2    0.023    1    2   0    0.66
118    2    0.000    2    1   1    2.31
24    1    0.009    2    2   0    0.75
12    1    -0.009    1    1   0    0.64
7    1    -0.009    1    1   0    0.53
98    2    0.000    2    1   1    1.92
84    2    0.009    1    2   0    0.60
10    1    0.023    2    2   0    0.63
97    2    -0.009    2    1   0    0.70
79    2    0.009    1    2   0    1.17
99    2    0.009    1    2   0    0.72
2    1    -0.009    1    1   0    0.64
20    1    0.023    2    2   0    0.64
116    2    -0.023    2    1   0    0.51
3    1    0.000    2    2   0    0.83
15    1    0.023    2    2   0    0.56
41    1    -0.023    1    1   0    0.70
112    2    -0.009    2    1   0    0.66
74    1    0.009    2    2   0    0.78
130    2    0.023    1    2   0    0.82
