--------------------------------
05-Mar-2015 16:31:08 
data from observer T11 
#occlusion2 expt 
reference disparity (degrees) 0.160000 

stim order disp kresp testresp correct time
1    1    0.074    2    2   1    2.00
2    1    -0.069    1    1   1    0.82
3    2    0.065    1    2   1    0.66
4    1    -0.060    1    1   1    0.73
5    1    0.055    2    2   1    0.65
6    2    0.051    1    2   1    0.59
7    2    -0.046    2    1   1    0.57
8    1    -0.042    1    1   1    0.59
9    1    0.037    2    2   1    0.45
10    2    -0.032    2    1   1    0.58
11    1    0.028    2    2   1    0.56
12    2    0.023    1    2   1    0.66
13    1    -0.018    1    1   1    0.49
14    1    0.014    2    2   1    0.47
15    2    0.009    1    2   1    0.58
16    1    -0.005    1    1   1    0.73
17    2    -0.005    2    1   1    0.83
18    1    -0.005    1    1   1    0.92
19    1    -0.005    1    1   1    0.81
20    1    0.005    2    2   1    0.65
21    2    0.005    1    2   1    0.50
22    1    -0.005    2    2   0    0.58
23    2    0.014    1    2   1    0.53
24    1    -0.014    1    1   1    0.52
25    1    0.009    2    2   1    0.54
26    2    0.009    2    1   0    0.92
27    1    -0.018    1    1   1    0.55
28    1    -0.018    1    1   1    0.57
29    2    -0.014    2    1   1    0.58
30    2    0.014    2    1   0    0.96
31    2    -0.023    2    1   1    0.50
32    2    -0.023    2    1   1    0.48
33    1    -0.018    1    1   1    1.24
34    1    0.018    2    2   1    0.57
35    2    -0.014    2    1   1    0.50
36    2    0.014    1    2   1    0.57
37    2    0.009    1    2   1    0.54
38    1    0.009    2    2   1    0.50
39    1    -0.005    2    2   0    1.00
40    2    -0.014    2    1   1    0.51
41    2    0.014    2    1   0    1.01
42    2    0.023    1    2   1    0.84
43    1    0.023    2    2   1    0.48
44    2    -0.018    2    1   1    0.75
45    1    0.018    2    2   1    0.60
46    2    -0.014    2    1   1    0.71
47    2    -0.014    2    1   1    0.70
48    2    -0.009    2    1   1    0.81
49    2    0.009    1    2   1    1.35
50    1    -0.005    1    1   1    1.28
-------------------------
Final staircase threshold estimate (mean) is 0.0148
-------------------------
67    1    -0.014    1    1   0    2.44
57    1    -0.014    1    1   0    0.82
74    1    0.014    2    2   0    0.57
7    1    -0.014    1    1   0    0.57
77    2    -0.014    2    1   0    0.57
97    2    -0.014    2    1   0    0.54
19    1    0.014    2    2   0    0.52
54    1    0.014    2    2   0    0.62
121    2    -0.037    2    1   0    0.51
64    1    0.014    2    2   0    0.51
141    2    -0.037    2    1   0    0.46
2    1    -0.014    1    1   0    0.77
35    1    0.037    2    2   0    0.56
119    2    0.014    1    2   0    0.76
25    1    0.037    2    2   0    0.56
76    2    -0.037    2    1   0    0.53
45    1    0.037    2    2   0    0.50
3    1    0.000    1    1   1    0.83
32    1    -0.014    1    1   0    0.57
91    2    -0.037    2    1   0    0.51
94    2    0.014    1    2   0    0.66
109    2    0.014    1    2   0    0.71
145    2    0.037    1    2   0    0.62
11    1    -0.037    1    1   0    0.71
29    1    0.014    2    2   0    0.63
117    2    -0.014    2    1   0    0.78
31    1    -0.037    1    1   0    0.47
17    1    -0.014    1    1   0    0.75
20    1    0.037    2    2   0    0.48
110    2    0.037    1    2   0    0.73
39    1    0.014    2    2   0    0.55
28    1    0.000    2    2   0    0.65
16    1    -0.037    1    1   0    0.59
113    2    0.000    2    1   1    0.57
81    2    -0.037    2    1   0    0.49
149    2    0.014    1    2   0    1.21
98    2    0.000    2    1   1    0.51
50    1    0.037    2    2   0    0.46
14    1    0.014    2    2   0    0.48
150    2    0.037    1    2   0    0.51
115    2    0.037    1    2   0    0.54
126    2    -0.037    2    1   0    0.46
33    1    0.000    2    2   0    0.46
114    2    0.014    2    1   1    0.85
52    1    -0.014    1    1   0    0.53
63    1    0.000    2    2   0    0.66
43    1    0.000    2    2   0    0.57
72    1    -0.014    1    1   0    0.64
34    1    0.014    2    2   0    0.50
99    2    0.014    1    2   0    0.63
70    1    0.037    2    2   0    0.48
102    2    -0.014    2    1   0    0.43
148    2    0.000    2    1   1    0.59
75    2    0.037    1    2   0    0.57
105    2    0.037    1    2   0    0.46
47    1    -0.014    1    1   0    0.56
139    2    0.014    1    2   0    0.65
124    2    0.014    1    2   0    0.60
73    1    0.000    2    2   0    0.98
116    2    -0.037    2    1   0    0.79
131    2    -0.037    2    1   0    0.81
5    1    0.037    2    2   0    0.53
62    1    -0.014    1    1   0    0.67
44    1    0.014    2    2   0    0.59
71    1    -0.037    1    1   0    0.50
10    1    0.037    2    2   0    0.44
133    2    0.000    2    1   1    0.41
87    2    -0.014    2    1   0    0.51
84    2    0.014    1    2   0    0.44
15    1    0.037    1    1   1    0.35
6    1    -0.037    1    1   0    0.56
137    2    -0.014    2    1   0    0.65
37    1    -0.014    1    1   0    0.68
78    2    0.000    2    1   1    0.75
144    2    0.014    1    2   0    0.98
135    2    0.037    1    2   0    0.65
93    2    0.000    2    1   1    0.88
22    1    -0.014    1    1   0    1.19
4    1    0.014    2    2   0    0.90
8    1    0.000    2    2   0    0.49
23    1    0.000    2    2   0    0.89
128    2    0.000    2    1   1    0.56
51    1    -0.037    1    1   0    0.55
125    2    0.037    1    2   0    0.66
79    2    0.014    1    2   0    0.54
129    2    0.014    1    2   0    1.00
1    1    -0.037    1    1   0    0.78
111    2    -0.037    2    1   0    0.61
134    2    0.014    1    2   0    1.26
100    2    0.037    1    2   0    0.55
9    1    0.014    2    2   0    0.60
106    2    -0.037    2    1   0    0.46
30    1    0.037    2    2   0    0.50
69    1    0.014    2    2   0    0.49
41    1    -0.037    1    1   0    0.48
89    2    0.014    1    2   0    0.56
48    1    0.000    2    2   0    0.55
68    1    0.000    2    2   0    0.72
36    1    -0.037    1    1   0    0.51
60    1    0.037    2    2   0    0.56
103    2    0.000    2    1   1    0.84
83    2    0.000    2    1   1    0.91
136    2    -0.037    2    1   0    0.52
147    2    -0.014    2    1   0    0.56
82    2    -0.014    2    1   0    0.73
143    2    0.000    2    1   1    0.64
49    1    0.014    2    2   0    0.57
80    2    0.037    1    2   0    0.55
42    1    -0.014    1    1   0    0.84
118    2    0.000    2    1   1    0.52
12    1    -0.014    1    1   0    0.56
127    2    -0.014    2    1   0    0.42
88    2    0.000    2    1   1    0.58
112    2    -0.014    2    1   0    0.46
56    1    -0.037    1    1   0    0.91
86    2    -0.037    2    1   0    0.50
122    2    -0.014    2    1   0    0.51
138    2    0.000    2    1   1    0.99
13    1    0.000    2    2   0    0.60
53    1    0.000    2    2   0    0.66
18    1    0.000    2    2   0    0.99
146    2    -0.037    2    1   0    0.72
96    2    -0.037    2    1   0    0.71
130    2    0.037    1    2   0    0.77
123    2    0.000    2    1   1    0.70
59    1    0.014    2    2   0    0.52
92    2    -0.014    2    1   0    0.56
66    1    -0.037    1    1   0    0.53
108    2    0.000    2    1   1    0.72
26    1    -0.037    1    1   0    0.66
132    2    -0.014    2    1   0    0.57
46    1    -0.037    1    1   0    0.46
61    1    -0.037    1    1   0    0.56
58    1    0.000    2    2   0    0.58
120    2    0.037    1    2   0    0.55
27    1    -0.014    1    1   0    0.53
85    2    0.037    1    2   0    0.58
107    2    -0.014    2    1   0    0.55
140    2    0.037    1    2   0    0.44
40    1    0.037    2    2   0    0.52
101    2    -0.037    2    1   0    0.72
24    1    0.014    2    2   0    0.64
95    2    0.037    1    2   0    0.65
104    2    0.014    1    2   0    1.18
21    1    -0.037    1    1   0    0.57
90    2    0.037    1    2   0    0.59
38    1    0.000    2    2   0    0.57
55    1    0.037    2    2   0    0.49
65    1    0.037    2    2   0    0.58
142    2    -0.014    2    1   0    0.61
