--------------------------------
05-Mar-2015 16:25:24 
data from observer T11 
#occlusion2 expt 
reference disparity (degrees) 0.160000 

stim order disp kresp testresp correct time
1    1    0.074    2    2   1    1.76
2    2    -0.069    2    1   1    0.82
3    2    0.065    1    2   1    0.92
4    1    0.060    2    2   1    2.28
5    1    -0.055    2    2   0    1.00
6    1    -0.065    1    1   1    0.78
7    2    0.065    1    2   1    0.97
8    1    0.060    2    2   1    1.29
9    2    0.060    1    2   1    1.05
10    2    0.055    1    2   1    0.81
11    2    -0.055    1    2   0    1.56
12    1    -0.065    1    1   1    0.89
13    2    -0.065    2    1   1    1.40
14    2    0.060    2    1   0    1.42
15    2    0.069    1    2   1    1.17
16    2    -0.069    2    1   1    0.68
17    2    -0.065    2    1   1    0.90
18    1    0.065    2    2   1    0.76
19    2    -0.060    2    1   1    0.91
20    2    0.060    1    2   1    0.66
21    2    -0.055    2    1   1    1.07
22    2    0.055    1    2   1    0.86
23    2    -0.051    2    1   1    0.96
24    2    0.051    1    2   1    0.81
25    2    0.046    1    2   1    0.71
26    2    -0.046    2    1   1    0.81
27    1    -0.042    1    1   1    0.67
28    2    0.042    1    2   1    0.66
29    1    0.037    1    1   0    0.60
30    1    0.046    2    2   1    0.88
31    1    -0.046    2    2   0    0.86
32    1    -0.055    1    1   1    0.58
33    2    0.055    1    2   1    0.79
34    1    -0.051    1    1   1    0.60
35    1    -0.051    1    1   1    0.54
36    1    0.046    2    2   1    1.23
37    2    -0.046    2    1   1    0.59
38    2    0.042    1    2   1    0.75
39    2    -0.042    2    1   1    0.67
40    1    -0.037    1    1   1    0.80
41    1    0.037    2    2   1    0.80
42    1    0.032    2    2   1    0.76
43    2    0.032    1    2   1    0.74
44    2    -0.028    2    1   1    0.71
45    1    0.028    2    2   1    0.68
46    1    0.023    2    2   1    0.62
47    2    0.023    1    2   1    0.70
48    2    0.018    2    1   0    0.99
49    2    0.028    1    2   1    0.96
50    1    -0.028    1    1   1    1.22
-------------------------
Final staircase threshold estimate (mean) is 0.0277
-------------------------
27    1    -0.028    1    1   0    1.97
102    2    -0.028    2    1   0    0.82
9    1    0.028    2    2   0    0.71
56    1    -0.069    2    2   1    1.03
134    2    0.028    2    1   1    1.20
18    1    0.000    1    1   1    1.29
58    1    0.000    2    2   0    0.66
11    1    -0.069    1    1   0    0.66
30    1    0.069    2    2   0    0.74
42    1    -0.028    1    1   0    0.69
98    2    0.000    2    1   1    1.26
13    1    0.000    2    2   0    1.37
116    2    -0.069    1    2   1    1.24
32    1    -0.028    1    1   0    0.73
123    2    0.000    1    2   0    0.91
137    2    -0.028    2    1   0    1.14
24    1    0.028    2    2   0    1.07
31    1    -0.069    2    2   1    0.80
110    2    0.069    2    1   1    2.05
142    2    -0.028    2    1   0    0.76
35    1    0.069    2    2   0    0.82
10    1    0.069    2    2   0    0.94
6    1    -0.069    1    1   0    0.72
4    1    0.028    2    2   0    0.60
118    2    0.000    1    2   0    0.73
57    1    -0.028    2    2   1    1.09
2    1    -0.028    2    2   1    0.65
145    2    0.069    1    2   0    0.75
140    2    0.069    1    2   0    1.03
101    2    -0.069    2    1   0    0.62
41    1    -0.069    1    1   0    1.41
19    1    0.028    2    2   0    0.64
117    2    -0.028    2    1   0    0.77
124    2    0.028    2    1   1    0.67
127    2    -0.028    2    1   0    0.62
78    2    0.000    2    1   1    0.52
34    1    0.028    2    2   0    0.88
40    1    0.069    2    2   0    0.76
70    1    0.069    2    2   0    0.65
49    1    0.028    2    2   0    0.87
128    2    0.000    2    1   1    0.90
75    2    0.069    2    1   1    0.97
125    2    0.069    1    2   0    0.73
84    2    0.028    1    2   0    0.86
69    1    0.028    2    2   0    0.62
68    1    0.000    2    2   0    0.57
144    2    0.028    1    2   0    0.76
83    2    0.000    2    1   1    0.88
17    1    -0.028    1    1   0    1.16
90    2    0.069    1    2   0    0.89
79    2    0.028    2    1   1    1.30
3    1    0.000    2    2   0    1.05
1    1    -0.069    1    1   0    1.05
64    1    0.028    2    2   0    0.57
112    2    -0.028    2    1   0    0.90
94    2    0.028    2    1   1    0.75
80    2    0.069    1    2   0    0.76
91    2    -0.069    2    1   0    0.60
15    1    0.069    2    2   0    0.65
62    1    -0.028    1    1   0    0.59
96    2    -0.069    2    1   0    0.59
60    1    0.069    2    2   0    0.66
29    1    0.028    2    2   0    0.87
45    1    0.069    2    2   0    0.61
63    1    0.000    1    1   1    0.78
81    2    -0.069    2    1   0    0.73
44    1    0.028    2    2   0    0.66
92    2    -0.028    2    1   0    0.69
120    2    0.069    1    2   0    0.89
141    2    -0.069    2    1   0    0.49
36    1    -0.069    1    1   0    0.66
82    2    -0.028    2    1   0    0.58
21    1    -0.069    1    1   0    0.58
97    2    -0.028    2    1   0    0.86
138    2    0.000    2    1   1    0.75
104    2    0.028    1    2   0    0.67
135    2    0.069    1    2   0    0.60
52    1    -0.028    1    1   0    0.73
88    2    0.000    1    2   0    0.68
87    2    -0.028    2    1   0    0.78
33    1    0.000    2    2   0    0.76
38    1    0.000    1    1   1    0.93
77    2    -0.028    2    1   0    0.78
67    1    -0.028    1    1   0    0.88
106    2    -0.069    2    1   0    0.57
95    2    0.069    1    2   0    0.50
55    1    0.069    2    2   0    0.62
113    2    0.000    2    1   1    0.96
130    2    0.069    1    2   0    0.56
114    2    0.028    1    2   0    0.57
105    2    0.069    1    2   0    0.60
43    1    0.000    2    2   0    0.71
109    2    0.028    1    2   0    0.69
14    1    0.028    2    2   0    0.58
122    2    -0.028    2    1   0    0.61
100    2    0.069    1    2   0    0.79
121    2    -0.069    2    1   0    0.49
50    1    0.069    2    2   0    0.45
129    2    0.028    1    2   0    0.86
115    2    0.069    1    2   0    0.57
28    1    0.000    2    2   0    0.75
7    1    -0.028    1    1   0    0.45
149    2    0.028    1    2   0    0.63
150    2    0.069    1    2   0    0.55
39    1    0.028    2    2   0    0.55
85    2    0.069    1    2   0    0.58
131    2    -0.069    2    1   0    0.51
71    1    -0.069    1    1   0    0.61
20    1    0.069    2    2   0    0.49
147    2    -0.028    2    1   0    0.87
111    2    -0.069    2    1   0    0.64
133    2    0.000    2    1   1    1.20
107    2    -0.028    2    1   0    0.63
26    1    -0.069    1    1   0    0.49
89    2    0.028    1    2   0    0.88
23    1    0.000    2    2   0    0.53
143    2    0.000    2    1   1    0.60
8    1    0.000    2    2   0    0.66
51    1    -0.069    1    1   0    0.58
48    1    0.000    1    1   1    1.00
103    2    0.000    1    2   0    0.82
72    1    -0.028    1    1   0    0.74
61    1    -0.069    1    1   0    0.69
76    2    -0.069    2    1   0    0.50
99    2    0.028    1    2   0    0.67
16    1    -0.069    1    1   0    0.57
74    1    0.028    2    2   0    0.67
12    1    -0.028    2    2   1    0.87
53    1    0.000    2    2   0    1.07
73    1    0.000    1    1   1    0.73
148    2    0.000    1    2   0    0.76
5    1    0.069    2    2   0    0.71
132    2    -0.028    2    1   0    0.50
46    1    -0.069    1    1   0    0.64
22    1    -0.028    1    1   0    0.60
66    1    -0.069    1    1   0    0.64
108    2    0.000    1    2   0    0.96
65    1    0.069    2    2   0    0.69
126    2    -0.069    2    1   0    0.50
136    2    -0.069    2    1   0    0.52
54    1    0.028    2    2   0    0.52
119    2    0.028    2    1   1    0.57
93    2    0.000    2    1   1    1.00
37    1    -0.028    1    1   0    0.99
139    2    0.028    1    2   0    0.60
86    2    -0.069    2    1   0    0.53
59    1    0.028    2    2   0    0.66
47    1    -0.028    1    1   0    0.53
25    1    0.069    2    2   0    0.60
146    2    -0.069    2    1   0    0.49
