--------------------------------
05-Mar-2015 15:20:42 
data from observer T11 
#occlusion2 expt 
reference disparity (degrees) 0.160000 

stim order disp kresp testresp correct time
1    2    0.074    2    1   1    2.76
2    1    -0.069    2    2   1    1.15
3    1    -0.065    2    2   1    0.56
4    2    0.060    2    1   1    0.79
5    2    0.055    2    1   1    0.63
6    1    0.051    1    1   1    0.61
7    2    0.046    2    1   1    0.67
8    1    0.042    1    1   1    0.48
9    2    0.037    2    1   1    0.51
10    2    0.032    2    1   1    0.53
11    2    0.028    2    1   1    0.69
12    1    -0.023    2    2   1    0.70
13    1    0.018    1    1   1    1.01
14    1    0.014    1    1   1    0.80
15    1    -0.009    2    2   1    0.66
16    2    0.005    2    1   1    0.62
17    2    -0.005    1    2   1    0.80
18    2    0.005    2    1   1    0.75
19    1    -0.005    2    2   1    0.66
20    2    -0.005    2    1   0    0.91
21    1    0.014    1    1   1    0.72
22    2    0.014    2    1   1    0.55
23    2    -0.009    1    2   1    0.73
24    1    -0.009    2    2   1    0.63
25    1    -0.005    2    2   1    0.75
26    1    -0.005    2    2   1    0.82
27    2    -0.005    1    2   1    0.97
28    1    -0.005    2    2   1    0.55
29    1    -0.005    2    2   1    0.58
30    2    0.005    2    1   1    0.59
31    1    0.005    1    1   1    0.61
32    2    -0.005    1    2   1    1.35
33    2    -0.005    2    1   0    0.61
34    2    -0.014    1    2   1    0.67
35    1    0.014    1    1   1    0.77
36    2    0.009    2    1   1    0.54
37    1    0.009    1    1   1    0.63
38    1    -0.005    2    2   1    0.60
39    2    -0.005    1    2   1    0.70
40    2    -0.005    1    2   1    1.33
41    1    -0.005    2    2   1    0.79
42    2    0.005    2    1   1    0.68
43    2    0.005    2    1   1    0.92
44    1    0.005    1    1   1    1.09
45    1    -0.005    2    2   1    0.59
46    1    -0.005    2    2   1    0.74
47    1    0.005    2    2   0    0.83
48    1    0.014    2    2   0    0.64
49    2    0.023    2    1   1    0.70
50    1    -0.023    2    2   1    0.51
-------------------------
Final staircase threshold estimate (mean) is 0.0092
-------------------------
15    1    0.023    1    1   1    2.30
95    2    0.023    2    1   1    0.57
131    2    -0.023    1    2   1    0.56
96    2    -0.023    1    2   1    0.70
50    1    0.023    1    1   1    0.69
76    2    -0.023    1    2   1    0.58
21    1    -0.023    2    2   1    0.61
125    2    0.023    2    1   1    0.55
108    2    0.000    2    1   1    0.93
72    1    -0.009    2    2   1    0.76
47    1    -0.009    2    2   1    0.56
36    1    -0.023    2    2   1    0.68
13    1    0.000    2    2   0    0.96
61    1    -0.023    2    2   1    0.59
60    1    0.023    1    1   1    0.71
11    1    -0.023    2    2   1    0.58
87    2    -0.009    2    1   0    0.98
91    2    -0.023    1    2   1    0.58
8    1    0.000    2    2   0    0.54
90    2    0.023    2    1   1    0.54
35    1    0.023    1    1   1    0.57
135    2    0.023    2    1   1    0.48
2    1    -0.009    2    2   1    0.57
115    2    0.023    2    1   1    0.51
80    2    0.023    2    1   1    0.39
3    1    0.000    2    2   0    0.64
128    2    0.000    2    1   1    0.63
117    2    -0.009    1    2   1    0.60
85    2    0.023    2    1   1    0.58
24    1    0.009    1    1   1    0.65
42    1    -0.009    2    2   1    0.49
145    2    0.023    2    1   1    0.52
18    1    0.000    2    2   0    0.98
31    1    -0.023    2    2   1    0.52
37    1    -0.009    2    2   1    0.46
71    1    -0.023    2    2   1    0.58
112    2    -0.009    1    2   1    0.75
62    1    -0.009    2    2   1    0.66
7    1    -0.009    2    2   1    0.53
29    1    0.009    1    1   1    0.55
78    2    0.000    2    1   1    0.67
67    1    -0.009    2    2   1    0.59
111    2    -0.023    1    2   1    0.70
66    1    -0.023    2    2   1    0.65
57    1    -0.009    2    2   1    0.46
86    2    -0.023    1    2   1    0.59
48    1    0.000    2    2   0    1.27
105    2    0.023    2    1   1    0.51
4    1    0.009    1    1   1    0.56
124    2    0.009    2    1   1    0.66
101    2    -0.023    1    2   1    0.65
10    1    0.023    1    1   1    0.52
99    2    0.009    2    1   1    0.53
6    1    -0.023    2    2   1    0.49
82    2    -0.009    1    2   1    0.52
146    2    -0.023    1    2   1    0.55
9    1    0.009    1    1   1    0.64
142    2    -0.009    1    2   1    0.61
45    1    0.023    1    1   1    0.52
110    2    0.023    2    1   1    0.56
120    2    0.023    2    1   1    0.47
129    2    0.009    2    1   1    0.54
12    1    -0.009    2    2   1    0.57
81    2    -0.023    1    2   1    0.50
19    1    0.009    1    1   1    0.47
98    2    0.000    2    1   1    0.65
58    1    0.000    2    2   0    1.33
92    2    -0.009    1    2   1    0.95
144    2    0.009    2    1   1    0.67
22    1    -0.009    2    2   1    0.54
136    2    -0.023    1    2   1    0.58
122    2    -0.009    1    2   1    0.61
28    1    0.000    2    2   0    0.55
49    1    0.009    1    1   1    0.78
137    2    -0.009    1    2   1    0.59
63    1    0.000    2    2   0    0.49
53    1    0.000    2    2   0    1.10
102    2    -0.009    1    2   1    0.79
94    2    0.009    2    1   1    0.58
52    1    -0.009    2    2   1    0.49
148    2    0.000    2    1   1    0.98
134    2    0.009    2    1   1    0.61
20    1    0.023    1    1   1    0.63
89    2    0.009    2    1   1    0.51
16    1    -0.023    2    2   1    0.49
43    1    0.000    2    2   0    0.88
77    2    -0.009    1    2   1    0.56
74    1    0.009    1    1   1    0.48
109    2    0.009    2    1   1    0.52
126    2    -0.023    1    2   1    0.60
34    1    0.009    1    1   1    0.66
14    1    0.009    1    1   1    0.49
33    1    0.000    2    2   0    1.36
70    1    0.023    1    1   1    0.50
23    1    0.000    2    2   0    0.55
106    2    -0.023    1    2   1    0.47
88    2    0.000    1    2   0    1.03
84    2    0.009    1    2   0    0.83
141    2    -0.023    1    2   1    0.83
40    1    0.023    1    1   1    0.62
147    2    -0.009    1    2   1    1.05
65    1    0.023    1    1   1    0.61
103    2    0.000    2    1   1    1.04
41    1    -0.023    2    2   1    0.55
51    1    -0.023    2    2   1    0.43
121    2    -0.023    1    2   1    0.51
30    1    0.023    1    1   1    0.51
130    2    0.023    2    1   1    0.49
59    1    0.009    2    2   0    0.84
149    2    0.009    2    1   1    0.61
113    2    0.000    2    1   1    0.94
133    2    0.000    2    1   1    1.39
116    2    -0.023    1    2   1    0.57
56    1    -0.023    2    2   1    0.51
100    2    0.023    2    1   1    0.40
17    1    -0.009    2    2   1    0.45
119    2    0.009    2    1   1    0.47
97    2    -0.009    1    2   1    0.57
123    2    0.000    1    2   0    1.54
44    1    0.009    1    1   1    0.67
83    2    0.000    1    2   0    0.73
79    2    0.009    2    1   1    0.50
54    1    0.009    1    1   1    0.53
25    1    0.023    1    1   1    0.48
73    1    0.000    2    2   0    0.68
27    1    -0.009    2    2   1    0.52
68    1    0.000    2    2   0    0.56
139    2    0.009    2    1   1    0.56
38    1    0.000    2    2   0    0.64
55    1    0.023    1    1   1    0.63
104    2    0.009    2    1   1    0.59
93    2    0.000    2    1   1    0.67
127    2    -0.009    1    2   1    0.59
39    1    0.009    1    1   1    0.80
69    1    0.009    1    1   1    0.58
5    1    0.023    1    1   1    0.53
143    2    0.000    2    1   1    0.89
132    2    -0.009    1    2   1    0.53
75    2    0.023    2    1   1    0.48
32    1    -0.009    2    2   1    0.56
1    1    -0.023    2    2   1    0.63
140    2    0.023    2    1   1    0.55
26    1    -0.023    2    2   1    0.52
64    1    0.009    1    1   1    0.62
107    2    -0.009    1    2   1    0.52
46    1    -0.023    2    2   1    0.45
118    2    0.000    2    1   1    0.58
138    2    0.000    1    2   0    0.46
114    2    0.009    2    1   1    0.52
150    2    0.023    2    1   1    0.43
