--------------------------------
05-Mar-2015 16:19:53 
data from observer T11 
#occlusion2 expt 
reference disparity (degrees) 0.160000 

stim order disp kresp testresp correct time
1    2    0.074    1    2   1    2.75
2    1    -0.069    1    1   1    1.07
3    2    -0.065    2    1   1    0.73
4    1    -0.060    1    1   1    0.78
5    1    -0.055    1    1   1    0.81
6    2    -0.051    2    1   1    0.65
7    1    -0.046    1    1   1    0.62
8    2    0.042    1    2   1    0.78
9    1    -0.037    1    1   1    0.57
10    2    -0.032    2    1   1    0.65
11    2    -0.028    2    1   1    0.61
12    2    -0.023    2    1   1    0.61
13    1    0.018    2    2   1    0.66
14    2    0.014    2    1   0    0.95
15    1    0.023    2    2   1    0.57
16    2    -0.023    2    1   1    0.54
17    2    -0.018    2    1   1    0.51
18    2    0.018    1    2   1    0.79
19    1    -0.014    2    2   0    0.66
20    1    -0.023    1    1   1    0.86
21    2    -0.023    2    1   1    0.64
22    2    -0.018    2    1   1    0.69
23    2    0.018    2    1   0    0.58
24    2    -0.028    2    1   1    0.59
25    2    -0.028    2    1   1    0.54
26    1    -0.023    1    1   1    0.72
27    1    0.023    2    2   1    0.49
28    2    0.018    1    2   1    0.74
29    2    0.018    1    2   1    1.00
30    1    0.014    2    2   1    0.73
31    1    0.014    2    2   1    0.75
32    1    0.009    2    2   1    0.77
33    1    -0.009    1    1   1    0.80
34    1    -0.005    2    2   0    0.70
35    1    0.014    2    2   1    0.69
36    2    0.014    1    2   1    0.70
37    2    0.009    1    2   1    1.20
38    1    0.009    2    2   1    0.53
39    2    0.005    2    1   0    0.69
40    1    -0.014    2    2   0    0.46
41    2    0.023    1    2   1    0.70
42    2    -0.023    2    1   1    0.58
43    2    0.018    1    2   1    0.71
44    1    0.018    2    2   1    0.67
45    2    -0.014    2    1   1    0.64
46    2    0.014    1    2   1    1.04
47    2    -0.009    2    1   1    0.66
48    1    0.009    2    2   1    0.48
49    1    0.005    2    2   1    0.69
50    2    -0.005    2    1   1    0.68
-------------------------
Final staircase threshold estimate (mean) is 0.0139
-------------------------
133    2    0.000    2    1   1    1.45
30    1    0.037    2    2   0    0.69
24    1    0.014    2    2   0    0.61
19    1    0.014    2    2   0    0.52
101    2    -0.037    2    1   0    0.43
106    2    -0.037    2    1   0    0.42
2    1    -0.014    1    1   0    1.03
81    2    -0.037    2    1   0    0.60
112    2    -0.014    2    1   0    0.58
147    2    -0.014    2    1   0    0.59
93    2    0.000    2    1   1    0.57
114    2    0.014    1    2   0    0.67
78    2    0.000    2    1   1    0.50
55    1    0.037    2    2   0    0.51
45    1    0.037    2    2   0    0.48
96    2    -0.037    2    1   0    0.36
127    2    -0.014    2    1   0    0.53
134    2    0.014    1    2   0    0.77
92    2    -0.014    2    1   0    0.52
98    2    0.000    2    1   1    0.56
42    1    -0.014    1    1   0    0.71
128    2    0.000    2    1   1    0.49
46    1    -0.037    1    1   0    0.56
17    1    -0.014    1    1   0    0.68
9    1    0.014    2    2   0    0.53
14    1    0.014    2    2   0    0.50
68    1    0.000    2    2   0    0.49
70    1    0.037    2    2   0    0.54
63    1    0.000    2    2   0    0.55
140    2    0.037    1    2   0    0.67
107    2    -0.014    2    1   0    0.47
20    1    0.037    2    2   0    0.50
84    2    0.014    1    2   0    0.64
149    2    0.014    1    2   0    0.59
83    2    0.000    2    1   1    1.13
110    2    0.037    1    2   0    0.72
53    1    0.000    2    2   0    0.51
50    1    0.037    2    2   0    0.62
121    2    -0.037    2    1   0    0.71
59    1    0.014    2    2   0    0.54
47    1    -0.014    1    1   0    0.64
28    1    0.000    2    2   0    0.67
124    2    0.014    1    2   0    0.70
32    1    -0.014    1    1   0    0.70
36    1    -0.037    1    1   0    0.51
115    2    0.037    1    2   0    0.50
33    1    0.000    2    2   0    0.68
150    2    0.037    1    2   0    0.53
23    1    0.000    2    2   0    0.56
105    2    0.037    1    2   0    0.55
57    1    -0.014    1    1   0    0.60
89    2    0.014    1    2   0    0.60
85    2    0.037    1    2   0    0.59
75    2    0.037    1    2   0    0.50
119    2    0.014    1    2   0    0.33
82    2    -0.014    2    1   0    0.56
62    1    -0.014    1    1   0    0.47
61    1    -0.037    1    1   0    0.47
71    1    -0.037    1    1   0    0.53
79    2    0.014    1    2   0    0.70
129    2    0.014    1    2   0    0.51
38    1    0.000    2    2   0    0.95
48    1    0.000    2    2   0    0.57
18    1    0.000    2    2   0    0.95
73    1    0.000    2    2   0    0.56
104    2    0.014    1    2   0    0.78
90    2    0.037    1    2   0    0.54
26    1    -0.037    1    1   0    0.60
10    1    0.037    2    2   0    0.60
148    2    0.000    2    1   1    0.78
12    1    -0.014    1    1   0    0.64
87    2    -0.014    2    1   0    0.52
117    2    -0.014    2    1   0    0.56
141    2    -0.037    2    1   0    0.49
31    1    -0.037    1    1   0    0.65
67    1    -0.014    1    1   0    0.70
1    1    -0.037    1    1   0    0.42
143    2    0.000    1    2   0    0.50
49    1    0.014    2    2   0    0.64
118    2    0.000    2    1   1    0.71
145    2    0.037    1    2   0    0.73
39    1    0.014    2    2   0    0.51
108    2    0.000    2    1   1    0.48
77    2    -0.014    2    1   0    0.64
4    1    0.014    2    2   0    0.53
109    2    0.014    2    1   1    0.55
69    1    0.014    2    2   0    0.58
54    1    0.014    2    2   0    0.81
41    1    -0.037    1    1   0    0.53
144    2    0.014    1    2   0    0.68
7    1    -0.014    1    1   0    0.75
100    2    0.037    1    2   0    0.51
37    1    -0.014    1    1   0    0.64
6    1    -0.037    1    1   0    0.51
122    2    -0.014    2    1   0    0.74
116    2    -0.037    2    1   0    0.48
97    2    -0.014    2    1   0    0.79
111    2    -0.037    2    1   0    0.53
131    2    -0.037    2    1   0    0.71
21    1    -0.037    1    1   0    0.61
58    1    0.000    1    1   1    0.74
56    1    -0.037    1    1   0    0.64
132    2    -0.014    1    2   1    0.66
60    1    0.037    2    2   0    0.59
130    2    0.037    1    2   0    0.82
5    1    0.037    2    2   0    0.47
29    1    0.014    2    2   0    0.58
15    1    0.037    2    2   0    0.49
99    2    0.014    1    2   0    0.87
76    2    -0.037    2    1   0    0.45
94    2    0.014    1    2   0    0.55
64    1    0.014    2    2   0    0.50
44    1    0.014    2    2   0    0.61
146    2    -0.037    2    1   0    0.50
137    2    -0.014    2    1   0    0.51
35    1    0.037    2    2   0    0.45
13    1    0.000    2    2   0    0.93
135    2    0.037    1    2   0    0.52
120    2    0.037    1    2   0    0.51
126    2    -0.037    2    1   0    0.53
142    2    -0.014    2    1   0    0.72
52    1    -0.014    1    1   0    0.66
102    2    -0.014    2    1   0    0.55
88    2    0.000    2    1   1    0.71
125    2    0.037    1    2   0    0.56
65    1    0.037    2    2   0    0.53
51    1    -0.037    1    1   0    0.62
43    1    0.000    2    2   0    0.78
136    2    -0.037    2    1   0    0.52
11    1    -0.037    1    1   0    0.54
3    1    0.000    1    1   1    1.17
72    1    -0.014    1    1   0    0.55
22    1    -0.014    1    1   0    0.74
25    1    0.037    2    2   0    0.57
27    1    -0.014    1    1   0    0.59
16    1    -0.037    1    1   0    0.62
139    2    0.014    1    2   0    0.84
123    2    0.000    2    1   1    0.55
86    2    -0.037    2    1   0    0.67
80    2    0.037    1    2   0    0.54
74    1    0.014    2    2   0    0.81
66    1    -0.037    1    1   0    0.64
95    2    0.037    1    2   0    0.51
113    2    0.000    1    2   0    0.77
138    2    0.000    2    1   1    0.81
91    2    -0.037    2    1   0    0.69
34    1    0.014    2    2   0    0.71
8    1    0.000    2    2   0    0.81
40    1    0.037    2    2   0    0.61
103    2    0.000    2    1   1    0.71
