--------------------------------
06-Mar-2015 15:10:20 
data from observer T12 
#occlusion2 expt 
reference disparity (degrees) 0.160000 

stim order disp kresp testresp correct time
1    1    0.074    1    1   1    3.60
2    2    0.069    2    1   1    0.90
3    2    -0.065    1    2   1    0.65
4    1    -0.060    2    2   1    0.64
5    2    -0.055    1    2   1    0.59
6    1    -0.051    2    2   1    0.62
7    1    -0.046    2    2   1    0.75
8    1    0.042    1    1   1    0.60
9    1    0.037    1    1   1    0.78
10    2    0.032    2    1   1    0.64
11    1    0.028    1    1   1    1.12
12    2    -0.023    1    2   1    0.67
13    2    -0.018    1    2   1    1.79
14    2    0.014    2    1   1    0.66
15    1    0.009    1    1   1    1.84
16    2    -0.005    1    2   1    3.21
17    1    -0.005    2    2   1    1.27
18    2    0.005    2    1   1    1.12
19    1    0.005    2    2   0    1.15
20    1    -0.014    2    2   1    1.04
21    1    -0.014    1    1   0    2.25
22    1    0.023    1    1   1    0.80
23    1    -0.023    2    2   1    0.84
24    1    0.018    1    1   1    1.18
25    2    0.018    2    1   1    0.71
26    2    0.014    2    1   1    0.67
27    1    -0.014    2    2   1    0.71
28    2    -0.009    1    2   1    1.21
29    1    -0.009    2    2   1    1.11
30    2    0.005    2    1   1    0.95
31    1    -0.005    2    2   1    2.01
32    1    0.005    2    2   0    1.30
33    1    0.014    1    1   1    0.98
34    2    0.014    2    1   1    0.74
35    1    0.009    1    1   1    1.09
36    1    0.009    2    2   0    0.66
37    1    0.018    1    1   1    1.53
38    2    0.018    2    1   1    0.66
39    1    -0.014    2    2   1    0.70
40    1    0.014    1    1   1    0.78
41    2    -0.009    1    2   1    0.82
42    1    0.009    1    1   1    0.78
43    1    -0.005    2    2   1    1.14
44    1    -0.005    2    2   1    1.53
45    1    -0.005    1    1   0    1.25
46    2    0.014    2    1   1    1.31
47    1    0.014    1    1   1    0.85
48    1    0.009    1    1   1    0.90
49    1    -0.009    1    1   0    0.89
50    1    -0.018    2    2   1    0.74
-------------------------
Final staircase threshold estimate (mean) is 0.0097
-------------------------
31    1    -0.023    2    2   1    3.20
120    2    0.023    2    1   1    0.94
108    2    0.000    1    2   0    1.47
138    2    0.000    2    1   1    0.94
21    1    -0.023    2    2   1    0.97
59    1    0.009    1    1   1    0.90
139    2    0.009    2    1   1    1.07
32    1    -0.009    2    2   1    0.79
133    2    0.000    1    2   0    1.44
13    1    0.000    2    2   0    0.68
46    1    -0.023    2    2   1    0.96
104    2    0.009    2    1   1    1.39
113    2    0.000    2    1   1    1.00
92    2    -0.009    1    2   1    1.88
129    2    0.009    2    1   1    0.83
132    2    -0.009    1    2   1    1.34
15    1    0.023    1    1   1    0.69
25    1    0.023    1    1   1    0.76
93    2    0.000    2    1   1    2.83
58    1    0.000    1    1   1    0.84
65    1    0.023    1    1   1    0.65
150    2    0.023    2    1   1    0.78
117    2    -0.009    1    2   1    2.01
22    1    -0.009    2    2   1    2.16
69    1    0.009    1    1   1    0.73
26    1    -0.023    2    2   1    0.84
90    2    0.023    2    1   1    0.81
66    1    -0.023    2    2   1    0.68
119    2    0.009    2    1   1    1.46
75    2    0.023    2    1   1    1.73
78    2    0.000    2    1   1    0.65
48    1    0.000    2    2   0    0.76
34    1    0.009    1    1   1    1.30
19    1    0.009    1    1   1    0.70
29    1    0.009    1    1   1    0.71
149    2    0.009    2    1   1    0.93
17    1    -0.009    2    2   1    1.17
111    2    -0.023    1    2   1    0.73
53    1    0.000    2    2   0    1.22
134    2    0.009    2    1   1    0.69
3    1    0.000    1    1   1    2.93
24    1    0.009    1    1   1    0.93
28    1    0.000    1    1   1    1.24
45    1    0.023    1    1   1    1.06
33    1    0.000    2    2   0    1.87
55    1    0.023    1    1   1    1.23
87    2    -0.009    1    2   1    0.75
2    1    -0.009    2    2   1    0.72
141    2    -0.023    1    2   1    0.66
140    2    0.023    2    1   1    0.89
130    2    0.023    2    1   1    1.20
47    1    -0.009    2    2   1    1.62
147    2    -0.009    1    2   1    0.94
88    2    0.000    1    2   0    0.63
43    1    0.000    1    1   1    0.85
6    1    -0.023    2    2   1    0.77
86    2    -0.023    1    2   1    1.04
126    2    -0.023    1    2   1    0.75
10    1    0.023    1    1   1    0.66
8    1    0.000    2    2   0    1.22
128    2    0.000    2    1   1    0.85
107    2    -0.009    1    2   1    3.67
51    1    -0.023    2    2   1    0.72
106    2    -0.023    1    2   1    0.94
96    2    -0.023    1    2   1    0.83
42    1    -0.009    2    2   1    0.78
11    1    -0.023    2    2   1    0.80
136    2    -0.023    1    2   1    1.15
82    2    -0.009    2    1   0    1.01
68    1    0.000    2    2   0    0.68
9    1    0.009    1    1   1    0.88
123    2    0.000    2    1   1    0.94
81    2    -0.023    1    2   1    2.13
54    1    0.009    1    1   1    1.24
103    2    0.000    2    1   1    4.47
91    2    -0.023    1    2   1    0.96
16    1    -0.023    2    2   1    0.76
137    2    -0.009    2    1   0    2.72
102    2    -0.009    1    2   1    1.61
109    2    0.009    2    1   1    0.69
146    2    -0.023    1    2   1    1.00
98    2    0.000    2    1   1    0.70
76    2    -0.023    1    2   1    1.45
40    1    0.023    1    1   1    2.34
60    1    0.023    1    1   1    2.67
74    1    0.009    2    2   0    1.95
116    2    -0.023    1    2   1    3.27
131    2    -0.023    1    2   1    0.79
38    1    0.000    1    1   1    0.84
39    1    0.009    2    2   0    2.89
18    1    0.000    2    2   0    2.36
44    1    0.009    1    1   1    3.03
124    2    0.009    2    1   1    2.53
127    2    -0.009    1    2   1    1.49
121    2    -0.023    2    1   0    2.59
122    2    -0.009    1    2   1    0.79
101    2    -0.023    1    2   1    1.09
52    1    -0.009    2    2   1    1.63
23    1    0.000    2    2   0    2.10
84    2    0.009    2    1   1    1.54
95    2    0.023    2    1   1    1.08
49    1    0.009    1    1   1    1.66
144    2    0.009    2    1   1    1.36
99    2    0.009    2    1   1    1.62
30    1    0.023    2    2   0    0.91
135    2    0.023    2    1   1    0.93
35    1    0.023    1    1   1    1.38
12    1    -0.009    2    2   1    0.98
36    1    -0.023    2    2   1    1.18
97    2    -0.009    2    1   0    3.08
79    2    0.009    2    1   1    2.03
89    2    0.009    1    2   0    1.34
63    1    0.000    1    1   1    4.16
125    2    0.023    2    1   1    1.51
70    1    0.023    2    2   0    1.68
14    1    0.009    2    2   0    1.54
57    1    -0.009    2    2   1    1.30
112    2    -0.009    1    2   1    2.15
61    1    -0.023    2    2   1    1.15
143    2    0.000    2    1   1    2.73
115    2    0.023    2    1   1    1.34
114    2    0.009    2    1   1    2.01
50    1    0.023    1    1   1    1.34
100    2    0.023    2    1   1    1.63
5    1    0.023    1    1   1    1.42
72    1    -0.009    2    2   1    3.41
85    2    0.023    2    1   1    2.05
56    1    -0.023    2    2   1    1.55
62    1    -0.009    1    1   0    1.34
73    1    0.000    2    2   0    1.26
77    2    -0.009    2    1   0    1.92
37    1    -0.009    2    2   1    1.31
41    1    -0.023    1    1   0    6.15
80    2    0.023    2    1   1    1.50
4    1    0.009    1    1   1    1.32
67    1    -0.009    2    2   1    0.96
7    1    -0.009    2    2   1    0.93
145    2    0.023    2    1   1    2.62
71    1    -0.023    2    2   1    2.27
148    2    0.000    1    2   0    4.23
64    1    0.009    1    1   1    1.18
1    1    -0.023    2    2   1    1.06
105    2    0.023    2    1   1    1.10
118    2    0.000    1    2   0    1.10
83    2    0.000    1    2   0    0.68
94    2    0.009    2    1   1    0.95
20    1    0.023    1    1   1    2.61
27    1    -0.009    1    1   0    1.39
110    2    0.023    2    1   1    2.72
142    2    -0.009    2    1   0    1.50
