--------------------------------
06-Mar-2015 13:36:52 
data from observer T12 
#occlusion2 expt 
reference disparity (degrees) 0.160000 

stim order disp kresp testresp correct time
1    2    0.074    1    2   1    3.02
2    2    0.069    1    2   1    0.73
3    1    -0.065    1    1   1    1.08
4    2    -0.060    2    1   1    0.70
5    2    -0.055    2    1   1    0.74
6    2    0.051    1    2   1    0.62
7    1    0.046    2    2   1    0.85
8    2    -0.042    2    1   1    0.78
9    2    0.037    1    2   1    0.55
10    1    0.032    2    2   1    0.75
11    2    0.028    1    2   1    0.57
12    2    -0.023    2    1   1    0.78
13    2    0.018    2    1   0    2.05
14    1    0.028    2    2   1    0.79
15    1    0.028    2    2   1    0.79
16    2    -0.023    2    1   1    0.73
17    1    0.023    2    2   1    0.83
18    1    -0.018    1    1   1    0.89
19    2    -0.018    2    1   1    1.31
20    1    0.014    2    2   1    1.05
21    1    0.014    2    2   1    0.97
22    1    -0.009    1    1   1    1.17
23    1    0.009    2    2   1    0.90
24    1    0.005    1    1   0    1.08
25    2    0.014    1    2   1    0.90
26    1    -0.014    1    1   1    0.94
27    2    0.009    1    2   1    1.19
28    2    0.009    1    2   1    2.43
29    1    0.005    2    2   1    1.09
30    2    -0.005    2    1   1    2.10
31    2    0.005    1    2   1    1.15
32    2    -0.005    1    2   0    1.70
33    1    -0.014    1    1   1    1.33
34    2    0.014    1    2   1    1.19
35    1    0.009    2    2   1    1.08
36    1    -0.009    1    1   1    1.31
37    1    -0.005    2    2   0    2.41
38    1    -0.014    1    1   1    1.24
39    1    0.014    2    2   1    1.57
40    1    -0.009    1    1   1    1.03
41    2    0.009    2    1   0    1.04
42    1    0.018    2    2   1    1.07
43    1    0.018    2    2   1    1.31
44    2    0.014    1    2   1    0.65
45    2    0.014    1    2   1    1.48
46    1    0.009    2    2   1    1.39
47    2    -0.009    2    1   1    1.31
48    2    -0.005    1    2   0    3.27
49    2    0.014    1    2   1    1.05
50    1    -0.014    1    1   1    1.11
-------------------------
Final staircase threshold estimate (mean) is 0.0125
-------------------------
31    1    -0.032    1    1   0    2.13
86    2    -0.032    2    1   0    1.03
100    2    0.032    1    2   0    0.88
22    1    -0.014    1    1   0    1.46
57    1    -0.014    1    1   0    1.25
48    1    0.000    2    2   0    1.36
2    1    -0.014    1    1   0    2.47
55    1    0.032    2    2   0    0.82
63    1    0.000    2    2   0    2.28
115    2    0.032    1    2   0    0.85
32    1    -0.014    1    1   0    0.79
45    1    0.032    2    2   0    0.87
43    1    0.000    1    1   1    1.91
37    1    -0.014    1    1   0    1.08
144    2    0.014    1    2   0    0.96
85    2    0.032    1    2   0    1.28
10    1    0.032    2    2   0    1.26
12    1    -0.014    1    1   0    1.12
79    2    0.014    1    2   0    1.89
134    2    0.014    1    2   0    1.68
41    1    -0.032    1    1   0    0.67
24    1    0.014    2    2   0    1.04
58    1    0.000    2    2   0    0.83
137    2    -0.014    2    1   0    1.86
113    2    0.000    2    1   1    2.59
35    1    0.032    2    2   0    0.96
5    1    0.032    2    2   0    0.92
128    2    0.000    2    1   1    4.81
39    1    0.014    2    2   0    1.32
38    1    0.000    1    1   1    1.74
74    1    0.014    2    2   0    2.65
146    2    -0.032    2    1   0    1.30
8    1    0.000    1    1   1    1.32
148    2    0.000    1    2   0    1.72
141    2    -0.032    2    1   0    1.01
66    1    -0.032    1    1   0    1.71
91    2    -0.032    2    1   0    1.69
88    2    0.000    2    1   1    1.32
56    1    -0.032    1    1   0    0.93
78    2    0.000    2    1   1    0.95
40    1    0.032    2    2   0    1.29
49    1    0.014    2    2   0    1.10
42    1    -0.014    1    1   0    1.36
3    1    0.000    2    2   0    1.02
19    1    0.014    2    2   0    1.40
28    1    0.000    1    1   1    1.72
81    2    -0.032    2    1   0    0.74
14    1    0.014    2    2   0    1.19
104    2    0.014    1    2   0    1.95
108    2    0.000    2    1   1    1.64
126    2    -0.032    2    1   0    0.81
47    1    -0.014    1    1   0    0.96
36    1    -0.032    1    1   0    0.92
116    2    -0.032    2    1   0    1.10
145    2    0.032    1    2   0    1.05
122    2    -0.014    2    1   0    1.52
71    1    -0.032    1    1   0    0.87
101    2    -0.032    2    1   0    1.75
20    1    0.032    2    2   0    1.03
136    2    -0.032    2    1   0    1.73
4    1    0.014    2    2   0    2.66
127    2    -0.014    2    1   0    0.98
72    1    -0.014    1    1   0    1.68
80    2    0.032    1    2   0    0.96
120    2    0.032    1    2   0    0.87
17    1    -0.014    1    1   0    1.36
16    1    -0.032    1    1   0    1.02
76    2    -0.032    2    1   0    1.19
103    2    0.000    1    2   0    3.68
67    1    -0.014    1    1   0    0.82
52    1    -0.014    2    2   1    1.81
97    2    -0.014    2    1   0    1.84
132    2    -0.014    2    1   0    2.14
87    2    -0.014    2    1   0    1.58
73    1    0.000    2    2   0    2.06
99    2    0.014    1    2   0    2.19
62    1    -0.014    1    1   0    3.04
26    1    -0.032    1    1   0    1.13
13    1    0.000    2    2   0    4.29
109    2    0.014    1    2   0    1.67
94    2    0.014    2    1   1    2.91
133    2    0.000    2    1   1    1.46
29    1    0.014    2    2   0    1.62
102    2    -0.014    2    1   0    1.57
77    2    -0.014    2    1   0    1.66
34    1    0.014    2    2   0    1.85
114    2    0.014    1    2   0    2.54
1    1    -0.032    1    1   0    1.35
143    2    0.000    2    1   1    1.68
117    2    -0.014    2    1   0    3.84
25    1    0.032    2    2   0    1.36
112    2    -0.014    2    1   0    0.91
84    2    0.014    1    2   0    1.37
142    2    -0.014    2    1   0    1.98
27    1    -0.014    1    1   0    1.61
53    1    0.000    1    1   1    2.53
6    1    -0.032    1    1   0    1.72
69    1    0.014    2    2   0    1.15
147    2    -0.014    2    1   0    0.91
59    1    0.014    2    2   0    2.79
60    1    0.032    2    2   0    1.61
98    2    0.000    2    1   1    1.65
9    1    0.014    2    2   0    2.47
50    1    0.032    2    2   0    1.58
75    2    0.032    1    2   0    1.65
121    2    -0.032    2    1   0    0.79
139    2    0.014    1    2   0    1.75
83    2    0.000    2    1   1    1.19
129    2    0.014    1    2   0    1.19
82    2    -0.014    2    1   0    1.26
51    1    -0.032    1    1   0    1.17
65    1    0.032    2    2   0    0.71
92    2    -0.014    2    1   0    0.75
15    1    0.032    2    2   0    2.20
119    2    0.014    1    2   0    1.91
30    1    0.032    2    2   0    1.72
150    2    0.032    1    2   0    1.22
106    2    -0.032    2    1   0    0.89
11    1    -0.032    1    1   0    0.87
70    1    0.032    2    2   0    1.28
107    2    -0.014    2    1   0    3.08
7    1    -0.014    1    1   0    1.54
125    2    0.032    1    2   0    1.62
110    2    0.032    1    2   0    0.92
18    1    0.000    2    2   0    3.13
61    1    -0.032    1    1   0    0.77
140    2    0.032    1    2   0    1.51
130    2    0.032    1    2   0    1.03
95    2    0.032    1    2   0    0.85
44    1    0.014    2    2   0    2.30
54    1    0.014    2    2   0    2.41
93    2    0.000    1    2   0    1.11
149    2    0.014    1    2   0    1.40
138    2    0.000    1    2   0    1.66
135    2    0.032    1    2   0    1.71
131    2    -0.032    2    1   0    1.46
64    1    0.014    2    2   0    3.43
46    1    -0.032    1    1   0    1.68
111    2    -0.032    2    1   0    1.45
118    2    0.000    1    2   0    2.80
105    2    0.032    1    2   0    1.74
89    2    0.014    1    2   0    1.66
96    2    -0.032    2    1   0    1.06
21    1    -0.032    1    1   0    0.78
123    2    0.000    1    2   0    2.59
23    1    0.000    1    1   1    2.09
33    1    0.000    2    2   0    1.17
90    2    0.032    1    2   0    0.99
68    1    0.000    1    1   1    2.40
124    2    0.014    1    2   0    1.46
