--------------------------------
06-Mar-2015 14:05:21 
data from observer T12 
#occlusion2 expt 
reference disparity (degrees) 0.160000 

stim order disp kresp testresp correct time
1    1    -0.074    1    1   1    6.43
2    2    0.069    1    2   1    4.14
3    2    -0.065    2    1   1    1.39
4    1    -0.060    1    1   1    2.97
5    2    0.055    1    2   1    1.66
6    2    0.051    1    2   1    3.02
7    2    -0.046    2    1   1    1.37
8    2    0.042    1    2   1    2.48
9    1    -0.037    1    1   1    2.09
10    1    0.032    2    2   1    1.16
11    2    0.028    2    1   0    4.33
12    1    -0.037    1    1   1    2.14
13    2    0.037    1    2   1    6.28
14    1    0.032    2    2   1    4.91
15    2    -0.032    2    1   1    1.02
16    1    0.028    2    2   1    3.51
17    1    -0.028    1    1   1    3.10
18    1    0.023    2    2   1    1.03
19    2    -0.023    2    1   1    0.91
20    2    -0.018    1    2   0    3.24
21    2    -0.028    2    1   1    2.73
22    1    0.028    2    2   1    2.72
23    2    0.023    1    2   1    3.77
24    2    0.023    1    2   1    1.33
25    1    -0.018    1    1   1    1.62
26    2    0.018    1    2   1    2.44
27    2    -0.014    2    1   1    1.87
28    2    -0.014    1    2   0    2.25
29    1    -0.023    1    1   1    1.80
30    1    -0.023    1    1   1    3.11
31    2    -0.018    2    1   1    6.87
32    2    -0.018    2    1   1    1.33
33    1    0.014    2    2   1    2.05
34    1    -0.014    1    1   1    2.23
35    2    0.009    1    2   1    3.25
36    1    0.009    2    2   1    1.34
37    1    -0.005    2    2   0    5.06
38    2    -0.014    2    1   1    1.32
39    2    -0.014    2    1   1    2.74
40    1    0.009    1    1   0    2.06
41    1    0.018    2    2   1    5.66
42    2    -0.018    1    2   0    1.68
43    2    0.028    1    2   1    1.48
44    1    0.028    2    2   1    0.89
45    1    -0.023    1    1   1    2.22
46    2    0.023    1    2   1    2.06
47    1    0.018    2    2   1    1.16
48    2    0.018    1    2   1    2.92
49    2    -0.014    2    1   1    2.92
50    1    0.014    2    2   1    1.36
-------------------------
Final staircase threshold estimate (mean) is 0.0203
-------------------------
131    2    -0.051    2    1   0    3.87
5    1    0.051    2    2   0    1.89
86    2    -0.051    2    1   0    1.36
103    2    0.000    2    1   1    4.16
84    2    0.018    1    2   0    1.17
39    1    0.018    2    2   0    1.97
121    2    -0.051    2    1   0    0.77
101    2    -0.051    2    1   0    0.82
17    1    -0.018    1    1   0    1.04
120    2    0.051    1    2   0    0.87
100    2    0.051    1    2   0    2.11
24    1    0.018    2    2   0    1.14
95    2    0.051    1    2   0    0.79
11    1    -0.051    1    1   0    1.46
83    2    0.000    2    1   1    2.47
20    1    0.051    2    2   0    1.16
62    1    -0.018    1    1   0    3.91
26    1    -0.051    1    1   0    2.03
87    2    -0.018    2    1   0    1.45
105    2    0.051    1    2   0    1.88
13    1    0.000    2    2   0    6.31
38    1    0.000    1    1   1    1.15
137    2    -0.018    2    1   0    2.54
117    2    -0.018    2    1   0    2.06
74    1    0.018    2    2   0    2.20
79    2    0.018    1    2   0    1.16
102    2    -0.018    2    1   0    1.68
23    1    0.000    1    1   1    2.20
3    1    0.000    2    2   0    4.82
25    1    0.051    2    2   0    1.65
67    1    -0.018    1    1   0    1.78
119    2    0.018    1    2   0    0.78
30    1    0.051    2    2   0    1.60
142    2    -0.018    2    1   0    3.95
49    1    0.018    2    2   0    1.07
115    2    0.051    1    2   0    1.32
78    2    0.000    1    2   0    5.24
73    1    0.000    1    1   1    2.76
19    1    0.018    2    2   0    2.54
94    2    0.018    1    2   0    3.98
6    1    -0.051    1    1   0    2.77
50    1    0.051    2    2   0    1.23
147    2    -0.018    1    2   1    2.45
70    1    0.051    2    2   0    5.89
136    2    -0.051    2    1   0    1.07
111    2    -0.051    2    1   0    0.97
112    2    -0.018    2    1   0    4.45
27    1    -0.018    1    1   0    3.61
9    1    0.018    2    2   0    1.38
144    2    0.018    1    2   0    3.46
45    1    0.051    2    2   0    3.87
72    1    -0.018    1    1   0    1.80
40    1    0.051    2    2   0    1.58
143    2    0.000    1    2   0    1.82
134    2    0.018    1    2   0    2.99
141    2    -0.051    2    1   0    1.31
16    1    -0.051    1    1   0    1.38
2    1    -0.018    1    1   0    1.99
109    2    0.018    1    2   0    3.36
42    1    -0.018    1    1   0    1.53
36    1    -0.051    1    1   0    3.52
60    1    0.051    2    2   0    2.50
129    2    0.018    1    2   0    2.23
80    2    0.051    1    2   0    0.93
14    1    0.018    2    2   0    1.98
31    1    -0.051    1    1   0    1.13
61    1    -0.051    1    1   0    2.35
127    2    -0.018    2    1   0    2.37
81    2    -0.051    2    1   0    1.59
55    1    0.051    2    2   0    0.91
22    1    -0.018    1    1   0    3.99
57    1    -0.018    2    2   1    1.47
53    1    0.000    2    2   0    4.26
93    2    0.000    2    1   1    0.93
58    1    0.000    2    2   0    1.32
114    2    0.018    2    1   1    1.30
89    2    0.018    2    1   1    2.46
29    1    0.018    2    2   0    2.66
76    2    -0.051    2    1   0    1.61
90    2    0.051    1    2   0    2.75
33    1    0.000    2    2   0    4.56
18    1    0.000    1    1   1    1.59
135    2    0.051    1    2   0    1.94
64    1    0.018    2    2   0    2.43
108    2    0.000    1    2   0    1.95
133    2    0.000    2    1   1    1.83
8    1    0.000    2    2   0    2.10
44    1    0.018    2    2   0    1.86
148    2    0.000    2    1   1    2.38
34    1    0.018    1    1   1    6.36
85    2    0.051    1    2   0    5.64
106    2    -0.051    2    1   0    1.13
99    2    0.018    1    2   0    2.48
7    1    -0.018    2    2   1    5.21
4    1    0.018    1    1   1    3.05
65    1    0.051    2    2   0    1.81
75    2    0.051    1    2   0    3.98
138    2    0.000    1    2   0    3.97
32    1    -0.018    2    2   1    8.12
139    2    0.018    2    1   1    6.22
88    2    0.000    2    1   1    1.22
21    1    -0.051    1    1   0    0.91
52    1    -0.018    1    1   0    1.89
104    2    0.018    1    2   0    1.79
71    1    -0.051    1    1   0    1.03
116    2    -0.051    2    1   0    1.36
12    1    -0.018    2    2   1    2.35
124    2    0.018    1    2   0    4.86
37    1    -0.018    2    2   1    1.65
146    2    -0.051    2    1   0    1.17
125    2    0.051    1    2   0    2.26
63    1    0.000    2    2   0    1.39
149    2    0.018    1    2   0    2.50
1    1    -0.051    1    1   0    1.89
59    1    0.018    2    2   0    1.94
122    2    -0.018    2    1   0    0.91
51    1    -0.051    2    2   1    1.12
113    2    0.000    1    2   0    1.98
82    2    -0.018    2    1   0    1.83
128    2    0.000    2    1   1    1.42
107    2    -0.018    2    1   0    2.14
140    2    0.051    1    2   0    0.89
92    2    -0.018    2    1   0    2.43
66    1    -0.051    1    1   0    2.28
91    2    -0.051    2    1   0    5.17
41    1    -0.051    1    1   0    1.07
123    2    0.000    1    2   0    0.99
110    2    0.051    1    2   0    1.72
77    2    -0.018    1    2   1    1.10
15    1    0.051    2    2   0    2.34
150    2    0.051    2    1   1    1.03
48    1    0.000    1    1   1    1.38
68    1    0.000    1    1   1    2.58
35    1    0.051    2    2   0    0.71
96    2    -0.051    2    1   0    2.61
47    1    -0.018    2    2   1    0.94
69    1    0.018    1    1   1    0.91
118    2    0.000    1    2   0    1.79
145    2    0.051    1    2   0    0.97
46    1    -0.051    1    1   0    1.04
98    2    0.000    1    2   0    1.47
130    2    0.051    1    2   0    4.32
28    1    0.000    1    1   1    0.66
126    2    -0.051    1    2   1    2.71
54    1    0.018    1    1   1    0.86
97    2    -0.018    1    2   1    3.18
43    1    0.000    1    1   1    0.72
132    2    -0.018    1    2   1    1.20
10    1    0.051    1    1   1    3.76
56    1    -0.051    1    1   0    0.89
