--------------------------------
06-Mar-2015 15:02:41 
data from observer T12 
#occlusion2 expt 
reference disparity (degrees) 0.160000 

stim order disp kresp testresp correct time
1    2    -0.074    1    2   1    1.58
2    1    -0.069    2    2   1    0.95
3    1    0.065    1    1   1    0.74
4    2    0.060    2    1   1    0.68
5    1    0.055    1    1   1    0.88
6    1    -0.051    2    2   1    0.79
7    2    0.046    2    1   1    0.74
8    2    0.042    2    1   1    0.68
9    1    -0.037    2    2   1    1.89
10    2    -0.032    1    2   1    1.50
11    1    0.028    1    1   1    0.96
12    1    0.023    1    1   1    1.15
13    2    -0.018    1    2   1    1.64
14    2    -0.014    1    2   1    1.70
15    1    -0.009    2    2   1    1.03
16    1    0.005    2    2   0    0.64
17    2    0.014    2    1   1    1.92
18    1    0.014    1    1   1    4.18
19    1    0.009    2    2   0    1.82
20    1    -0.018    2    2   1    1.90
21    2    0.018    2    1   1    1.77
22    1    -0.014    1    1   0    5.03
23    2    0.023    2    1   1    1.06
24    1    -0.023    2    2   1    1.42
25    2    -0.018    1    2   1    1.30
26    1    0.018    1    1   1    0.97
27    2    -0.014    1    2   1    1.25
28    1    0.014    1    1   1    1.25
29    1    0.009    1    1   1    2.41
30    1    -0.009    2    2   1    2.02
31    1    0.005    2    2   0    3.14
32    2    -0.014    1    2   1    1.64
33    2    -0.014    1    2   1    3.26
34    2    -0.009    1    2   1    1.27
35    1    0.009    1    1   1    1.10
36    2    0.005    2    1   1    1.06
37    1    0.005    2    2   0    0.94
38    1    0.014    1    1   1    2.37
39    1    -0.014    2    2   1    0.82
40    2    -0.009    2    1   0    2.24
41    2    0.018    2    1   1    1.26
42    1    0.018    1    1   1    1.44
43    1    -0.014    2    2   1    0.70
44    2    -0.014    1    2   1    2.35
45    2    -0.009    1    2   1    2.05
46    1    0.009    1    1   1    3.19
47    2    0.005    2    1   1    1.67
48    1    0.005    2    2   0    2.51
49    2    0.014    2    1   1    1.41
50    1    -0.014    2    2   1    0.82
-------------------------
Final staircase threshold estimate (mean) is 0.0120
-------------------------
55    1    0.032    1    1   1    1.85
98    2    0.000    1    2   0    1.18
43    1    0.000    2    2   0    2.58
28    1    0.000    2    2   0    1.87
119    2    0.014    2    1   1    0.74
125    2    0.032    2    1   1    0.73
85    2    0.032    2    1   1    0.77
101    2    -0.032    1    2   1    0.65
5    1    0.032    1    1   1    0.81
41    1    -0.032    2    2   1    0.75
127    2    -0.014    1    2   1    0.62
60    1    0.032    1    1   1    0.64
130    2    0.032    2    1   1    0.75
135    2    0.032    2    1   1    0.62
110    2    0.032    2    1   1    0.68
25    1    0.032    1    1   1    0.68
31    1    -0.032    2    2   1    0.64
120    2    0.032    2    1   1    0.71
26    1    -0.032    2    2   1    0.70
67    1    -0.014    2    2   1    0.85
102    2    -0.014    1    2   1    0.69
86    2    -0.032    1    2   1    0.64
107    2    -0.014    1    2   1    0.65
37    1    -0.014    2    2   1    0.74
13    1    0.000    1    1   1    0.93
62    1    -0.014    2    2   1    0.70
18    1    0.000    2    2   0    3.89
40    1    0.032    1    1   1    0.97
84    2    0.014    2    1   1    0.88
134    2    0.014    2    1   1    1.12
141    2    -0.032    1    2   1    0.73
68    1    0.000    2    2   0    0.69
3    1    0.000    1    1   1    0.97
142    2    -0.014    1    2   1    2.98
66    1    -0.032    2    2   1    1.02
47    1    -0.014    2    2   1    1.71
63    1    0.000    1    1   1    4.21
109    2    0.014    2    1   1    0.85
56    1    -0.032    2    2   1    1.36
140    2    0.032    2    1   1    1.98
20    1    0.032    1    1   1    0.83
11    1    -0.032    2    2   1    0.74
100    2    0.032    2    1   1    1.86
15    1    0.032    1    1   1    0.76
105    2    0.032    2    1   1    0.72
35    1    0.032    1    1   1    1.75
65    1    0.032    1    1   1    0.88
81    2    -0.032    1    2   1    0.66
80    2    0.032    2    1   1    0.76
87    2    -0.014    1    2   1    1.57
78    2    0.000    2    1   1    1.42
61    1    -0.032    2    2   1    1.00
33    1    0.000    1    1   1    3.36
8    1    0.000    2    2   0    3.87
76    2    -0.032    1    2   1    0.96
70    1    0.032    1    1   1    1.96
126    2    -0.032    1    2   1    0.87
122    2    -0.014    1    2   1    2.24
123    2    0.000    2    1   1    1.85
131    2    -0.032    1    2   1    1.23
92    2    -0.014    1    2   1    1.42
73    1    0.000    2    2   0    0.80
132    2    -0.014    2    1   0    0.72
58    1    0.000    2    2   0    0.95
57    1    -0.014    2    2   1    1.67
96    2    -0.032    1    2   1    1.00
148    2    0.000    1    2   0    1.53
136    2    -0.032    1    2   1    0.66
117    2    -0.014    1    2   1    0.91
103    2    0.000    2    1   1    1.77
94    2    0.014    2    1   1    0.69
32    1    -0.014    2    2   1    0.77
83    2    0.000    2    1   1    0.99
23    1    0.000    1    1   1    2.53
129    2    0.014    2    1   1    0.95
115    2    0.032    2    1   1    0.64
2    1    -0.014    2    2   1    0.85
42    1    -0.014    2    2   1    1.66
9    1    0.014    1    1   1    2.80
54    1    0.014    1    1   1    0.78
149    2    0.014    2    1   1    0.79
6    1    -0.032    2    2   1    0.71
48    1    0.000    2    2   0    3.21
124    2    0.014    2    1   1    0.67
74    1    0.014    1    1   1    1.56
51    1    -0.032    2    2   1    0.56
138    2    0.000    1    2   0    3.25
133    2    0.000    2    1   1    0.65
147    2    -0.014    1    2   1    0.75
77    2    -0.014    1    2   1    0.68
71    1    -0.032    2    2   1    0.90
90    2    0.032    2    1   1    0.57
112    2    -0.014    1    2   1    0.76
4    1    0.014    1    1   1    1.52
128    2    0.000    2    1   1    1.17
144    2    0.014    2    1   1    0.94
93    2    0.000    2    1   1    0.86
46    1    -0.032    2    2   1    0.60
146    2    -0.032    1    2   1    0.65
64    1    0.014    1    1   1    0.63
29    1    0.014    1    1   1    0.76
137    2    -0.014    1    2   1    1.45
108    2    0.000    2    1   1    1.45
121    2    -0.032    1    2   1    0.63
34    1    0.014    1    1   1    0.75
21    1    -0.032    2    2   1    1.11
89    2    0.014    2    1   1    0.65
106    2    -0.032    1    2   1    0.75
1    1    -0.032    2    2   1    0.78
52    1    -0.014    2    2   1    0.80
17    1    -0.014    2    2   1    1.10
143    2    0.000    2    1   1    0.76
22    1    -0.014    2    2   1    2.24
30    1    0.032    1    1   1    0.68
69    1    0.014    1    1   1    0.76
95    2    0.032    2    1   1    0.76
36    1    -0.032    2    2   1    0.72
44    1    0.014    1    1   1    1.69
12    1    -0.014    2    2   1    0.70
53    1    0.000    1    1   1    1.91
91    2    -0.032    1    2   1    0.83
16    1    -0.032    2    2   1    0.91
111    2    -0.032    1    2   1    0.73
27    1    -0.014    2    2   1    1.35
97    2    -0.014    1    2   1    0.96
38    1    0.000    1    1   1    1.22
59    1    0.014    1    1   1    1.89
145    2    0.032    2    1   1    1.01
14    1    0.014    1    1   1    0.92
79    2    0.014    2    1   1    0.98
104    2    0.014    2    1   1    0.77
118    2    0.000    2    1   1    0.96
50    1    0.032    1    1   1    1.86
139    2    0.014    2    1   1    0.92
116    2    -0.032    1    2   1    1.02
82    2    -0.014    1    2   1    1.62
45    1    0.032    1    1   1    1.40
24    1    0.014    2    2   0    2.54
39    1    0.014    1    1   1    1.50
10    1    0.032    1    1   1    0.80
72    1    -0.014    2    2   1    0.87
49    1    0.014    1    1   1    2.90
113    2    0.000    2    1   1    2.53
88    2    0.000    2    1   1    1.98
75    2    0.032    2    1   1    0.74
19    1    0.014    1    1   1    0.93
114    2    0.014    2    1   1    0.72
150    2    0.032    2    1   1    0.70
7    1    -0.014    2    2   1    1.90
99    2    0.014    2    1   1    2.25
