--------------------------------
06-Mar-2015 15:18:04 
data from observer T12 
#occlusion2 expt 
reference disparity (degrees) 0.160000 

stim order disp kresp testresp correct time
1    1    -0.074    2    2   1    2.86
2    2    -0.069    1    2   1    0.98
3    1    -0.065    2    2   1    0.72
4    2    0.060    2    1   1    1.01
5    2    -0.055    1    2   1    0.66
6    2    -0.051    1    2   1    0.74
7    2    0.046    2    1   1    0.66
8    1    -0.042    2    2   1    0.88
9    1    0.037    1    1   1    1.15
10    1    -0.032    2    2   1    0.93
11    2    -0.028    1    2   1    0.99
12    1    0.023    1    1   1    0.86
13    2    -0.018    1    2   1    0.68
14    1    -0.014    2    2   1    1.03
15    1    -0.009    2    2   1    2.16
16    1    -0.005    2    2   1    2.02
17    2    -0.005    2    1   0    5.13
18    2    0.014    2    1   1    0.92
19    2    0.014    2    1   1    1.07
20    1    0.009    1    1   1    2.91
21    2    0.009    2    1   1    1.31
22    1    -0.005    2    2   1    2.17
23    1    0.005    1    1   1    3.31
24    1    0.005    1    1   1    1.12
25    2    0.005    2    1   1    1.67
26    2    -0.005    2    1   0    1.07
27    2    -0.014    1    2   1    0.93
28    2    -0.014    1    2   1    0.83
29    1    -0.009    2    2   1    3.36
30    1    -0.009    2    2   1    1.12
31    2    0.005    2    1   1    1.43
32    1    -0.005    1    1   0    5.97
33    1    -0.014    2    2   1    1.90
34    2    0.014    2    1   1    3.85
35    2    0.009    2    1   1    3.54
36    1    -0.009    1    1   0    6.53
37    2    -0.018    1    2   1    1.43
38    1    -0.018    2    2   1    1.86
39    1    0.014    1    1   1    1.12
40    1    0.014    1    1   1    0.93
41    2    0.009    2    1   1    1.63
42    2    -0.009    1    2   1    1.16
43    2    -0.005    1    2   1    0.91
44    2    0.005    2    1   1    0.81
45    1    0.005    2    2   0    2.81
46    2    -0.014    1    2   1    0.92
47    1    0.014    1    1   1    0.85
48    2    0.009    2    1   1    1.58
49    2    -0.009    1    2   1    3.44
50    1    0.005    2    2   0    2.67
-------------------------
Final staircase threshold estimate (mean) is 0.0083
-------------------------
22    1    -0.009    2    2   1    6.54
4    1    0.009    1    1   1    1.14
38    1    0.000    1    1   1    3.48
64    1    0.009    1    1   1    1.08
113    2    0.000    1    2   0    1.33
21    1    -0.023    2    2   1    1.06
32    1    -0.009    2    2   1    2.22
11    1    -0.023    2    2   1    0.74
121    2    -0.023    1    2   1    0.82
35    1    0.023    1    1   1    0.90
149    2    0.009    2    1   1    0.91
146    2    -0.023    1    2   1    0.89
69    1    0.009    2    2   0    1.02
102    2    -0.009    1    2   1    0.80
46    1    -0.023    2    2   1    0.80
124    2    0.009    2    1   1    0.82
26    1    -0.023    2    2   1    1.07
17    1    -0.009    2    2   1    1.19
115    2    0.023    2    1   1    0.93
33    1    0.000    1    1   1    2.78
130    2    0.023    2    1   1    1.11
150    2    0.023    2    1   1    0.87
39    1    0.009    2    2   0    2.04
13    1    0.000    2    2   0    0.85
55    1    0.023    1    1   1    1.04
57    1    -0.009    2    2   1    1.07
90    2    0.023    2    1   1    1.04
145    2    0.023    2    1   1    1.30
6    1    -0.023    2    2   1    0.86
43    1    0.000    2    2   0    2.20
1    1    -0.023    2    2   1    1.00
53    1    0.000    2    2   0    2.52
105    2    0.023    2    1   1    4.03
131    2    -0.023    1    2   1    1.37
140    2    0.023    2    1   1    5.91
58    1    0.000    1    1   1    1.56
132    2    -0.009    1    2   1    3.78
139    2    0.009    1    2   0    3.30
37    1    -0.009    1    1   0    1.72
93    2    0.000    1    2   0    1.99
41    1    -0.023    2    2   1    1.61
52    1    -0.009    2    2   1    1.54
137    2    -0.009    1    2   1    2.35
45    1    0.023    1    1   1    1.47
94    2    0.009    2    1   1    1.93
2    1    -0.009    2    2   1    1.64
141    2    -0.023    1    2   1    1.32
27    1    -0.009    1    1   0    1.13
87    2    -0.009    1    2   1    1.11
9    1    0.009    1    1   1    1.89
84    2    0.009    2    1   1    1.08
14    1    0.009    1    1   1    1.12
107    2    -0.009    2    1   0    0.93
36    1    -0.023    2    2   1    0.91
56    1    -0.023    2    2   1    0.79
125    2    0.023    2    1   1    1.50
68    1    0.000    2    2   0    0.74
5    1    0.023    1    1   1    0.94
114    2    0.009    1    2   0    1.35
135    2    0.023    2    1   1    1.35
30    1    0.023    2    2   0    1.76
40    1    0.023    1    1   1    3.02
59    1    0.009    2    2   0    1.26
73    1    0.000    2    2   0    1.38
88    2    0.000    2    1   1    2.61
51    1    -0.023    2    2   1    1.04
129    2    0.009    2    1   1    1.50
49    1    0.009    2    2   0    1.66
24    1    0.009    1    1   1    1.26
100    2    0.023    1    2   0    3.91
67    1    -0.009    1    1   0    1.77
120    2    0.023    2    1   1    0.93
25    1    0.023    1    1   1    1.45
7    1    -0.009    2    2   1    1.32
23    1    0.000    2    2   0    1.43
78    2    0.000    2    1   1    1.94
103    2    0.000    2    1   1    0.97
18    1    0.000    1    1   1    2.09
10    1    0.023    1    1   1    2.05
117    2    -0.009    1    2   1    1.60
86    2    -0.023    1    2   1    2.20
133    2    0.000    1    2   0    1.41
106    2    -0.023    2    1   0    0.83
143    2    0.000    1    2   0    0.79
127    2    -0.009    1    2   1    1.61
128    2    0.000    2    1   1    2.15
3    1    0.000    2    2   0    0.84
62    1    -0.009    1    1   0    1.64
47    1    -0.009    2    2   1    2.00
134    2    0.009    2    1   1    1.78
112    2    -0.009    1    2   1    2.45
65    1    0.023    1    1   1    6.92
75    2    0.023    1    2   0    0.86
144    2    0.009    2    1   1    1.85
63    1    0.000    1    1   1    0.93
80    2    0.023    1    2   0    0.83
123    2    0.000    1    2   0    2.39
98    2    0.000    1    2   0    1.58
81    2    -0.023    1    2   1    0.82
77    2    -0.009    1    2   1    2.38
147    2    -0.009    1    2   1    1.51
119    2    0.009    2    1   1    3.00
138    2    0.000    2    1   1    3.15
70    1    0.023    1    1   1    1.52
74    1    0.009    1    1   1    1.51
15    1    0.023    1    1   1    0.84
109    2    0.009    2    1   1    3.75
72    1    -0.009    2    2   1    3.63
89    2    0.009    2    1   1    2.26
42    1    -0.009    1    1   0    5.23
82    2    -0.009    2    1   0    7.48
20    1    0.023    2    2   0    3.30
85    2    0.023    1    2   0    1.80
104    2    0.009    2    1   1    4.68
29    1    0.009    1    1   1    1.25
76    2    -0.023    1    2   1    2.40
16    1    -0.023    2    2   1    8.99
96    2    -0.023    2    1   0    2.75
48    1    0.000    1    1   1    1.92
97    2    -0.009    2    1   0    2.01
108    2    0.000    1    2   0    2.62
142    2    -0.009    1    2   1    1.16
8    1    0.000    1    1   1    2.02
99    2    0.009    2    1   1    1.61
101    2    -0.023    2    1   0    2.66
83    2    0.000    1    2   0    0.94
28    1    0.000    2    2   0    0.98
126    2    -0.023    1    2   1    2.11
118    2    0.000    2    1   1    2.08
66    1    -0.023    2    2   1    1.11
136    2    -0.023    2    1   0    1.50
31    1    -0.023    2    2   1    2.55
12    1    -0.009    1    1   0    1.85
61    1    -0.023    2    2   1    2.20
111    2    -0.023    1    2   1    1.66
79    2    0.009    1    2   0    0.86
34    1    0.009    1    1   1    1.73
44    1    0.009    1    1   1    1.80
54    1    0.009    1    1   1    0.81
122    2    -0.009    2    1   0    1.75
92    2    -0.009    1    2   1    1.90
91    2    -0.023    1    2   1    3.87
148    2    0.000    2    1   1    2.20
110    2    0.023    1    2   0    3.21
71    1    -0.023    1    1   0    1.04
19    1    0.009    1    1   1    2.42
116    2    -0.023    1    2   1    2.71
50    1    0.023    1    1   1    1.94
95    2    0.023    2    1   1    3.41
60    1    0.023    1    1   1    3.13
