--------------------------------
06-Mar-2015 13:45:20 
data from observer T12 
#occlusion2 expt 
reference disparity (degrees) 0.160000 

stim order disp kresp testresp correct time
1    1    -0.074    1    1   1    2.41
2    2    -0.069    2    1   1    1.16
3    2    -0.065    2    1   1    0.81
4    2    -0.060    2    1   1    0.88
5    2    -0.055    2    1   1    0.79
6    2    -0.051    2    1   1    0.71
7    1    -0.046    1    1   1    1.55
8    1    0.042    2    2   1    0.87
9    1    -0.037    1    1   1    0.70
10    2    0.032    1    2   1    1.24
11    1    0.028    2    2   1    0.85
12    1    0.023    2    2   1    0.98
13    1    -0.018    1    1   1    1.52
14    2    0.014    1    2   1    2.05
15    1    0.009    2    2   1    0.87
16    1    0.005    2    2   1    2.45
17    1    0.005    1    1   0    3.77
18    1    -0.014    1    1   1    1.76
19    1    -0.014    1    1   1    1.83
20    2    0.009    1    2   1    2.55
21    1    -0.009    1    1   1    1.64
22    2    -0.005    2    1   1    1.49
23    1    -0.005    1    1   1    2.84
24    2    -0.005    2    1   1    3.82
25    1    -0.005    2    2   0    2.30
26    1    0.014    2    2   1    1.57
27    2    0.014    1    2   1    2.51
28    2    0.009    1    2   1    3.38
29    2    0.009    1    2   1    5.20
30    1    -0.005    1    1   1    2.85
31    1    0.005    2    2   1    0.91
32    2    -0.005    2    1   1    1.17
33    2    -0.005    2    1   1    1.87
34    2    -0.005    2    1   1    2.97
35    1    0.005    1    1   0    2.24
36    2    -0.014    2    1   1    1.78
37    1    -0.014    1    1   1    1.40
38    2    -0.009    2    1   1    1.35
39    2    0.009    1    2   1    6.07
40    1    0.005    2    2   1    0.83
41    2    0.005    1    2   1    1.22
42    1    0.005    2    2   1    0.91
43    1    -0.005    2    2   0    1.48
44    1    0.014    1    1   0    2.01
45    1    -0.023    1    1   1    1.01
46    1    -0.023    1    1   1    1.56
47    1    0.018    2    2   1    1.98
48    1    0.018    2    2   1    1.36
49    2    0.014    1    2   1    2.76
50    2    -0.014    2    1   1    0.94
-------------------------
Final staircase threshold estimate (mean) is 0.0139
-------------------------
54    1    0.014    2    2   0    2.53
55    1    0.037    2    2   0    1.23
21    1    -0.037    1    1   0    1.38
121    2    -0.037    2    1   0    2.07
114    2    0.014    1    2   0    1.87
104    2    0.014    1    2   0    2.81
58    1    0.000    2    2   0    1.30
139    2    0.014    1    2   0    4.64
118    2    0.000    2    1   1    1.34
150    2    0.037    1    2   0    1.14
142    2    -0.014    2    1   0    0.97
25    1    0.037    2    2   0    1.32
91    2    -0.037    2    1   0    1.67
34    1    0.014    2    2   0    1.80
12    1    -0.014    1    1   0    1.21
76    2    -0.037    2    1   0    0.79
137    2    -0.014    2    1   0    2.84
90    2    0.037    1    2   0    0.72
56    1    -0.037    1    1   0    0.95
125    2    0.037    1    2   0    0.92
117    2    -0.014    2    1   0    1.96
15    1    0.037    2    2   0    0.93
67    1    -0.014    1    1   0    1.49
98    2    0.000    1    2   0    2.41
132    2    -0.014    2    1   0    1.14
123    2    0.000    2    1   1    1.89
20    1    0.037    2    2   0    1.29
27    1    -0.014    1    1   0    1.20
3    1    0.000    2    2   0    1.35
35    1    0.037    2    2   0    1.46
17    1    -0.014    1    1   0    1.13
8    1    0.000    1    1   1    3.10
7    1    -0.014    1    1   0    1.76
89    2    0.014    1    2   0    1.00
106    2    -0.037    2    1   0    0.94
93    2    0.000    1    2   0    2.74
134    2    0.014    1    2   0    2.04
112    2    -0.014    2    1   0    1.63
120    2    0.037    1    2   0    1.42
30    1    0.037    2    2   0    1.16
57    1    -0.014    1    1   0    1.30
77    2    -0.014    2    1   0    0.83
63    1    0.000    2    2   0    1.39
45    1    0.037    2    2   0    1.08
145    2    0.037    1    2   0    0.78
64    1    0.014    2    2   0    1.80
66    1    -0.037    1    1   0    1.05
60    1    0.037    2    2   0    0.77
126    2    -0.037    2    1   0    0.73
6    1    -0.037    1    1   0    0.70
47    1    -0.014    1    1   0    1.20
70    1    0.037    2    2   0    1.25
99    2    0.014    1    2   0    1.36
2    1    -0.014    1    1   0    2.00
24    1    0.014    2    2   0    4.15
59    1    0.014    2    2   0    1.50
40    1    0.037    2    2   0    2.85
113    2    0.000    2    1   1    0.99
131    2    -0.037    2    1   0    1.55
10    1    0.037    2    2   0    1.78
111    2    -0.037    2    1   0    1.85
82    2    -0.014    2    1   0    1.29
78    2    0.000    1    2   0    3.64
73    1    0.000    1    1   1    2.53
86    2    -0.037    2    1   0    0.68
84    2    0.014    1    2   0    1.21
81    2    -0.037    2    1   0    0.97
74    1    0.014    2    2   0    1.33
103    2    0.000    1    2   0    1.94
88    2    0.000    1    2   0    2.64
87    2    -0.014    2    1   0    3.03
39    1    0.014    2    2   0    1.97
68    1    0.000    1    1   1    2.15
9    1    0.014    1    1   1    1.89
44    1    0.014    2    2   0    2.33
107    2    -0.014    2    1   0    1.32
29    1    0.014    2    2   0    1.34
61    1    -0.037    1    1   0    1.04
19    1    0.014    2    2   0    3.89
143    2    0.000    1    2   0    3.93
48    1    0.000    1    1   1    1.01
5    1    0.037    2    2   0    1.00
128    2    0.000    2    1   1    2.57
26    1    -0.037    1    1   0    0.80
79    2    0.014    1    2   0    1.70
110    2    0.037    1    2   0    1.49
127    2    -0.014    2    1   0    2.47
147    2    -0.014    1    2   1    4.58
18    1    0.000    1    1   1    5.36
109    2    0.014    1    2   0    1.90
115    2    0.037    1    2   0    0.84
41    1    -0.037    1    1   0    1.21
105    2    0.037    1    2   0    1.91
72    1    -0.014    1    1   0    1.97
101    2    -0.037    2    1   0    0.94
130    2    0.037    1    2   0    1.12
135    2    0.037    1    2   0    1.58
129    2    0.014    1    2   0    1.26
43    1    0.000    2    2   0    5.95
14    1    0.014    2    2   0    1.18
71    1    -0.037    1    1   0    0.94
37    1    -0.014    1    1   0    1.75
1    1    -0.037    1    1   0    0.72
46    1    -0.037    1    1   0    1.40
95    2    0.037    1    2   0    1.94
108    2    0.000    2    1   1    3.22
28    1    0.000    1    1   1    1.60
36    1    -0.037    1    1   0    1.59
11    1    -0.037    1    1   0    1.07
83    2    0.000    2    1   1    4.24
133    2    0.000    2    1   1    4.26
32    1    -0.014    1    1   0    1.83
23    1    0.000    1    1   1    5.41
22    1    -0.014    1    1   0    1.37
38    1    0.000    2    2   0    3.26
148    2    0.000    1    2   0    1.82
149    2    0.014    2    1   1    3.41
146    2    -0.037    2    1   0    1.37
122    2    -0.014    2    1   0    2.13
53    1    0.000    1    1   1    2.48
140    2    0.037    1    2   0    1.50
141    2    -0.037    2    1   0    0.92
50    1    0.037    2    2   0    1.21
13    1    0.000    1    1   1    4.60
42    1    -0.014    1    1   0    3.52
4    1    0.014    2    2   0    1.23
69    1    0.014    2    2   0    2.93
136    2    -0.037    2    1   0    0.80
16    1    -0.037    1    1   0    0.96
65    1    0.037    2    2   0    0.74
85    2    0.037    1    2   0    0.87
94    2    0.014    1    2   0    1.06
96    2    -0.037    2    1   0    0.79
80    2    0.037    1    2   0    0.95
124    2    0.014    1    2   0    1.29
119    2    0.014    1    2   0    2.18
33    1    0.000    2    2   0    1.25
49    1    0.014    2    2   0    1.13
92    2    -0.014    2    1   0    1.60
102    2    -0.014    2    1   0    0.79
51    1    -0.037    1    1   0    0.98
31    1    -0.037    1    1   0    0.89
62    1    -0.014    1    1   0    1.88
97    2    -0.014    2    1   0    0.77
52    1    -0.014    1    1   0    1.66
144    2    0.014    1    2   0    1.48
75    2    0.037    1    2   0    0.84
116    2    -0.037    2    1   0    0.83
138    2    0.000    2    1   1    0.90
100    2    0.037    1    2   0    0.95
