--------------------------------
06-Mar-2015 14:55:23 
data from observer T12 
#occlusion2 expt 
reference disparity (degrees) 0.160000 

stim order disp kresp testresp correct time
1    2    -0.074    1    2   1    2.92
2    1    -0.069    2    2   1    1.40
3    1    0.065    1    1   1    0.73
4    1    0.060    1    1   1    1.02
5    1    -0.055    2    2   1    0.95
6    2    0.051    2    1   1    0.95
7    2    -0.046    1    2   1    0.96
8    2    -0.042    1    2   1    0.99
9    2    -0.037    1    2   1    0.94
10    1    -0.032    2    2   1    0.82
11    2    -0.028    1    2   1    0.98
12    1    -0.023    2    2   1    0.66
13    2    -0.018    1    2   1    1.92
14    1    0.014    1    1   1    2.19
15    1    0.009    2    2   0    2.03
16    2    -0.018    1    2   1    1.67
17    1    0.018    1    1   1    1.32
18    1    -0.014    2    2   1    0.74
19    1    0.014    1    1   1    1.82
20    1    -0.009    2    2   1    0.72
21    2    -0.009    2    1   0    1.93
22    1    0.018    2    2   0    0.96
23    2    -0.028    1    2   1    1.61
24    1    -0.028    2    2   1    0.64
25    2    -0.023    1    2   1    1.50
26    2    -0.023    1    2   1    1.62
27    1    -0.018    2    2   1    0.91
28    1    0.018    1    1   1    2.06
29    2    -0.014    1    2   1    1.48
30    2    -0.014    1    2   1    1.90
31    1    0.009    2    2   0    1.34
32    2    0.018    2    1   1    0.83
33    2    0.018    2    1   1    0.94
34    2    0.014    2    1   1    0.86
35    2    -0.014    1    2   1    2.50
36    1    0.009    1    1   1    1.24
37    1    0.009    2    2   0    1.21
38    2    0.018    2    1   1    0.87
39    2    -0.018    1    2   1    2.83
40    2    -0.014    1    2   1    2.20
41    2    -0.014    1    2   1    1.09
42    2    0.009    2    1   1    1.52
43    1    -0.009    2    2   1    0.84
44    2    0.005    2    1   1    1.80
45    2    -0.005    1    2   1    2.06
46    2    -0.005    2    1   0    2.83
47    2    0.014    2    1   1    0.78
48    1    -0.014    2    2   1    0.72
49    2    -0.009    1    2   1    3.58
50    2    0.009    2    1   1    0.85
-------------------------
Final staircase threshold estimate (mean) is 0.0092
-------------------------
107    2    -0.009    1    2   1    4.19
117    2    -0.009    1    2   1    2.98
121    2    -0.023    1    2   1    0.71
10    1    0.023    1    1   1    0.81
149    2    0.009    2    1   1    1.20
93    2    0.000    2    1   1    0.87
20    1    0.023    1    1   1    1.02
15    1    0.023    1    1   1    0.90
58    1    0.000    2    2   0    0.93
29    1    0.009    2    2   0    0.90
59    1    0.009    2    2   0    1.47
4    1    0.009    2    2   0    1.68
118    2    0.000    2    1   1    2.45
39    1    0.009    1    1   1    2.09
144    2    0.009    2    1   1    1.10
41    1    -0.023    2    2   1    0.88
90    2    0.023    2    1   1    0.70
56    1    -0.023    2    2   1    0.68
85    2    0.023    2    1   1    0.73
57    1    -0.009    2    2   1    1.32
97    2    -0.009    1    2   1    1.11
42    1    -0.009    2    2   1    0.76
122    2    -0.009    1    2   1    1.38
46    1    -0.023    2    2   1    0.71
92    2    -0.009    1    2   1    0.65
40    1    0.023    1    1   1    0.68
79    2    0.009    2    1   1    0.68
143    2    0.000    1    2   0    3.48
32    1    -0.009    2    2   1    0.71
91    2    -0.023    1    2   1    0.69
11    1    -0.023    2    2   1    0.90
6    1    -0.023    2    2   1    0.84
54    1    0.009    1    1   1    1.51
33    1    0.000    2    2   0    2.11
5    1    0.023    1    1   1    1.28
95    2    0.023    2    1   1    0.79
101    2    -0.023    1    2   1    0.71
69    1    0.009    1    1   1    1.31
94    2    0.009    2    1   1    0.84
1    1    -0.023    2    2   1    0.80
137    2    -0.009    1    2   1    1.99
116    2    -0.023    1    2   1    0.85
82    2    -0.009    1    2   1    0.69
145    2    0.023    2    1   1    1.04
51    1    -0.023    2    2   1    0.75
120    2    0.023    2    1   1    0.69
21    1    -0.023    2    2   1    0.98
141    2    -0.023    1    2   1    0.92
114    2    0.009    2    1   1    1.74
74    1    0.009    1    1   1    1.45
119    2    0.009    2    1   1    2.70
142    2    -0.009    1    2   1    1.33
14    1    0.009    1    1   1    1.25
146    2    -0.023    1    2   1    1.16
96    2    -0.023    1    2   1    0.93
102    2    -0.009    2    1   0    2.01
45    1    0.023    1    1   1    0.73
24    1    0.009    1    1   1    1.87
13    1    0.000    2    2   0    2.61
133    2    0.000    1    2   0    1.48
100    2    0.023    2    1   1    0.66
47    1    -0.009    2    2   1    0.93
103    2    0.000    2    1   1    1.32
49    1    0.009    1    1   1    1.34
17    1    -0.009    2    2   1    0.79
61    1    -0.023    2    2   1    0.86
88    2    0.000    2    1   1    1.15
123    2    0.000    1    2   0    3.18
127    2    -0.009    1    2   1    1.25
131    2    -0.023    1    2   1    0.91
84    2    0.009    2    1   1    1.07
12    1    -0.009    2    2   1    0.74
55    1    0.023    1    1   1    0.74
105    2    0.023    2    1   1    0.67
75    2    0.023    2    1   1    0.83
99    2    0.009    2    1   1    0.85
111    2    -0.023    1    2   1    0.73
147    2    -0.009    1    2   1    4.01
86    2    -0.023    1    2   1    0.63
19    1    0.009    1    1   1    2.23
135    2    0.023    2    1   1    0.89
31    1    -0.023    2    2   1    1.39
26    1    -0.023    2    2   1    0.70
77    2    -0.009    1    2   1    1.43
38    1    0.000    1    1   1    2.01
36    1    -0.023    2    2   1    0.63
108    2    0.000    2    1   1    1.26
89    2    0.009    2    1   1    0.78
35    1    0.023    1    1   1    1.33
139    2    0.009    2    1   1    0.71
134    2    0.009    2    1   1    0.77
106    2    -0.023    1    2   1    0.68
25    1    0.023    1    1   1    0.89
7    1    -0.009    1    1   0    1.84
60    1    0.023    1    1   1    0.65
83    2    0.000    1    2   0    1.08
62    1    -0.009    2    2   1    1.16
44    1    0.009    1    1   1    0.96
52    1    -0.009    1    1   0    0.79
140    2    0.023    2    1   1    0.66
110    2    0.023    2    1   1    0.68
138    2    0.000    2    1   1    0.71
43    1    0.000    2    2   0    0.66
18    1    0.000    2    2   0    0.95
125    2    0.023    2    1   1    0.78
71    1    -0.023    2    2   1    0.59
34    1    0.009    1    1   1    1.45
150    2    0.023    2    1   1    0.91
126    2    -0.023    1    2   1    0.83
2    1    -0.009    2    2   1    1.47
70    1    0.023    1    1   1    0.98
8    1    0.000    1    1   1    2.04
68    1    0.000    1    1   1    0.69
73    1    0.000    1    1   1    0.90
81    2    -0.023    1    2   1    1.02
50    1    0.023    1    1   1    0.70
16    1    -0.023    1    1   0    0.69
64    1    0.009    1    1   1    1.76
124    2    0.009    2    1   1    1.05
76    2    -0.023    1    2   1    1.51
72    1    -0.009    2    2   1    0.61
109    2    0.009    2    1   1    0.92
3    1    0.000    2    2   0    0.68
66    1    -0.023    2    2   1    0.64
115    2    0.023    2    1   1    0.69
48    1    0.000    1    1   1    1.64
112    2    -0.009    1    2   1    0.96
27    1    -0.009    2    2   1    1.17
9    1    0.009    1    1   1    0.86
136    2    -0.023    1    2   1    0.91
63    1    0.000    2    2   0    1.53
53    1    0.000    2    2   0    0.71
30    1    0.023    1    1   1    0.54
132    2    -0.009    2    1   0    1.12
80    2    0.023    2    1   1    0.78
128    2    0.000    2    1   1    0.67
104    2    0.009    2    1   1    0.85
23    1    0.000    2    2   0    1.41
130    2    0.023    2    1   1    0.68
67    1    -0.009    2    2   1    1.23
78    2    0.000    2    1   1    1.06
28    1    0.000    2    2   0    0.68
113    2    0.000    1    2   0    1.12
22    1    -0.009    2    2   1    0.77
37    1    -0.009    2    2   1    3.27
87    2    -0.009    1    2   1    1.68
65    1    0.023    1    1   1    1.05
129    2    0.009    2    1   1    1.45
148    2    0.000    2    1   1    0.91
98    2    0.000    2    1   1    2.18
