--------------------------------
06-Mar-2015 13:56:47 
data from observer T12 
#occlusion2 expt 
reference disparity (degrees) 0.160000 

stim order disp kresp testresp correct time
1    2    -0.074    2    1   1    4.77
2    2    0.069    1    2   1    1.29
3    2    -0.065    2    1   1    0.61
4    1    -0.060    1    1   1    0.73
5    1    -0.055    1    1   1    0.97
6    2    0.051    1    2   1    1.16
7    1    0.046    2    2   1    1.11
8    1    -0.042    1    1   1    1.06
9    2    0.037    1    2   1    1.13
10    2    0.032    1    2   1    0.62
11    2    0.028    1    2   1    1.94
12    1    0.023    2    2   1    0.79
13    2    -0.018    2    1   1    0.76
14    1    -0.014    1    1   1    2.01
15    1    -0.009    2    2   0    1.76
16    2    0.018    2    1   0    0.77
17    1    0.028    2    2   1    0.72
18    1    -0.028    1    1   1    0.65
19    1    0.023    2    2   1    1.13
20    2    -0.023    2    1   1    1.11
21    2    0.018    1    2   1    1.73
22    1    -0.018    1    1   1    1.03
23    2    -0.014    2    1   1    1.12
24    2    0.014    1    2   1    1.74
25    2    -0.009    2    1   1    2.49
26    2    0.009    1    2   1    1.87
27    2    -0.005    2    1   1    1.49
28    1    0.005    2    2   1    2.90
29    2    -0.005    2    1   1    2.15
30    1    -0.005    1    1   1    1.57
31    2    0.005    2    1   0    1.16
32    2    -0.014    2    1   1    1.33
33    1    0.014    2    2   1    1.44
34    2    0.009    1    2   1    2.08
35    2    -0.009    2    1   1    2.23
36    1    -0.005    1    1   1    2.62
37    2    -0.005    2    1   1    2.24
38    2    0.005    1    2   1    2.80
39    2    0.005    2    1   0    3.17
40    2    -0.014    2    1   1    1.04
41    2    -0.014    2    1   1    1.48
42    2    -0.009    2    1   1    0.94
43    2    0.009    1    2   1    3.88
44    1    0.005    2    2   1    0.87
45    2    -0.005    2    1   1    2.14
46    2    0.005    1    2   1    2.79
47    2    0.005    2    1   0    2.11
48    2    -0.014    2    1   1    1.77
49    2    -0.014    2    1   1    2.44
50    2    0.009    1    2   1    1.12
-------------------------
Final staircase threshold estimate (mean) is 0.0088
-------------------------
110    2    0.023    1    2   0    3.06
146    2    -0.023    2    1   0    0.81
92    2    -0.009    2    1   0    0.99
24    1    0.009    2    2   0    0.78
148    2    0.000    2    1   1    1.32
103    2    0.000    2    1   1    3.78
11    1    -0.023    1    1   0    1.45
38    1    0.000    2    2   0    2.38
129    2    0.009    1    2   0    2.33
65    1    0.023    2    2   0    0.80
90    2    0.023    1    2   0    2.40
44    1    0.009    2    2   0    2.04
41    1    -0.023    1    1   0    1.14
15    1    0.023    2    2   0    1.33
32    1    -0.009    1    1   0    2.19
108    2    0.000    2    1   1    1.38
114    2    0.009    1    2   0    2.79
137    2    -0.009    2    1   0    1.17
143    2    0.000    1    2   0    1.93
116    2    -0.023    2    1   0    0.90
2    1    -0.009    1    1   0    1.47
74    1    0.009    2    2   0    4.16
127    2    -0.009    2    1   0    3.49
95    2    0.023    1    2   0    1.43
142    2    -0.009    2    1   0    1.00
5    1    0.023    2    2   0    1.63
94    2    0.009    1    2   0    3.14
125    2    0.023    1    2   0    0.81
96    2    -0.023    2    1   0    0.76
141    2    -0.023    2    1   0    0.77
23    1    0.000    1    1   1    1.84
144    2    0.009    1    2   0    2.48
64    1    0.009    2    2   0    1.08
98    2    0.000    2    1   1    1.13
45    1    0.023    2    2   0    1.04
88    2    0.000    2    1   1    1.82
19    1    0.009    2    2   0    2.18
9    1    0.009    2    2   0    2.97
47    1    -0.009    1    1   0    0.90
135    2    0.023    1    2   0    1.47
140    2    0.023    1    2   0    0.70
26    1    -0.023    1    1   0    0.62
46    1    -0.023    1    1   0    1.10
21    1    -0.023    1    1   0    1.04
66    1    -0.023    1    1   0    1.18
22    1    -0.009    1    1   0    2.30
150    2    0.023    1    2   0    1.00
99    2    0.009    2    1   1    1.03
109    2    0.009    1    2   0    0.91
6    1    -0.023    1    1   0    0.70
58    1    0.000    2    2   0    2.25
130    2    0.023    1    2   0    0.97
79    2    0.009    1    2   0    1.69
115    2    0.023    1    2   0    1.17
20    1    0.023    2    2   0    1.14
77    2    -0.009    2    1   0    0.90
3    1    0.000    2    2   0    1.10
81    2    -0.023    2    1   0    0.83
43    1    0.000    2    2   0    1.32
14    1    0.009    2    2   0    0.99
13    1    0.000    2    2   0    1.29
16    1    -0.023    1    1   0    1.25
36    1    -0.023    1    1   0    1.45
12    1    -0.009    1    1   0    3.22
70    1    0.023    2    2   0    0.65
75    2    0.023    1    2   0    1.28
104    2    0.009    2    1   1    2.62
60    1    0.023    2    2   0    0.94
25    1    0.023    2    2   0    0.80
69    1    0.009    2    2   0    2.40
91    2    -0.023    2    1   0    0.88
132    2    -0.009    2    1   0    1.30
78    2    0.000    2    1   1    2.30
83    2    0.000    2    1   1    3.22
117    2    -0.009    2    1   0    1.30
101    2    -0.023    2    1   0    0.93
76    2    -0.023    2    1   0    0.69
1    1    -0.023    1    1   0    1.10
86    2    -0.023    2    1   0    0.94
28    1    0.000    2    2   0    1.18
134    2    0.009    1    2   0    2.39
50    1    0.023    2    2   0    0.95
51    1    -0.023    1    1   0    1.49
68    1    0.000    1    1   1    1.77
106    2    -0.023    2    1   0    1.02
57    1    -0.009    1    1   0    2.32
105    2    0.023    1    2   0    0.74
126    2    -0.023    2    1   0    0.76
131    2    -0.023    2    1   0    1.01
31    1    -0.023    1    1   0    1.29
34    1    0.009    2    2   0    1.06
55    1    0.023    2    2   0    1.15
61    1    -0.023    1    1   0    1.17
37    1    -0.009    1    1   0    1.24
17    1    -0.009    2    2   1    1.81
124    2    0.009    1    2   0    0.84
52    1    -0.009    2    2   1    1.08
119    2    0.009    2    1   1    0.73
139    2    0.009    2    1   1    1.45
54    1    0.009    2    2   0    1.33
121    2    -0.023    2    1   0    1.02
40    1    0.023    2    2   0    0.91
72    1    -0.009    1    1   0    2.05
73    1    0.000    2    2   0    5.52
138    2    0.000    1    2   0    2.01
63    1    0.000    1    1   1    1.67
120    2    0.023    1    2   0    1.31
97    2    -0.009    2    1   0    0.88
42    1    -0.009    1    1   0    2.03
48    1    0.000    1    1   1    1.96
136    2    -0.023    2    1   0    0.88
82    2    -0.009    2    1   0    1.16
62    1    -0.009    1    1   0    2.10
84    2    0.009    1    2   0    2.74
122    2    -0.009    2    1   0    2.45
113    2    0.000    2    1   1    1.54
49    1    0.009    2    2   0    1.99
112    2    -0.009    2    1   0    1.99
100    2    0.023    1    2   0    1.35
71    1    -0.023    1    1   0    1.47
80    2    0.023    1    2   0    2.12
133    2    0.000    1    2   0    1.23
8    1    0.000    2    2   0    1.68
93    2    0.000    1    2   0    2.40
118    2    0.000    2    1   1    1.01
4    1    0.009    2    2   0    1.04
107    2    -0.009    2    1   0    1.06
123    2    0.000    2    1   1    1.02
67    1    -0.009    1    1   0    0.93
27    1    -0.009    1    1   0    1.74
89    2    0.009    2    1   1    1.50
35    1    0.023    2    2   0    0.93
87    2    -0.009    2    1   0    1.33
128    2    0.000    2    1   1    2.70
56    1    -0.023    1    1   0    0.93
102    2    -0.009    2    1   0    0.81
29    1    0.009    2    2   0    0.92
39    1    0.009    2    2   0    1.13
33    1    0.000    2    2   0    1.34
85    2    0.023    1    2   0    0.96
111    2    -0.023    2    1   0    2.32
145    2    0.023    1    2   0    1.39
59    1    0.009    2    2   0    1.77
147    2    -0.009    1    2   1    1.08
7    1    -0.009    1    1   0    0.71
149    2    0.009    1    2   0    0.98
30    1    0.023    2    2   0    0.82
53    1    0.000    1    1   1    1.75
18    1    0.000    2    2   0    1.18
10    1    0.023    2    2   0    0.89
