--------------------------------
11-Mar-2015 18:18:54 
data from observer T13 
#occlusion2 expt 
reference disparity (degrees) 0.160000 

stim order disp kresp testresp correct time
1    1    -0.074    2    2   1    1.91
2    1    0.069    1    1   1    0.75
3    1    0.065    1    1   1    0.80
4    2    -0.060    1    2   1    0.79
5    2    -0.055    1    2   1    0.77
6    2    0.051    2    1   1    0.55
7    1    0.046    1    1   1    0.79
8    1    -0.042    2    2   1    0.92
9    2    -0.037    1    2   1    0.68
10    2    0.032    2    1   1    0.55
11    1    -0.028    2    2   1    0.49
12    1    0.023    1    1   1    0.71
13    1    0.018    1    1   1    1.13
14    2    0.014    2    1   1    0.56
15    1    -0.009    2    2   1    0.74
16    1    0.005    2    2   0    1.80
17    2    0.014    2    1   1    0.57
18    1    -0.014    2    2   1    0.62
19    2    -0.009    1    2   1    0.76
20    1    -0.009    2    2   1    0.62
21    2    -0.005    1    2   1    1.17
22    2    0.005    2    1   1    1.42
23    2    0.005    2    1   1    1.84
24    1    -0.005    1    1   0    2.36
25    1    0.014    1    1   1    0.64
26    2    -0.014    1    2   1    0.64
27    2    0.009    2    1   1    0.52
28    2    0.009    2    1   1    0.55
29    1    0.005    1    1   1    0.88
30    2    0.005    2    1   1    1.39
31    2    0.005    2    1   1    1.38
32    1    0.005    1    1   1    0.92
33    2    -0.005    1    2   1    0.96
34    1    -0.005    2    2   1    1.77
35    1    -0.005    2    2   1    1.18
36    2    -0.005    1    2   1    0.75
37    1    -0.005    2    2   1    0.68
38    1    -0.005    2    2   1    0.60
39    1    -0.005    1    1   0    2.55
40    1    -0.014    2    2   1    0.54
41    2    -0.014    1    2   1    0.61
42    2    0.009    2    1   1    1.49
43    1    -0.009    2    2   1    1.31
44    2    -0.005    1    2   1    1.56
45    2    -0.005    1    2   1    1.16
46    2    0.005    2    1   1    2.29
47    1    -0.005    2    2   1    2.75
48    1    -0.005    2    2   1    2.48
49    2    0.005    2    1   1    1.02
50    1    -0.005    1    1   0    1.76
-------------------------
Final staircase threshold estimate (mean) is 0.0065
-------------------------
20    1    0.018    1    1   1    1.91
58    1    0.000    1    1   1    1.00
26    1    -0.014    2    2   1    0.65
138    2    0.000    2    1   1    1.72
139    2    0.005    2    1   1    2.34
30    1    0.018    1    1   1    0.65
40    1    0.018    1    1   1    0.60
93    2    0.000    1    2   0    1.90
119    2    0.005    2    1   1    0.57
64    1    0.005    1    1   1    0.69
115    2    0.018    2    1   1    0.58
90    2    0.018    2    1   1    0.56
79    2    0.005    2    1   1    0.66
56    1    -0.014    2    2   1    0.59
13    1    0.000    1    1   1    1.97
104    2    0.005    2    1   1    0.64
103    2    0.000    1    2   0    0.59
39    1    0.005    1    1   1    0.73
10    1    0.018    1    1   1    0.59
54    1    0.005    1    1   1    0.64
130    2    0.018    2    1   1    0.63
134    2    0.005    2    1   1    1.88
14    1    0.005    1    1   1    1.47
51    1    -0.014    2    2   1    0.63
133    2    0.000    1    2   0    1.24
78    2    0.000    2    1   1    2.16
45    1    0.018    1    1   1    0.76
123    2    0.000    2    1   1    1.95
46    1    -0.014    2    2   1    0.57
15    1    0.018    1    1   1    1.17
128    2    0.000    1    2   0    2.11
67    1    -0.005    1    1   0    1.37
85    2    0.018    2    1   1    0.52
61    1    -0.014    2    2   1    0.50
74    1    0.005    1    1   1    0.77
80    2    0.018    2    1   1    0.79
114    2    0.005    2    1   1    0.63
19    1    0.005    1    1   1    2.55
105    2    0.018    2    1   1    0.88
50    1    0.018    1    1   1    0.96
72    1    -0.005    2    2   1    2.58
22    1    -0.005    1    1   0    0.62
42    1    -0.005    2    2   1    1.13
121    2    -0.014    1    2   1    0.63
3    1    0.000    1    1   1    2.20
110    2    0.018    2    1   1    0.56
109    2    0.005    2    1   1    0.58
100    2    0.018    2    1   1    0.58
129    2    0.005    2    1   1    0.59
91    2    -0.014    1    2   1    0.91
148    2    0.000    1    2   0    1.50
47    1    -0.005    2    2   1    1.02
12    1    -0.005    1    1   0    1.05
144    2    0.005    1    2   0    0.93
37    1    -0.005    1    1   0    0.72
53    1    0.000    1    1   1    0.97
142    2    -0.005    1    2   1    0.78
49    1    0.005    1    1   1    2.96
25    1    0.018    1    1   1    0.52
125    2    0.018    2    1   1    0.57
52    1    -0.005    2    2   1    2.90
88    2    0.000    1    2   0    0.72
17    1    -0.005    1    1   0    1.52
55    1    0.018    1    1   1    0.57
2    1    -0.005    1    1   0    2.60
124    2    0.005    1    2   0    0.51
62    1    -0.005    1    1   0    0.73
31    1    -0.014    2    2   1    1.96
141    2    -0.014    1    2   1    0.70
101    2    -0.014    1    2   1    0.70
135    2    0.018    2    1   1    0.57
65    1    0.018    1    1   1    0.52
4    1    0.005    1    1   1    0.66
11    1    -0.014    2    2   1    0.51
71    1    -0.014    2    2   1    0.56
92    2    -0.005    1    2   1    0.81
106    2    -0.014    1    2   1    0.51
96    2    -0.014    1    2   1    0.57
21    1    -0.014    2    2   1    0.61
145    2    0.018    2    1   1    0.62
1    1    -0.014    2    2   1    0.51
137    2    -0.005    1    2   1    0.69
95    2    0.018    2    1   1    0.45
63    1    0.000    2    2   0    0.56
132    2    -0.005    1    2   1    0.83
59    1    0.005    1    1   1    0.82
86    2    -0.014    1    2   1    0.53
7    1    -0.005    2    2   1    0.73
38    1    0.000    2    2   0    1.08
32    1    -0.005    2    2   1    2.24
120    2    0.018    2    1   1    0.53
117    2    -0.005    1    2   1    0.72
43    1    0.000    1    1   1    0.55
77    2    -0.005    1    2   1    0.65
57    1    -0.005    2    2   1    0.52
76    2    -0.014    1    2   1    0.53
113    2    0.000    1    2   0    1.06
66    1    -0.014    2    2   1    0.55
9    1    0.005    1    1   1    0.58
35    1    0.018    1    1   1    0.53
149    2    0.005    2    1   1    0.57
27    1    -0.005    2    2   1    0.60
131    2    -0.014    1    2   1    0.41
16    1    -0.014    2    2   1    0.53
127    2    -0.005    1    2   1    0.60
33    1    0.000    1    1   1    0.94
18    1    0.000    1    1   1    0.50
83    2    0.000    2    1   1    0.89
108    2    0.000    1    2   0    0.71
146    2    -0.014    1    2   1    0.48
34    1    0.005    1    1   1    0.93
84    2    0.005    1    2   0    0.96
94    2    0.005    2    1   1    2.57
36    1    -0.014    2    2   1    0.58
73    1    0.000    1    1   1    0.66
8    1    0.000    2    2   0    1.38
102    2    -0.005    1    2   1    0.62
5    1    0.018    1    1   1    0.54
6    1    -0.014    2    2   1    0.94
99    2    0.005    2    1   1    0.62
143    2    0.000    1    2   0    0.65
60    1    0.018    1    1   1    0.54
140    2    0.018    2    1   1    0.59
87    2    -0.005    1    2   1    0.52
126    2    -0.014    1    2   1    0.54
122    2    -0.005    1    2   1    0.95
97    2    -0.005    1    2   1    0.60
68    1    0.000    1    1   1    0.60
28    1    0.000    1    1   1    0.68
116    2    -0.014    1    2   1    0.55
70    1    0.018    1    1   1    0.53
111    2    -0.014    1    2   1    0.56
81    2    -0.014    1    2   1    1.10
98    2    0.000    1    2   0    2.58
147    2    -0.005    1    2   1    0.52
24    1    0.005    1    1   1    0.58
136    2    -0.014    1    2   1    0.67
82    2    -0.005    2    1   0    1.80
112    2    -0.005    1    2   1    1.17
48    1    0.000    2    2   0    1.86
23    1    0.000    1    1   1    0.78
118    2    0.000    1    2   0    0.97
75    2    0.018    2    1   1    0.54
44    1    0.005    1    1   1    0.82
69    1    0.005    1    1   1    0.82
29    1    0.005    1    1   1    2.07
107    2    -0.005    1    2   1    0.62
150    2    0.018    2    1   1    0.66
41    1    -0.014    2    2   1    0.47
89    2    0.005    2    1   1    0.58
