--------------------------------
11-Mar-2015 18:32:01 
data from observer T13 
#occlusion2 expt 
reference disparity (degrees) 0.160000 

stim order disp kresp testresp correct time
1    2    0.074    2    1   1    4.69
2    2    -0.069    1    2   1    2.80
3    2    -0.065    1    2   1    1.25
4    2    -0.060    1    2   1    1.42
5    1    -0.055    2    2   1    1.06
6    1    0.051    1    1   1    1.44
7    2    -0.046    1    2   1    1.50
8    2    0.042    2    1   1    0.49
9    1    0.037    1    1   1    0.71
10    1    0.032    1    1   1    0.64
11    2    0.028    2    1   1    0.77
12    2    -0.023    1    2   1    0.93
13    1    -0.018    2    2   1    1.60
14    2    -0.014    1    2   1    0.59
15    2    0.009    2    1   1    2.47
16    1    -0.005    1    1   0    1.15
17    1    0.014    1    1   1    1.89
18    1    0.014    1    1   1    3.68
19    1    -0.009    1    1   0    1.85
20    2    0.018    2    1   1    1.68
21    2    0.018    2    1   1    1.01
22    2    0.014    2    1   1    2.16
23    1    -0.014    2    2   1    0.91
24    1    0.009    1    1   1    0.58
25    1    -0.009    1    1   0    1.12
26    1    0.018    1    1   1    1.53
27    2    -0.018    1    2   1    0.59
28    2    0.014    2    1   1    0.70
29    1    0.014    1    1   1    1.65
30    2    -0.009    1    2   1    1.12
31    2    0.009    1    2   0    0.80
32    1    0.018    1    1   1    0.58
33    2    -0.018    1    2   1    0.68
34    1    -0.014    1    1   0    1.40
35    1    -0.023    2    2   1    0.83
36    2    0.023    2    1   1    0.55
37    2    -0.018    1    2   1    0.86
38    1    0.018    1    1   1    0.58
39    2    0.014    2    1   1    1.26
40    1    0.014    1    1   1    1.11
41    1    0.009    1    1   1    0.99
42    1    -0.009    2    2   1    2.21
43    1    -0.005    1    1   0    2.41
44    1    0.014    1    1   1    1.22
45    2    -0.014    1    2   1    0.54
46    2    0.009    2    1   1    2.34
47    1    -0.009    2    2   1    1.06
48    1    -0.005    2    2   1    1.99
49    1    0.005    1    1   1    3.07
50    1    0.005    1    1   1    2.50
-------------------------
Final staircase threshold estimate (mean) is 0.0083
-------------------------
95    2    0.023    2    1   1    3.85
140    2    0.023    2    1   1    0.66
146    2    -0.023    1    2   1    1.25
70    1    0.023    1    1   1    1.24
64    1    0.009    1    1   1    1.93
113    2    0.000    1    2   0    1.39
108    2    0.000    1    2   0    0.86
28    1    0.000    2    2   0    2.16
110    2    0.023    2    1   1    0.82
22    1    -0.009    2    2   1    1.06
1    1    -0.023    2    2   1    1.32
78    2    0.000    2    1   1    1.75
46    1    -0.023    1    1   0    0.71
114    2    0.009    2    1   1    1.33
42    1    -0.009    2    2   1    3.32
10    1    0.023    1    1   1    0.62
17    1    -0.009    2    2   1    0.73
79    2    0.009    2    1   1    1.23
39    1    0.009    1    1   1    0.64
32    1    -0.009    2    2   1    1.52
139    2    0.009    1    2   0    2.71
83    2    0.000    1    2   0    1.09
126    2    -0.023    1    2   1    0.55
89    2    0.009    2    1   1    0.61
49    1    0.009    1    1   1    2.68
27    1    -0.009    2    2   1    2.14
96    2    -0.023    1    2   1    0.81
120    2    0.023    2    1   1    2.51
119    2    0.009    2    1   1    1.36
141    2    -0.023    1    2   1    1.24
20    1    0.023    1    1   1    0.62
138    2    0.000    1    2   0    2.97
91    2    -0.023    1    2   1    0.63
62    1    -0.009    2    2   1    1.36
150    2    0.023    2    1   1    0.57
133    2    0.000    1    2   0    0.83
47    1    -0.009    2    2   1    3.04
97    2    -0.009    1    2   1    0.69
101    2    -0.023    1    2   1    0.57
88    2    0.000    1    2   0    0.72
31    1    -0.023    2    2   1    0.68
55    1    0.023    1    1   1    1.55
145    2    0.023    2    1   1    0.61
100    2    0.023    2    1   1    3.15
122    2    -0.009    1    2   1    0.73
56    1    -0.023    2    2   1    0.53
11    1    -0.023    2    2   1    0.83
65    1    0.023    1    1   1    0.62
74    1    0.009    1    1   1    1.11
67    1    -0.009    2    2   1    3.13
121    2    -0.023    1    2   1    0.69
9    1    0.009    1    1   1    0.54
118    2    0.000    2    1   1    0.79
84    2    0.009    2    1   1    1.85
117    2    -0.009    1    2   1    0.68
4    1    0.009    1    1   1    1.75
33    1    0.000    2    2   0    3.36
86    2    -0.023    1    2   1    0.90
54    1    0.009    1    1   1    0.96
51    1    -0.023    2    2   1    0.66
144    2    0.009    2    1   1    1.04
8    1    0.000    1    1   1    0.57
94    2    0.009    2    1   1    0.65
111    2    -0.023    1    2   1    1.31
102    2    -0.009    1    2   1    0.91
26    1    -0.023    2    2   1    0.55
59    1    0.009    1    1   1    0.61
149    2    0.009    2    1   1    0.62
69    1    0.009    1    1   1    0.76
60    1    0.023    1    1   1    0.81
58    1    0.000    1    1   1    3.49
13    1    0.000    2    2   0    3.03
18    1    0.000    1    1   1    0.72
125    2    0.023    2    1   1    0.67
112    2    -0.009    1    2   1    0.79
41    1    -0.023    2    2   1    2.78
124    2    0.009    2    1   1    2.76
75    2    0.023    2    1   1    1.20
44    1    0.009    1    1   1    1.34
136    2    -0.023    1    2   1    1.87
25    1    0.023    1    1   1    0.57
105    2    0.023    2    1   1    0.58
143    2    0.000    1    2   0    0.95
15    1    0.023    1    1   1    0.57
116    2    -0.023    1    2   1    0.66
142    2    -0.009    1    2   1    1.02
12    1    -0.009    2    2   1    1.16
109    2    0.009    2    1   1    1.00
23    1    0.000    1    1   1    2.86
19    1    0.009    1    1   1    0.88
71    1    -0.023    2    2   1    0.59
99    2    0.009    2    1   1    0.98
72    1    -0.009    2    2   1    2.65
21    1    -0.023    2    2   1    0.61
68    1    0.000    2    2   0    0.73
7    1    -0.009    2    2   1    0.68
134    2    0.009    2    1   1    0.67
106    2    -0.023    1    2   1    1.55
148    2    0.000    2    1   1    0.81
50    1    0.023    1    1   1    0.61
14    1    0.009    1    1   1    0.62
40    1    0.023    1    1   1    0.68
73    1    0.000    1    1   1    1.92
80    2    0.023    2    1   1    0.60
48    1    0.000    1    1   1    1.36
53    1    0.000    2    2   0    1.11
130    2    0.023    2    1   1    1.12
36    1    -0.023    2    2   1    0.60
90    2    0.023    2    1   1    0.83
128    2    0.000    1    2   0    1.17
85    2    0.023    2    1   1    0.57
76    2    -0.023    1    2   1    0.54
107    2    -0.009    1    2   1    0.66
135    2    0.023    2    1   1    0.58
93    2    0.000    2    1   1    0.79
6    1    -0.023    2    2   1    0.67
29    1    0.009    1    1   1    0.62
81    2    -0.023    1    2   1    0.82
52    1    -0.009    2    2   1    0.61
66    1    -0.023    2    2   1    0.63
45    1    0.023    1    1   1    0.55
123    2    0.000    1    2   0    0.87
3    1    0.000    1    1   1    0.78
30    1    0.023    1    1   1    0.65
16    1    -0.023    2    2   1    0.59
147    2    -0.009    1    2   1    0.55
34    1    0.009    1    1   1    0.53
5    1    0.023    1    1   1    0.67
129    2    0.009    2    1   1    0.82
35    1    0.023    1    1   1    0.64
24    1    0.009    1    1   1    0.65
137    2    -0.009    1    2   1    0.78
87    2    -0.009    1    2   1    0.97
92    2    -0.009    2    1   0    2.60
98    2    0.000    1    2   0    0.58
63    1    0.000    2    2   0    1.47
127    2    -0.009    1    2   1    2.31
77    2    -0.009    1    2   1    0.62
43    1    0.000    2    2   0    2.02
2    1    -0.009    2    2   1    0.84
103    2    0.000    1    2   0    0.82
57    1    -0.009    2    2   1    1.15
115    2    0.023    1    2   0    2.00
104    2    0.009    2    1   1    0.81
38    1    0.000    1    1   1    3.05
61    1    -0.023    2    2   1    0.64
37    1    -0.009    2    2   1    1.23
132    2    -0.009    1    2   1    0.61
131    2    -0.023    1    2   1    1.25
82    2    -0.009    1    2   1    0.61
