--------------------------------
11-Mar-2015 19:27:21 
data from observer T13 
#occlusion2 expt 
reference disparity (degrees) 0.160000 

stim order disp kresp testresp correct time
1    1    0.074    2    2   1    4.52
2    1    -0.069    1    1   1    0.96
3    2    -0.065    2    1   1    1.43
4    2    0.060    1    2   1    0.78
5    2    -0.055    2    1   1    0.81
6    2    0.051    1    2   1    0.70
7    1    -0.046    1    1   1    0.83
8    1    0.042    2    2   1    0.86
9    2    -0.037    2    1   1    0.77
10    2    -0.032    2    1   1    0.91
11    1    -0.028    1    1   1    0.77
12    1    0.023    2    2   1    1.15
13    1    -0.018    1    1   1    1.01
14    1    -0.014    1    1   1    0.94
15    1    -0.009    1    1   1    0.83
16    1    -0.005    1    1   1    1.29
17    2    -0.005    1    2   0    1.00
18    1    -0.014    1    1   1    1.93
19    1    -0.014    1    1   1    1.69
20    1    -0.009    1    1   1    2.97
21    1    0.009    1    1   0    1.90
22    2    -0.018    2    1   1    1.21
23    2    -0.018    2    1   1    0.77
24    2    0.014    1    2   1    0.79
25    1    0.014    2    2   1    2.95
26    1    0.009    1    1   0    1.98
27    2    0.018    1    2   1    0.70
28    1    -0.018    1    1   1    0.67
29    1    -0.014    1    1   1    0.82
30    1    0.014    2    2   1    0.80
31    1    -0.009    1    1   1    0.72
32    2    0.009    1    2   1    0.63
33    1    -0.005    1    1   1    0.89
34    1    0.005    1    1   0    1.11
35    1    0.014    2    2   1    0.75
36    2    0.014    1    2   1    0.52
37    2    0.009    1    2   1    0.74
38    2    0.009    1    2   1    0.61
39    2    -0.005    1    2   0    0.43
40    2    -0.014    2    1   1    0.69
41    2    0.014    1    2   1    1.05
42    1    -0.009    1    1   1    0.79
43    1    0.009    2    2   1    2.42
44    2    0.005    1    2   1    0.55
45    2    -0.005    2    1   1    0.68
46    2    0.005    1    2   1    1.01
47    2    -0.005    1    2   0    3.39
48    2    0.014    1    2   1    0.73
49    1    0.014    2    2   1    1.27
50    2    0.009    1    2   1    0.63
-------------------------
Final staircase threshold estimate (mean) is 0.0088
-------------------------
76    2    -0.023    2    1   0    2.69
70    1    0.023    2    2   0    1.12
21    1    -0.023    1    1   0    0.60
65    1    0.023    2    2   0    0.85
13    1    0.000    1    1   1    0.56
147    2    -0.009    2    1   0    1.22
42    1    -0.009    1    1   0    0.61
48    1    0.000    1    1   1    0.92
127    2    -0.009    1    2   1    1.67
46    1    -0.023    1    1   0    0.73
139    2    0.009    1    2   0    0.76
11    1    -0.023    1    1   0    0.67
124    2    0.009    1    2   0    0.65
101    2    -0.023    2    1   0    0.88
91    2    -0.023    2    1   0    0.87
142    2    -0.009    1    2   1    0.75
138    2    0.000    1    2   0    1.62
144    2    0.009    1    2   0    1.13
34    1    0.009    1    1   1    0.62
88    2    0.000    1    2   0    0.75
92    2    -0.009    1    2   1    0.84
63    1    0.000    1    1   1    1.15
55    1    0.023    2    2   0    0.90
60    1    0.023    2    2   0    0.87
114    2    0.009    1    2   0    0.59
38    1    0.000    1    1   1    2.10
116    2    -0.023    2    1   0    0.69
109    2    0.009    1    2   0    0.77
2    1    -0.009    1    1   0    0.78
66    1    -0.023    1    1   0    0.66
17    1    -0.009    1    1   0    0.52
130    2    0.023    1    2   0    0.44
129    2    0.009    1    2   0    3.83
31    1    -0.023    1    1   0    0.61
99    2    0.009    1    2   0    2.62
96    2    -0.023    2    1   0    0.61
30    1    0.023    2    2   0    0.75
105    2    0.023    1    2   0    0.64
93    2    0.000    1    2   0    3.56
74    1    0.009    2    2   0    0.83
27    1    -0.009    1    1   0    0.63
78    2    0.000    1    2   0    3.70
82    2    -0.009    2    1   0    0.94
79    2    0.009    1    2   0    0.81
20    1    0.023    2    2   0    0.76
69    1    0.009    2    2   0    0.60
6    1    -0.023    1    1   0    0.57
103    2    0.000    1    2   0    0.83
135    2    0.023    1    2   0    0.74
131    2    -0.023    2    1   0    0.66
5    1    0.023    2    2   0    0.58
33    1    0.000    2    2   0    1.88
121    2    -0.023    2    1   0    0.85
128    2    0.000    1    2   0    0.62
108    2    0.000    1    2   0    1.27
107    2    -0.009    2    1   0    1.18
117    2    -0.009    2    1   0    0.93
125    2    0.023    1    2   0    0.75
84    2    0.009    1    2   0    0.86
94    2    0.009    1    2   0    1.72
64    1    0.009    2    2   0    0.65
119    2    0.009    1    2   0    0.84
150    2    0.023    1    2   0    0.53
136    2    -0.023    2    1   0    2.74
72    1    -0.009    1    1   0    0.58
56    1    -0.023    1    1   0    0.78
40    1    0.023    1    1   1    0.56
58    1    0.000    1    1   1    2.06
45    1    0.023    2    2   0    1.06
133    2    0.000    2    1   1    2.96
24    1    0.009    1    1   1    1.96
77    2    -0.009    1    2   1    2.25
113    2    0.000    1    2   0    0.95
47    1    -0.009    1    1   0    0.82
95    2    0.023    1    2   0    0.68
12    1    -0.009    1    1   0    0.69
43    1    0.000    1    1   1    0.80
85    2    0.023    1    2   0    2.81
29    1    0.009    2    2   0    1.00
123    2    0.000    1    2   0    2.79
41    1    -0.023    1    1   0    1.11
10    1    0.023    2    2   0    1.18
50    1    0.023    2    2   0    0.83
16    1    -0.023    1    1   0    1.08
115    2    0.023    1    2   0    0.76
100    2    0.023    1    2   0    0.85
87    2    -0.009    2    1   0    0.90
53    1    0.000    2    2   0    1.05
146    2    -0.023    2    1   0    0.60
83    2    0.000    1    2   0    3.25
44    1    0.009    2    2   0    2.09
52    1    -0.009    1    1   0    0.68
36    1    -0.023    1    1   0    0.72
143    2    0.000    2    1   1    1.99
15    1    0.023    2    2   0    0.78
67    1    -0.009    1    1   0    0.59
104    2    0.009    1    2   0    2.28
102    2    -0.009    2    1   0    1.43
106    2    -0.023    2    1   0    0.57
51    1    -0.023    1    1   0    1.23
75    2    0.023    1    2   0    0.63
61    1    -0.023    1    1   0    1.45
7    1    -0.009    1    1   0    2.21
145    2    0.023    1    2   0    0.99
122    2    -0.009    2    1   0    0.67
140    2    0.023    1    2   0    0.64
25    1    0.023    2    2   0    0.80
18    1    0.000    1    1   1    2.86
8    1    0.000    2    2   0    1.79
19    1    0.009    2    2   0    0.88
110    2    0.023    1    2   0    0.68
90    2    0.023    1    2   0    1.74
81    2    -0.023    2    1   0    0.65
14    1    0.009    2    2   0    1.46
59    1    0.009    2    2   0    2.51
23    1    0.000    2    2   0    3.77
1    1    -0.023    1    1   0    0.55
26    1    -0.023    1    1   0    0.54
98    2    0.000    2    1   1    0.59
148    2    0.000    2    1   1    0.69
9    1    0.009    2    2   0    1.12
134    2    0.009    1    2   0    1.33
111    2    -0.023    2    1   0    0.61
97    2    -0.009    2    1   0    0.93
39    1    0.009    2    2   0    1.06
89    2    0.009    1    2   0    1.04
57    1    -0.009    1    1   0    1.44
22    1    -0.009    1    1   0    0.85
49    1    0.009    2    2   0    0.62
118    2    0.000    2    1   1    0.59
68    1    0.000    1    1   1    3.76
32    1    -0.009    1    1   0    0.84
71    1    -0.023    1    1   0    0.71
73    1    0.000    1    1   1    1.06
28    1    0.000    1    1   1    1.42
62    1    -0.009    1    1   0    1.79
132    2    -0.009    2    1   0    0.78
126    2    -0.023    2    1   0    0.55
120    2    0.023    1    2   0    0.69
112    2    -0.009    2    1   0    0.66
4    1    0.009    2    2   0    0.68
141    2    -0.023    2    1   0    0.58
35    1    0.023    2    2   0    0.68
137    2    -0.009    2    1   0    3.64
80    2    0.023    1    2   0    0.66
54    1    0.009    2    2   0    0.66
3    1    0.000    1    1   1    3.45
86    2    -0.023    2    1   0    0.84
37    1    -0.009    1    1   0    0.88
149    2    0.009    1    2   0    0.64
