--------------------------------
11-Mar-2015 18:25:50 
data from observer T13 
#occlusion2 expt 
reference disparity (degrees) 0.160000 

stim order disp kresp testresp correct time
1    2    -0.074    1    2   1    1.94
2    2    0.069    2    1   1    0.63
3    1    0.065    1    1   1    0.71
4    1    -0.060    2    2   1    0.49
5    2    -0.055    1    2   1    0.49
6    1    0.051    1    1   1    0.52
7    2    -0.046    1    2   1    0.58
8    1    -0.042    2    2   1    0.63
9    1    0.037    1    1   1    0.51
10    1    -0.032    2    2   1    0.43
11    1    0.028    1    1   1    0.53
12    1    -0.023    2    2   1    0.61
13    2    0.018    2    1   1    0.93
14    2    0.014    2    1   1    1.21
15    1    0.009    1    1   1    0.73
16    1    -0.005    2    2   1    1.21
17    2    0.005    2    1   1    1.69
18    2    0.005    2    1   1    1.57
19    2    0.005    1    2   0    1.51
20    1    -0.014    2    2   1    1.30
21    2    -0.014    1    2   1    0.56
22    1    -0.009    2    2   1    0.93
23    1    -0.009    2    2   1    1.30
24    1    0.005    1    1   1    2.30
25    2    0.005    2    1   1    1.21
26    1    0.005    2    2   0    1.26
27    2    -0.014    1    2   1    0.64
28    1    -0.014    2    2   1    0.60
29    2    0.009    2    1   1    0.79
30    2    -0.009    1    2   1    0.70
31    2    -0.005    1    2   1    1.14
32    2    0.005    1    2   0    2.03
33    2    0.014    2    1   1    1.25
34    1    -0.014    2    2   1    1.51
35    1    -0.009    2    2   1    1.15
36    2    0.009    2    1   1    1.46
37    2    -0.005    1    2   1    1.05
38    2    0.005    2    1   1    1.05
39    1    -0.005    2    2   1    1.16
40    2    0.005    2    1   1    1.72
41    1    -0.005    2    2   1    2.32
42    2    -0.005    1    2   1    3.03
43    2    0.005    1    2   0    1.97
44    2    0.014    2    1   1    0.72
45    2    -0.014    1    2   1    0.66
46    2    0.009    2    1   1    0.79
47    2    0.009    2    1   1    0.72
48    2    0.005    1    2   0    0.99
49    1    -0.014    2    2   1    1.08
50    1    -0.014    2    2   1    0.74
-------------------------
Final staircase threshold estimate (mean) is 0.0092
-------------------------
24    1    0.009    1    1   1    1.31
40    1    0.023    1    1   1    0.57
29    1    0.009    1    1   1    0.71
33    1    0.000    1    1   1    0.60
106    2    -0.023    1    2   1    0.52
15    1    0.023    1    1   1    0.57
127    2    -0.009    1    2   1    0.55
94    2    0.009    2    1   1    0.61
147    2    -0.009    1    2   1    0.60
136    2    -0.023    1    2   1    0.54
54    1    0.009    1    1   1    0.58
57    1    -0.009    2    2   1    0.69
92    2    -0.009    1    2   1    0.61
116    2    -0.023    1    2   1    0.54
131    2    -0.023    1    2   1    0.71
96    2    -0.023    1    2   1    0.51
30    1    0.023    1    1   1    0.54
22    1    -0.009    2    2   1    0.70
61    1    -0.023    2    2   1    0.59
14    1    0.009    1    1   1    0.63
138    2    0.000    1    2   0    1.68
66    1    -0.023    2    2   1    0.57
27    1    -0.009    1    1   0    0.68
69    1    0.009    1    1   1    0.60
23    1    0.000    1    1   1    2.03
83    2    0.000    1    2   0    0.93
118    2    0.000    1    2   0    0.76
5    1    0.023    1    1   1    0.53
125    2    0.023    2    1   1    0.54
4    1    0.009    1    1   1    0.59
12    1    -0.009    2    2   1    0.74
18    1    0.000    1    1   1    0.60
144    2    0.009    2    1   1    0.61
36    1    -0.023    2    2   1    1.07
46    1    -0.023    2    2   1    0.62
99    2    0.009    2    1   1    3.06
77    2    -0.009    1    2   1    0.61
103    2    0.000    1    2   0    2.16
55    1    0.023    1    1   1    0.49
104    2    0.009    2    1   1    0.98
112    2    -0.009    1    2   1    1.65
75    2    0.023    2    1   1    1.26
50    1    0.023    1    1   1    0.82
121    2    -0.023    1    2   1    0.63
135    2    0.023    2    1   1    0.63
78    2    0.000    2    1   1    1.70
63    1    0.000    1    1   1    1.23
120    2    0.023    2    1   1    0.78
52    1    -0.009    2    2   1    0.81
139    2    0.009    2    1   1    0.74
102    2    -0.009    1    2   1    1.24
44    1    0.009    1    1   1    0.62
41    1    -0.023    2    2   1    0.61
97    2    -0.009    1    2   1    0.77
111    2    -0.023    1    2   1    0.50
88    2    0.000    2    1   1    0.61
145    2    0.023    2    1   1    0.81
19    1    0.009    1    1   1    0.78
25    1    0.023    1    1   1    0.56
149    2    0.009    2    1   1    1.42
3    1    0.000    2    2   0    1.41
62    1    -0.009    2    2   1    1.47
2    1    -0.009    1    1   0    2.17
115    2    0.023    2    1   1    0.72
74    1    0.009    1    1   1    0.63
64    1    0.009    1    1   1    0.60
26    1    -0.023    2    2   1    0.60
34    1    0.009    1    1   1    0.54
133    2    0.000    1    2   0    0.61
10    1    0.023    1    1   1    0.52
123    2    0.000    1    2   0    2.07
142    2    -0.009    1    2   1    0.54
84    2    0.009    2    1   1    0.63
95    2    0.023    2    1   1    0.59
8    1    0.000    1    1   1    0.66
58    1    0.000    2    2   0    0.84
119    2    0.009    1    2   0    0.59
11    1    -0.023    2    2   1    0.53
21    1    -0.023    2    2   1    0.50
117    2    -0.009    1    2   1    0.96
70    1    0.023    1    1   1    0.57
76    2    -0.023    1    2   1    0.78
47    1    -0.009    2    2   1    0.88
65    1    0.023    1    1   1    0.60
13    1    0.000    1    1   1    0.68
91    2    -0.023    1    2   1    0.65
17    1    -0.009    2    2   1    1.31
134    2    0.009    1    2   0    0.81
108    2    0.000    2    1   1    2.36
140    2    0.023    2    1   1    0.75
85    2    0.023    2    1   1    0.75
39    1    0.009    1    1   1    0.71
20    1    0.023    1    1   1    0.73
45    1    0.023    1    1   1    0.55
68    1    0.000    1    1   1    2.91
87    2    -0.009    1    2   1    0.84
28    1    0.000    1    1   1    2.41
126    2    -0.023    1    2   1    0.69
129    2    0.009    2    1   1    1.00
43    1    0.000    2    2   0    2.33
51    1    -0.023    2    2   1    0.86
16    1    -0.023    2    2   1    0.77
107    2    -0.009    1    2   1    1.95
73    1    0.000    1    1   1    2.28
146    2    -0.023    1    2   1    0.71
101    2    -0.023    1    2   1    0.51
7    1    -0.009    2    2   1    0.82
122    2    -0.009    1    2   1    1.52
60    1    0.023    1    1   1    0.50
89    2    0.009    2    1   1    1.22
109    2    0.009    2    1   1    0.69
148    2    0.000    1    2   0    0.75
105    2    0.023    2    1   1    0.57
72    1    -0.009    2    2   1    0.61
124    2    0.009    2    1   1    0.64
81    2    -0.023    1    2   1    0.66
59    1    0.009    1    1   1    0.55
128    2    0.000    1    2   0    0.62
114    2    0.009    1    2   0    0.74
150    2    0.023    2    1   1    0.48
56    1    -0.023    2    2   1    0.58
98    2    0.000    1    2   0    3.02
38    1    0.000    1    1   1    0.96
90    2    0.023    2    1   1    0.72
9    1    0.009    1    1   1    2.26
6    1    -0.023    2    2   1    0.60
37    1    -0.009    2    2   1    0.33
49    1    0.009    1    1   1    0.64
137    2    -0.009    1    2   1    0.69
35    1    0.023    1    1   1    0.50
113    2    0.000    1    2   0    0.68
100    2    0.023    2    1   1    0.51
80    2    0.023    2    1   1    0.70
42    1    -0.009    2    2   1    0.65
67    1    -0.009    2    2   1    1.94
132    2    -0.009    1    2   1    0.58
79    2    0.009    2    1   1    0.76
86    2    -0.023    1    2   1    0.56
93    2    0.000    1    2   0    0.72
82    2    -0.009    1    2   1    0.56
71    1    -0.023    2    2   1    0.59
130    2    0.023    2    1   1    0.66
31    1    -0.023    2    2   1    0.64
32    1    -0.009    2    2   1    0.68
110    2    0.023    2    1   1    0.53
48    1    0.000    1    1   1    1.08
53    1    0.000    2    2   0    0.91
143    2    0.000    1    2   0    2.78
1    1    -0.023    2    2   1    0.53
141    2    -0.023    1    2   1    0.54
