--------------------------------
11-Mar-2015 19:34:22 
data from observer T13 
#occlusion2 expt 
reference disparity (degrees) 0.160000 

stim order disp kresp testresp correct time
1    1    0.074    2    2   1    1.94
2    2    0.069    1    2   1    0.52
3    1    0.065    2    2   1    0.48
4    1    0.060    2    2   1    0.40
5    1    -0.055    1    1   1    0.48
6    1    -0.051    1    1   1    0.47
7    2    -0.046    2    1   1    0.44
8    1    -0.042    1    1   1    0.50
9    2    0.037    1    2   1    0.53
10    1    0.032    2    2   1    0.48
11    2    -0.028    2    1   1    0.48
12    2    0.023    1    2   1    0.49
13    1    0.018    2    2   1    0.66
14    1    -0.014    1    1   1    0.75
15    1    -0.009    1    1   1    0.96
16    2    0.005    1    2   1    0.58
17    1    0.005    2    2   1    3.82
18    2    0.005    2    1   0    1.35
19    2    0.014    1    2   1    0.86
20    2    -0.014    2    1   1    0.59
21    1    -0.009    1    1   1    0.83
22    2    -0.009    2    1   1    0.82
23    2    0.005    1    2   1    2.37
24    2    0.005    1    2   1    0.57
25    2    -0.005    2    1   1    0.70
26    2    -0.005    2    1   1    0.71
27    1    0.005    1    1   0    1.22
28    2    -0.014    2    1   1    1.02
29    2    0.014    1    2   1    0.78
30    2    -0.009    2    1   1    0.67
31    2    0.009    1    2   1    0.89
32    2    -0.005    2    1   1    0.54
33    2    0.005    1    2   1    0.58
34    2    0.005    1    2   1    0.72
35    2    -0.005    2    1   1    0.85
36    1    -0.005    1    1   1    1.34
37    2    0.005    1    2   1    0.71
38    1    0.005    1    1   0    0.53
39    1    0.014    2    2   1    0.67
40    1    -0.014    1    1   1    0.50
41    1    -0.009    1    1   1    0.71
42    2    0.009    1    2   1    0.44
43    1    -0.005    1    1   1    0.69
44    1    -0.005    1    1   1    0.48
45    1    0.005    1    1   0    3.79
46    2    -0.014    2    1   1    0.64
47    2    0.014    1    2   1    0.78
48    2    -0.009    2    1   1    0.71
49    1    -0.009    1    1   1    0.53
50    1    0.005    1    1   0    1.06
-------------------------
Final staircase threshold estimate (mean) is 0.0083
-------------------------
42    1    -0.009    1    1   0    1.76
72    1    -0.009    1    1   0    0.80
147    2    -0.009    2    1   0    0.65
54    1    0.009    1    1   1    0.60
101    2    -0.023    2    1   0    0.58
63    1    0.000    2    2   0    0.65
103    2    0.000    1    2   0    1.07
14    1    0.009    2    2   0    1.13
56    1    -0.023    1    1   0    0.61
75    2    0.023    1    2   0    0.71
87    2    -0.009    2    1   0    0.77
143    2    0.000    1    2   0    0.55
58    1    0.000    2    2   0    0.62
77    2    -0.009    2    1   0    0.64
19    1    0.009    2    2   0    0.73
23    1    0.000    1    1   1    0.87
5    1    0.023    2    2   0    0.55
69    1    0.009    2    2   0    0.50
76    2    -0.023    2    1   0    0.53
33    1    0.000    1    1   1    0.90
80    2    0.023    1    2   0    0.67
55    1    0.023    2    2   0    0.62
51    1    -0.023    1    1   0    0.73
49    1    0.009    1    1   1    0.82
38    1    0.000    1    1   1    0.61
11    1    -0.023    1    1   0    0.58
102    2    -0.009    2    1   0    0.82
47    1    -0.009    1    1   0    2.15
24    1    0.009    2    2   0    2.14
40    1    0.023    2    2   0    0.72
146    2    -0.023    2    1   0    0.60
86    2    -0.023    2    1   0    0.60
22    1    -0.009    1    1   0    0.56
41    1    -0.023    1    1   0    0.73
64    1    0.009    2    2   0    0.76
123    2    0.000    1    2   0    0.87
79    2    0.009    1    2   0    1.07
85    2    0.023    1    2   0    0.77
115    2    0.023    1    2   0    0.57
94    2    0.009    1    2   0    0.54
120    2    0.023    1    2   0    0.58
44    1    0.009    2    2   0    3.20
129    2    0.009    1    2   0    1.28
114    2    0.009    1    2   0    0.60
113    2    0.000    1    2   0    1.90
43    1    0.000    2    2   0    3.85
29    1    0.009    2    2   0    1.26
128    2    0.000    1    2   0    1.01
2    1    -0.009    1    1   0    0.52
62    1    -0.009    1    1   0    1.08
135    2    0.023    1    2   0    0.49
124    2    0.009    1    2   0    0.93
48    1    0.000    1    1   1    2.45
17    1    -0.009    1    1   0    0.70
46    1    -0.023    1    1   0    0.65
109    2    0.009    1    2   0    0.64
18    1    0.000    2    2   0    2.16
139    2    0.009    1    2   0    2.77
125    2    0.023    1    2   0    0.76
136    2    -0.023    2    1   0    0.62
9    1    0.009    2    2   0    0.70
60    1    0.023    2    2   0    0.62
107    2    -0.009    2    1   0    0.93
141    2    -0.023    2    1   0    0.82
28    1    0.000    1    1   1    1.34
105    2    0.023    1    2   0    0.62
74    1    0.009    2    2   0    0.68
90    2    0.023    1    2   0    0.54
108    2    0.000    1    2   0    0.55
126    2    -0.023    2    1   0    0.70
89    2    0.009    1    2   0    0.58
137    2    -0.009    2    1   0    0.78
8    1    0.000    1    1   1    0.59
81    2    -0.023    2    1   0    0.64
127    2    -0.009    2    1   0    0.77
66    1    -0.023    1    1   0    0.92
142    2    -0.009    1    2   1    0.51
12    1    -0.009    1    1   0    0.60
31    1    -0.023    1    1   0    0.83
149    2    0.009    1    2   0    0.53
20    1    0.023    2    2   0    0.67
7    1    -0.009    1    1   0    0.49
97    2    -0.009    2    1   0    0.73
45    1    0.023    2    2   0    0.47
6    1    -0.023    1    1   0    0.49
133    2    0.000    1    2   0    0.47
132    2    -0.009    2    1   0    0.65
78    2    0.000    2    1   1    0.56
1    1    -0.023    1    1   0    0.54
83    2    0.000    1    2   0    0.85
13    1    0.000    1    1   1    0.61
122    2    -0.009    2    1   0    0.60
27    1    -0.009    2    2   1    0.76
112    2    -0.009    2    1   0    0.74
140    2    0.023    1    2   0    0.55
100    2    0.023    1    2   0    0.54
30    1    0.023    2    2   0    0.65
15    1    0.023    2    2   0    0.53
3    1    0.000    1    1   1    2.32
150    2    0.023    1    2   0    1.00
88    2    0.000    1    2   0    0.51
32    1    -0.009    1    1   0    0.47
59    1    0.009    2    2   0    0.55
25    1    0.023    2    2   0    0.47
145    2    0.023    1    2   0    0.52
34    1    0.009    2    2   0    0.53
95    2    0.023    1    2   0    0.36
73    1    0.000    2    2   0    0.64
52    1    -0.009    1    1   0    0.52
35    1    0.023    2    2   0    0.55
84    2    0.009    1    2   0    0.69
130    2    0.023    1    2   0    0.60
116    2    -0.023    2    1   0    0.55
65    1    0.023    2    2   0    0.62
26    1    -0.023    1    1   0    0.48
71    1    -0.023    1    1   0    0.92
134    2    0.009    1    2   0    1.42
68    1    0.000    1    1   1    1.55
53    1    0.000    2    2   0    0.70
96    2    -0.023    2    1   0    0.60
93    2    0.000    1    2   0    1.54
148    2    0.000    1    2   0    1.15
117    2    -0.009    2    1   0    0.68
106    2    -0.023    2    1   0    0.54
121    2    -0.023    2    1   0    0.59
144    2    0.009    1    2   0    0.86
61    1    -0.023    1    1   0    0.64
119    2    0.009    1    2   0    1.04
57    1    -0.009    1    1   0    0.53
98    2    0.000    2    1   1    0.55
118    2    0.000    2    1   1    1.14
37    1    -0.009    2    2   1    3.73
50    1    0.023    2    2   0    0.55
16    1    -0.023    1    1   0    0.52
4    1    0.009    2    2   0    0.54
91    2    -0.023    2    1   0    0.83
67    1    -0.009    2    2   1    0.73
21    1    -0.023    1    1   0    0.82
111    2    -0.023    2    1   0    0.60
110    2    0.023    1    2   0    0.92
99    2    0.009    1    2   0    0.88
138    2    0.000    2    1   1    2.49
36    1    -0.023    1    1   0    0.53
82    2    -0.009    2    1   0    0.65
131    2    -0.023    2    1   0    0.58
104    2    0.009    1    2   0    0.75
39    1    0.009    2    2   0    1.01
92    2    -0.009    2    1   0    1.34
10    1    0.023    2    2   0    0.56
70    1    0.023    2    2   0    0.55
