--------------------------------
11-Mar-2015 18:39:24 
data from observer T13 
#occlusion2 expt 
reference disparity (degrees) 0.160000 

stim order disp kresp testresp correct time
1    1    -0.074    2    2   1    1.49
2    2    0.069    2    1   1    0.60
3    2    -0.065    1    2   1    0.54
4    2    -0.060    1    2   1    0.52
5    2    0.055    2    1   1    0.56
6    2    -0.051    1    2   1    0.47
7    2    0.046    2    1   1    0.60
8    2    -0.042    1    2   1    0.48
9    2    -0.037    1    2   1    0.76
10    1    -0.032    2    2   1    0.53
11    1    0.028    1    1   1    0.54
12    1    0.023    1    1   1    0.64
13    2    0.018    2    1   1    0.49
14    1    -0.014    2    2   1    0.66
15    2    0.009    2    1   1    1.49
16    1    -0.005    2    2   1    1.04
17    1    -0.005    2    2   1    2.50
18    1    -0.005    2    2   1    2.11
19    2    0.005    1    2   0    1.22
20    2    -0.014    1    2   1    0.58
21    1    -0.014    2    2   1    0.47
22    2    0.009    2    1   1    0.53
23    1    -0.009    2    2   1    1.65
24    1    0.005    1    1   1    1.48
25    2    0.005    2    1   1    0.60
26    2    -0.005    1    2   1    0.69
27    2    0.005    2    1   1    0.81
28    1    0.005    1    1   1    0.71
29    2    -0.005    1    2   1    1.03
30    2    0.005    2    1   1    0.84
31    1    0.005    1    1   1    3.77
32    2    -0.005    1    2   1    1.10
33    2    0.005    1    2   0    3.23
34    1    -0.014    2    2   1    0.58
35    2    -0.014    1    2   1    0.86
36    2    -0.009    1    2   1    0.67
37    2    -0.009    1    2   1    0.69
38    2    -0.005    1    2   1    0.61
39    2    -0.005    1    2   1    2.79
40    1    -0.005    2    2   1    0.90
41    1    0.005    1    1   1    0.63
42    2    0.005    2    1   1    2.04
43    2    0.005    2    1   1    2.64
44    1    0.005    1    1   1    0.61
45    2    0.005    1    2   0    0.94
46    2    0.014    2    1   1    0.56
47    2    -0.014    1    2   1    0.60
48    1    -0.009    2    2   1    1.13
49    1    0.009    1    1   1    1.78
50    1    0.005    1    1   1    1.11
-------------------------
Final staircase threshold estimate (mean) is 0.0074
-------------------------
101    2    -0.018    1    2   1    1.64
120    2    0.018    2    1   1    0.67
149    2    0.009    2    1   1    1.23
97    2    -0.009    1    2   1    0.67
58    1    0.000    1    1   1    2.49
82    2    -0.009    1    2   1    0.66
63    1    0.000    1    1   1    0.97
25    1    0.018    1    1   1    0.90
135    2    0.018    2    1   1    1.36
128    2    0.000    1    2   0    0.79
59    1    0.009    1    1   1    3.23
111    2    -0.018    1    2   1    0.54
10    1    0.018    1    1   1    0.57
150    2    0.018    2    1   1    0.88
46    1    -0.018    2    2   1    0.67
114    2    0.009    2    1   1    0.61
104    2    0.009    2    1   1    0.53
66    1    -0.018    2    2   1    0.61
44    1    0.009    1    1   1    0.58
83    2    0.000    2    1   1    0.70
85    2    0.018    2    1   1    0.77
84    2    0.009    2    1   1    1.46
79    2    0.009    2    1   1    0.61
60    1    0.018    1    1   1    0.56
143    2    0.000    2    1   1    1.90
109    2    0.009    2    1   1    0.60
118    2    0.000    2    1   1    1.59
61    1    -0.018    2    2   1    0.66
69    1    0.009    1    1   1    0.64
26    1    -0.018    2    2   1    0.60
93    2    0.000    2    1   1    2.83
81    2    -0.018    1    2   1    0.58
57    1    -0.009    2    2   1    1.64
139    2    0.009    2    1   1    0.76
4    1    0.009    1    1   1    0.65
124    2    0.009    2    1   1    0.63
121    2    -0.018    1    2   1    0.58
67    1    -0.009    2    2   1    0.51
92    2    -0.009    1    2   1    0.66
140    2    0.018    2    1   1    0.53
95    2    0.018    2    1   1    0.67
136    2    -0.018    1    2   1    0.55
122    2    -0.009    1    2   1    0.60
87    2    -0.009    1    2   1    0.58
17    1    -0.009    2    2   1    0.55
68    1    0.000    1    1   1    0.49
116    2    -0.018    1    2   1    0.46
72    1    -0.009    2    2   1    2.04
15    1    0.018    1    1   1    0.52
132    2    -0.009    1    2   1    0.60
96    2    -0.018    1    2   1    0.68
70    1    0.018    1    1   1    0.55
40    1    0.018    1    1   1    0.64
125    2    0.018    2    1   1    0.49
39    1    0.009    1    1   1    1.24
103    2    0.000    2    1   1    0.77
91    2    -0.018    1    2   1    0.55
33    1    0.000    1    1   1    0.77
112    2    -0.009    1    2   1    0.68
129    2    0.009    2    1   1    0.53
148    2    0.000    1    2   0    0.86
145    2    0.018    2    1   1    0.61
34    1    0.009    1    1   1    0.59
127    2    -0.009    1    2   1    0.73
106    2    -0.018    1    2   1    0.55
8    1    0.000    2    2   0    2.16
110    2    0.018    2    1   1    0.69
119    2    0.009    2    1   1    0.56
35    1    0.018    1    1   1    0.54
21    1    -0.018    2    2   1    0.79
13    1    0.000    2    2   0    3.30
29    1    0.009    1    1   1    0.88
45    1    0.018    1    1   1    0.62
22    1    -0.009    2    2   1    0.60
54    1    0.009    1    1   1    0.46
146    2    -0.018    1    2   1    0.49
37    1    -0.009    2    2   1    0.57
53    1    0.000    2    2   0    2.30
64    1    0.009    1    1   1    0.53
130    2    0.018    2    1   1    0.58
138    2    0.000    1    2   0    0.99
123    2    0.000    1    2   0    1.04
2    1    -0.009    2    2   1    0.68
107    2    -0.009    1    2   1    0.66
6    1    -0.018    2    2   1    0.58
105    2    0.018    2    1   1    0.55
42    1    -0.009    2    2   1    0.87
94    2    0.009    2    1   1    0.53
3    1    0.000    2    2   0    1.28
74    1    0.009    1    1   1    0.66
75    2    0.018    2    1   1    0.58
134    2    0.009    2    1   1    0.59
7    1    -0.009    2    2   1    0.62
98    2    0.000    2    1   1    1.09
137    2    -0.009    1    2   1    1.93
11    1    -0.018    2    2   1    0.76
117    2    -0.009    1    2   1    0.63
23    1    0.000    2    2   0    1.12
16    1    -0.018    2    2   1    0.95
142    2    -0.009    1    2   1    0.52
62    1    -0.009    2    2   1    0.55
102    2    -0.009    1    2   1    0.57
89    2    0.009    2    1   1    1.26
14    1    0.009    1    1   1    0.59
50    1    0.018    1    1   1    0.49
47    1    -0.009    2    2   1    0.96
115    2    0.018    2    1   1    0.64
32    1    -0.009    2    2   1    0.54
65    1    0.018    1    1   1    0.50
36    1    -0.018    2    2   1    0.57
51    1    -0.018    2    2   1    0.70
48    1    0.000    1    1   1    0.65
147    2    -0.009    1    2   1    0.54
144    2    0.009    2    1   1    0.94
9    1    0.009    1    1   1    0.43
113    2    0.000    2    1   1    0.63
76    2    -0.018    1    2   1    0.77
126    2    -0.018    1    2   1    0.51
43    1    0.000    2    2   0    0.65
77    2    -0.009    1    2   1    0.77
73    1    0.000    1    1   1    0.91
141    2    -0.018    1    2   1    0.51
5    1    0.018    1    1   1    0.57
80    2    0.018    2    1   1    1.13
19    1    0.009    1    1   1    1.16
18    1    0.000    2    2   0    0.92
71    1    -0.018    2    2   1    0.59
1    1    -0.018    2    2   1    0.56
55    1    0.018    1    1   1    0.59
30    1    0.018    1    1   1    0.43
133    2    0.000    1    2   0    1.19
56    1    -0.018    2    2   1    0.48
131    2    -0.018    1    2   1    0.50
24    1    0.009    1    1   1    0.78
100    2    0.018    2    1   1    0.59
52    1    -0.009    2    2   1    0.55
12    1    -0.009    2    2   1    0.65
90    2    0.018    2    1   1    0.49
108    2    0.000    2    1   1    0.58
41    1    -0.018    2    2   1    0.55
78    2    0.000    2    1   1    0.65
49    1    0.009    1    1   1    0.56
31    1    -0.018    2    2   1    0.57
86    2    -0.018    1    2   1    0.52
88    2    0.000    2    1   1    0.63
27    1    -0.009    2    2   1    0.93
28    1    0.000    2    2   0    0.62
38    1    0.000    1    1   1    0.56
20    1    0.018    2    2   0    0.36
99    2    0.009    2    1   1    0.55
