--------------------------------
11-Mar-2015 19:40:27 
data from observer T13 
#occlusion2 expt 
reference disparity (degrees) 0.160000 

stim order disp kresp testresp correct time
1    2    -0.074    2    1   1    5.25
2    1    0.069    2    2   1    2.81
3    1    0.065    2    2   1    4.26
4    1    -0.060    1    1   1    0.79
5    1    -0.055    1    1   1    0.68
6    2    0.051    1    2   1    0.85
7    2    -0.046    2    1   1    3.31
8    1    -0.042    1    1   1    0.77
9    2    -0.037    2    1   1    2.78
10    1    0.032    2    2   1    1.08
11    2    -0.028    2    1   1    0.94
12    2    0.023    1    2   1    0.84
13    1    -0.018    1    1   1    0.81
14    1    -0.014    1    1   1    2.36
15    2    -0.009    1    2   0    1.21
16    1    0.018    2    2   1    2.60
17    2    -0.018    1    2   0    2.37
18    2    0.028    1    2   1    1.91
19    1    -0.028    1    1   1    0.62
20    2    -0.023    2    1   1    1.11
21    2    0.023    1    2   1    0.66
22    1    0.018    2    2   1    1.10
23    1    0.018    2    2   1    5.02
24    1    -0.014    1    1   1    1.78
25    1    -0.014    1    1   1    0.64
26    2    -0.009    1    2   0    1.84
27    2    -0.018    2    1   1    1.17
28    1    0.018    2    2   1    1.03
29    2    -0.014    2    1   1    0.97
30    1    -0.014    1    1   1    0.77
31    2    -0.009    2    1   1    3.41
32    2    0.009    1    2   1    2.00
33    1    -0.005    2    2   0    1.03
34    1    0.014    2    2   1    1.95
35    1    0.014    2    2   1    3.62
36    2    -0.009    2    1   1    1.07
37    1    -0.009    1    1   1    2.78
38    1    0.005    1    1   0    0.70
39    1    0.014    2    2   1    0.81
40    2    -0.014    2    1   1    1.09
41    1    -0.009    1    1   1    0.91
42    2    -0.009    2    1   1    1.49
43    2    0.005    1    2   1    1.10
44    2    0.005    1    2   1    0.60
45    1    0.005    1    1   0    1.63
46    1    -0.014    1    1   1    0.62
47    2    0.014    1    2   1    1.97
48    2    0.009    2    1   0    1.17
49    2    -0.018    2    1   1    1.46
50    1    0.018    2    2   1    3.15
-------------------------
Final staircase threshold estimate (mean) is 0.0106
-------------------------
98    2    0.000    2    1   1    1.77
88    2    0.000    1    2   0    0.93
105    2    0.028    1    2   0    0.78
38    1    0.000    1    1   1    2.60
108    2    0.000    1    2   0    1.94
128    2    0.000    1    2   0    1.35
50    1    0.028    2    2   0    0.93
85    2    0.028    1    2   0    0.52
95    2    0.028    1    2   0    0.65
14    1    0.009    2    2   0    1.43
33    1    0.000    1    1   1    0.69
66    1    -0.028    1    1   0    0.63
150    2    0.028    1    2   0    0.74
56    1    -0.028    1    1   0    0.49
107    2    -0.009    2    1   0    1.59
76    2    -0.028    2    1   0    1.76
17    1    -0.009    1    1   0    0.52
34    1    0.009    1    1   1    2.15
7    1    -0.009    1    1   0    2.83
63    1    0.000    1    1   1    3.78
122    2    -0.009    2    1   0    3.64
125    2    0.028    1    2   0    1.62
140    2    0.028    1    2   0    0.81
42    1    -0.009    1    1   0    0.75
60    1    0.028    2    2   0    0.95
148    2    0.000    1    2   0    0.91
62    1    -0.009    1    1   0    0.72
11    1    -0.028    1    1   0    1.03
27    1    -0.009    1    1   0    0.67
48    1    0.000    1    1   1    1.18
51    1    -0.028    1    1   0    0.79
141    2    -0.028    2    1   0    1.19
12    1    -0.009    1    1   0    0.76
70    1    0.028    2    2   0    0.84
59    1    0.009    2    2   0    0.76
47    1    -0.009    1    1   0    0.61
15    1    0.028    2    2   0    1.47
144    2    0.009    1    2   0    0.62
112    2    -0.009    1    2   1    0.80
129    2    0.009    1    2   0    0.70
81    2    -0.028    2    1   0    0.73
45    1    0.028    2    2   0    1.58
21    1    -0.028    1    1   0    0.64
146    2    -0.028    2    1   0    0.71
9    1    0.009    1    1   1    1.26
64    1    0.009    1    1   1    0.83
145    2    0.028    1    2   0    0.59
83    2    0.000    1    2   0    0.61
94    2    0.009    1    2   0    1.04
6    1    -0.028    1    1   0    1.10
74    1    0.009    2    2   0    1.18
103    2    0.000    1    2   0    1.83
65    1    0.028    2    2   0    0.85
130    2    0.028    1    2   0    2.68
101    2    -0.028    2    1   0    1.04
133    2    0.000    1    2   0    2.50
106    2    -0.028    2    1   0    1.19
136    2    -0.028    2    1   0    0.77
26    1    -0.028    1    1   0    1.96
28    1    0.000    2    2   0    1.98
3    1    0.000    2    2   0    1.34
78    2    0.000    2    1   1    2.31
104    2    0.009    1    2   0    1.78
147    2    -0.009    2    1   0    0.85
36    1    -0.028    1    1   0    0.61
93    2    0.000    1    2   0    1.85
75    2    0.028    1    2   0    0.66
102    2    -0.009    1    2   1    0.77
41    1    -0.028    1    1   0    0.71
25    1    0.028    2    2   0    0.93
29    1    0.009    2    2   0    2.01
20    1    0.028    2    2   0    0.87
118    2    0.000    2    1   1    2.32
115    2    0.028    1    2   0    0.71
46    1    -0.028    1    1   0    1.88
8    1    0.000    1    1   1    2.76
13    1    0.000    1    1   1    3.49
37    1    -0.009    1    1   0    0.99
68    1    0.000    2    2   0    3.56
109    2    0.009    1    2   0    0.84
124    2    0.009    1    2   0    2.91
53    1    0.000    1    1   1    0.58
35    1    0.028    2    2   0    0.66
39    1    0.009    2    2   0    1.03
54    1    0.009    1    1   1    0.77
82    2    -0.009    2    1   0    1.77
18    1    0.000    1    1   1    0.64
110    2    0.028    1    2   0    0.84
32    1    -0.009    1    1   0    0.73
142    2    -0.009    2    1   0    1.64
131    2    -0.028    2    1   0    0.74
40    1    0.028    2    2   0    0.71
16    1    -0.028    1    1   0    0.71
137    2    -0.009    2    1   0    1.36
24    1    0.009    2    2   0    1.15
61    1    -0.028    1    1   0    0.59
100    2    0.028    1    2   0    0.68
72    1    -0.009    1    1   0    0.61
120    2    0.028    1    2   0    0.66
79    2    0.009    1    2   0    0.79
99    2    0.009    1    2   0    0.82
67    1    -0.009    1    1   0    0.59
91    2    -0.028    2    1   0    0.65
134    2    0.009    1    2   0    0.76
114    2    0.009    1    2   0    0.78
31    1    -0.028    1    1   0    0.52
113    2    0.000    2    1   1    1.07
80    2    0.028    1    2   0    0.59
111    2    -0.028    2    1   0    0.64
73    1    0.000    1    1   1    1.56
149    2    0.009    1    2   0    0.69
4    1    0.009    1    1   1    1.59
43    1    0.000    1    1   1    1.40
119    2    0.009    1    2   0    2.41
22    1    -0.009    1    1   0    0.67
143    2    0.000    2    1   1    4.45
87    2    -0.009    2    1   0    2.24
117    2    -0.009    2    1   0    2.44
44    1    0.009    2    2   0    3.38
84    2    0.009    1    2   0    1.22
49    1    0.009    2    2   0    2.20
127    2    -0.009    2    1   0    0.88
10    1    0.028    2    2   0    1.19
30    1    0.028    2    2   0    1.23
90    2    0.028    1    2   0    1.01
123    2    0.000    1    2   0    1.10
97    2    -0.009    1    2   1    0.99
139    2    0.009    1    2   0    0.63
57    1    -0.009    1    1   0    0.81
77    2    -0.009    2    1   0    0.97
92    2    -0.009    2    1   0    3.86
89    2    0.009    1    2   0    0.62
19    1    0.009    2    2   0    0.72
58    1    0.000    1    1   1    1.02
2    1    -0.009    1    1   0    1.85
116    2    -0.028    2    1   0    0.88
138    2    0.000    1    2   0    1.47
5    1    0.028    2    2   0    0.67
71    1    -0.028    1    1   0    0.75
132    2    -0.009    2    1   0    0.86
1    1    -0.028    2    2   1    1.38
55    1    0.028    2    2   0    0.58
23    1    0.000    1    1   1    2.34
126    2    -0.028    2    1   0    0.68
135    2    0.028    1    2   0    2.18
52    1    -0.009    1    1   0    0.95
121    2    -0.028    2    1   0    0.61
69    1    0.009    2    2   0    1.43
86    2    -0.028    2    1   0    0.85
96    2    -0.028    2    1   0    0.67
