--------------------------------
11-Mar-2015 19:48:09 
data from observer T13 
#occlusion2 expt 
reference disparity (degrees) 0.160000 

stim order disp kresp testresp correct time
1    2    0.074    1    2   1    1.79
2    2    0.069    1    2   1    0.50
3    2    -0.065    2    1   1    0.46
4    2    -0.060    2    1   1    0.49
5    1    -0.055    1    1   1    0.43
6    2    0.051    1    2   1    0.45
7    1    -0.046    1    1   1    0.43
8    2    0.042    1    2   1    0.42
9    1    0.037    2    2   1    0.43
10    2    -0.032    2    1   1    0.44
11    1    -0.028    1    1   1    0.42
12    1    0.023    2    2   1    0.45
13    1    -0.018    1    1   1    0.50
14    1    -0.014    1    1   1    0.55
15    2    0.009    1    2   1    1.38
16    1    -0.005    1    1   1    1.95
17    1    -0.005    1    1   1    1.17
18    2    -0.005    2    1   1    1.70
19    1    -0.005    1    1   1    0.63
20    2    -0.005    2    1   1    1.41
21    2    -0.005    1    2   0    0.66
22    2    0.014    1    2   1    0.59
23    1    -0.014    1    1   1    0.55
24    1    -0.009    1    1   1    0.49
25    2    0.009    1    2   1    0.96
26    1    0.005    2    2   1    0.67
27    2    -0.005    2    1   1    2.58
28    2    0.005    1    2   1    0.59
29    2    0.005    1    2   1    0.94
30    1    -0.005    1    1   1    0.59
31    1    0.005    1    1   0    3.04
32    2    0.014    1    2   1    0.82
33    1    0.014    2    2   1    0.91
34    2    -0.009    2    1   1    0.74
35    2    -0.009    2    1   1    0.51
36    1    0.005    1    1   0    0.56
37    1    -0.014    1    1   1    0.65
38    2    0.014    1    2   1    0.53
39    2    0.009    1    2   1    0.49
40    1    0.009    2    2   1    2.05
41    2    -0.005    2    1   1    0.81
42    1    0.005    2    2   1    4.92
43    2    0.005    1    2   1    1.37
44    2    0.005    1    2   1    0.69
45    1    0.005    2    2   1    0.67
46    2    -0.005    1    2   0    2.62
47    1    -0.014    1    1   1    0.61
48    1    -0.014    1    1   1    0.63
49    2    -0.009    2    1   1    0.69
50    2    0.009    1    2   1    0.52
-------------------------
Final staircase threshold estimate (mean) is 0.0074
-------------------------
92    2    -0.009    2    1   0    2.68
61    1    -0.018    1    1   0    0.48
128    2    0.000    1    2   0    0.57
120    2    0.018    1    2   0    0.66
82    2    -0.009    2    1   0    0.86
148    2    0.000    1    2   0    1.15
88    2    0.000    1    2   0    0.60
28    1    0.000    1    1   1    0.64
108    2    0.000    2    1   1    4.35
47    1    -0.009    1    1   0    1.08
52    1    -0.009    1    1   0    0.52
58    1    0.000    2    2   0    0.61
107    2    -0.009    2    1   0    1.07
124    2    0.009    1    2   0    0.55
67    1    -0.009    1    1   0    0.60
147    2    -0.009    2    1   0    1.40
144    2    0.009    1    2   0    0.52
100    2    0.018    1    2   0    0.51
93    2    0.000    1    2   0    1.38
16    1    -0.018    1    1   0    0.54
137    2    -0.009    2    1   0    0.56
99    2    0.009    1    2   0    0.49
71    1    -0.018    1    1   0    0.52
45    1    0.018    2    2   0    0.56
131    2    -0.018    2    1   0    0.57
46    1    -0.018    1    1   0    0.61
127    2    -0.009    1    2   1    0.59
21    1    -0.018    1    1   0    0.62
72    1    -0.009    1    1   0    0.53
57    1    -0.009    1    1   0    0.59
122    2    -0.009    2    1   0    0.53
32    1    -0.009    1    1   0    0.61
38    1    0.000    1    1   1    0.57
104    2    0.009    1    2   0    0.48
86    2    -0.018    2    1   0    0.61
110    2    0.018    1    2   0    0.60
25    1    0.018    2    2   0    0.53
106    2    -0.018    2    1   0    0.44
149    2    0.009    1    2   0    0.51
87    2    -0.009    2    1   0    1.72
121    2    -0.018    2    1   0    0.58
95    2    0.018    1    2   0    0.42
15    1    0.018    2    2   0    0.55
125    2    0.018    1    2   0    0.59
56    1    -0.018    1    1   0    0.51
105    2    0.018    1    2   0    0.49
142    2    -0.009    1    2   1    0.44
27    1    -0.009    1    1   0    0.92
62    1    -0.009    1    1   0    0.71
116    2    -0.018    2    1   0    0.67
70    1    0.018    2    2   0    0.69
132    2    -0.009    2    1   0    1.14
135    2    0.018    1    2   0    0.61
63    1    0.000    1    1   1    4.82
150    2    0.018    1    2   0    0.59
12    1    -0.009    1    1   0    0.48
7    1    -0.009    1    1   0    0.46
94    2    0.009    1    2   0    0.50
43    1    0.000    2    2   0    2.66
74    1    0.009    2    2   0    1.30
41    1    -0.018    1    1   0    0.59
140    2    0.018    1    2   0    0.48
20    1    0.018    2    2   0    0.61
26    1    -0.018    1    1   0    0.49
145    2    0.018    1    2   0    0.50
89    2    0.009    1    2   0    0.61
53    1    0.000    2    2   0    0.99
3    1    0.000    1    1   1    0.55
39    1    0.009    1    1   1    1.53
109    2    0.009    1    2   0    0.57
31    1    -0.018    1    1   0    0.59
60    1    0.018    2    2   0    1.12
37    1    -0.009    1    1   0    0.57
134    2    0.009    1    2   0    0.63
101    2    -0.018    1    2   1    0.59
113    2    0.000    1    2   0    1.12
18    1    0.000    1    1   1    1.38
66    1    -0.018    1    1   0    0.58
29    1    0.009    1    1   1    0.48
102    2    -0.009    2    1   0    2.79
68    1    0.000    2    2   0    1.57
36    1    -0.018    1    1   0    0.60
76    2    -0.018    2    1   0    0.55
136    2    -0.018    2    1   0    0.58
130    2    0.018    1    2   0    0.66
90    2    0.018    1    2   0    0.56
24    1    0.009    2    2   0    0.79
80    2    0.018    1    2   0    0.77
123    2    0.000    2    1   1    3.51
81    2    -0.018    2    1   0    0.80
79    2    0.009    1    2   0    0.62
146    2    -0.018    2    1   0    0.61
22    1    -0.009    1    1   0    1.79
42    1    -0.009    1    1   0    0.55
59    1    0.009    2    2   0    0.88
85    2    0.018    1    2   0    0.56
103    2    0.000    2    1   1    0.90
48    1    0.000    2    2   0    1.22
114    2    0.009    1    2   0    0.58
112    2    -0.009    2    1   0    0.60
143    2    0.000    2    1   1    1.58
69    1    0.009    2    2   0    0.95
91    2    -0.018    2    1   0    0.74
133    2    0.000    1    2   0    0.91
51    1    -0.018    1    1   0    0.62
44    1    0.009    2    2   0    0.74
141    2    -0.018    2    1   0    0.66
8    1    0.000    1    1   1    0.54
35    1    0.018    2    2   0    0.60
64    1    0.009    2    2   0    0.83
50    1    0.018    2    2   0    0.75
34    1    0.009    2    2   0    1.55
138    2    0.000    1    2   0    0.58
10    1    0.018    2    2   0    0.53
77    2    -0.009    2    1   0    0.57
139    2    0.009    1    2   0    0.72
17    1    -0.009    1    1   0    0.75
75    2    0.018    1    2   0    0.51
65    1    0.018    2    2   0    0.50
13    1    0.000    1    1   1    1.16
119    2    0.009    1    2   0    0.52
55    1    0.018    1    1   1    0.41
4    1    0.009    2    2   0    0.70
54    1    0.009    2    2   0    0.77
49    1    0.009    1    1   1    0.75
126    2    -0.018    2    1   0    0.60
30    1    0.018    2    2   0    0.64
33    1    0.000    1    1   1    0.75
118    2    0.000    2    1   1    0.90
5    1    0.018    2    2   0    0.62
84    2    0.009    1    2   0    0.57
117    2    -0.009    2    1   0    4.39
23    1    0.000    1    1   1    0.98
11    1    -0.018    1    1   0    0.72
6    1    -0.018    1    1   0    0.48
97    2    -0.009    2    1   0    0.77
83    2    0.000    1    2   0    0.56
9    1    0.009    2    2   0    0.62
96    2    -0.018    2    1   0    0.59
78    2    0.000    1    2   0    0.57
98    2    0.000    1    2   0    0.58
1    1    -0.018    1    1   0    0.65
19    1    0.009    2    2   0    1.13
115    2    0.018    1    2   0    0.60
2    1    -0.009    1    1   0    0.61
14    1    0.009    2    2   0    0.57
40    1    0.018    2    2   0    1.04
111    2    -0.018    2    1   0    0.72
73    1    0.000    1    1   1    0.86
129    2    0.009    2    1   1    0.55
