--------------------------------
16-Mar-2015 18:29:30 
data from observer T14 
#occlusion2 expt 
reference disparity (degrees) 0.160000 

stim order disp kresp testresp correct time
1    2    -0.074    1    2   1    5.27
2    2    0.069    2    1   1    0.72
3    1    0.065    1    1   1    1.77
4    2    0.060    2    1   1    0.64
5    2    0.055    2    1   1    0.66
6    1    -0.051    2    2   1    1.92
7    2    -0.046    2    1   0    0.87
8    2    0.055    2    1   1    0.74
9    2    -0.055    1    2   1    1.12
10    2    -0.051    2    1   0    0.72
11    2    0.060    2    1   1    0.73
12    1    0.060    2    2   0    1.77
13    2    0.069    2    1   1    0.91
14    1    -0.069    2    2   1    1.59
15    2    0.065    2    1   1    0.82
16    2    -0.065    1    2   1    1.86
17    2    -0.060    2    1   0    0.85
18    1    0.069    2    2   0    2.03
19    1    -0.079    2    2   1    1.85
20    2    -0.079    2    1   0    2.58
21    1    -0.088    2    2   1    1.10
22    2    0.088    2    1   1    2.00
23    2    0.083    2    1   1    2.03
24    1    -0.083    2    2   1    1.29
25    1    0.079    1    1   1    0.88
26    1    0.079    1    1   1    0.73
27    2    0.074    2    1   1    0.73
28    1    0.074    1    1   1    0.46
29    2    0.069    2    1   1    0.46
30    1    -0.069    2    2   1    1.35
31    2    0.065    2    1   1    0.60
32    2    -0.065    1    2   1    0.58
33    1    0.060    1    1   1    3.00
34    1    0.060    2    2   0    1.02
35    1    -0.069    2    2   1    0.70
36    2    0.069    2    1   1    0.97
37    2    0.065    2    1   1    1.14
38    1    -0.065    2    2   1    1.20
39    1    0.060    1    1   1    1.35
40    1    0.060    1    1   1    2.36
41    2    0.055    2    1   1    0.86
42    1    0.055    1    1   1    1.89
43    2    0.051    2    1   1    0.66
44    1    0.051    1    1   1    0.86
45    2    0.046    2    1   1    0.62
46    1    -0.046    2    2   1    0.58
47    2    0.042    2    1   1    0.62
48    2    0.042    2    1   1    0.63
49    1    0.037    1    1   1    1.30
50    1    0.037    1    1   1    1.75
-------------------------
Final staircase threshold estimate (mean) is 0.0462
-------------------------
119    2    0.046    2    1   1    2.07
101    2    -0.115    1    2   1    0.85
33    1    0.000    2    2   0    0.76
112    2    -0.046    1    2   1    0.76
20    1    0.115    1    1   1    0.54
47    1    -0.046    2    2   1    0.70
138    2    0.000    1    2   0    0.85
74    1    0.046    2    2   0    0.82
99    2    0.046    2    1   1    0.52
53    1    0.000    2    2   0    1.65
50    1    0.115    1    1   1    0.58
24    1    0.046    2    2   0    1.34
41    1    -0.115    2    2   1    0.58
117    2    -0.046    1    2   1    0.60
3    1    0.000    2    2   0    0.64
123    2    0.000    2    1   1    2.58
146    2    -0.115    1    2   1    0.64
125    2    0.115    2    1   1    0.49
11    1    -0.115    2    2   1    0.53
83    2    0.000    1    2   0    0.83
136    2    -0.115    2    1   0    1.03
104    2    0.046    2    1   1    0.58
14    1    0.046    1    1   1    3.47
103    2    0.000    2    1   1    0.68
134    2    0.046    2    1   1    0.50
105    2    0.115    2    1   1    0.47
150    2    0.115    2    1   1    0.40
32    1    -0.046    2    2   1    0.63
73    1    0.000    1    1   1    2.87
107    2    -0.046    1    2   1    0.92
54    1    0.046    1    1   1    0.75
97    2    -0.046    1    2   1    0.97
28    1    0.000    2    2   0    0.95
18    1    0.000    2    2   0    0.71
56    1    -0.115    2    2   1    1.06
144    2    0.046    2    1   1    0.76
149    2    0.046    2    1   1    3.19
35    1    0.115    1    1   1    0.94
55    1    0.115    1    1   1    0.76
30    1    0.115    1    1   1    0.99
75    2    0.115    2    1   1    0.88
31    1    -0.115    2    2   1    0.55
108    2    0.000    1    2   0    1.22
118    2    0.000    2    1   1    1.45
15    1    0.115    1    1   1    0.73
67    1    -0.046    2    2   1    0.56
139    2    0.046    2    1   1    1.96
88    2    0.000    2    1   1    2.73
124    2    0.046    2    1   1    6.62
29    1    0.046    1    1   1    1.69
2    1    -0.046    1    1   0    2.60
86    2    -0.115    1    2   1    1.94
12    1    -0.046    2    2   1    1.34
90    2    0.115    2    1   1    0.55
52    1    -0.046    2    2   1    0.87
23    1    0.000    2    2   0    0.69
22    1    -0.046    2    2   1    1.23
25    1    0.115    1    1   1    0.64
45    1    0.115    2    2   0    0.68
21    1    -0.115    2    2   1    0.59
79    2    0.046    2    1   1    0.58
84    2    0.046    2    1   1    0.84
113    2    0.000    1    2   0    1.54
69    1    0.046    2    2   0    2.19
34    1    0.046    1    1   1    0.64
78    2    0.000    1    2   0    1.42
100    2    0.115    2    1   1    0.55
141    2    -0.115    1    2   1    0.57
87    2    -0.046    1    2   1    1.08
92    2    -0.046    1    2   1    0.83
126    2    -0.115    1    2   1    0.82
110    2    0.115    2    1   1    0.62
85    2    0.115    2    1   1    2.30
10    1    0.115    1    1   1    0.74
95    2    0.115    2    1   1    0.67
37    1    -0.046    2    2   1    4.18
143    2    0.000    2    1   1    7.03
59    1    0.046    1    1   1    0.85
60    1    0.115    1    1   1    0.72
77    2    -0.046    1    2   1    0.86
115    2    0.115    2    1   1    0.69
66    1    -0.115    2    2   1    0.97
114    2    0.046    2    1   1    2.93
135    2    0.115    2    1   1    0.88
140    2    0.115    2    1   1    0.70
40    1    0.115    1    1   1    1.38
43    1    0.000    1    1   1    7.44
64    1    0.046    1    1   1    0.72
70    1    0.115    1    1   1    1.69
1    1    -0.115    2    2   1    0.63
46    1    -0.115    2    2   1    0.64
26    1    -0.115    2    2   1    1.12
133    2    0.000    2    1   1    1.42
61    1    -0.115    2    2   1    0.63
128    2    0.000    2    1   1    1.42
148    2    0.000    2    1   1    4.10
63    1    0.000    2    2   0    4.87
130    2    0.115    2    1   1    0.63
5    1    0.115    1    1   1    0.71
49    1    0.046    1    1   1    1.16
81    2    -0.115    2    1   0    0.88
82    2    -0.046    1    2   1    0.75
147    2    -0.046    1    2   1    0.93
6    1    -0.115    2    2   1    0.46
7    1    -0.046    2    2   1    0.63
72    1    -0.046    2    2   1    0.55
129    2    0.046    2    1   1    0.66
106    2    -0.115    2    1   0    1.34
51    1    -0.115    2    2   1    0.60
57    1    -0.046    2    2   1    0.57
145    2    0.115    2    1   1    0.60
91    2    -0.115    1    2   1    2.52
71    1    -0.115    2    2   1    0.75
93    2    0.000    2    1   1    0.84
131    2    -0.115    1    2   1    0.70
8    1    0.000    2    2   0    0.98
122    2    -0.046    1    2   1    0.85
58    1    0.000    2    2   0    9.59
121    2    -0.115    1    2   1    2.65
109    2    0.046    2    1   1    0.63
80    2    0.115    2    1   1    0.65
89    2    0.046    2    1   1    1.73
142    2    -0.046    2    1   0    0.60
17    1    -0.046    2    2   1    0.73
102    2    -0.046    1    2   1    0.60
127    2    -0.046    1    2   1    1.29
13    1    0.000    2    2   0    2.98
116    2    -0.115    1    2   1    0.68
9    1    0.046    2    2   0    0.96
132    2    -0.046    1    2   1    1.09
76    2    -0.115    2    1   0    0.75
36    1    -0.115    2    2   1    0.58
98    2    0.000    2    1   1    0.57
44    1    0.046    1    1   1    0.95
96    2    -0.115    1    2   1    0.84
137    2    -0.046    1    2   1    3.09
65    1    0.115    1    1   1    0.57
111    2    -0.115    1    2   1    0.70
4    1    0.046    1    1   1    0.72
38    1    0.000    1    1   1    0.77
48    1    0.000    1    1   1    3.30
42    1    -0.046    2    2   1    0.58
94    2    0.046    2    1   1    1.02
120    2    0.115    2    1   1    0.59
68    1    0.000    2    2   0    4.38
16    1    -0.115    2    2   1    0.65
39    1    0.046    2    2   0    1.01
62    1    -0.046    2    2   1    0.57
27    1    -0.046    2    2   1    0.79
19    1    0.046    2    2   0    0.60
