--------------------------------
16-Mar-2015 18:13:50 
data from observer T14 
#occlusion2 expt 
reference disparity (degrees) 0.160000 

stim order disp kresp testresp correct time
1    1    0.074    2    2   0    1.49
2    1    -0.083    2    2   1    0.82
3    2    0.079    2    1   1    1.16
4    2    0.079    2    1   1    1.34
5    1    -0.074    2    2   1    2.94
6    1    0.074    1    1   1    1.59
7    2    0.069    2    1   1    1.10
8    1    0.069    1    1   1    0.95
9    2    -0.065    2    1   0    0.75
10    1    -0.074    2    2   1    0.82
11    1    0.074    1    1   1    1.64
12    2    -0.069    1    2   1    1.01
13    1    -0.069    2    2   1    0.99
14    1    0.065    1    1   1    0.70
15    2    -0.065    1    2   1    0.72
16    2    -0.060    1    2   1    0.85
17    1    -0.060    2    2   1    0.62
18    2    -0.055    1    2   1    1.01
19    2    -0.055    2    1   0    0.80
20    2    0.065    2    1   1    0.76
21    1    -0.065    2    2   1    1.13
22    1    0.060    1    1   1    0.60
23    2    0.060    2    1   1    0.71
24    1    -0.055    2    2   1    0.91
25    2    0.055    2    1   1    1.38
26    1    0.051    1    1   1    0.69
27    1    0.051    2    2   0    0.84
28    1    -0.060    2    2   1    0.58
29    1    0.060    2    2   0    0.72
30    1    -0.069    2    2   1    1.26
31    2    -0.069    1    2   1    0.73
32    2    -0.065    1    2   1    0.94
33    1    -0.065    2    2   1    0.70
34    1    -0.060    2    2   1    0.91
35    1    -0.060    2    2   1    1.05
36    1    0.055    1    1   1    1.65
37    2    -0.055    2    1   0    0.99
38    1    -0.065    2    2   1    0.54
39    1    0.065    1    1   1    0.47
40    2    0.060    2    1   1    0.59
41    2    -0.060    1    2   1    0.51
42    1    0.055    1    1   1    0.66
43    2    0.055    2    1   1    0.54
44    1    0.051    1    1   1    0.67
45    2    -0.051    2    1   0    0.91
46    1    -0.060    2    2   1    1.39
47    1    0.060    1    1   1    0.74
48    2    -0.055    1    2   1    0.62
49    2    -0.055    1    2   1    0.56
50    2    -0.051    1    2   1    0.59
-------------------------
Final staircase threshold estimate (mean) is 0.0554
-------------------------
136    2    -0.139    1    2   1    1.93
5    1    0.139    1    1   1    0.54
60    1    0.139    1    1   1    1.69
74    1    0.055    1    1   1    1.56
31    1    -0.139    2    2   1    0.61
22    1    -0.055    2    2   1    0.68
29    1    0.055    1    1   1    0.74
37    1    -0.055    2    2   1    0.59
89    2    0.055    2    1   1    0.57
6    1    -0.139    2    2   1    0.59
19    1    0.055    1    1   1    1.28
140    2    0.139    2    1   1    0.69
17    1    -0.055    2    2   1    1.31
11    1    -0.139    2    2   1    1.53
118    2    0.000    1    2   0    0.83
59    1    0.055    1    1   1    0.60
53    1    0.000    1    1   1    3.20
108    2    0.000    2    1   1    2.13
15    1    0.139    1    1   1    2.04
32    1    -0.055    2    2   1    0.72
111    2    -0.139    1    2   1    0.76
87    2    -0.055    1    2   1    0.77
9    1    0.055    1    1   1    0.76
143    2    0.000    1    2   0    0.62
102    2    -0.055    1    2   1    0.62
13    1    0.000    2    2   0    1.19
12    1    -0.055    2    2   1    0.62
48    1    0.000    1    1   1    4.72
120    2    0.139    2    1   1    0.72
122    2    -0.055    1    2   1    0.57
115    2    0.139    2    1   1    0.65
40    1    0.139    1    1   1    1.65
65    1    0.139    1    1   1    0.65
62    1    -0.055    2    2   1    0.56
30    1    0.139    1    1   1    0.92
52    1    -0.055    2    2   1    0.47
142    2    -0.055    1    2   1    0.55
131    2    -0.139    2    1   0    0.84
14    1    0.055    1    1   1    0.63
23    1    0.000    2    2   0    1.14
144    2    0.055    2    1   1    0.59
16    1    -0.139    2    2   1    0.73
2    1    -0.055    2    2   1    2.27
55    1    0.139    1    1   1    0.81
78    2    0.000    2    1   1    0.90
82    2    -0.055    1    2   1    0.65
145    2    0.139    2    1   1    0.47
100    2    0.139    2    1   1    0.56
125    2    0.139    2    1   1    0.52
148    2    0.000    1    2   0    4.09
149    2    0.055    2    1   1    0.55
21    1    -0.139    2    2   1    0.82
10    1    0.139    1    1   1    0.43
90    2    0.139    2    1   1    0.51
119    2    0.055    2    1   1    0.49
96    2    -0.139    1    2   1    0.57
45    1    0.139    1    1   1    0.55
139    2    0.055    2    1   1    0.52
138    2    0.000    2    1   1    0.50
75    2    0.139    2    1   1    0.48
110    2    0.139    2    1   1    0.50
101    2    -0.139    1    2   1    0.56
132    2    -0.055    1    2   1    1.03
46    1    -0.139    2    2   1    0.68
54    1    0.055    1    1   1    0.90
94    2    0.055    2    1   1    0.46
126    2    -0.139    1    2   1    0.59
50    1    0.139    1    1   1    1.02
150    2    0.139    2    1   1    0.54
77    2    -0.055    1    2   1    0.58
41    1    -0.139    2    2   1    0.53
26    1    -0.139    2    2   1    0.51
146    2    -0.139    1    2   1    0.58
71    1    -0.139    2    2   1    0.50
106    2    -0.139    1    2   1    0.76
61    1    -0.139    2    2   1    0.40
47    1    -0.055    2    2   1    0.77
147    2    -0.055    1    2   1    0.60
130    2    0.139    2    1   1    0.44
73    1    0.000    2    2   0    0.73
36    1    -0.139    2    2   1    0.64
83    2    0.000    1    2   0    1.22
68    1    0.000    1    1   1    4.43
107    2    -0.055    1    2   1    0.83
129    2    0.055    2    1   1    0.55
3    1    0.000    2    2   0    1.19
76    2    -0.139    1    2   1    3.64
51    1    -0.139    2    2   1    0.67
8    1    0.000    2    2   0    1.58
88    2    0.000    1    2   0    1.46
117    2    -0.055    1    2   1    1.38
91    2    -0.139    1    2   1    0.66
86    2    -0.139    1    2   1    1.60
58    1    0.000    2    2   0    0.80
116    2    -0.139    1    2   1    0.79
137    2    -0.055    1    2   1    0.84
1    1    -0.139    2    2   1    0.55
27    1    -0.055    2    2   1    0.63
127    2    -0.055    1    2   1    0.70
133    2    0.000    1    2   0    0.70
43    1    0.000    2    2   0    2.52
121    2    -0.139    1    2   1    2.18
33    1    0.000    2    2   0    3.03
135    2    0.139    2    1   1    0.83
34    1    0.055    1    1   1    0.72
72    1    -0.055    2    2   1    0.56
24    1    0.055    1    1   1    0.52
49    1    0.055    1    1   1    1.76
95    2    0.139    2    1   1    0.52
113    2    0.000    1    2   0    0.86
57    1    -0.055    2    2   1    0.50
103    2    0.000    1    2   0    0.60
56    1    -0.139    2    2   1    0.52
25    1    0.139    1    1   1    1.09
39    1    0.055    1    1   1    0.62
66    1    -0.139    2    2   1    0.43
93    2    0.000    1    2   0    0.57
4    1    0.055    1    1   1    0.74
141    2    -0.139    1    2   1    0.57
124    2    0.055    2    1   1    0.54
80    2    0.139    2    1   1    0.52
128    2    0.000    1    2   0    2.84
44    1    0.055    1    1   1    0.59
81    2    -0.139    1    2   1    0.63
99    2    0.055    2    1   1    0.55
84    2    0.055    2    1   1    0.48
35    1    0.139    1    1   1    2.79
114    2    0.055    2    1   1    0.72
104    2    0.055    2    1   1    0.50
69    1    0.055    1    1   1    1.43
18    1    0.000    2    2   0    0.34
134    2    0.055    2    1   1    0.40
28    1    0.000    2    2   0    0.85
67    1    -0.055    2    2   1    0.49
123    2    0.000    1    2   0    1.61
112    2    -0.055    1    2   1    3.29
109    2    0.055    2    1   1    0.58
105    2    0.139    2    1   1    0.49
38    1    0.000    1    1   1    1.57
20    1    0.139    1    1   1    0.47
85    2    0.139    2    1   1    0.57
92    2    -0.055    1    2   1    0.49
79    2    0.055    2    1   1    0.48
63    1    0.000    1    1   1    1.71
70    1    0.139    1    1   1    0.85
97    2    -0.055    1    2   1    1.24
7    1    -0.055    2    2   1    0.52
64    1    0.055    1    1   1    0.90
42    1    -0.055    2    2   1    0.59
98    2    0.000    1    2   0    5.54
