--------------------------------
16-Mar-2015 18:21:07 
data from observer T14 
#occlusion2 expt 
reference disparity (degrees) 0.160000 

stim order disp kresp testresp correct time
1    1    0.074    1    1   1    3.13
2    1    -0.069    2    2   1    0.79
3    2    0.065    2    1   1    0.54
4    1    -0.060    2    2   1    0.63
5    2    0.055    2    1   1    0.64
6    1    -0.051    2    2   1    0.98
7    2    -0.046    1    2   1    0.63
8    2    0.042    2    1   1    0.71
9    1    -0.037    2    2   1    0.62
10    2    -0.032    1    2   1    0.93
11    2    -0.028    1    2   1    1.35
12    1    0.023    1    1   1    2.13
13    2    -0.018    2    1   0    0.89
14    2    -0.028    2    1   0    2.42
15    1    0.037    1    1   1    1.27
16    1    -0.037    2    2   1    0.60
17    2    0.032    1    2   0    0.60
18    1    0.042    1    1   1    2.56
19    1    0.042    1    1   1    1.01
20    2    0.037    2    1   1    0.69
21    2    0.037    2    1   1    0.64
22    2    0.032    2    1   1    0.65
23    1    -0.032    2    2   1    0.70
24    2    0.028    1    2   0    1.26
25    1    0.037    2    2   0    0.79
26    1    -0.046    2    2   1    1.49
27    1    0.046    1    1   1    0.92
28    1    -0.042    2    2   1    0.52
29    1    -0.042    2    2   1    1.02
30    1    -0.037    2    2   1    1.62
31    2    -0.037    1    2   1    0.85
32    1    0.032    1    1   1    2.40
33    2    0.032    2    1   1    1.43
34    2    -0.028    1    2   1    1.00
35    1    0.028    1    1   1    0.87
36    2    0.023    2    1   1    0.72
37    2    -0.023    2    1   0    0.93
38    2    0.032    2    1   1    1.65
39    1    -0.032    1    1   0    2.06
40    2    -0.042    2    1   0    1.94
41    2    -0.051    1    2   1    0.89
42    1    0.051    1    1   1    0.88
43    2    -0.046    2    1   0    1.05
44    1    0.055    1    1   1    0.71
45    2    -0.055    1    2   1    1.00
46    2    0.051    2    1   1    0.56
47    1    -0.051    2    2   1    0.58
48    1    -0.046    2    2   1    1.41
49    2    0.046    2    1   1    2.64
50    1    0.042    1    1   1    1.33
-------------------------
Final staircase threshold estimate (mean) is 0.0494
-------------------------
41    1    -0.125    2    2   1    1.72
42    1    -0.051    2    2   1    1.66
8    1    0.000    1    1   1    1.28
108    2    0.000    2    1   1    4.84
101    2    -0.125    1    2   1    0.74
91    2    -0.125    1    2   1    0.85
45    1    0.125    2    2   0    0.70
126    2    -0.125    1    2   1    0.66
105    2    0.125    2    1   1    0.48
137    2    -0.051    1    2   1    0.82
129    2    0.051    2    1   1    0.51
12    1    -0.051    2    2   1    0.57
78    2    0.000    1    2   0    5.15
21    1    -0.125    2    2   1    0.61
63    1    0.000    2    2   0    0.59
124    2    0.051    2    1   1    0.60
77    2    -0.051    1    2   1    0.74
43    1    0.000    2    2   0    1.94
112    2    -0.051    1    2   1    1.45
104    2    0.051    2    1   1    0.62
149    2    0.051    2    1   1    0.99
2    1    -0.051    2    2   1    1.81
54    1    0.051    1    1   1    2.50
85    2    0.125    2    1   1    0.83
119    2    0.051    2    1   1    1.02
110    2    0.125    2    1   1    0.52
7    1    -0.051    2    2   1    0.75
14    1    0.051    1    1   1    0.69
22    1    -0.051    2    2   1    0.66
4    1    0.051    1    1   1    2.75
76    2    -0.125    1    2   1    0.99
93    2    0.000    2    1   1    0.73
80    2    0.125    2    1   1    0.61
121    2    -0.125    1    2   1    1.16
99    2    0.051    2    1   1    0.78
107    2    -0.051    1    2   1    1.93
17    1    -0.051    2    2   1    0.57
145    2    0.125    2    1   1    0.62
44    1    0.051    1    1   1    0.91
64    1    0.051    2    2   0    0.98
138    2    0.000    2    1   1    1.09
50    1    0.125    1    1   1    0.82
32    1    -0.051    2    2   1    0.47
144    2    0.051    2    1   1    0.55
132    2    -0.051    1    2   1    0.80
51    1    -0.125    2    2   1    1.45
53    1    0.000    2    2   0    1.20
47    1    -0.051    2    2   1    0.65
113    2    0.000    2    1   1    1.43
34    1    0.051    1    1   1    0.68
57    1    -0.051    2    2   1    0.47
86    2    -0.125    1    2   1    0.48
11    1    -0.125    2    2   1    0.52
46    1    -0.125    2    2   1    0.46
27    1    -0.051    2    2   1    1.32
100    2    0.125    2    1   1    0.66
118    2    0.000    1    2   0    3.20
98    2    0.000    2    1   1    3.95
69    1    0.051    1    1   1    3.97
147    2    -0.051    1    2   1    0.96
65    1    0.125    1    1   1    0.92
60    1    0.125    1    1   1    1.51
73    1    0.000    2    2   0    0.57
71    1    -0.125    2    2   1    0.48
68    1    0.000    1    1   1    2.20
61    1    -0.125    2    2   1    1.75
90    2    0.125    2    1   1    0.80
75    2    0.125    2    1   1    1.04
140    2    0.125    2    1   1    1.10
74    1    0.051    1    1   1    0.67
26    1    -0.125    2    2   1    0.53
55    1    0.125    1    1   1    1.86
31    1    -0.125    2    2   1    0.54
94    2    0.051    2    1   1    0.52
16    1    -0.125    2    2   1    0.70
48    1    0.000    2    2   0    2.07
6    1    -0.125    2    2   1    0.57
130    2    0.125    2    1   1    0.52
35    1    0.125    1    1   1    2.45
143    2    0.000    2    1   1    0.85
115    2    0.125    2    1   1    0.67
13    1    0.000    1    1   1    0.64
66    1    -0.125    2    2   1    0.45
97    2    -0.051    1    2   1    1.57
114    2    0.051    2    1   1    0.52
134    2    0.051    2    1   1    0.55
5    1    0.125    1    1   1    0.83
96    2    -0.125    2    1   0    2.50
102    2    -0.051    1    2   1    1.62
28    1    0.000    2    2   0    0.60
92    2    -0.051    1    2   1    0.79
59    1    0.051    1    1   1    0.97
88    2    0.000    1    2   0    0.98
117    2    -0.051    2    1   0    0.64
122    2    -0.051    1    2   1    0.78
139    2    0.051    2    1   1    0.63
116    2    -0.125    1    2   1    0.88
30    1    0.125    1    1   1    0.90
1    1    -0.125    2    2   1    1.14
58    1    0.000    2    2   0    0.93
24    1    0.051    1    1   1    0.72
33    1    0.000    2    2   0    3.26
82    2    -0.051    1    2   1    1.52
95    2    0.125    2    1   1    0.51
15    1    0.125    2    2   0    0.52
23    1    0.000    1    1   1    4.35
70    1    0.125    1    1   1    0.89
142    2    -0.051    2    1   0    3.33
120    2    0.125    2    1   1    0.78
19    1    0.051    1    1   1    1.01
10    1    0.125    1    1   1    0.75
9    1    0.051    1    1   1    0.89
25    1    0.125    1    1   1    0.81
135    2    0.125    2    1   1    0.54
136    2    -0.125    1    2   1    0.65
133    2    0.000    2    1   1    0.57
109    2    0.051    2    1   1    0.56
40    1    0.125    1    1   1    0.57
148    2    0.000    2    1   1    2.33
127    2    -0.051    1    2   1    1.81
128    2    0.000    2    1   1    1.58
37    1    -0.051    2    2   1    2.75
29    1    0.051    1    1   1    2.63
56    1    -0.125    2    2   1    0.52
123    2    0.000    2    1   1    0.55
3    1    0.000    2    2   0    1.00
52    1    -0.051    2    2   1    0.54
150    2    0.125    2    1   1    1.51
72    1    -0.051    2    2   1    1.48
81    2    -0.125    1    2   1    0.67
83    2    0.000    2    1   1    0.96
67    1    -0.051    2    2   1    0.59
111    2    -0.125    1    2   1    0.68
106    2    -0.125    1    2   1    0.86
146    2    -0.125    1    2   1    0.94
20    1    0.125    2    2   0    0.92
36    1    -0.125    2    2   1    0.68
79    2    0.051    2    1   1    1.01
89    2    0.051    2    1   1    0.69
38    1    0.000    2    2   0    0.49
18    1    0.000    2    2   0    1.01
49    1    0.051    1    1   1    1.20
84    2    0.051    2    1   1    0.55
39    1    0.051    1    1   1    0.80
131    2    -0.125    1    2   1    0.65
62    1    -0.051    2    2   1    1.05
103    2    0.000    2    1   1    0.97
125    2    0.125    2    1   1    0.47
141    2    -0.125    2    1   0    0.48
87    2    -0.051    1    2   1    1.74
