--------------------------------
16-Mar-2015 19:27:22 
data from observer T14 
#occlusion2 expt 
reference disparity (degrees) 0.160000 

stim order disp kresp testresp correct time
1    2    -0.074    2    1   1    3.47
2    2    0.069    2    1   0    9.35
3    1    -0.079    1    1   1    4.08
4    1    0.079    2    2   1    0.84
5    1    0.074    2    2   1    0.53
6    2    0.074    1    2   1    0.72
7    2    -0.069    2    1   1    0.53
8    2    0.069    1    2   1    1.25
9    1    -0.065    2    2   0    0.69
10    2    0.074    1    2   1    0.60
11    2    -0.074    2    1   1    0.53
12    2    -0.069    2    1   1    0.47
13    1    -0.069    1    1   1    0.48
14    1    0.065    2    2   1    0.44
15    2    -0.065    2    1   1    0.40
16    2    0.060    1    2   1    0.94
17    2    -0.060    2    1   1    0.52
18    1    0.055    2    2   1    0.48
19    1    -0.055    2    2   0    0.56
20    2    0.065    1    2   1    0.63
21    2    0.065    2    1   0    2.83
22    1    0.074    2    2   1    0.62
23    2    -0.074    2    1   1    0.72
24    2    -0.069    2    1   1    0.58
25    2    -0.069    2    1   1    1.31
26    2    0.065    1    2   1    4.10
27    2    0.065    1    2   1    1.03
28    2    -0.060    2    1   1    0.48
29    2    0.060    1    2   1    1.11
30    1    0.055    2    2   1    0.48
31    2    0.055    1    2   1    0.77
32    2    0.051    2    1   0    0.91
33    1    -0.060    1    1   1    1.50
34    1    -0.060    2    2   0    0.56
35    2    0.069    1    2   1    0.85
36    2    -0.069    2    1   1    0.53
37    2    -0.065    2    1   1    0.52
38    2    0.065    1    2   1    0.57
39    1    -0.060    2    2   0    0.84
40    1    0.069    2    2   1    0.50
41    2    0.069    1    2   1    0.60
42    1    0.065    2    2   1    0.41
43    2    0.065    1    2   1    0.89
44    2    0.060    1    2   1    0.59
45    2    0.060    1    2   1    0.56
46    1    0.055    2    2   1    0.45
47    1    -0.055    1    1   1    0.76
48    2    -0.051    2    1   1    0.52
49    2    0.051    1    2   1    0.53
50    2    -0.046    2    1   1    0.48
-------------------------
Final staircase threshold estimate (mean) is 0.0577
-------------------------
104    2    0.055    2    1   1    1.00
114    2    0.055    1    2   0    3.54
118    2    0.000    2    1   1    0.60
7    1    -0.055    1    1   0    1.06
146    2    -0.143    2    1   0    0.63
90    2    0.143    1    2   0    2.27
17    1    -0.055    2    2   1    1.45
12    1    -0.055    1    1   0    2.26
55    1    0.143    2    2   0    0.72
26    1    -0.143    1    1   0    0.95
56    1    -0.143    1    1   0    1.08
1    1    -0.143    1    1   0    0.75
115    2    0.143    1    2   0    2.81
36    1    -0.143    2    2   1    1.05
141    2    -0.143    2    1   0    0.54
38    1    0.000    2    2   0    0.78
87    2    -0.055    2    1   0    1.10
53    1    0.000    2    2   0    1.16
150    2    0.143    1    2   0    0.82
82    2    -0.055    2    1   0    0.62
54    1    0.055    2    2   0    0.89
94    2    0.055    1    2   0    0.94
39    1    0.055    2    2   0    0.97
119    2    0.055    1    2   0    0.66
43    1    0.000    2    2   0    0.58
89    2    0.055    1    2   0    1.17
37    1    -0.055    1    1   0    2.61
76    2    -0.143    2    1   0    0.90
140    2    0.143    1    2   0    0.91
29    1    0.055    2    2   0    0.57
88    2    0.000    2    1   1    0.78
8    1    0.000    2    2   0    2.70
3    1    0.000    1    1   1    8.74
51    1    -0.143    1    1   0    1.86
30    1    0.143    2    2   0    0.67
2    1    -0.055    1    1   0    2.91
92    2    -0.055    2    1   0    0.63
98    2    0.000    2    1   1    3.00
66    1    -0.143    1    1   0    0.64
91    2    -0.143    2    1   0    0.49
134    2    0.055    1    2   0    0.58
113    2    0.000    2    1   1    0.88
79    2    0.055    1    2   0    0.69
142    2    -0.055    2    1   0    0.59
48    1    0.000    2    2   0    1.82
117    2    -0.055    2    1   0    0.82
18    1    0.000    1    1   1    0.51
138    2    0.000    2    1   1    0.59
111    2    -0.143    2    1   0    0.62
71    1    -0.143    1    1   0    0.99
116    2    -0.143    2    1   0    0.86
139    2    0.055    1    2   0    1.38
11    1    -0.143    2    2   1    2.50
143    2    0.000    2    1   1    1.78
93    2    0.000    2    1   1    1.58
99    2    0.055    1    2   0    1.70
42    1    -0.055    1    1   0    1.79
21    1    -0.143    1    1   0    1.30
10    1    0.143    2    2   0    0.55
130    2    0.143    1    2   0    0.59
97    2    -0.055    2    1   0    0.45
44    1    0.055    2    2   0    0.62
100    2    0.143    1    2   0    0.64
46    1    -0.143    1    1   0    0.98
14    1    0.055    2    2   0    0.49
58    1    0.000    2    2   0    4.14
85    2    0.143    1    2   0    0.68
120    2    0.143    1    2   0    5.99
124    2    0.055    1    2   0    1.96
128    2    0.000    2    1   1    2.29
81    2    -0.143    2    1   0    0.97
9    1    0.055    2    2   0    1.18
52    1    -0.055    1    1   0    1.32
102    2    -0.055    2    1   0    0.54
72    1    -0.055    1    1   0    0.72
96    2    -0.143    2    1   0    0.56
108    2    0.000    2    1   1    1.50
144    2    0.055    1    2   0    0.55
83    2    0.000    2    1   1    0.58
16    1    -0.143    1    1   0    0.63
132    2    -0.055    2    1   0    0.56
28    1    0.000    2    2   0    4.76
23    1    0.000    1    1   1    3.01
74    1    0.055    2    2   0    0.68
35    1    0.143    2    2   0    0.58
33    1    0.000    2    2   0    5.79
105    2    0.143    1    2   0    0.65
86    2    -0.143    2    1   0    0.52
32    1    -0.055    1    1   0    0.56
136    2    -0.143    2    1   0    0.47
131    2    -0.143    2    1   0    0.49
103    2    0.000    2    1   1    3.57
22    1    -0.055    1    1   0    0.65
4    1    0.055    2    2   0    0.79
57    1    -0.055    1    1   0    0.75
80    2    0.143    1    2   0    0.58
59    1    0.055    2    2   0    0.50
41    1    -0.143    1    1   0    2.25
49    1    0.055    2    2   0    0.57
137    2    -0.055    2    1   0    0.53
107    2    -0.055    2    1   0    0.50
135    2    0.143    1    2   0    0.53
40    1    0.143    2    2   0    0.45
15    1    0.143    2    2   0    0.52
122    2    -0.055    2    1   0    0.56
68    1    0.000    2    2   0    0.76
31    1    -0.143    1    1   0    1.74
147    2    -0.055    2    1   0    0.61
123    2    0.000    2    1   1    1.69
67    1    -0.055    1    1   0    0.64
5    1    0.143    2    2   0    0.70
65    1    0.143    2    2   0    0.54
70    1    0.143    2    2   0    0.50
78    2    0.000    2    1   1    10.66
47    1    -0.055    1    1   0    1.62
13    1    0.000    2    2   0    1.06
61    1    -0.143    1    1   0    0.53
121    2    -0.143    2    1   0    0.53
73    1    0.000    1    1   1    1.90
69    1    0.055    2    2   0    0.61
106    2    -0.143    2    1   0    0.83
63    1    0.000    1    1   1    0.91
112    2    -0.055    2    1   0    0.55
45    1    0.143    2    2   0    0.43
109    2    0.055    1    2   0    0.59
24    1    0.055    2    2   0    3.06
6    1    -0.143    1    1   0    1.28
133    2    0.000    1    2   0    4.94
60    1    0.143    2    2   0    0.58
149    2    0.055    1    2   0    0.61
50    1    0.143    2    2   0    0.56
27    1    -0.055    1    1   0    0.66
129    2    0.055    1    2   0    0.79
148    2    0.000    1    2   0    0.81
77    2    -0.055    2    1   0    0.54
125    2    0.143    1    2   0    0.82
101    2    -0.143    2    1   0    0.52
20    1    0.143    2    2   0    0.45
127    2    -0.055    2    1   0    0.58
64    1    0.055    2    2   0    7.66
75    2    0.143    1    2   0    0.61
25    1    0.143    2    2   0    0.63
110    2    0.143    1    2   0    0.57
19    1    0.055    2    2   0    0.54
34    1    0.055    2    2   0    1.25
84    2    0.055    1    2   0    0.58
62    1    -0.055    1    1   0    0.92
126    2    -0.143    2    1   0    0.56
145    2    0.143    1    2   0    0.61
95    2    0.143    1    2   0    0.61
