--------------------------------
16-Mar-2015 18:37:21 
data from observer T14 
#occlusion2 expt 
reference disparity (degrees) 0.160000 

stim order disp kresp testresp correct time
1    2    0.074    2    1   1    2.18
2    1    0.069    1    1   1    0.77
3    1    -0.065    2    2   1    0.54
4    2    0.060    2    1   1    0.92
5    2    -0.055    1    2   1    1.13
6    1    -0.051    2    2   1    0.50
7    2    0.046    2    1   1    0.58
8    2    0.042    2    1   1    0.77
9    2    -0.037    1    2   1    3.19
10    2    0.032    2    1   1    0.71
11    1    -0.028    2    2   1    0.67
12    1    0.023    2    2   0    0.93
13    2    0.032    2    1   1    0.57
14    1    -0.032    2    2   1    0.66
15    2    0.028    2    1   1    1.54
16    1    0.028    1    1   1    0.58
17    2    -0.023    1    2   1    2.41
18    1    0.023    1    1   1    0.77
19    1    -0.018    2    2   1    0.67
20    1    0.018    2    2   0    2.07
21    2    -0.028    1    2   1    0.70
22    2    -0.028    1    2   1    0.72
23    2    -0.023    2    1   0    0.83
24    1    0.032    2    2   0    0.87
25    2    0.042    2    1   1    0.65
26    2    0.042    2    1   1    0.59
27    1    -0.037    2    2   1    0.65
28    2    0.037    2    1   1    0.53
29    2    -0.032    1    2   1    0.73
30    2    -0.032    1    2   1    0.66
31    1    -0.028    2    2   1    0.50
32    1    -0.028    2    2   1    0.54
33    2    -0.023    1    2   1    0.76
34    2    -0.023    1    2   1    0.94
35    1    0.018    1    1   1    0.87
36    1    -0.018    2    2   1    0.67
37    2    0.014    2    1   1    3.37
38    1    0.014    2    2   0    0.65
39    1    -0.023    2    2   1    0.83
40    2    -0.023    1    2   1    1.94
41    2    -0.018    1    2   1    0.72
42    1    0.018    2    2   0    0.58
43    1    0.028    1    1   1    1.04
44    2    -0.028    1    2   1    0.72
45    2    0.023    2    1   1    0.51
46    1    0.023    1    1   1    1.36
47    1    -0.018    2    2   1    0.59
48    2    0.018    2    1   1    0.49
49    1    0.014    2    2   0    1.57
50    2    0.023    2    1   1    0.66
-------------------------
Final staircase threshold estimate (mean) is 0.0212
-------------------------
141    2    -0.051    1    2   1    1.45
15    1    0.051    1    1   1    0.77
96    2    -0.051    1    2   1    0.68
113    2    0.000    2    1   1    0.75
94    2    0.023    2    1   1    1.72
49    1    0.023    1    1   1    0.66
131    2    -0.051    1    2   1    0.62
111    2    -0.051    1    2   1    0.59
27    1    -0.023    2    2   1    0.42
4    1    0.023    1    1   1    0.86
130    2    0.051    2    1   1    0.59
110    2    0.051    2    1   1    0.56
34    1    0.023    1    1   1    1.70
105    2    0.051    2    1   1    0.56
21    1    -0.051    2    2   1    0.54
93    2    0.000    1    2   0    0.80
30    1    0.051    1    1   1    0.88
72    1    -0.023    2    2   1    0.48
36    1    -0.051    2    2   1    0.68
97    2    -0.023    1    2   1    2.42
115    2    0.051    2    1   1    0.59
5    1    0.051    1    1   1    0.68
23    1    0.000    2    2   0    0.78
48    1    0.000    2    2   0    0.72
147    2    -0.023    1    2   1    0.42
127    2    -0.023    1    2   1    0.81
84    2    0.023    2    1   1    0.57
89    2    0.023    2    1   1    0.61
112    2    -0.023    1    2   1    0.88
33    1    0.000    2    2   0    1.04
3    1    0.000    2    2   0    0.83
13    1    0.000    1    1   1    1.60
35    1    0.051    1    1   1    1.79
77    2    -0.023    1    2   1    3.16
129    2    0.023    2    1   1    0.91
40    1    0.051    1    1   1    0.76
59    1    0.023    2    2   0    0.71
125    2    0.051    2    1   1    0.58
88    2    0.000    2    1   1    2.11
83    2    0.000    1    2   0    0.62
29    1    0.023    1    1   1    0.99
104    2    0.023    2    1   1    0.61
16    1    -0.051    2    2   1    0.56
60    1    0.051    1    1   1    1.26
80    2    0.051    2    1   1    0.50
146    2    -0.051    1    2   1    0.66
7    1    -0.023    2    2   1    0.54
121    2    -0.051    1    2   1    0.59
122    2    -0.023    1    2   1    0.62
37    1    -0.023    2    2   1    0.44
19    1    0.023    1    1   1    0.92
55    1    0.051    2    2   0    0.74
82    2    -0.023    2    1   0    2.72
50    1    0.051    2    2   0    0.94
144    2    0.023    2    1   1    0.64
26    1    -0.051    2    2   1    0.63
1    1    -0.051    2    2   1    0.53
12    1    -0.023    2    2   1    0.99
119    2    0.023    2    1   1    4.98
52    1    -0.023    2    2   1    0.63
46    1    -0.051    2    2   1    0.71
8    1    0.000    1    1   1    2.03
70    1    0.051    1    1   1    1.11
139    2    0.023    2    1   1    2.83
90    2    0.051    2    1   1    2.43
24    1    0.023    1    1   1    1.23
41    1    -0.051    2    2   1    2.00
71    1    -0.051    2    2   1    1.99
137    2    -0.023    1    2   1    1.42
91    2    -0.051    1    2   1    0.76
65    1    0.051    1    1   1    0.76
32    1    -0.023    2    2   1    0.90
67    1    -0.023    2    2   1    3.12
63    1    0.000    1    1   1    3.14
103    2    0.000    1    2   0    0.77
68    1    0.000    2    2   0    0.54
124    2    0.023    2    1   1    3.41
99    2    0.023    2    1   1    0.70
39    1    0.023    1    1   1    2.23
86    2    -0.051    1    2   1    0.57
100    2    0.051    2    1   1    0.58
43    1    0.000    1    1   1    0.65
28    1    0.000    1    1   1    0.69
145    2    0.051    2    1   1    0.55
74    1    0.023    1    1   1    0.75
118    2    0.000    1    2   0    1.01
143    2    0.000    2    1   1    1.03
2    1    -0.023    2    2   1    0.60
18    1    0.000    1    1   1    1.01
54    1    0.023    1    1   1    0.69
44    1    0.023    1    1   1    0.72
95    2    0.051    2    1   1    0.58
116    2    -0.051    1    2   1    0.48
109    2    0.023    2    1   1    0.68
17    1    -0.023    2    2   1    0.64
14    1    0.023    1    1   1    0.62
75    2    0.051    2    1   1    0.52
9    1    0.023    1    1   1    0.64
85    2    0.051    2    1   1    0.56
148    2    0.000    1    2   0    0.64
42    1    -0.023    2    2   1    1.63
149    2    0.023    1    2   0    1.94
98    2    0.000    2    1   1    2.33
31    1    -0.051    2    2   1    0.59
62    1    -0.023    2    2   1    0.55
114    2    0.023    2    1   1    0.53
81    2    -0.051    1    2   1    0.58
126    2    -0.051    1    2   1    0.59
22    1    -0.023    2    2   1    0.58
134    2    0.023    2    1   1    0.70
47    1    -0.023    2    2   1    0.49
135    2    0.051    2    1   1    0.50
73    1    0.000    2    2   0    1.06
11    1    -0.051    1    1   0    1.22
69    1    0.023    1    1   1    0.98
132    2    -0.023    1    2   1    0.73
61    1    -0.051    2    2   1    0.67
123    2    0.000    1    2   0    0.84
92    2    -0.023    1    2   1    0.70
138    2    0.000    1    2   0    0.81
117    2    -0.023    1    2   1    1.00
150    2    0.051    2    1   1    0.50
102    2    -0.023    1    2   1    0.53
76    2    -0.051    1    2   1    0.59
101    2    -0.051    1    2   1    0.63
51    1    -0.051    2    2   1    0.54
10    1    0.051    1    1   1    0.64
133    2    0.000    2    1   1    0.94
120    2    0.051    2    1   1    0.79
6    1    -0.051    2    2   1    0.64
87    2    -0.023    1    2   1    0.68
25    1    0.051    1    1   1    0.87
58    1    0.000    1    1   1    0.86
78    2    0.000    2    1   1    0.97
45    1    0.051    1    1   1    1.03
106    2    -0.051    1    2   1    1.02
57    1    -0.023    2    2   1    0.68
79    2    0.023    2    1   1    1.02
128    2    0.000    1    2   0    0.78
56    1    -0.051    2    2   1    0.56
108    2    0.000    2    1   1    0.74
140    2    0.051    2    1   1    0.44
38    1    0.000    2    2   0    0.48
136    2    -0.051    1    2   1    0.88
64    1    0.023    1    1   1    0.75
107    2    -0.023    2    1   0    0.78
53    1    0.000    1    1   1    1.11
142    2    -0.023    2    1   0    0.92
20    1    0.051    1    1   1    0.79
66    1    -0.051    2    2   1    0.57
