--------------------------------
16-Mar-2015 19:34:51 
data from observer T14 
#occlusion2 expt 
reference disparity (degrees) 0.160000 

stim order disp kresp testresp correct time
1    2    0.074    1    2   1    2.70
2    1    -0.069    1    1   1    2.47
3    2    -0.065    2    1   1    0.47
4    1    0.060    2    2   1    1.53
5    1    -0.055    1    1   1    0.58
6    2    -0.051    2    1   1    0.53
7    2    0.046    1    2   1    0.56
8    1    0.042    2    2   1    0.83
9    1    -0.037    1    1   1    1.03
10    1    0.032    2    2   1    1.68
11    1    -0.028    1    1   1    0.69
12    1    -0.023    1    1   1    9.05
13    2    0.018    1    2   1    0.79
14    1    0.014    2    2   1    0.69
15    2    -0.009    2    1   1    2.08
16    1    -0.005    2    2   0    0.68
17    2    0.014    1    2   1    0.96
18    2    -0.014    2    1   1    0.62
19    2    -0.009    2    1   1    0.57
20    2    -0.009    2    1   1    1.02
21    2    0.005    1    2   1    1.83
22    2    -0.005    2    1   1    1.66
23    1    0.005    2    2   1    3.71
24    2    -0.005    2    1   1    4.86
25    1    0.005    2    2   1    4.63
26    1    -0.005    1    1   1    1.55
27    2    0.005    2    1   0    1.98
28    2    -0.014    2    1   1    0.74
29    1    -0.014    1    1   1    1.56
30    2    -0.009    2    1   1    1.53
31    2    -0.009    2    1   1    0.91
32    1    0.005    2    2   1    1.36
33    1    0.005    2    2   1    2.98
34    1    0.005    2    2   1    10.73
35    2    -0.005    2    1   1    0.90
36    1    0.005    2    2   1    1.89
37    1    -0.005    1    1   1    4.32
38    2    -0.005    2    1   1    2.19
39    1    -0.005    2    2   0    4.22
40    2    0.014    2    1   0    2.51
41    1    0.023    2    2   1    0.71
42    1    -0.023    1    1   1    4.13
43    2    -0.018    2    1   1    1.65
44    1    0.018    2    2   1    0.87
45    1    0.014    2    2   1    0.77
46    1    -0.014    1    1   1    4.98
47    2    0.009    2    1   0    7.51
48    2    -0.018    2    1   1    0.80
49    1    0.018    2    2   1    1.41
50    1    -0.014    2    2   0    4.61
-------------------------
Final staircase threshold estimate (mean) is 0.0171
-------------------------
54    1    0.018    2    2   0    3.25
97    2    -0.018    2    1   0    0.92
42    1    -0.018    1    1   0    2.09
27    1    -0.018    1    1   0    0.73
118    2    0.000    2    1   1    0.71
124    2    0.018    1    2   0    0.86
84    2    0.018    1    2   0    2.42
100    2    0.042    1    2   0    0.66
4    1    0.018    2    2   0    0.66
40    1    0.042    2    2   0    0.58
126    2    -0.042    2    1   0    0.53
59    1    0.018    1    1   1    1.72
129    2    0.018    1    2   0    2.93
134    2    0.018    1    2   0    4.35
109    2    0.018    1    2   0    1.13
24    1    0.018    2    2   0    3.49
30    1    0.042    2    2   0    0.97
119    2    0.018    1    2   0    0.91
25    1    0.042    2    2   0    0.63
66    1    -0.042    1    1   0    5.14
101    2    -0.042    2    1   0    0.68
85    2    0.042    1    2   0    0.92
106    2    -0.042    2    1   0    0.55
36    1    -0.042    1    1   0    0.79
12    1    -0.018    1    1   0    0.67
61    1    -0.042    1    1   0    1.68
17    1    -0.018    1    1   0    0.70
39    1    0.018    2    2   0    0.83
83    2    0.000    1    2   0    0.92
133    2    0.000    2    1   1    0.65
140    2    0.042    1    2   0    0.70
67    1    -0.018    1    1   0    3.08
2    1    -0.018    1    1   0    0.80
141    2    -0.042    2    1   0    0.48
65    1    0.042    2    2   0    0.63
46    1    -0.042    1    1   0    0.62
62    1    -0.018    2    2   1    0.63
108    2    0.000    1    2   0    0.67
55    1    0.042    2    2   0    0.56
139    2    0.018    1    2   0    0.76
19    1    0.018    2    2   0    0.70
10    1    0.042    2    2   0    0.69
99    2    0.018    1    2   0    0.72
14    1    0.018    2    2   0    0.68
104    2    0.018    1    2   0    1.11
34    1    0.018    2    2   0    0.94
64    1    0.018    2    2   0    0.74
80    2    0.042    1    2   0    1.58
79    2    0.018    1    2   0    1.81
86    2    -0.042    2    1   0    0.58
77    2    -0.018    2    1   0    0.94
60    1    0.042    2    2   0    0.86
32    1    -0.018    1    1   0    1.53
7    1    -0.018    1    1   0    1.04
75    2    0.042    1    2   0    1.04
69    1    0.018    2    2   0    0.56
125    2    0.042    1    2   0    1.54
121    2    -0.042    2    1   0    0.53
122    2    -0.018    2    1   0    0.61
130    2    0.042    1    2   0    0.71
91    2    -0.042    2    1   0    0.51
72    1    -0.018    1    1   0    0.65
131    2    -0.042    2    1   0    0.54
57    1    -0.018    2    2   1    0.95
56    1    -0.042    1    1   0    0.74
95    2    0.042    1    2   0    0.88
147    2    -0.018    2    1   0    0.53
135    2    0.042    1    2   0    1.30
116    2    -0.042    2    1   0    0.60
102    2    -0.018    2    1   0    1.65
93    2    0.000    2    1   1    4.98
31    1    -0.042    2    2   1    5.04
82    2    -0.018    2    1   0    0.60
22    1    -0.018    1    1   0    0.85
128    2    0.000    2    1   1    0.69
114    2    0.018    2    1   1    0.83
1    1    -0.042    1    1   0    0.67
41    1    -0.042    1    1   0    0.72
8    1    0.000    2    2   0    1.80
53    1    0.000    2    2   0    1.40
148    2    0.000    2    1   1    0.68
5    1    0.042    2    2   0    0.80
47    1    -0.018    1    1   0    0.85
123    2    0.000    2    1   1    0.63
73    1    0.000    2    2   0    1.35
50    1    0.042    2    2   0    0.99
137    2    -0.018    2    1   0    0.71
132    2    -0.018    2    1   0    0.64
146    2    -0.042    2    1   0    0.63
76    2    -0.042    2    1   0    0.60
70    1    0.042    2    2   0    0.73
89    2    0.018    2    1   1    0.69
111    2    -0.042    2    1   0    0.93
3    1    0.000    2    2   0    0.61
127    2    -0.018    2    1   0    3.36
143    2    0.000    2    1   1    0.60
92    2    -0.018    2    1   0    2.25
45    1    0.042    2    2   0    0.72
145    2    0.042    1    2   0    2.02
63    1    0.000    2    2   0    0.62
28    1    0.000    2    2   0    1.08
136    2    -0.042    2    1   0    1.17
107    2    -0.018    2    1   0    0.63
120    2    0.042    2    1   1    1.52
33    1    0.000    1    1   1    2.28
20    1    0.042    2    2   0    1.53
88    2    0.000    2    1   1    1.62
105    2    0.042    1    2   0    0.93
51    1    -0.042    1    1   0    0.72
16    1    -0.042    1    1   0    0.73
142    2    -0.018    2    1   0    0.62
21    1    -0.042    1    1   0    0.59
29    1    0.018    2    2   0    1.31
68    1    0.000    1    1   1    0.96
94    2    0.018    1    2   0    0.68
35    1    0.042    2    2   0    0.53
43    1    0.000    2    2   0    1.05
11    1    -0.042    1    1   0    0.56
52    1    -0.018    1    1   0    1.14
90    2    0.042    2    1   1    0.64
15    1    0.042    2    2   0    0.68
110    2    0.042    1    2   0    2.82
26    1    -0.042    1    1   0    0.81
96    2    -0.042    2    1   0    0.57
37    1    -0.018    2    2   1    3.93
58    1    0.000    2    2   0    2.06
144    2    0.018    1    2   0    1.36
13    1    0.000    1    1   1    0.90
78    2    0.000    2    1   1    1.74
103    2    0.000    2    1   1    1.00
117    2    -0.018    2    1   0    0.83
49    1    0.018    2    2   0    0.71
138    2    0.000    1    2   0    0.72
115    2    0.042    1    2   0    0.62
81    2    -0.042    2    1   0    0.61
44    1    0.018    2    2   0    1.26
23    1    0.000    1    1   1    0.70
38    1    0.000    1    1   1    0.67
9    1    0.018    2    2   0    0.58
71    1    -0.042    1    1   0    0.74
48    1    0.000    2    2   0    0.70
150    2    0.042    1    2   0    0.60
112    2    -0.018    2    1   0    0.54
87    2    -0.018    2    1   0    0.58
74    1    0.018    2    2   0    0.91
18    1    0.000    1    1   1    2.46
113    2    0.000    2    1   1    0.70
149    2    0.018    2    1   1    0.61
6    1    -0.042    1    1   0    0.94
98    2    0.000    1    2   0    1.82
