--------------------------------
16-Mar-2015 19:42:59 
data from observer T14 
#occlusion2 expt 
reference disparity (degrees) 0.160000 

stim order disp kresp testresp correct time
1    1    0.074    2    2   1    2.04
2    2    -0.069    2    1   1    2.70
3    2    0.065    1    2   1    1.38
4    2    0.060    1    2   1    1.13
5    2    -0.055    2    1   1    0.67
6    1    0.051    2    2   1    4.85
7    1    -0.046    1    1   1    0.91
8    2    -0.042    2    1   1    0.66
9    1    -0.037    1    1   1    0.61
10    2    -0.032    2    1   1    0.62
11    2    0.028    1    2   1    0.66
12    1    -0.023    1    1   1    0.75
13    1    0.018    2    2   1    0.48
14    1    0.014    1    1   0    2.19
15    2    0.023    1    2   1    1.52
16    2    -0.023    2    1   1    0.62
17    2    0.018    1    2   1    0.56
18    1    -0.018    2    2   0    0.46
19    1    0.028    2    2   1    0.85
20    1    -0.028    1    1   1    0.64
21    2    -0.023    1    2   0    0.83
22    1    -0.032    2    2   0    0.64
23    1    -0.042    1    1   1    0.55
24    2    -0.042    2    1   1    0.56
25    2    -0.037    2    1   1    0.78
26    1    0.037    1    1   0    0.86
27    1    0.046    2    2   1    0.59
28    2    -0.046    1    2   0    0.82
29    2    0.055    1    2   1    0.63
30    1    -0.055    1    1   1    0.92
31    2    0.051    1    2   1    1.47
32    1    -0.051    2    2   0    1.18
33    2    -0.060    1    2   0    0.65
34    1    -0.069    2    2   0    0.65
35    1    0.079    2    2   1    0.67
36    2    -0.079    2    1   1    4.21
37    2    -0.074    2    1   1    1.84
38    2    -0.074    2    1   1    0.99
39    2    0.069    1    2   1    0.62
40    1    -0.069    1    1   1    1.62
41    2    -0.065    2    1   1    0.50
42    2    0.065    1    2   1    0.66
43    2    -0.060    2    1   1    0.59
44    1    -0.060    1    1   1    2.27
45    2    -0.055    2    1   1    0.69
46    1    -0.055    1    1   1    0.61
47    2    0.051    2    1   0    0.75
48    1    -0.060    1    1   1    1.74
49    1    -0.060    1    1   1    0.76
50    1    -0.055    2    2   0    0.47
-------------------------
Final staircase threshold estimate (mean) is 0.0586
-------------------------
35    1    0.148    2    2   0    3.31
124    2    0.060    1    2   0    0.65
112    2    -0.060    2    1   0    0.54
1    1    -0.148    1    1   0    0.58
142    2    -0.060    2    1   0    0.50
25    1    0.148    2    2   0    0.68
63    1    0.000    1    1   1    0.49
143    2    0.000    2    1   1    1.03
36    1    -0.148    1    1   0    0.81
137    2    -0.060    2    1   0    0.53
17    1    -0.060    2    2   1    0.60
50    1    0.148    2    2   0    0.59
108    2    0.000    1    2   0    0.70
117    2    -0.060    2    1   0    0.46
96    2    -0.148    2    1   0    0.45
133    2    0.000    1    2   0    1.10
136    2    -0.148    2    1   0    0.41
19    1    0.060    2    2   0    0.52
29    1    0.060    2    2   0    0.55
97    2    -0.060    2    1   0    0.68
62    1    -0.060    1    1   0    0.67
69    1    0.060    2    2   0    0.60
121    2    -0.148    2    1   0    0.59
26    1    -0.148    1    1   0    0.59
73    1    0.000    2    2   0    0.63
30    1    0.148    2    2   0    0.68
94    2    0.060    1    2   0    0.59
70    1    0.148    2    2   0    0.44
123    2    0.000    1    2   0    0.89
79    2    0.060    2    1   1    1.50
82    2    -0.060    2    1   0    1.07
52    1    -0.060    1    1   0    0.71
38    1    0.000    2    2   0    0.49
23    1    0.000    1    1   1    0.68
33    1    0.000    2    2   0    1.73
21    1    -0.148    1    1   0    0.65
115    2    0.148    1    2   0    0.64
57    1    -0.060    1    1   0    0.84
138    2    0.000    2    1   1    0.67
7    1    -0.060    1    1   0    1.05
28    1    0.000    1    1   1    1.51
32    1    -0.060    1    1   0    0.67
49    1    0.060    2    2   0    0.46
37    1    -0.060    1    1   0    0.58
59    1    0.060    2    2   0    0.53
91    2    -0.148    2    1   0    5.16
6    1    -0.148    1    1   0    0.51
145    2    0.148    1    2   0    0.55
144    2    0.060    1    2   0    0.70
134    2    0.060    2    1   1    0.42
51    1    -0.148    1    1   0    0.89
92    2    -0.060    2    1   0    0.77
47    1    -0.060    1    1   0    2.59
10    1    0.148    2    2   0    1.77
2    1    -0.060    1    1   0    0.52
90    2    0.148    1    2   0    0.72
130    2    0.148    2    1   1    0.44
14    1    0.060    2    2   0    0.67
12    1    -0.060    1    1   0    1.29
132    2    -0.060    2    1   0    0.53
111    2    -0.148    2    1   0    0.47
55    1    0.148    2    2   0    0.69
110    2    0.148    1    2   0    0.65
100    2    0.148    1    2   0    0.60
46    1    -0.148    1    1   0    1.40
15    1    0.148    2    2   0    0.46
140    2    0.148    1    2   0    0.63
86    2    -0.148    2    1   0    0.58
72    1    -0.060    1    1   0    2.97
13    1    0.000    2    2   0    3.85
127    2    -0.060    2    1   0    1.03
85    2    0.148    1    2   0    0.59
58    1    0.000    1    1   1    0.61
107    2    -0.060    2    1   0    0.49
95    2    0.148    1    2   0    0.87
20    1    0.148    2    2   0    0.60
141    2    -0.148    2    1   0    0.59
106    2    -0.148    2    1   0    0.46
113    2    0.000    1    2   0    1.22
150    2    0.148    1    2   0    0.77
102    2    -0.060    2    1   0    0.58
80    2    0.148    1    2   0    0.55
44    1    0.060    2    2   0    0.54
64    1    0.060    2    2   0    0.99
78    2    0.000    1    2   0    2.16
120    2    0.148    1    2   0    0.70
4    1    0.060    2    2   0    0.69
135    2    0.148    1    2   0    0.92
42    1    -0.060    1    1   0    2.35
43    1    0.000    2    2   0    0.74
22    1    -0.060    1    1   0    0.61
48    1    0.000    1    1   1    2.47
128    2    0.000    2    1   1    1.09
131    2    -0.148    2    1   0    4.38
125    2    0.148    1    2   0    2.63
126    2    -0.148    2    1   0    0.54
105    2    0.148    1    2   0    0.63
56    1    -0.148    1    1   0    0.69
27    1    -0.060    1    1   0    0.92
88    2    0.000    2    1   1    0.97
99    2    0.060    1    2   0    0.67
53    1    0.000    1    1   1    0.66
148    2    0.000    2    1   1    0.54
103    2    0.000    1    2   0    0.70
34    1    0.060    2    2   0    0.69
139    2    0.060    1    2   0    0.77
39    1    0.060    2    2   0    0.67
16    1    -0.148    1    1   0    0.72
40    1    0.148    2    2   0    0.54
101    2    -0.148    2    1   0    0.58
83    2    0.000    2    1   1    1.01
93    2    0.000    1    2   0    0.65
67    1    -0.060    1    1   0    1.41
129    2    0.060    1    2   0    1.60
74    1    0.060    2    2   0    0.52
18    1    0.000    1    1   1    0.79
61    1    -0.148    2    2   1    3.98
116    2    -0.148    2    1   0    4.93
65    1    0.148    2    2   0    4.21
147    2    -0.060    2    1   0    0.58
119    2    0.060    1    2   0    1.32
118    2    0.000    1    2   0    0.69
54    1    0.060    2    2   0    0.54
104    2    0.060    1    2   0    0.94
9    1    0.060    2    2   0    0.59
76    2    -0.148    2    1   0    0.58
89    2    0.060    1    2   0    2.98
60    1    0.148    2    2   0    0.55
66    1    -0.148    1    1   0    1.53
77    2    -0.060    2    1   0    0.52
81    2    -0.148    2    1   0    0.57
41    1    -0.148    1    1   0    0.83
45    1    0.148    2    2   0    0.38
84    2    0.060    2    1   1    0.56
8    1    0.000    1    1   1    1.01
71    1    -0.148    2    2   1    0.61
11    1    -0.148    2    2   1    1.43
149    2    0.060    1    2   0    9.26
75    2    0.148    1    2   0    8.37
68    1    0.000    1    1   1    4.71
5    1    0.148    2    2   0    0.62
109    2    0.060    1    2   0    0.65
122    2    -0.060    2    1   0    0.68
87    2    -0.060    2    1   0    0.54
98    2    0.000    1    2   0    1.38
24    1    0.060    2    2   0    0.57
31    1    -0.148    1    1   0    0.71
114    2    0.060    1    2   0    0.97
3    1    0.000    2    2   0    0.77
146    2    -0.148    2    1   0    0.74
