--------------------------------
16-Mar-2015 19:49:49 
data from observer T14 
#occlusion2 expt 
reference disparity (degrees) 0.160000 

stim order disp kresp testresp correct time
1    2    -0.074    2    1   1    1.07
2    1    -0.069    1    1   1    2.17
3    1    -0.065    2    2   0    0.72
4    2    -0.074    2    1   1    1.20
5    2    0.074    1    2   1    1.27
6    2    -0.069    2    1   1    1.00
7    2    -0.069    2    1   1    2.16
8    2    -0.065    2    1   1    0.52
9    1    0.065    2    2   1    0.75
10    2    0.060    2    1   0    0.71
11    2    -0.069    2    1   1    0.74
12    1    -0.069    1    1   1    0.74
13    1    0.065    2    2   1    0.59
14    2    -0.065    2    1   1    0.61
15    2    0.060    1    2   1    0.73
16    1    -0.060    1    1   1    1.62
17    1    -0.055    1    1   1    0.87
18    2    -0.055    2    1   1    0.56
19    2    0.051    1    2   1    0.84
20    1    0.051    2    2   1    0.73
21    1    -0.046    1    1   1    0.68
22    1    -0.046    1    1   1    0.84
23    1    -0.042    1    1   1    0.92
24    2    -0.042    2    1   1    0.60
25    2    0.037    1    2   1    3.53
26    1    0.037    2    2   1    0.61
27    2    -0.032    2    1   1    1.20
28    1    -0.032    1    1   1    1.25
29    1    -0.028    2    2   0    1.62
30    1    -0.037    1    1   1    0.69
31    1    -0.037    1    1   1    3.28
32    1    -0.032    1    1   1    2.57
33    1    0.032    2    2   1    0.86
34    1    0.028    1    1   0    1.27
35    2    -0.037    2    1   1    0.67
36    2    0.037    1    2   1    0.69
37    1    0.032    2    2   1    0.54
38    1    -0.032    1    1   1    0.85
39    2    -0.028    2    1   1    0.59
40    2    0.028    2    1   0    0.66
41    1    -0.037    1    1   1    0.65
42    1    -0.037    2    2   0    0.56
43    1    0.046    2    2   1    0.59
44    2    0.046    1    2   1    0.69
45    1    -0.042    2    2   0    0.59
46    2    0.051    1    2   1    0.79
47    1    0.051    2    2   1    0.53
48    1    0.046    2    2   1    0.64
49    1    0.046    1    1   0    1.32
50    1    -0.055    1    1   1    1.46
-------------------------
Final staircase threshold estimate (mean) is 0.0457
-------------------------
29    1    0.046    2    2   0    5.93
11    1    -0.115    1    1   0    2.69
45    1    0.115    2    2   0    0.64
71    1    -0.115    1    1   0    1.41
120    2    0.115    1    2   0    0.81
28    1    0.000    1    1   1    1.56
39    1    0.046    2    2   0    0.62
18    1    0.000    1    1   1    0.64
128    2    0.000    2    1   1    0.46
42    1    -0.046    1    1   0    0.54
76    2    -0.115    2    1   0    0.53
4    1    0.046    2    2   0    0.70
109    2    0.046    1    2   0    0.63
53    1    0.000    1    1   1    0.85
131    2    -0.115    2    1   0    0.45
33    1    0.000    2    2   0    0.73
24    1    0.046    2    2   0    0.55
122    2    -0.046    2    1   0    0.67
40    1    0.115    2    2   0    0.59
137    2    -0.046    2    1   0    0.50
46    1    -0.115    1    1   0    0.53
20    1    0.115    2    2   0    0.49
62    1    -0.046    1    1   0    0.66
64    1    0.046    2    2   0    0.50
97    2    -0.046    2    1   0    0.58
13    1    0.000    2    2   0    1.28
50    1    0.115    2    2   0    0.59
8    1    0.000    1    1   1    0.77
60    1    0.115    2    2   0    0.73
112    2    -0.046    2    1   0    2.08
138    2    0.000    1    2   0    0.74
147    2    -0.046    2    1   0    0.68
65    1    0.115    2    2   0    0.59
139    2    0.046    1    2   0    0.53
146    2    -0.115    2    1   0    0.50
44    1    0.046    2    2   0    0.57
100    2    0.115    1    2   0    0.82
48    1    0.000    1    1   1    0.73
59    1    0.046    2    2   0    0.74
144    2    0.046    1    2   0    0.67
52    1    -0.046    1    1   0    0.69
1    1    -0.115    1    1   0    0.68
101    2    -0.115    2    1   0    0.61
9    1    0.046    2    2   0    0.72
148    2    0.000    1    2   0    0.59
34    1    0.046    2    2   0    0.60
94    2    0.046    1    2   0    0.66
16    1    -0.115    1    1   0    1.09
91    2    -0.115    2    1   0    0.73
21    1    -0.115    1    1   0    0.60
114    2    0.046    1    2   0    0.72
43    1    0.000    2    2   0    0.58
63    1    0.000    1    1   1    0.57
132    2    -0.046    1    2   1    1.23
75    2    0.115    1    2   0    0.68
12    1    -0.046    1    1   0    0.71
121    2    -0.115    2    1   0    0.67
142    2    -0.046    1    2   1    2.66
37    1    -0.046    1    1   0    0.64
47    1    -0.046    2    2   1    0.55
66    1    -0.115    1    1   0    0.48
80    2    0.115    1    2   0    0.56
95    2    0.115    1    2   0    0.54
58    1    0.000    2    2   0    0.84
136    2    -0.115    2    1   0    1.01
56    1    -0.115    1    1   0    0.67
31    1    -0.115    1    1   0    0.74
107    2    -0.046    2    1   0    0.44
74    1    0.046    1    1   1    1.21
127    2    -0.046    2    1   0    0.82
32    1    -0.046    1    1   0    0.65
14    1    0.046    2    2   0    0.60
30    1    0.115    2    2   0    0.70
85    2    0.115    1    2   0    0.66
110    2    0.115    1    2   0    0.77
25    1    0.115    2    2   0    0.58
17    1    -0.046    1    1   0    0.76
124    2    0.046    1    2   0    0.75
93    2    0.000    2    1   1    0.66
140    2    0.115    1    2   0    0.79
113    2    0.000    2    1   1    1.13
150    2    0.115    1    2   0    0.59
134    2    0.046    2    1   1    0.83
135    2    0.115    1    2   0    0.66
10    1    0.115    2    2   0    0.82
69    1    0.046    2    2   0    1.26
54    1    0.046    2    2   0    0.60
141    2    -0.115    2    1   0    0.66
119    2    0.046    1    2   0    1.37
72    1    -0.046    1    1   0    0.63
5    1    0.115    2    2   0    0.92
82    2    -0.046    2    1   0    0.64
70    1    0.115    2    2   0    0.61
2    1    -0.046    1    1   0    0.94
87    2    -0.046    2    1   0    0.57
130    2    0.115    1    2   0    0.77
105    2    0.115    1    2   0    0.63
88    2    0.000    1    2   0    0.60
84    2    0.046    1    2   0    0.57
126    2    -0.115    2    1   0    0.52
145    2    0.115    1    2   0    0.63
77    2    -0.046    2    1   0    0.57
81    2    -0.115    2    1   0    0.61
22    1    -0.046    1    1   0    0.77
116    2    -0.115    2    1   0    0.56
79    2    0.046    1    2   0    0.63
96    2    -0.115    2    1   0    0.51
7    1    -0.046    1    1   0    0.55
49    1    0.046    2    2   0    0.54
89    2    0.046    1    2   0    5.15
27    1    -0.046    1    1   0    1.77
92    2    -0.046    2    1   0    1.16
111    2    -0.115    2    1   0    1.02
36    1    -0.115    1    1   0    0.54
83    2    0.000    2    1   1    0.89
23    1    0.000    1    1   1    0.90
3    1    0.000    1    1   1    0.71
103    2    0.000    1    2   0    1.69
55    1    0.115    2    2   0    0.63
104    2    0.046    1    2   0    0.71
115    2    0.115    1    2   0    2.78
149    2    0.046    1    2   0    1.31
15    1    0.115    2    2   0    0.69
106    2    -0.115    2    1   0    0.65
108    2    0.000    1    2   0    0.90
90    2    0.115    1    2   0    0.61
6    1    -0.115    1    1   0    0.67
35    1    0.115    2    2   0    0.63
133    2    0.000    1    2   0    1.22
125    2    0.115    1    2   0    0.60
73    1    0.000    2    2   0    0.74
143    2    0.000    2    1   1    0.62
38    1    0.000    1    1   1    1.18
19    1    0.046    2    2   0    0.55
68    1    0.000    2    2   0    1.13
118    2    0.000    2    1   1    0.50
86    2    -0.115    2    1   0    0.54
41    1    -0.115    2    2   1    1.81
51    1    -0.115    1    1   0    1.17
61    1    -0.115    1    1   0    0.71
129    2    0.046    1    2   0    5.11
99    2    0.046    1    2   0    0.64
98    2    0.000    1    2   0    0.71
117    2    -0.046    2    1   0    0.66
78    2    0.000    1    2   0    1.71
26    1    -0.115    1    1   0    0.61
123    2    0.000    2    1   1    0.57
57    1    -0.046    1    1   0    0.71
102    2    -0.046    2    1   0    0.56
67    1    -0.046    1    1   0    0.62
