--------------------------------
19-Mar-2015 20:08:58 
data from observer T15 
#occlusion2 expt 
reference disparity (degrees) 0.160000 

stim order disp kresp testresp correct time
1    1    -0.074    1    1   1    3.85
2    1    -0.069    1    1   1    0.84
3    1    -0.065    1    1   1    2.43
4    1    -0.060    1    1   1    0.71
5    2    -0.055    2    1   1    0.71
6    1    -0.051    1    1   1    0.55
7    1    -0.046    1    1   1    0.59
8    1    -0.042    1    1   1    0.64
9    1    0.037    2    2   1    0.69
10    2    -0.032    2    1   1    0.81
11    2    -0.028    2    1   1    0.74
12    2    0.023    1    2   1    0.72
13    1    0.018    2    2   1    0.64
14    1    0.014    2    2   1    0.71
15    2    0.009    1    2   1    1.92
16    1    -0.005    2    2   0    0.85
17    1    -0.014    1    1   1    1.08
18    1    0.014    2    2   1    0.56
19    1    -0.009    1    1   1    0.55
20    2    0.009    1    2   1    0.83
21    1    -0.005    1    1   1    1.08
22    1    0.005    2    2   1    0.59
23    1    0.005    1    1   0    0.67
24    2    0.014    1    2   1    0.68
25    2    0.014    2    1   0    0.92
26    2    0.023    1    2   1    0.96
27    2    -0.023    2    1   1    0.66
28    2    -0.018    2    1   1    0.47
29    2    0.018    1    2   1    0.58
30    1    -0.014    1    1   1    0.93
31    1    0.014    2    2   1    0.86
32    2    0.009    1    2   1    1.86
33    2    -0.009    2    1   1    0.99
34    2    0.005    1    2   1    1.86
35    2    -0.005    2    1   1    0.73
36    2    0.005    1    2   1    0.65
37    1    0.005    2    2   1    0.70
38    2    0.005    1    2   1    1.42
39    1    0.005    2    2   1    2.70
40    2    -0.005    1    2   0    2.28
41    2    -0.014    2    1   1    0.56
42    1    0.014    2    2   1    1.14
43    2    -0.009    2    1   1    0.56
44    1    0.009    2    2   1    0.95
45    2    -0.005    2    1   1    0.78
46    2    0.005    1    2   1    0.84
47    1    0.005    2    2   1    0.62
48    2    -0.005    2    1   1    0.84
49    2    0.005    1    2   1    0.76
50    2    -0.005    2    1   1    1.43
-------------------------
Final staircase threshold estimate (mean) is 0.0074
-------------------------
119    2    0.009    1    2   0    3.01
16    1    -0.018    1    1   0    1.30
10    1    0.018    2    2   0    1.22
5    1    0.018    2    2   0    0.71
87    2    -0.009    2    1   0    0.53
92    2    -0.009    2    1   0    0.87
67    1    -0.009    1    1   0    0.97
98    2    0.000    1    2   0    0.70
133    2    0.000    1    2   0    0.83
79    2    0.009    1    2   0    0.85
100    2    0.018    1    2   0    0.66
64    1    0.009    2    2   0    0.59
41    1    -0.018    1    1   0    0.49
31    1    -0.018    1    1   0    1.14
82    2    -0.009    2    1   0    1.60
113    2    0.000    2    1   1    1.03
120    2    0.018    1    2   0    0.65
141    2    -0.018    2    1   0    0.55
78    2    0.000    1    2   0    0.65
84    2    0.009    1    2   0    0.97
28    1    0.000    2    2   0    0.70
114    2    0.009    1    2   0    0.69
32    1    -0.009    1    1   0    1.64
3    1    0.000    2    2   0    0.61
54    1    0.009    2    2   0    0.64
56    1    -0.018    1    1   0    0.58
49    1    0.009    2    2   0    0.51
142    2    -0.009    2    1   0    2.40
126    2    -0.018    2    1   0    0.80
93    2    0.000    2    1   1    2.90
6    1    -0.018    1    1   0    0.58
70    1    0.018    2    2   0    0.93
135    2    0.018    1    2   0    0.47
145    2    0.018    1    2   0    0.47
69    1    0.009    2    2   0    0.68
96    2    -0.018    2    1   0    0.51
146    2    -0.018    2    1   0    0.64
39    1    0.009    2    2   0    0.55
36    1    -0.018    1    1   0    0.88
107    2    -0.009    2    1   0    0.70
143    2    0.000    1    2   0    0.79
45    1    0.018    2    2   0    0.62
33    1    0.000    2    2   0    0.77
14    1    0.009    1    1   1    1.59
110    2    0.018    1    2   0    0.57
18    1    0.000    1    1   1    1.62
22    1    -0.009    1    1   0    0.57
101    2    -0.018    2    1   0    0.67
19    1    0.009    2    2   0    0.59
136    2    -0.018    2    1   0    0.55
9    1    0.009    2    2   0    0.76
91    2    -0.018    2    1   0    0.65
43    1    0.000    1    1   1    0.81
75    2    0.018    1    2   0    1.02
71    1    -0.018    1    1   0    0.79
61    1    -0.018    1    1   0    0.66
105    2    0.018    1    2   0    0.68
68    1    0.000    1    1   1    1.27
48    1    0.000    1    1   1    0.92
47    1    -0.009    1    1   0    0.78
57    1    -0.009    1    1   0    0.77
139    2    0.009    1    2   0    0.87
65    1    0.018    2    2   0    0.53
115    2    0.018    1    2   0    0.78
24    1    0.009    2    2   0    1.28
34    1    0.009    2    2   0    1.68
4    1    0.009    2    2   0    0.87
59    1    0.009    2    2   0    0.92
90    2    0.018    1    2   0    0.63
144    2    0.009    1    2   0    0.69
76    2    -0.018    2    1   0    0.69
12    1    -0.009    1    1   0    0.62
134    2    0.009    1    2   0    1.26
73    1    0.000    2    2   0    0.60
103    2    0.000    1    2   0    1.51
140    2    0.018    1    2   0    0.73
127    2    -0.009    2    1   0    0.55
17    1    -0.009    1    1   0    0.51
53    1    0.000    2    2   0    3.48
129    2    0.009    1    2   0    0.59
35    1    0.018    2    2   0    0.49
104    2    0.009    1    2   0    0.77
137    2    -0.009    2    1   0    0.88
131    2    -0.018    2    1   0    0.60
25    1    0.018    2    2   0    0.83
94    2    0.009    1    2   0    0.62
148    2    0.000    2    1   1    2.08
63    1    0.000    1    1   1    0.78
95    2    0.018    1    2   0    0.96
55    1    0.018    2    2   0    0.93
40    1    0.018    2    2   0    0.84
27    1    -0.009    1    1   0    0.64
130    2    0.018    1    2   0    0.62
150    2    0.018    1    2   0    0.70
86    2    -0.018    2    1   0    0.55
23    1    0.000    2    2   0    0.89
108    2    0.000    2    1   1    1.98
102    2    -0.009    2    1   0    0.65
83    2    0.000    1    2   0    1.94
97    2    -0.009    2    1   0    0.55
117    2    -0.009    2    1   0    0.51
7    1    -0.009    2    2   1    0.52
44    1    0.009    2    2   0    0.61
42    1    -0.009    1    1   0    0.51
118    2    0.000    2    1   1    0.60
46    1    -0.018    1    1   0    0.47
116    2    -0.018    2    1   0    0.53
15    1    0.018    2    2   0    1.25
1    1    -0.018    1    1   0    0.63
85    2    0.018    1    2   0    0.65
62    1    -0.009    1    1   0    0.50
80    2    0.018    1    2   0    0.69
50    1    0.018    2    2   0    0.61
30    1    0.018    2    2   0    0.50
132    2    -0.009    2    1   0    2.43
138    2    0.000    1    2   0    1.48
123    2    0.000    2    1   1    0.57
21    1    -0.018    1    1   0    0.83
121    2    -0.018    2    1   0    0.84
106    2    -0.018    2    1   0    0.52
112    2    -0.009    2    1   0    0.73
128    2    0.000    1    2   0    1.47
38    1    0.000    1    1   1    1.27
88    2    0.000    2    1   1    0.70
74    1    0.009    2    2   0    1.23
111    2    -0.018    2    1   0    0.65
51    1    -0.018    1    1   0    1.48
37    1    -0.009    1    1   0    0.62
29    1    0.009    2    2   0    0.57
122    2    -0.009    2    1   0    1.84
58    1    0.000    2    2   0    0.72
8    1    0.000    1    1   1    1.54
147    2    -0.009    2    1   0    0.61
11    1    -0.018    1    1   0    0.46
13    1    0.000    2    2   0    0.72
2    1    -0.009    1    1   0    0.54
125    2    0.018    1    2   0    0.83
109    2    0.009    1    2   0    0.73
72    1    -0.009    1    1   0    0.48
66    1    -0.018    2    2   1    3.46
60    1    0.018    2    2   0    1.05
52    1    -0.009    2    2   1    2.28
81    2    -0.018    2    1   0    1.14
149    2    0.009    1    2   0    0.68
99    2    0.009    2    1   1    1.93
124    2    0.009    1    2   0    0.70
77    2    -0.009    2    1   0    1.56
20    1    0.018    2    2   0    0.82
26    1    -0.018    1    1   0    0.71
89    2    0.009    2    1   1    0.71
