--------------------------------
19-Mar-2015 19:11:58 
data from observer T15 
#occlusion2 expt 
reference disparity (degrees) 0.160000 

stim order disp kresp testresp correct time
1    1    -0.074    2    2   1    1.25
2    2    -0.069    1    2   1    1.68
3    2    -0.065    1    2   1    2.18
4    2    0.060    2    1   1    1.10
5    1    0.055    1    1   1    1.43
6    1    -0.051    2    2   1    0.60
7    1    0.046    1    1   1    2.79
8    1    0.042    1    1   1    1.45
9    2    0.037    2    1   1    0.78
10    2    -0.032    1    2   1    0.68
11    2    -0.028    1    2   1    0.68
12    1    -0.023    2    2   1    0.56
13    1    0.018    1    1   1    1.62
14    2    -0.014    2    1   0    1.24
15    1    -0.023    2    2   1    0.69
16    1    0.023    1    1   1    0.94
17    2    0.018    2    1   1    0.59
18    2    -0.018    1    2   1    0.98
19    1    0.014    1    1   1    1.28
20    1    -0.014    2    2   1    0.52
21    2    -0.009    2    1   0    0.50
22    1    -0.018    2    2   1    0.66
23    2    0.018    2    1   1    0.59
24    1    0.014    1    1   1    1.12
25    2    -0.014    1    2   1    0.76
26    1    0.009    2    2   0    0.61
27    1    -0.018    2    2   1    0.59
28    2    -0.018    1    2   1    0.81
29    2    -0.014    2    1   0    0.67
30    1    0.023    1    1   1    2.54
31    2    0.023    2    1   1    0.69
32    2    0.018    2    1   1    0.64
33    2    0.018    2    1   1    0.66
34    1    0.014    1    1   1    2.11
35    1    -0.014    2    2   1    1.19
36    2    0.009    2    1   1    0.71
37    2    -0.009    1    2   1    2.96
38    2    0.005    2    1   1    0.73
39    2    -0.005    2    1   0    0.73
40    2    0.014    2    1   1    1.10
41    1    -0.014    2    2   1    0.76
42    2    -0.009    2    1   0    1.62
43    1    0.018    1    1   1    0.67
44    1    -0.018    2    2   1    0.60
45    1    0.014    1    1   1    1.74
46    2    -0.014    1    2   1    2.22
47    2    -0.009    2    1   0    2.01
48    1    0.018    1    1   1    0.91
49    1    0.018    1    1   1    1.67
50    2    0.014    2    1   1    0.57
-------------------------
Final staircase threshold estimate (mean) is 0.0148
-------------------------
89    2    0.014    2    1   1    2.38
109    2    0.014    2    1   1    0.92
125    2    0.037    2    1   1    0.73
123    2    0.000    1    2   0    1.43
32    1    -0.014    2    2   1    0.60
53    1    0.000    1    1   1    1.72
20    1    0.037    1    1   1    0.66
114    2    0.014    2    1   1    1.10
90    2    0.037    2    1   1    0.54
73    1    0.000    2    2   0    1.88
96    2    -0.037    1    2   1    0.57
85    2    0.037    2    1   1    0.62
62    1    -0.014    2    2   1    0.56
121    2    -0.037    1    2   1    0.63
18    1    0.000    1    1   1    1.51
42    1    -0.014    2    2   1    0.71
57    1    -0.014    2    2   1    0.77
141    2    -0.037    1    2   1    0.49
82    2    -0.014    1    2   1    0.72
136    2    -0.037    1    2   1    2.12
22    1    -0.014    2    2   1    0.57
86    2    -0.037    1    2   1    0.58
144    2    0.014    2    1   1    0.49
91    2    -0.037    1    2   1    0.50
64    1    0.014    1    1   1    0.82
9    1    0.014    1    1   1    0.93
44    1    0.014    1    1   1    0.94
112    2    -0.014    1    2   1    0.81
51    1    -0.037    2    2   1    0.63
107    2    -0.014    1    2   1    1.81
70    1    0.037    1    1   1    0.64
130    2    0.037    2    1   1    0.53
25    1    0.037    1    1   1    0.60
3    1    0.000    2    2   0    0.55
29    1    0.014    1    1   1    0.61
30    1    0.037    1    1   1    0.58
131    2    -0.037    1    2   1    0.62
38    1    0.000    2    2   0    0.62
1    1    -0.037    2    2   1    0.55
140    2    0.037    2    1   1    0.50
99    2    0.014    2    1   1    0.56
106    2    -0.037    1    2   1    0.58
98    2    0.000    2    1   1    1.13
148    2    0.000    2    1   1    0.93
47    1    -0.014    2    2   1    0.58
61    1    -0.037    2    2   1    0.55
78    2    0.000    1    2   0    0.95
4    1    0.014    1    1   1    2.77
46    1    -0.037    2    2   1    0.64
134    2    0.014    2    1   1    2.31
102    2    -0.014    1    2   1    0.84
65    1    0.037    1    1   1    0.80
120    2    0.037    2    1   1    0.84
28    1    0.000    1    1   1    2.30
77    2    -0.014    1    2   1    2.17
23    1    0.000    2    2   0    1.63
37    1    -0.014    2    2   1    0.96
14    1    0.014    1    1   1    0.73
71    1    -0.037    2    2   1    0.75
149    2    0.014    2    1   1    0.92
81    2    -0.037    1    2   1    0.61
75    2    0.037    2    1   1    0.54
138    2    0.000    1    2   0    0.67
108    2    0.000    2    1   1    1.23
116    2    -0.037    1    2   1    0.55
142    2    -0.014    1    2   1    0.77
145    2    0.037    2    1   1    0.55
122    2    -0.014    1    2   1    0.56
41    1    -0.037    2    2   1    0.52
93    2    0.000    2    1   1    2.03
101    2    -0.037    1    2   1    0.53
95    2    0.037    2    1   1    0.54
88    2    0.000    1    2   0    1.85
59    1    0.014    1    1   1    0.69
129    2    0.014    2    1   1    0.57
49    1    0.014    1    1   1    0.63
68    1    0.000    1    1   1    1.39
10    1    0.037    1    1   1    0.55
113    2    0.000    1    2   0    1.01
21    1    -0.037    2    2   1    0.51
45    1    0.037    1    1   1    0.61
117    2    -0.014    1    2   1    0.65
94    2    0.014    2    1   1    0.58
43    1    0.000    2    2   0    1.34
118    2    0.000    1    2   0    1.17
2    1    -0.014    2    2   1    0.59
100    2    0.037    2    1   1    0.52
137    2    -0.014    1    2   1    0.54
17    1    -0.014    2    2   1    0.60
111    2    -0.037    1    2   1    0.55
60    1    0.037    1    1   1    0.66
34    1    0.014    1    1   1    1.40
105    2    0.037    2    1   1    0.57
66    1    -0.037    2    2   1    0.55
11    1    -0.037    2    2   1    0.63
84    2    0.014    2    1   1    1.01
143    2    0.000    1    2   0    0.57
146    2    -0.037    1    2   1    0.63
103    2    0.000    2    1   1    0.66
13    1    0.000    1    1   1    0.60
52    1    -0.014    2    2   1    0.61
55    1    0.037    1    1   1    0.73
119    2    0.014    2    1   1    0.68
33    1    0.000    1    1   1    0.75
72    1    -0.014    2    2   1    0.65
27    1    -0.014    2    2   1    0.60
80    2    0.037    2    1   1    0.55
48    1    0.000    1    1   1    2.12
139    2    0.014    2    1   1    0.80
83    2    0.000    2    1   1    1.16
124    2    0.014    2    1   1    0.70
15    1    0.037    1    1   1    0.91
127    2    -0.014    1    2   1    0.61
35    1    0.037    1    1   1    0.52
74    1    0.014    1    1   1    2.66
135    2    0.037    2    1   1    0.61
132    2    -0.014    1    2   1    0.72
31    1    -0.037    2    2   1    0.53
50    1    0.037    1    1   1    0.63
7    1    -0.014    2    2   1    0.49
54    1    0.014    1    1   1    0.48
40    1    0.037    1    1   1    0.67
76    2    -0.037    1    2   1    0.69
24    1    0.014    1    1   1    1.80
16    1    -0.037    2    2   1    0.54
147    2    -0.014    1    2   1    1.10
63    1    0.000    2    2   0    2.08
115    2    0.037    2    1   1    0.61
110    2    0.037    2    1   1    0.65
39    1    0.014    1    1   1    0.77
150    2    0.037    2    1   1    0.53
26    1    -0.037    2    2   1    0.77
6    1    -0.037    2    2   1    0.55
92    2    -0.014    1    2   1    0.55
97    2    -0.014    1    2   1    0.54
58    1    0.000    1    1   1    0.76
5    1    0.037    1    1   1    0.63
12    1    -0.014    2    2   1    1.03
19    1    0.014    1    1   1    0.69
8    1    0.000    1    1   1    1.43
128    2    0.000    1    2   0    0.67
104    2    0.014    2    1   1    0.55
56    1    -0.037    2    2   1    0.54
126    2    -0.037    1    2   1    0.56
36    1    -0.037    2    2   1    0.58
87    2    -0.014    1    2   1    0.68
79    2    0.014    2    1   1    0.57
69    1    0.014    1    1   1    0.68
133    2    0.000    2    1   1    1.11
67    1    -0.014    2    2   1    1.00
