--------------------------------
19-Mar-2015 20:34:56 
data from observer T15 
#occlusion2 expt 
reference disparity (degrees) 0.160000 

stim order disp kresp testresp correct time
1    2    -0.074    2    1   1    6.81
2    2    0.069    1    2   1    0.66
3    2    -0.065    2    1   1    0.73
4    1    0.060    2    2   1    0.57
5    1    -0.055    1    1   1    0.62
6    1    0.051    2    2   1    0.47
7    1    -0.046    1    1   1    0.78
8    1    -0.042    1    1   1    0.68
9    2    -0.037    2    1   1    0.51
10    1    -0.032    1    1   1    0.59
11    1    0.028    2    2   1    0.55
12    2    -0.023    2    1   1    0.60
13    1    -0.018    1    1   1    0.60
14    1    0.014    2    2   1    0.58
15    1    -0.009    1    1   1    0.48
16    2    0.005    1    2   1    1.28
17    1    0.005    2    2   1    1.03
18    2    0.005    1    2   1    0.52
19    1    -0.005    2    2   0    0.55
20    1    -0.014    1    1   1    0.55
21    1    0.014    2    2   1    0.69
22    2    -0.009    1    2   0    0.69
23    1    0.018    2    2   1    0.65
24    2    0.018    1    2   1    0.53
25    2    0.014    2    1   0    0.59
26    2    -0.023    2    1   1    0.53
27    1    -0.023    1    1   1    0.58
28    1    0.018    2    2   1    0.52
29    1    -0.018    1    1   1    0.61
30    2    0.014    1    2   1    0.65
31    2    0.014    1    2   1    0.73
32    2    -0.009    2    1   1    0.58
33    1    -0.009    1    1   1    0.60
34    1    0.005    2    2   1    0.61
35    2    0.005    1    2   1    0.71
36    1    -0.005    1    1   1    2.80
37    1    0.005    2    2   1    2.19
38    1    -0.005    1    1   1    0.69
39    1    0.005    2    2   1    0.61
40    2    0.005    1    2   1    2.33
41    2    -0.005    2    1   1    0.61
42    1    0.005    2    2   1    0.58
43    2    -0.005    2    1   1    1.25
44    2    -0.005    2    1   1    0.60
45    1    0.005    1    1   0    1.67
46    2    0.014    1    2   1    1.59
47    2    0.014    1    2   1    1.42
48    2    -0.009    2    1   1    0.60
49    2    -0.009    2    1   1    0.63
50    2    0.005    2    1   0    2.01
-------------------------
Final staircase threshold estimate (mean) is 0.0074
-------------------------
71    1    -0.018    1    1   0    5.33
40    1    0.018    2    2   0    0.56
107    2    -0.009    2    1   0    2.66
99    2    0.009    2    1   1    0.62
61    1    -0.018    1    1   0    1.18
127    2    -0.009    2    1   0    1.28
67    1    -0.009    1    1   0    2.98
7    1    -0.009    1    1   0    0.98
87    2    -0.009    2    1   0    2.34
26    1    -0.018    1    1   0    0.57
31    1    -0.018    1    1   0    0.84
37    1    -0.009    1    1   0    0.83
86    2    -0.018    2    1   0    0.86
131    2    -0.018    2    1   0    0.79
103    2    0.000    1    2   0    0.60
46    1    -0.018    1    1   0    0.63
126    2    -0.018    2    1   0    1.70
123    2    0.000    2    1   1    0.80
79    2    0.009    1    2   0    0.74
72    1    -0.009    1    1   0    2.00
137    2    -0.009    2    1   0    0.66
116    2    -0.018    2    1   0    1.79
150    2    0.018    1    2   0    0.65
78    2    0.000    1    2   0    0.75
50    1    0.018    2    2   0    0.90
24    1    0.009    2    2   0    1.16
133    2    0.000    1    2   0    0.73
110    2    0.018    1    2   0    0.98
25    1    0.018    2    2   0    0.65
106    2    -0.018    2    1   0    0.75
51    1    -0.018    1    1   0    0.59
36    1    -0.018    1    1   0    0.59
101    2    -0.018    2    1   0    0.75
11    1    -0.018    1    1   0    0.59
17    1    -0.009    1    1   0    1.08
83    2    0.000    1    2   0    1.44
65    1    0.018    2    2   0    0.65
89    2    0.009    1    2   0    0.53
140    2    0.018    1    2   0    0.59
4    1    0.009    1    1   1    1.66
85    2    0.018    1    2   0    0.56
128    2    0.000    1    2   0    0.98
66    1    -0.018    1    1   0    0.63
100    2    0.018    1    2   0    1.26
145    2    0.018    1    2   0    0.70
74    1    0.009    2    2   0    0.58
104    2    0.009    1    2   0    0.49
35    1    0.018    2    2   0    0.56
134    2    0.009    1    2   0    0.56
84    2    0.009    1    2   0    0.65
121    2    -0.018    2    1   0    0.58
6    1    -0.018    1    1   0    0.51
41    1    -0.018    1    1   0    0.53
135    2    0.018    1    2   0    0.46
95    2    0.018    1    2   0    0.95
49    1    0.009    2    2   0    1.71
111    2    -0.018    2    1   0    0.64
114    2    0.009    1    2   0    0.56
42    1    -0.009    1    1   0    1.53
129    2    0.009    1    2   0    2.20
143    2    0.000    2    1   1    0.61
73    1    0.000    1    1   1    1.49
22    1    -0.009    2    2   1    0.69
53    1    0.000    2    2   0    0.64
20    1    0.018    2    2   0    0.70
119    2    0.009    1    2   0    0.83
5    1    0.018    2    2   0    0.56
124    2    0.009    1    2   0    0.79
68    1    0.000    2    2   0    0.65
32    1    -0.009    2    2   1    0.63
142    2    -0.009    2    1   0    1.43
18    1    0.000    1    1   1    0.74
88    2    0.000    1    2   0    2.34
139    2    0.009    1    2   0    0.66
10    1    0.018    2    2   0    0.60
39    1    0.009    2    2   0    0.94
147    2    -0.009    2    1   0    0.88
16    1    -0.018    1    1   0    0.54
113    2    0.000    1    2   0    1.70
80    2    0.018    1    2   0    0.70
92    2    -0.009    2    1   0    1.29
45    1    0.018    2    2   0    0.50
8    1    0.000    1    1   1    0.68
81    2    -0.018    2    1   0    0.93
47    1    -0.009    1    1   0    0.57
15    1    0.018    2    2   0    0.66
55    1    0.018    2    2   0    1.02
115    2    0.018    1    2   0    0.58
109    2    0.009    1    2   0    0.69
69    1    0.009    2    2   0    0.59
3    1    0.000    2    2   0    3.39
59    1    0.009    2    2   0    1.60
102    2    -0.009    2    1   0    1.79
60    1    0.018    2    2   0    1.18
58    1    0.000    2    2   0    3.17
125    2    0.018    1    2   0    0.63
1    1    -0.018    1    1   0    0.63
149    2    0.009    1    2   0    0.50
21    1    -0.018    1    1   0    0.58
38    1    0.000    1    1   1    1.17
64    1    0.009    2    2   0    0.70
82    2    -0.009    2    1   0    0.70
27    1    -0.009    1    1   0    0.78
93    2    0.000    2    1   1    0.74
91    2    -0.018    2    1   0    0.67
122    2    -0.009    2    1   0    0.58
48    1    0.000    2    2   0    1.78
70    1    0.018    2    2   0    0.71
112    2    -0.009    2    1   0    0.87
30    1    0.018    2    2   0    0.75
23    1    0.000    2    2   0    0.91
120    2    0.018    1    2   0    0.67
130    2    0.018    1    2   0    0.57
148    2    0.000    2    1   1    0.65
14    1    0.009    1    1   1    1.82
43    1    0.000    2    2   0    2.83
29    1    0.009    2    2   0    0.98
13    1    0.000    1    1   1    0.50
144    2    0.009    1    2   0    0.72
117    2    -0.009    2    1   0    0.55
56    1    -0.018    1    1   0    0.56
118    2    0.000    2    1   1    0.80
54    1    0.009    2    2   0    0.91
44    1    0.009    2    2   0    0.76
98    2    0.000    2    1   1    1.52
34    1    0.009    2    2   0    0.79
33    1    0.000    2    2   0    1.50
28    1    0.000    2    2   0    1.14
105    2    0.018    1    2   0    0.67
9    1    0.009    2    2   0    0.75
138    2    0.000    1    2   0    0.93
12    1    -0.009    2    2   1    0.61
97    2    -0.009    2    1   0    0.50
63    1    0.000    1    1   1    0.68
141    2    -0.018    2    1   0    0.60
132    2    -0.009    2    1   0    0.83
96    2    -0.018    2    1   0    0.65
2    1    -0.009    1    1   0    0.66
76    2    -0.018    2    1   0    0.62
62    1    -0.009    1    1   0    0.53
75    2    0.018    1    2   0    0.66
57    1    -0.009    1    1   0    1.04
77    2    -0.009    2    1   0    2.38
146    2    -0.018    2    1   0    0.66
136    2    -0.018    2    1   0    0.86
94    2    0.009    1    2   0    0.89
19    1    0.009    2    2   0    3.88
90    2    0.018    1    2   0    2.20
52    1    -0.009    1    1   0    1.09
108    2    0.000    1    2   0    2.38
