--------------------------------
19-Mar-2015 19:02:41 
data from observer T15 
#occlusion2 expt 
reference disparity (degrees) 0.160000 

stim order disp kresp testresp correct time
1    1    0.074    1    1   1    2.06
2    1    0.069    1    1   1    0.87
3    2    0.065    2    1   1    0.82
4    1    -0.060    2    2   1    0.57
5    1    0.055    1    1   1    1.68
6    2    0.051    2    1   1    0.57
7    1    -0.046    2    2   1    0.61
8    2    -0.042    1    2   1    0.82
9    1    -0.037    2    2   1    0.58
10    2    -0.032    1    2   1    0.97
11    2    0.028    2    1   1    0.66
12    2    0.023    2    1   1    0.77
13    1    -0.018    2    2   1    0.68
14    1    0.014    1    1   1    0.63
15    2    -0.009    1    2   1    1.99
16    2    0.005    2    1   1    1.14
17    2    0.005    2    1   1    0.72
18    1    0.005    1    1   1    1.03
19    2    0.005    2    1   1    0.75
20    2    0.005    2    1   1    0.64
21    1    0.005    2    2   0    0.75
22    2    -0.014    1    2   1    0.76
23    1    -0.014    2    2   1    0.64
24    1    -0.009    2    2   1    0.74
25    2    -0.009    1    2   1    0.69
26    1    -0.005    2    2   1    0.71
27    1    -0.005    2    2   1    0.58
28    1    -0.005    2    2   1    0.69
29    1    -0.005    2    2   1    0.59
30    2    -0.005    1    2   1    1.72
31    2    0.005    2    1   1    1.67
32    1    -0.005    2    2   1    1.20
33    2    -0.005    1    2   1    1.48
34    2    -0.005    1    2   1    0.75
35    2    0.005    1    2   0    0.91
36    1    -0.014    2    2   1    0.62
37    1    -0.014    2    2   1    0.77
38    2    0.009    2    1   1    0.92
39    1    -0.009    2    2   1    0.65
40    1    0.005    1    1   1    0.95
41    2    0.005    2    1   1    0.65
42    1    0.005    2    2   0    0.99
43    1    0.014    1    1   1    0.74
44    1    0.014    2    2   0    0.91
45    2    -0.023    1    2   1    1.36
46    2    -0.023    1    2   1    1.44
47    1    0.018    1    1   1    1.53
48    1    0.018    2    2   0    0.76
49    1    -0.028    2    2   1    0.67
50    1    -0.028    2    2   1    0.60
-------------------------
Final staircase threshold estimate (mean) is 0.0175
-------------------------
3    1    0.000    2    2   0    1.40
83    2    0.000    2    1   1    0.75
119    2    0.018    2    1   1    0.85
143    2    0.000    1    2   0    3.52
84    2    0.018    2    1   1    0.59
38    1    0.000    2    2   0    1.09
64    1    0.018    1    1   1    0.72
9    1    0.018    1    1   1    0.83
113    2    0.000    2    1   1    1.31
96    2    -0.046    1    2   1    1.19
60    1    0.046    1    1   1    0.64
35    1    0.046    1    1   1    0.64
24    1    0.018    1    1   1    0.99
1    1    -0.046    2    2   1    0.55
49    1    0.018    1    1   1    2.88
48    1    0.000    1    1   1    2.61
142    2    -0.018    1    2   1    0.94
75    2    0.046    2    1   1    0.67
79    2    0.018    2    1   1    0.74
78    2    0.000    2    1   1    3.55
23    1    0.000    2    2   0    2.54
123    2    0.000    2    1   1    0.70
103    2    0.000    1    2   0    2.11
68    1    0.000    2    2   0    0.64
116    2    -0.046    1    2   1    0.70
105    2    0.046    2    1   1    0.53
73    1    0.000    1    1   1    0.69
12    1    -0.018    2    2   1    0.68
30    1    0.046    1    1   1    0.64
133    2    0.000    2    1   1    0.58
6    1    -0.046    2    2   1    0.61
19    1    0.018    1    1   1    0.60
25    1    0.046    1    1   1    0.73
59    1    0.018    1    1   1    0.94
100    2    0.046    2    1   1    0.53
50    1    0.046    1    1   1    0.64
17    1    -0.018    2    2   1    0.75
66    1    -0.046    2    2   1    0.57
55    1    0.046    1    1   1    0.61
144    2    0.018    2    1   1    0.62
99    2    0.018    2    1   1    0.68
54    1    0.018    1    1   1    0.70
45    1    0.046    1    1   1    0.70
74    1    0.018    1    1   1    0.87
36    1    -0.046    2    2   1    0.57
93    2    0.000    2    1   1    0.68
112    2    -0.018    1    2   1    0.59
89    2    0.018    2    1   1    0.60
87    2    -0.018    1    2   1    0.68
70    1    0.046    1    1   1    0.65
134    2    0.018    2    1   1    1.16
130    2    0.046    2    1   1    0.63
33    1    0.000    1    1   1    0.66
98    2    0.000    1    2   0    0.91
108    2    0.000    1    2   0    0.74
149    2    0.018    2    1   1    0.78
117    2    -0.018    1    2   1    0.59
69    1    0.018    1    1   1    0.57
7    1    -0.018    2    2   1    0.69
86    2    -0.046    1    2   1    0.58
46    1    -0.046    2    2   1    0.60
80    2    0.046    2    1   1    0.59
132    2    -0.018    1    2   1    0.57
10    1    0.046    1    1   1    0.88
124    2    0.018    2    1   1    0.59
110    2    0.046    2    1   1    0.67
16    1    -0.046    2    2   1    0.56
37    1    -0.018    2    2   1    0.85
125    2    0.046    2    1   1    0.60
51    1    -0.046    2    2   1    0.48
41    1    -0.046    2    2   1    0.52
146    2    -0.046    1    2   1    0.59
90    2    0.046    2    1   1    0.54
140    2    0.046    2    1   1    0.57
148    2    0.000    1    2   0    0.68
150    2    0.046    2    1   1    0.53
82    2    -0.018    1    2   1    0.53
40    1    0.046    1    1   1    0.69
136    2    -0.046    1    2   1    0.71
122    2    -0.018    1    2   1    0.74
8    1    0.000    1    1   1    0.92
77    2    -0.018    1    2   1    0.63
4    1    0.018    2    2   0    1.24
31    1    -0.046    2    2   1    0.77
145    2    0.046    2    1   1    2.13
65    1    0.046    1    1   1    0.99
62    1    -0.018    2    2   1    1.66
97    2    -0.018    1    2   1    0.76
114    2    0.018    2    1   1    0.63
22    1    -0.018    2    2   1    1.88
2    1    -0.018    2    2   1    2.57
21    1    -0.046    2    2   1    0.82
58    1    0.000    1    1   1    2.95
11    1    -0.046    2    2   1    1.85
94    2    0.018    2    1   1    2.11
76    2    -0.046    1    2   1    2.39
72    1    -0.018    2    2   1    1.79
129    2    0.018    2    1   1    1.84
28    1    0.000    2    2   0    1.45
135    2    0.046    2    1   1    0.66
53    1    0.000    1    1   1    1.92
91    2    -0.046    1    2   1    3.93
29    1    0.018    1    1   1    1.56
39    1    0.018    1    1   1    0.71
109    2    0.018    2    1   1    0.70
18    1    0.000    2    2   0    2.85
118    2    0.000    2    1   1    0.72
47    1    -0.018    2    2   1    0.70
137    2    -0.018    1    2   1    2.12
101    2    -0.046    2    1   0    1.77
121    2    -0.046    1    2   1    2.05
104    2    0.018    2    1   1    1.00
44    1    0.018    1    1   1    1.58
88    2    0.000    1    2   0    1.80
5    1    0.046    1    1   1    1.29
107    2    -0.018    1    2   1    1.48
85    2    0.046    2    1   1    1.18
111    2    -0.046    1    2   1    1.37
32    1    -0.018    2    2   1    1.15
71    1    -0.046    2    2   1    0.77
67    1    -0.018    2    2   1    1.43
42    1    -0.018    2    2   1    1.09
13    1    0.000    2    2   0    0.89
61    1    -0.046    2    2   1    0.78
15    1    0.046    1    1   1    1.44
56    1    -0.046    2    2   1    0.83
127    2    -0.018    1    2   1    1.34
26    1    -0.046    2    2   1    0.76
43    1    0.000    2    2   0    0.87
92    2    -0.018    1    2   1    1.02
147    2    -0.018    1    2   1    1.35
81    2    -0.046    1    2   1    0.67
115    2    0.046    2    1   1    0.84
27    1    -0.018    2    2   1    2.13
57    1    -0.018    2    2   1    1.55
131    2    -0.046    1    2   1    0.75
120    2    0.046    2    1   1    0.76
63    1    0.000    1    1   1    1.08
20    1    0.046    2    2   0    0.91
128    2    0.000    2    1   1    0.89
139    2    0.018    2    1   1    0.76
141    2    -0.046    1    2   1    0.76
14    1    0.018    1    1   1    1.03
52    1    -0.018    2    2   1    0.62
95    2    0.046    2    1   1    0.79
34    1    0.018    1    1   1    0.51
106    2    -0.046    1    2   1    1.10
126    2    -0.046    1    2   1    0.63
102    2    -0.018    1    2   1    1.63
138    2    0.000    2    1   1    1.89
