--------------------------------
19-Mar-2015 20:22:43 
data from observer T15 
#occlusion2 expt 
reference disparity (degrees) 0.160000 

stim order disp kresp testresp correct time
1    1    -0.074    1    1   1    6.23
2    2    0.069    1    2   1    2.46
3    1    -0.065    1    1   1    2.92
4    1    0.060    2    2   1    1.08
5    2    0.055    1    2   1    0.77
6    2    -0.051    2    1   1    0.75
7    1    -0.046    1    1   1    2.64
8    1    0.042    2    2   1    0.82
9    2    -0.037    2    1   1    0.92
10    1    0.032    2    2   1    1.06
11    2    0.028    1    2   1    0.93
12    1    -0.023    1    1   1    1.66
13    1    0.018    2    2   1    0.93
14    2    0.014    1    2   1    3.90
15    1    -0.009    2    2   0    0.89
16    2    -0.018    2    1   1    0.73
17    1    -0.018    1    1   1    0.75
18    1    -0.014    1    1   1    1.88
19    1    0.014    2    2   1    0.56
20    2    0.009    1    2   1    2.15
21    1    -0.009    1    1   1    1.45
22    2    0.005    2    1   0    1.51
23    1    -0.014    1    1   1    1.49
24    1    0.014    2    2   1    0.73
25    2    0.009    1    2   1    0.92
26    1    -0.009    1    1   1    0.86
27    1    -0.005    1    1   1    0.64
28    2    -0.005    1    2   0    0.76
29    2    0.014    1    2   1    1.39
30    2    -0.014    1    2   0    0.91
31    2    -0.023    2    1   1    0.71
32    1    -0.023    1    1   1    0.76
33    1    0.018    2    2   1    1.36
34    2    -0.018    2    1   1    2.18
35    2    0.014    1    2   1    0.77
36    2    0.014    1    2   1    0.76
37    1    0.009    2    2   1    0.80
38    1    -0.009    2    2   0    1.12
39    2    -0.018    1    2   0    0.74
40    2    0.028    2    1   0    0.53
41    2    0.037    1    2   1    2.57
42    1    0.037    2    2   1    0.79
43    2    -0.032    2    1   1    1.15
44    1    0.032    2    2   1    1.97
45    2    -0.028    2    1   1    2.18
46    2    -0.028    2    1   1    1.73
47    2    -0.023    2    1   1    1.54
48    2    0.023    1    2   1    2.31
49    1    -0.018    1    1   1    4.72
50    1    0.018    2    2   1    1.01
-------------------------
Final staircase threshold estimate (mean) is 0.0277
-------------------------
62    1    -0.028    1    1   0    4.92
52    1    -0.028    1    1   0    0.99
69    1    0.028    2    2   0    0.66
2    1    -0.028    1    1   0    0.75
72    1    -0.028    1    1   0    3.25
92    2    -0.028    2    1   0    0.61
14    1    0.028    2    2   0    0.64
49    1    0.028    2    2   0    0.84
116    2    -0.069    2    1   0    1.38
59    1    0.028    2    2   0    0.68
136    2    -0.069    2    1   0    0.76
30    1    0.069    2    2   0    0.67
114    2    0.028    1    2   0    0.78
20    1    0.069    2    2   0    0.60
71    1    -0.069    1    1   0    0.85
40    1    0.069    2    2   0    0.67
27    1    -0.028    1    1   0    0.84
86    2    -0.069    2    1   0    1.65
89    2    0.028    1    2   0    1.00
104    2    0.028    1    2   0    0.77
140    2    0.069    1    2   0    0.88
6    1    -0.069    1    1   0    0.79
24    1    0.028    2    2   0    0.93
112    2    -0.028    2    1   0    1.71
26    1    -0.069    1    1   0    1.31
12    1    -0.028    1    1   0    0.81
15    1    0.069    2    2   0    0.60
105    2    0.069    1    2   0    0.70
149    2    0.028    1    2   0    1.29
34    1    0.028    2    2   0    0.57
23    1    0.000    2    2   0    2.71
11    1    -0.069    1    1   0    0.88
108    2    0.000    1    2   0    2.42
76    2    -0.069    2    1   0    0.46
144    2    0.028    1    2   0    0.89
93    2    0.000    1    2   0    1.59
45    1    0.069    2    2   0    0.69
9    1    0.028    2    2   0    2.07
145    2    0.069    1    2   0    0.90
110    2    0.069    1    2   0    0.64
121    2    -0.069    2    1   0    0.53
28    1    0.000    1    1   1    1.45
109    2    0.028    1    2   0    0.90
47    1    -0.028    1    1   0    0.70
58    1    0.000    1    1   1    1.16
38    1    0.000    1    1   1    1.37
67    1    -0.028    1    1   0    0.73
29    1    0.028    2    2   0    0.61
94    2    0.028    1    2   0    0.53
65    1    0.069    2    2   0    0.65
97    2    -0.028    2    1   0    0.99
143    2    0.000    1    2   0    2.54
70    1    0.069    2    2   0    0.66
100    2    0.069    1    2   0    0.68
42    1    -0.028    1    1   0    0.81
134    2    0.028    1    2   0    1.33
119    2    0.028    1    2   0    0.86
68    1    0.000    2    2   0    2.14
111    2    -0.069    2    1   0    0.52
126    2    -0.069    2    1   0    0.84
57    1    -0.028    1    1   0    2.13
39    1    0.028    2    2   0    0.82
66    1    -0.069    1    1   0    0.84
5    1    0.069    2    2   0    1.32
128    2    0.000    2    1   1    1.16
82    2    -0.028    2    1   0    0.77
79    2    0.028    1    2   0    1.84
150    2    0.069    1    2   0    1.19
10    1    0.069    2    2   0    0.60
1    1    -0.069    1    1   0    0.60
132    2    -0.028    2    1   0    0.61
32    1    -0.028    1    1   0    1.02
73    1    0.000    2    2   0    1.09
139    2    0.028    1    2   0    2.58
130    2    0.069    1    2   0    1.69
88    2    0.000    2    1   1    1.10
17    1    -0.028    1    1   0    0.72
3    1    0.000    1    1   1    0.80
146    2    -0.069    2    1   0    0.55
18    1    0.000    2    2   0    1.30
123    2    0.000    2    1   1    2.32
46    1    -0.069    1    1   0    0.65
120    2    0.069    1    2   0    1.02
74    1    0.028    2    2   0    1.12
124    2    0.028    1    2   0    1.76
106    2    -0.069    2    1   0    0.88
129    2    0.028    1    2   0    1.33
95    2    0.069    1    2   0    0.70
4    1    0.028    2    2   0    1.87
101    2    -0.069    2    1   0    0.84
25    1    0.069    2    2   0    0.66
64    1    0.028    2    2   0    0.68
36    1    -0.069    1    1   0    0.53
84    2    0.028    1    2   0    0.94
43    1    0.000    1    1   1    1.13
63    1    0.000    1    1   1    0.72
31    1    -0.069    1    1   0    0.94
147    2    -0.028    2    1   0    0.97
55    1    0.069    2    2   0    0.79
98    2    0.000    1    2   0    1.58
78    2    0.000    1    2   0    1.34
131    2    -0.069    2    1   0    0.66
142    2    -0.028    2    1   0    1.32
77    2    -0.028    2    1   0    0.98
138    2    0.000    1    2   0    1.34
44    1    0.028    1    1   1    1.08
75    2    0.069    1    2   0    0.74
37    1    -0.028    1    1   0    1.68
113    2    0.000    1    2   0    1.02
7    1    -0.028    1    1   0    0.70
122    2    -0.028    1    2   1    0.72
83    2    0.000    1    2   0    1.50
107    2    -0.028    2    1   0    0.87
51    1    -0.069    2    2   1    0.80
81    2    -0.069    2    1   0    0.83
117    2    -0.028    2    1   0    2.43
133    2    0.000    2    1   1    0.80
8    1    0.000    1    1   1    1.81
48    1    0.000    2    2   0    0.80
13    1    0.000    2    2   0    2.15
141    2    -0.069    2    1   0    0.75
91    2    -0.069    2    1   0    0.57
125    2    0.069    1    2   0    0.67
118    2    0.000    2    1   1    0.82
148    2    0.000    2    1   1    0.91
54    1    0.028    2    2   0    0.99
87    2    -0.028    2    1   0    1.99
61    1    -0.069    1    1   0    2.11
103    2    0.000    2    1   1    1.40
21    1    -0.069    1    1   0    0.58
127    2    -0.028    2    1   0    1.04
41    1    -0.069    1    1   0    0.74
56    1    -0.069    1    1   0    0.74
53    1    0.000    2    2   0    1.36
115    2    0.069    2    1   1    1.16
22    1    -0.028    2    2   1    1.80
80    2    0.069    1    2   0    1.04
102    2    -0.028    2    1   0    0.56
135    2    0.069    1    2   0    0.65
35    1    0.069    2    2   0    0.58
96    2    -0.069    2    1   0    0.72
19    1    0.028    2    2   0    0.88
90    2    0.069    1    2   0    0.66
99    2    0.028    1    2   0    0.71
16    1    -0.069    1    1   0    0.90
85    2    0.069    2    1   1    0.56
33    1    0.000    2    2   0    1.42
50    1    0.069    2    2   0    1.08
60    1    0.069    2    2   0    0.65
137    2    -0.028    2    1   0    1.08
