--------------------------------
19-Mar-2015 20:15:45 
data from observer T15 
#occlusion2 expt 
reference disparity (degrees) 0.160000 

stim order disp kresp testresp correct time
1    2    -0.074    2    1   1    1.32
2    2    0.069    1    2   1    0.70
3    1    -0.065    1    1   1    1.58
4    1    -0.060    1    1   1    3.36
5    2    -0.055    2    1   1    0.64
6    2    0.051    1    2   1    0.55
7    2    -0.046    2    1   1    0.65
8    2    0.042    1    2   1    0.56
9    1    -0.037    1    1   1    1.94
10    1    0.032    2    2   1    0.50
11    1    -0.028    1    1   1    0.59
12    2    0.023    1    2   1    0.72
13    2    -0.018    2    1   1    0.78
14    1    0.014    2    2   1    0.88
15    1    0.009    2    2   1    0.64
16    2    -0.005    2    1   1    0.95
17    1    0.005    1    1   0    1.93
18    2    -0.014    2    1   1    0.69
19    1    -0.014    1    1   1    0.59
20    2    -0.009    2    1   1    0.84
21    1    -0.009    1    1   1    0.53
22    2    -0.005    2    1   1    0.64
23    2    0.005    1    2   1    0.83
24    1    0.005    2    2   1    2.84
25    1    0.005    2    2   1    0.69
26    2    -0.005    2    1   1    0.84
27    2    0.005    2    1   0    0.68
28    2    0.014    1    2   1    1.23
29    1    0.014    2    2   1    0.63
30    1    0.009    2    2   1    0.68
31    2    0.009    1    2   1    0.92
32    1    -0.005    1    1   1    0.63
33    1    0.005    2    2   1    0.74
34    2    0.005    1    2   1    0.69
35    1    0.005    2    2   1    0.70
36    2    0.005    1    2   1    5.23
37    1    -0.005    2    2   0    1.12
38    1    -0.014    1    1   1    1.12
39    2    -0.014    2    1   1    1.02
40    2    -0.009    2    1   1    1.02
41    2    -0.009    2    1   1    0.95
42    1    0.005    2    2   1    0.94
43    2    0.005    2    1   0    2.37
44    2    0.014    1    2   1    0.55
45    2    0.014    1    2   1    0.80
46    2    0.009    1    2   1    0.67
47    2    0.009    1    2   1    1.10
48    1    -0.005    1    1   1    1.77
49    1    0.005    1    1   0    2.03
50    1    0.014    2    2   1    0.60
-------------------------
Final staircase threshold estimate (mean) is 0.0088
-------------------------
18    1    0.000    2    2   0    5.49
93    2    0.000    2    1   1    0.95
47    1    -0.009    1    1   0    0.76
125    2    0.023    1    2   0    0.82
9    1    0.009    2    2   0    0.79
49    1    0.009    2    2   0    0.70
2    1    -0.009    1    1   0    0.65
21    1    -0.023    1    1   0    0.63
33    1    0.000    1    1   1    1.43
89    2    0.009    1    2   0    0.63
4    1    0.009    2    2   0    0.69
107    2    -0.009    1    2   1    0.49
23    1    0.000    2    2   0    1.65
114    2    0.009    1    2   0    0.81
128    2    0.000    1    2   0    1.04
15    1    0.023    2    2   0    1.13
22    1    -0.009    1    1   0    0.63
101    2    -0.023    2    1   0    0.63
133    2    0.000    2    1   1    1.52
26    1    -0.023    1    1   0    0.57
1    1    -0.023    1    1   0    0.55
109    2    0.009    1    2   0    0.55
48    1    0.000    2    2   0    0.66
136    2    -0.023    2    1   0    0.66
143    2    0.000    1    2   0    0.92
131    2    -0.023    2    1   0    0.61
92    2    -0.009    2    1   0    1.41
147    2    -0.009    1    2   1    0.76
32    1    -0.009    1    1   0    0.72
10    1    0.023    2    2   0    1.17
108    2    0.000    2    1   1    1.06
115    2    0.023    1    2   0    0.76
118    2    0.000    1    2   0    0.86
69    1    0.009    1    1   1    1.24
25    1    0.023    2    2   0    0.57
31    1    -0.023    1    1   0    0.61
61    1    -0.023    1    1   0    4.26
40    1    0.023    2    2   0    0.78
119    2    0.009    1    2   0    0.93
66    1    -0.023    2    2   1    0.79
116    2    -0.023    2    1   0    1.27
75    2    0.023    1    2   0    0.70
60    1    0.023    2    2   0    0.69
59    1    0.009    1    1   1    1.15
135    2    0.023    1    2   0    0.72
74    1    0.009    2    2   0    0.70
150    2    0.023    1    2   0    0.54
8    1    0.000    2    2   0    0.94
81    2    -0.023    2    1   0    0.74
70    1    0.023    2    2   0    0.87
55    1    0.023    2    2   0    0.63
103    2    0.000    1    2   0    0.66
85    2    0.023    2    1   1    0.52
71    1    -0.023    1    1   0    0.48
82    2    -0.009    2    1   0    0.57
6    1    -0.023    1    1   0    0.69
53    1    0.000    2    2   0    0.79
87    2    -0.009    2    1   0    0.63
51    1    -0.023    1    1   0    0.57
20    1    0.023    2    2   0    0.68
36    1    -0.023    1    1   0    0.60
144    2    0.009    1    2   0    0.74
54    1    0.009    2    2   0    0.69
72    1    -0.009    2    2   1    0.74
35    1    0.023    2    2   0    0.85
83    2    0.000    2    1   1    2.89
111    2    -0.023    2    1   0    0.80
132    2    -0.009    2    1   0    3.09
148    2    0.000    2    1   1    1.02
27    1    -0.009    1    1   0    0.66
142    2    -0.009    2    1   0    2.39
73    1    0.000    1    1   1    1.12
12    1    -0.009    1    1   0    3.07
88    2    0.000    1    2   0    1.52
129    2    0.009    1    2   0    0.68
145    2    0.023    1    2   0    1.55
95    2    0.023    1    2   0    0.64
126    2    -0.023    2    1   0    1.09
43    1    0.000    2    2   0    0.75
79    2    0.009    1    2   0    1.60
78    2    0.000    2    1   1    0.64
24    1    0.009    2    2   0    2.07
29    1    0.009    2    2   0    1.39
68    1    0.000    1    1   1    0.91
58    1    0.000    2    2   0    1.95
97    2    -0.009    2    1   0    2.59
86    2    -0.023    2    1   0    0.69
46    1    -0.023    1    1   0    2.84
104    2    0.009    1    2   0    1.87
121    2    -0.023    2    1   0    1.07
105    2    0.023    1    2   0    0.72
96    2    -0.023    2    1   0    0.56
34    1    0.009    2    2   0    0.52
100    2    0.023    1    2   0    0.92
5    1    0.023    2    2   0    0.71
113    2    0.000    2    1   1    1.03
91    2    -0.023    2    1   0    0.78
112    2    -0.009    2    1   0    1.62
41    1    -0.023    1    1   0    0.72
120    2    0.023    1    2   0    1.02
106    2    -0.023    2    1   0    0.64
19    1    0.009    2    2   0    1.36
140    2    0.023    1    2   0    0.70
141    2    -0.023    2    1   0    0.64
30    1    0.023    2    2   0    0.54
76    2    -0.023    2    1   0    0.65
122    2    -0.009    2    1   0    1.56
62    1    -0.009    1    1   0    0.79
11    1    -0.023    1    1   0    0.64
138    2    0.000    2    1   1    0.82
102    2    -0.009    2    1   0    0.76
124    2    0.009    1    2   0    0.72
98    2    0.000    2    1   1    1.91
17    1    -0.009    1    1   0    0.74
80    2    0.023    1    2   0    0.83
14    1    0.009    2    2   0    0.60
134    2    0.009    1    2   0    0.71
42    1    -0.009    1    1   0    0.85
39    1    0.009    2    2   0    0.64
94    2    0.009    1    2   0    0.87
63    1    0.000    1    1   1    0.66
52    1    -0.009    1    1   0    0.73
67    1    -0.009    1    1   0    0.64
90    2    0.023    1    2   0    1.37
7    1    -0.009    1    1   0    0.85
65    1    0.023    2    2   0    2.46
149    2    0.009    1    2   0    0.57
3    1    0.000    1    1   1    2.31
44    1    0.009    1    1   1    0.86
64    1    0.009    2    2   0    1.74
139    2    0.009    1    2   0    1.44
146    2    -0.023    2    1   0    0.58
123    2    0.000    1    2   0    1.47
37    1    -0.009    2    2   1    2.40
13    1    0.000    2    2   0    1.20
57    1    -0.009    1    1   0    1.25
99    2    0.009    1    2   0    1.62
56    1    -0.023    1    1   0    0.95
117    2    -0.009    2    1   0    0.87
127    2    -0.009    2    1   0    1.07
45    1    0.023    2    2   0    0.70
110    2    0.023    1    2   0    0.85
84    2    0.009    1    2   0    2.25
28    1    0.000    2    2   0    0.62
130    2    0.023    1    2   0    0.54
77    2    -0.009    2    1   0    0.85
50    1    0.023    2    2   0    0.97
38    1    0.000    2    2   0    1.52
16    1    -0.023    1    1   0    0.73
137    2    -0.009    2    1   0    0.51
