--------------------------------
19-Mar-2015 19:27:57 
data from observer T15 
#occlusion2 expt 
reference disparity (degrees) 0.160000 

stim order disp kresp testresp correct time
1    2    0.074    2    1   1    2.28
2    1    -0.069    2    2   1    1.65
3    1    -0.065    2    2   1    0.59
4    2    -0.060    1    2   1    2.24
5    1    0.055    1    1   1    0.66
6    2    0.051    2    1   1    0.52
7    1    -0.046    2    2   1    0.58
8    1    -0.042    2    2   1    0.81
9    1    -0.037    2    2   1    0.77
10    2    0.032    2    1   1    0.53
11    2    -0.028    1    2   1    2.30
12    2    -0.023    2    1   0    1.70
13    1    0.032    1    1   1    1.17
14    1    -0.032    2    2   1    0.53
15    2    0.028    2    1   1    0.56
16    2    -0.028    2    1   0    1.56
17    2    0.037    2    1   1    0.55
18    1    -0.037    2    2   1    0.67
19    1    -0.032    2    2   1    0.63
20    2    -0.032    1    2   1    3.64
21    2    0.028    2    1   1    0.58
22    1    -0.028    2    2   1    0.59
23    1    0.023    1    1   1    1.54
24    2    -0.023    1    2   1    1.24
25    1    0.018    1    1   1    2.47
26    2    -0.018    1    2   1    1.74
27    2    -0.014    1    2   1    1.50
28    2    -0.014    2    1   0    1.37
29    2    0.023    2    1   1    0.81
30    2    0.023    2    1   1    0.63
31    2    -0.018    1    2   1    1.71
32    2    0.018    2    1   1    0.73
33    1    0.014    1    1   1    0.79
34    1    0.014    1    1   1    1.58
35    1    0.009    2    2   0    0.67
36    1    0.018    1    1   1    2.01
37    2    0.018    2    1   1    0.74
38    1    -0.014    2    2   1    0.71
39    2    -0.014    1    2   1    2.80
40    1    -0.009    2    2   1    0.74
41    2    0.009    2    1   1    0.68
42    1    0.005    1    1   1    3.37
43    1    0.005    2    2   0    1.73
44    2    0.014    2    1   1    0.70
45    2    0.014    2    1   1    0.76
46    2    -0.009    2    1   0    0.67
47    2    -0.018    1    2   1    1.20
48    2    -0.018    1    2   1    1.22
49    1    -0.014    2    2   1    0.62
50    1    -0.014    2    2   1    0.66
-------------------------
Final staircase threshold estimate (mean) is 0.0120
-------------------------
32    1    -0.014    2    2   1    2.90
125    2    0.032    2    1   1    0.55
77    2    -0.014    1    2   1    1.35
83    2    0.000    2    1   1    1.45
143    2    0.000    1    2   0    1.28
7    1    -0.014    2    2   1    0.51
1    1    -0.032    2    2   1    0.57
50    1    0.032    1    1   1    0.77
45    1    0.032    1    1   1    0.71
141    2    -0.032    1    2   1    0.64
47    1    -0.014    2    2   1    0.64
138    2    0.000    1    2   0    2.30
15    1    0.032    1    1   1    2.59
129    2    0.014    2    1   1    0.85
51    1    -0.032    2    2   1    1.11
109    2    0.014    2    1   1    2.56
110    2    0.032    2    1   1    0.74
121    2    -0.032    1    2   1    1.69
94    2    0.014    2    1   1    1.19
16    1    -0.032    2    2   1    0.71
131    2    -0.032    1    2   1    0.85
149    2    0.014    2    1   1    0.58
76    2    -0.032    1    2   1    0.55
20    1    0.032    1    1   1    0.68
63    1    0.000    2    2   0    0.60
26    1    -0.032    2    2   1    0.56
33    1    0.000    1    1   1    0.95
57    1    -0.014    2    2   1    0.61
118    2    0.000    1    2   0    0.71
56    1    -0.032    2    2   1    0.53
78    2    0.000    1    2   0    0.57
105    2    0.032    2    1   1    0.48
111    2    -0.032    1    2   1    0.52
75    2    0.032    2    1   1    1.48
28    1    0.000    2    2   0    2.78
139    2    0.014    2    1   1    0.73
95    2    0.032    2    1   1    0.58
140    2    0.032    2    1   1    1.15
87    2    -0.014    1    2   1    1.26
128    2    0.000    2    1   1    2.52
146    2    -0.032    1    2   1    1.49
70    1    0.032    1    1   1    1.38
130    2    0.032    2    1   1    1.71
34    1    0.014    1    1   1    2.65
137    2    -0.014    1    2   1    2.30
38    1    0.000    1    1   1    3.84
25    1    0.032    1    1   1    0.87
107    2    -0.014    1    2   1    1.97
82    2    -0.014    1    2   1    2.26
122    2    -0.014    1    2   1    3.62
148    2    0.000    1    2   0    2.90
37    1    -0.014    2    2   1    0.70
106    2    -0.032    1    2   1    0.78
59    1    0.014    1    1   1    0.98
2    1    -0.014    2    2   1    0.77
11    1    -0.032    2    2   1    0.73
4    1    0.014    1    1   1    0.63
58    1    0.000    2    2   0    2.61
55    1    0.032    1    1   1    0.58
21    1    -0.032    2    2   1    0.56
54    1    0.014    1    1   1    0.61
23    1    0.000    2    2   0    1.51
134    2    0.014    2    1   1    0.79
81    2    -0.032    1    2   1    0.54
97    2    -0.014    1    2   1    0.72
145    2    0.032    2    1   1    0.73
133    2    0.000    2    1   1    2.07
31    1    -0.032    2    2   1    0.83
136    2    -0.032    1    2   1    0.59
48    1    0.000    1    1   1    5.83
39    1    0.014    1    1   1    1.99
86    2    -0.032    1    2   1    1.15
6    1    -0.032    2    2   1    1.27
62    1    -0.014    2    2   1    2.76
98    2    0.000    1    2   0    4.66
91    2    -0.032    1    2   1    0.72
49    1    0.014    1    1   1    0.61
132    2    -0.014    1    2   1    0.86
61    1    -0.032    2    2   1    0.85
12    1    -0.014    2    2   1    0.73
104    2    0.014    2    1   1    0.68
73    1    0.000    1    1   1    1.10
42    1    -0.014    2    2   1    0.69
80    2    0.032    2    1   1    0.82
120    2    0.032    2    1   1    0.64
53    1    0.000    2    2   0    2.00
79    2    0.014    2    1   1    0.88
150    2    0.032    2    1   1    0.65
108    2    0.000    2    1   1    0.78
102    2    -0.014    1    2   1    1.81
46    1    -0.032    2    2   1    0.50
8    1    0.000    1    1   1    2.08
36    1    -0.032    2    2   1    0.69
9    1    0.014    1    1   1    2.18
144    2    0.014    2    1   1    2.00
5    1    0.032    1    1   1    0.65
71    1    -0.032    2    2   1    0.54
43    1    0.000    1    1   1    2.24
85    2    0.032    2    1   1    0.59
126    2    -0.032    1    2   1    0.47
10    1    0.032    1    1   1    0.82
17    1    -0.014    2    2   1    0.67
147    2    -0.014    1    2   1    0.57
67    1    -0.014    1    1   0    0.71
27    1    -0.014    2    2   1    0.65
65    1    0.032    1    1   1    1.80
22    1    -0.014    2    2   1    0.89
13    1    0.000    1    1   1    3.98
142    2    -0.014    1    2   1    0.65
114    2    0.014    2    1   1    0.69
44    1    0.014    1    1   1    0.85
72    1    -0.014    2    2   1    1.46
30    1    0.032    1    1   1    1.02
18    1    0.000    2    2   0    0.96
101    2    -0.032    1    2   1    0.56
3    1    0.000    2    2   0    0.51
60    1    0.032    1    1   1    1.77
127    2    -0.014    2    1   0    0.65
88    2    0.000    2    1   1    0.74
113    2    0.000    2    1   1    1.16
84    2    0.014    2    1   1    1.01
96    2    -0.032    1    2   1    2.27
89    2    0.014    2    1   1    1.26
124    2    0.014    2    1   1    0.63
66    1    -0.032    2    2   1    0.67
93    2    0.000    1    2   0    2.45
74    1    0.014    1    1   1    1.78
90    2    0.032    2    1   1    0.68
24    1    0.014    1    1   1    0.66
29    1    0.014    1    1   1    0.91
35    1    0.032    1    1   1    1.64
64    1    0.014    1    1   1    0.57
135    2    0.032    2    1   1    1.15
14    1    0.014    1    1   1    1.59
123    2    0.000    1    2   0    1.88
40    1    0.032    1    1   1    0.64
103    2    0.000    2    1   1    0.77
52    1    -0.014    2    2   1    0.67
41    1    -0.032    2    2   1    0.64
112    2    -0.014    1    2   1    0.83
99    2    0.014    2    1   1    0.61
119    2    0.014    2    1   1    0.85
100    2    0.032    2    1   1    0.76
115    2    0.032    2    1   1    0.63
92    2    -0.014    1    2   1    1.06
69    1    0.014    1    1   1    0.76
68    1    0.000    2    2   0    2.16
117    2    -0.014    1    2   1    0.68
19    1    0.014    1    1   1    0.71
116    2    -0.032    1    2   1    2.74
