--------------------------------
19-Mar-2015 19:38:02 
data from observer T15 
#occlusion2 expt 
reference disparity (degrees) 0.160000 

stim order disp kresp testresp correct time
1    1    -0.074    2    2   1    3.49
2    1    -0.069    2    2   1    0.87
3    1    0.065    1    1   1    1.54
4    2    0.060    2    1   1    0.65
5    2    0.055    2    1   1    1.73
6    2    -0.051    1    2   1    2.12
7    2    0.046    2    1   1    0.86
8    2    0.042    2    1   1    1.09
9    2    0.037    2    1   1    0.85
10    2    -0.032    1    2   1    1.83
11    2    0.028    2    1   1    1.25
12    1    -0.023    2    2   1    1.27
13    2    0.018    2    1   1    1.31
14    1    0.014    1    1   1    2.11
15    2    0.009    2    1   1    0.76
16    1    -0.005    2    2   1    1.80
17    1    -0.005    2    2   1    0.85
18    1    0.005    1    1   1    4.56
19    1    0.005    2    2   0    0.73
20    1    -0.014    2    2   1    0.76
21    1    0.014    1    1   1    1.55
22    2    -0.009    1    2   1    1.40
23    2    0.009    2    1   1    1.79
24    1    0.005    2    2   0    1.72
25    1    -0.014    2    2   1    0.83
26    1    -0.014    2    2   1    1.08
27    1    0.009    1    1   1    2.01
28    1    -0.009    2    2   1    1.02
29    1    0.005    1    1   1    1.83
30    1    0.005    1    1   1    0.86
31    2    -0.005    1    2   1    1.06
32    1    0.005    1    1   1    1.58
33    1    0.005    1    1   1    1.64
34    2    -0.005    1    2   1    1.41
35    1    -0.005    2    2   1    2.90
36    2    -0.005    1    2   1    2.28
37    1    0.005    1    1   1    1.76
38    2    -0.005    2    1   0    3.22
39    2    -0.014    1    2   1    0.81
40    2    0.014    2    1   1    0.63
41    2    0.009    2    1   1    1.77
42    1    0.009    1    1   1    1.59
43    1    -0.005    2    2   1    0.65
44    1    0.005    2    2   0    0.76
45    1    0.014    1    1   1    0.65
46    2    0.014    2    1   1    0.61
47    1    -0.009    2    2   1    2.09
48    1    -0.009    2    2   1    1.84
49    1    -0.005    2    2   1    0.68
50    1    -0.005    2    2   1    2.31
-------------------------
Final staircase threshold estimate (mean) is 0.0083
-------------------------
29    1    0.009    2    2   0    5.78
48    1    0.000    2    2   0    1.08
90    2    0.023    2    1   1    0.80
77    2    -0.009    1    2   1    0.83
25    1    0.023    1    1   1    1.15
10    1    0.023    1    1   1    0.69
63    1    0.000    1    1   1    4.25
56    1    -0.023    2    2   1    0.62
39    1    0.009    1    1   1    0.76
94    2    0.009    2    1   1    0.75
146    2    -0.023    1    2   1    0.59
114    2    0.009    2    1   1    1.66
140    2    0.023    2    1   1    2.01
78    2    0.000    1    2   0    0.76
129    2    0.009    2    1   1    0.76
82    2    -0.009    1    2   1    0.66
42    1    -0.009    2    2   1    0.54
85    2    0.023    2    1   1    1.22
92    2    -0.009    1    2   1    0.73
32    1    -0.009    2    2   1    0.72
11    1    -0.023    2    2   1    0.57
13    1    0.000    1    1   1    0.73
12    1    -0.009    2    2   1    0.59
135    2    0.023    2    1   1    0.57
7    1    -0.009    2    2   1    0.72
71    1    -0.023    2    2   1    0.63
37    1    -0.009    2    2   1    2.01
46    1    -0.023    2    2   1    0.85
121    2    -0.023    1    2   1    0.71
109    2    0.009    2    1   1    0.64
21    1    -0.023    2    2   1    0.67
9    1    0.009    1    1   1    1.84
131    2    -0.023    1    2   1    0.85
67    1    -0.009    2    2   1    0.76
139    2    0.009    2    1   1    2.03
147    2    -0.009    1    2   1    0.88
52    1    -0.009    2    2   1    1.46
49    1    0.009    1    1   1    1.55
20    1    0.023    1    1   1    0.72
68    1    0.000    2    2   0    0.75
138    2    0.000    1    2   0    0.59
23    1    0.000    1    1   1    1.71
64    1    0.009    1    1   1    1.55
50    1    0.023    1    1   1    0.88
126    2    -0.023    1    2   1    0.94
15    1    0.023    1    1   1    0.70
44    1    0.009    1    1   1    1.77
60    1    0.023    1    1   1    2.12
97    2    -0.009    1    2   1    3.67
24    1    0.009    1    1   1    2.00
125    2    0.023    2    1   1    0.95
102    2    -0.009    1    2   1    2.21
101    2    -0.023    2    1   0    1.20
91    2    -0.023    1    2   1    1.19
137    2    -0.009    2    1   0    1.17
116    2    -0.023    1    2   1    0.60
134    2    0.009    2    1   1    0.61
103    2    0.000    2    1   1    1.20
53    1    0.000    2    2   0    0.78
31    1    -0.023    2    2   1    0.71
19    1    0.009    1    1   1    3.10
119    2    0.009    2    1   1    0.90
83    2    0.000    2    1   1    1.70
40    1    0.023    1    1   1    0.60
145    2    0.023    2    1   1    0.57
57    1    -0.009    2    2   1    0.96
76    2    -0.023    1    2   1    0.57
73    1    0.000    2    2   0    0.59
142    2    -0.009    1    2   1    0.64
149    2    0.009    2    1   1    0.53
55    1    0.023    1    1   1    0.65
34    1    0.009    1    1   1    1.36
38    1    0.000    2    2   0    0.65
47    1    -0.009    2    2   1    0.56
80    2    0.023    1    2   0    0.79
74    1    0.009    1    1   1    0.73
58    1    0.000    1    1   1    1.67
96    2    -0.023    1    2   1    1.70
66    1    -0.023    2    2   1    0.55
144    2    0.009    2    1   1    2.87
51    1    -0.023    2    2   1    2.00
98    2    0.000    2    1   1    2.97
35    1    0.023    1    1   1    0.66
122    2    -0.009    1    2   1    1.16
33    1    0.000    1    1   1    0.60
148    2    0.000    2    1   1    0.71
22    1    -0.009    2    2   1    0.92
84    2    0.009    2    1   1    2.09
141    2    -0.023    1    2   1    0.61
2    1    -0.009    2    2   1    0.70
3    1    0.000    1    1   1    0.64
62    1    -0.009    2    2   1    0.69
26    1    -0.023    2    2   1    0.56
65    1    0.023    1    1   1    0.61
79    2    0.009    2    1   1    0.56
45    1    0.023    1    1   1    0.54
128    2    0.000    1    2   0    0.61
70    1    0.023    1    1   1    0.71
123    2    0.000    1    2   0    3.33
130    2    0.023    2    1   1    0.71
93    2    0.000    2    1   1    1.62
89    2    0.009    2    1   1    0.72
87    2    -0.009    1    2   1    1.88
30    1    0.023    1    1   1    2.25
17    1    -0.009    2    2   1    1.73
117    2    -0.009    1    2   1    0.55
115    2    0.023    2    1   1    0.65
104    2    0.009    2    1   1    0.82
43    1    0.000    1    1   1    1.52
95    2    0.023    2    1   1    0.66
99    2    0.009    2    1   1    0.97
75    2    0.023    2    1   1    0.61
124    2    0.009    2    1   1    1.38
72    1    -0.009    2    2   1    0.75
41    1    -0.023    2    2   1    0.67
4    1    0.009    2    2   0    0.66
54    1    0.009    1    1   1    0.77
143    2    0.000    1    2   0    1.19
106    2    -0.023    1    2   1    0.61
136    2    -0.023    1    2   1    0.60
120    2    0.023    2    1   1    0.59
112    2    -0.009    1    2   1    0.61
5    1    0.023    1    1   1    0.76
1    1    -0.023    2    2   1    0.47
132    2    -0.009    1    2   1    0.54
69    1    0.009    1    1   1    0.63
8    1    0.000    2    2   0    0.69
100    2    0.023    2    1   1    0.98
61    1    -0.023    2    2   1    0.69
59    1    0.009    1    1   1    0.93
28    1    0.000    2    2   0    0.53
110    2    0.023    2    1   1    0.76
105    2    0.023    2    1   1    2.08
133    2    0.000    1    2   0    1.57
108    2    0.000    1    2   0    0.86
18    1    0.000    1    1   1    1.09
113    2    0.000    1    2   0    1.68
107    2    -0.009    1    2   1    0.80
118    2    0.000    1    2   0    0.60
36    1    -0.023    2    2   1    0.69
6    1    -0.023    2    2   1    0.72
150    2    0.023    2    1   1    0.73
86    2    -0.023    2    1   0    0.66
88    2    0.000    1    2   0    2.45
127    2    -0.009    1    2   1    1.46
81    2    -0.023    1    2   1    0.53
14    1    0.009    2    2   0    2.96
16    1    -0.023    2    2   1    1.08
111    2    -0.023    1    2   1    0.80
27    1    -0.009    2    2   1    1.15
