--------------------------------
23-Mar-2015 17:52:32 
data from observer T16 
#occlusion2 expt 
reference disparity (degrees) 0.160000 

stim order disp kresp testresp correct time
1    2    -0.074    1    2   1    1.28
2    1    0.069    1    1   1    0.66
3    2    0.065    2    1   1    0.79
4    1    -0.060    2    2   1    0.72
5    1    0.055    1    1   1    0.77
6    2    -0.051    1    2   1    0.67
7    2    0.046    2    1   1    0.82
8    1    0.042    1    1   1    0.74
9    1    0.037    1    1   1    1.04
10    2    0.032    2    1   1    0.77
11    1    -0.028    2    2   1    0.66
12    1    -0.023    2    2   1    0.73
13    2    0.018    2    1   1    0.79
14    2    -0.014    1    2   1    1.06
15    1    -0.009    1    1   0    2.00
16    2    -0.018    1    2   1    0.81
17    1    -0.018    2    2   1    0.91
18    1    -0.014    2    2   1    1.38
19    1    -0.014    2    2   1    1.14
20    2    0.009    2    1   1    2.96
21    2    0.009    2    1   1    1.33
22    1    -0.005    2    2   1    1.01
23    1    -0.005    1    1   0    1.05
24    1    0.014    1    1   1    0.99
25    1    -0.014    2    2   1    1.09
26    1    -0.009    2    2   1    0.74
27    2    -0.009    1    2   1    1.06
28    2    0.005    1    2   0    1.68
29    2    -0.014    1    2   1    1.33
30    2    -0.014    1    2   1    0.80
31    1    0.009    1    1   1    0.76
32    1    -0.009    2    2   1    1.15
33    1    0.005    1    1   1    0.65
34    1    -0.005    1    1   0    1.31
35    2    0.014    2    1   1    1.06
36    2    0.014    2    1   1    0.74
37    2    -0.009    1    2   1    1.08
38    2    -0.009    1    2   1    1.15
39    1    -0.005    2    2   1    1.86
40    1    -0.005    1    1   0    1.19
41    1    -0.014    2    2   1    1.12
42    2    -0.014    1    2   1    0.70
43    1    -0.009    1    1   0    1.79
44    2    0.018    2    1   1    1.00
45    1    0.018    1    1   1    0.74
46    2    0.014    2    1   1    0.86
47    2    -0.014    1    2   1    0.95
48    1    -0.009    2    2   1    0.93
49    1    -0.009    2    2   1    1.10
50    2    -0.005    1    2   1    1.00
-------------------------
Final staircase threshold estimate (mean) is 0.0125
-------------------------
99    2    0.014    2    1   1    1.47
139    2    0.014    2    1   1    0.69
58    1    0.000    1    1   1    1.32
27    1    -0.014    2    2   1    0.81
81    2    -0.032    1    2   1    0.58
7    1    -0.014    2    2   1    0.75
138    2    0.000    2    1   1    2.07
10    1    0.032    1    1   1    0.68
62    1    -0.014    2    2   1    0.73
102    2    -0.014    1    2   1    0.63
119    2    0.014    1    2   0    0.69
28    1    0.000    2    2   0    2.28
74    1    0.014    1    1   1    0.91
148    2    0.000    1    2   0    0.93
93    2    0.000    1    2   0    0.88
53    1    0.000    1    1   1    1.00
135    2    0.032    2    1   1    0.87
48    1    0.000    1    1   1    0.65
83    2    0.000    1    2   0    0.90
22    1    -0.014    2    2   1    1.07
106    2    -0.032    1    2   1    0.72
118    2    0.000    1    2   0    0.91
110    2    0.032    2    1   1    0.83
84    2    0.014    2    1   1    0.87
91    2    -0.032    1    2   1    0.76
130    2    0.032    2    1   1    0.73
50    1    0.032    1    1   1    0.70
64    1    0.014    1    1   1    1.19
100    2    0.032    2    1   1    0.76
71    1    -0.032    2    2   1    0.66
11    1    -0.032    2    2   1    0.73
149    2    0.014    2    1   1    0.76
36    1    -0.032    2    2   1    0.60
80    2    0.032    2    1   1    0.56
125    2    0.032    2    1   1    0.53
101    2    -0.032    1    2   1    0.66
115    2    0.032    2    1   1    0.61
2    1    -0.014    2    2   1    0.89
88    2    0.000    1    2   0    0.93
42    1    -0.014    2    2   1    0.88
140    2    0.032    2    1   1    0.91
124    2    0.014    2    1   1    0.72
54    1    0.014    1    1   1    1.13
123    2    0.000    1    2   0    1.83
69    1    0.014    1    1   1    0.82
33    1    0.000    1    1   1    1.08
105    2    0.032    2    1   1    0.71
12    1    -0.014    2    2   1    1.21
121    2    -0.032    1    2   1    0.69
117    2    -0.014    1    2   1    0.72
144    2    0.014    2    1   1    0.87
111    2    -0.032    1    2   1    0.85
122    2    -0.014    1    2   1    1.17
128    2    0.000    1    2   0    3.71
30    1    0.032    1    1   1    0.78
25    1    0.032    1    1   1    0.62
85    2    0.032    2    1   1    1.07
13    1    0.000    1    1   1    1.30
56    1    -0.032    2    2   1    1.10
38    1    0.000    1    1   1    1.17
136    2    -0.032    1    2   1    0.83
82    2    -0.014    1    2   1    0.71
126    2    -0.032    1    2   1    0.53
57    1    -0.014    2    2   1    0.95
142    2    -0.014    1    2   1    1.37
113    2    0.000    1    2   0    2.11
41    1    -0.032    2    2   1    0.87
95    2    0.032    2    1   1    0.72
47    1    -0.014    2    2   1    0.94
3    1    0.000    1    1   1    1.00
19    1    0.014    1    1   1    0.99
65    1    0.032    1    1   1    1.29
4    1    0.014    1    1   1    2.05
89    2    0.014    1    2   0    1.20
31    1    -0.032    2    2   1    0.73
146    2    -0.032    1    2   1    0.95
40    1    0.032    1    1   1    0.69
37    1    -0.014    2    2   1    1.49
60    1    0.032    1    1   1    0.71
59    1    0.014    1    1   1    0.99
75    2    0.032    2    1   1    0.92
134    2    0.014    1    2   0    0.90
39    1    0.014    2    2   0    1.17
24    1    0.014    1    1   1    0.88
16    1    -0.032    2    2   1    0.62
9    1    0.014    1    1   1    0.64
49    1    0.014    2    2   0    0.56
137    2    -0.014    1    2   1    2.38
73    1    0.000    2    2   0    1.26
34    1    0.014    1    1   1    1.11
107    2    -0.014    1    2   1    1.90
86    2    -0.032    1    2   1    1.04
109    2    0.014    2    1   1    0.91
112    2    -0.014    1    2   1    1.13
150    2    0.032    2    1   1    0.82
79    2    0.014    2    1   1    2.07
98    2    0.000    1    2   0    1.97
35    1    0.032    1    1   1    0.85
103    2    0.000    1    2   0    0.93
120    2    0.032    2    1   1    0.88
61    1    -0.032    2    2   1    0.60
78    2    0.000    2    1   1    1.77
70    1    0.032    1    1   1    0.82
132    2    -0.014    1    2   1    0.86
18    1    0.000    1    1   1    1.19
97    2    -0.014    1    2   1    0.80
14    1    0.014    1    1   1    0.74
23    1    0.000    2    2   0    1.33
1    1    -0.032    2    2   1    0.86
63    1    0.000    2    2   0    1.11
92    2    -0.014    2    1   0    1.26
55    1    0.032    1    1   1    0.89
45    1    0.032    1    1   1    0.77
21    1    -0.032    2    2   1    0.82
104    2    0.014    1    2   0    1.83
108    2    0.000    2    1   1    1.01
26    1    -0.032    2    2   1    0.93
77    2    -0.014    1    2   1    0.85
20    1    0.032    1    1   1    1.37
133    2    0.000    1    2   0    0.95
51    1    -0.032    2    2   1    0.68
72    1    -0.014    2    2   1    1.00
116    2    -0.032    1    2   1    1.68
5    1    0.032    1    1   1    2.13
143    2    0.000    1    2   0    4.41
43    1    0.000    1    1   1    1.63
94    2    0.014    2    1   1    1.88
145    2    0.032    2    1   1    1.15
147    2    -0.014    2    1   0    1.46
32    1    -0.014    2    2   1    0.85
15    1    0.032    2    2   0    0.73
66    1    -0.032    2    2   1    0.79
131    2    -0.032    2    1   0    0.80
90    2    0.032    2    1   1    1.54
141    2    -0.032    2    1   0    1.32
44    1    0.014    1    1   1    0.96
6    1    -0.032    2    2   1    0.87
52    1    -0.014    2    2   1    1.09
129    2    0.014    2    1   1    0.79
29    1    0.014    1    1   1    1.18
17    1    -0.014    2    2   1    0.78
76    2    -0.032    2    1   0    1.04
46    1    -0.032    2    2   1    1.06
87    2    -0.014    1    2   1    1.39
96    2    -0.032    2    1   0    0.76
68    1    0.000    2    2   0    1.50
114    2    0.014    2    1   1    0.80
8    1    0.000    2    2   0    0.74
67    1    -0.014    2    2   1    1.12
127    2    -0.014    1    2   1    1.45
