--------------------------------
23-Mar-2015 17:59:21 
data from observer T16 
#occlusion2 expt 
reference disparity (degrees) 0.160000 

stim order disp kresp testresp correct time
1    2    -0.074    1    2   1    2.14
2    1    0.069    1    1   1    1.00
3    1    0.065    1    1   1    1.30
4    1    0.060    1    1   1    0.67
5    2    -0.055    1    2   1    1.57
6    1    -0.051    2    2   1    2.00
7    2    -0.046    1    2   1    1.65
8    1    -0.042    2    2   1    1.25
9    1    -0.037    1    1   0    1.16
10    2    -0.046    2    1   0    1.05
11    1    0.055    1    1   1    0.77
12    2    -0.055    1    2   1    0.91
13    2    -0.051    1    2   1    1.09
14    1    -0.051    2    2   1    2.30
15    1    0.046    2    2   0    1.30
16    1    0.055    1    1   1    1.03
17    2    -0.055    1    2   1    0.88
18    1    0.051    1    1   1    1.03
19    1    0.051    1    1   1    0.97
20    2    0.046    2    1   1    1.15
21    2    0.046    2    1   1    1.03
22    2    -0.042    1    2   1    3.16
23    1    0.042    1    1   1    0.74
24    2    0.037    2    1   1    2.36
25    2    0.037    2    1   1    1.25
26    2    0.032    2    1   1    0.94
27    1    -0.032    2    2   1    1.61
28    2    0.028    2    1   1    1.10
29    1    -0.028    2    2   1    1.19
30    1    0.023    1    1   1    1.36
31    2    0.023    1    2   0    1.21
32    2    -0.032    1    2   1    1.35
33    1    -0.032    2    2   1    1.20
34    2    0.028    2    1   1    1.04
35    2    0.028    2    1   1    0.80
36    2    0.023    2    1   1    1.67
37    1    -0.023    2    2   1    1.22
38    1    0.018    2    2   0    1.13
39    1    -0.028    2    2   1    1.24
40    2    -0.028    1    2   1    0.79
41    2    0.023    2    1   1    1.09
42    2    0.023    2    1   1    0.87
43    2    -0.018    2    1   0    1.64
44    2    0.028    2    1   1    1.96
45    1    -0.028    2    2   1    0.83
46    1    -0.023    2    2   1    0.80
47    2    0.023    2    1   1    0.96
48    2    -0.018    1    2   1    1.13
49    1    0.018    1    1   1    2.00
50    1    0.014    1    1   1    0.74
-------------------------
Final staircase threshold estimate (mean) is 0.0217
-------------------------
115    2    0.055    2    1   1    1.84
106    2    -0.055    1    2   1    0.93
14    1    0.023    1    1   1    1.21
64    1    0.023    1    1   1    1.37
22    1    -0.023    2    2   1    2.23
110    2    0.055    2    1   1    0.94
74    1    0.023    1    1   1    1.09
119    2    0.023    2    1   1    1.06
33    1    0.000    2    2   0    3.73
59    1    0.023    1    1   1    1.35
52    1    -0.023    2    2   1    1.02
43    1    0.000    2    2   0    2.89
37    1    -0.023    2    2   1    1.23
97    2    -0.023    1    2   1    0.90
85    2    0.055    2    1   1    0.70
135    2    0.055    2    1   1    0.78
73    1    0.000    1    1   1    2.30
112    2    -0.023    1    2   1    0.88
57    1    -0.023    2    2   1    0.97
72    1    -0.023    2    2   1    1.62
7    1    -0.023    2    2   1    1.19
116    2    -0.055    1    2   1    1.36
28    1    0.000    1    1   1    2.42
60    1    0.055    1    1   1    1.26
94    2    0.023    2    1   1    1.32
91    2    -0.055    1    2   1    1.18
150    2    0.055    2    1   1    0.86
76    2    -0.055    1    2   1    0.85
120    2    0.055    2    1   1    0.92
50    1    0.055    1    1   1    1.17
19    1    0.023    1    1   1    0.85
147    2    -0.023    1    2   1    1.62
84    2    0.023    2    1   1    1.11
20    1    0.055    1    1   1    1.19
61    1    -0.055    2    2   1    1.57
121    2    -0.055    1    2   1    1.09
54    1    0.023    1    1   1    2.99
15    1    0.055    1    1   1    2.20
128    2    0.000    1    2   0    2.76
18    1    0.000    2    2   0    4.79
26    1    -0.055    2    2   1    2.36
25    1    0.055    1    1   1    1.03
132    2    -0.023    1    2   1    5.14
131    2    -0.055    1    2   1    0.93
30    1    0.055    1    1   1    2.10
83    2    0.000    1    2   0    1.96
10    1    0.055    1    1   1    2.17
75    2    0.055    2    1   1    0.71
47    1    -0.023    1    1   0    1.07
142    2    -0.023    2    1   0    1.04
9    1    0.023    1    1   1    3.02
31    1    -0.055    2    2   1    0.75
104    2    0.023    2    1   1    1.13
24    1    0.023    1    1   1    1.90
63    1    0.000    1    1   1    1.59
66    1    -0.055    2    2   1    2.13
136    2    -0.055    1    2   1    0.99
23    1    0.000    2    2   0    2.69
148    2    0.000    1    2   0    0.89
11    1    -0.055    2    2   1    0.86
4    1    0.023    1    1   1    1.05
78    2    0.000    1    2   0    0.99
1    1    -0.055    1    1   0    3.23
140    2    0.055    2    1   1    0.74
17    1    -0.023    1    1   0    0.93
141    2    -0.055    2    1   0    1.05
90    2    0.055    2    1   1    0.99
49    1    0.023    2    2   0    0.63
126    2    -0.055    2    1   0    1.12
143    2    0.000    2    1   1    0.93
3    1    0.000    1    1   1    1.14
98    2    0.000    1    2   0    1.01
6    1    -0.055    1    1   0    0.94
21    1    -0.055    2    2   1    0.96
48    1    0.000    2    2   0    0.72
114    2    0.023    2    1   1    0.91
53    1    0.000    2    2   0    0.85
13    1    0.000    2    2   0    0.73
102    2    -0.023    1    2   1    1.20
56    1    -0.055    2    2   1    0.86
87    2    -0.023    1    2   1    1.06
70    1    0.055    1    1   1    0.99
105    2    0.055    2    1   1    0.81
41    1    -0.055    2    2   1    1.50
103    2    0.000    1    2   0    1.73
86    2    -0.055    2    1   0    1.84
124    2    0.023    2    1   1    0.77
117    2    -0.023    2    1   0    1.44
130    2    0.055    1    2   0    0.72
89    2    0.023    2    1   1    1.06
88    2    0.000    1    2   0    1.44
32    1    -0.023    2    2   1    0.68
45    1    0.055    1    1   1    0.75
69    1    0.023    1    1   1    1.11
133    2    0.000    2    1   1    1.08
38    1    0.000    1    1   1    1.40
35    1    0.055    1    1   1    0.77
129    2    0.023    1    2   0    1.22
80    2    0.055    2    1   1    0.62
2    1    -0.023    2    2   1    0.75
149    2    0.023    2    1   1    0.70
122    2    -0.023    1    2   1    1.69
118    2    0.000    2    1   1    0.97
16    1    -0.055    2    2   1    0.76
39    1    0.023    2    2   0    0.80
100    2    0.055    2    1   1    1.10
107    2    -0.023    1    2   1    2.20
99    2    0.023    2    1   1    0.99
27    1    -0.023    1    1   0    1.43
79    2    0.023    2    1   1    0.64
145    2    0.055    2    1   1    0.80
44    1    0.023    1    1   1    1.17
92    2    -0.023    1    2   1    1.19
144    2    0.023    2    1   1    3.77
123    2    0.000    2    1   1    2.80
81    2    -0.055    1    2   1    0.86
34    1    0.023    1    1   1    0.74
62    1    -0.023    2    2   1    1.14
67    1    -0.023    2    2   1    0.76
29    1    0.023    1    1   1    0.66
137    2    -0.023    1    2   1    1.38
134    2    0.023    2    1   1    0.85
101    2    -0.055    1    2   1    1.17
95    2    0.055    2    1   1    0.77
65    1    0.055    1    1   1    0.72
108    2    0.000    2    1   1    1.00
109    2    0.023    2    1   1    0.77
42    1    -0.023    2    2   1    0.81
40    1    0.055    1    1   1    0.82
51    1    -0.055    2    2   1    1.65
113    2    0.000    2    1   1    0.97
58    1    0.000    2    2   0    0.83
8    1    0.000    1    1   1    2.25
12    1    -0.023    2    2   1    0.82
125    2    0.055    2    1   1    0.82
46    1    -0.055    2    2   1    0.72
68    1    0.000    2    2   0    2.35
96    2    -0.055    1    2   1    1.40
71    1    -0.055    2    2   1    0.97
55    1    0.055    1    1   1    1.48
111    2    -0.055    2    1   0    2.75
82    2    -0.023    2    1   0    2.37
36    1    -0.055    2    2   1    0.85
138    2    0.000    2    1   1    1.91
93    2    0.000    2    1   1    1.57
127    2    -0.023    1    2   1    1.39
5    1    0.055    1    1   1    1.16
146    2    -0.055    1    2   1    0.94
139    2    0.023    2    1   1    0.60
77    2    -0.023    1    2   1    0.68
