--------------------------------
23-Mar-2015 17:45:35 
data from observer T17 
#occlusion2 expt 
reference disparity (degrees) 0.160000 

stim order disp kresp testresp correct time
1    2    -0.074    1    2   1    1.81
2    1    -0.069    2    2   1    0.53
3    1    0.065    1    1   1    0.63
4    2    0.060    2    1   1    0.52
5    1    -0.055    2    2   1    0.62
6    2    -0.051    1    2   1    0.66
7    1    0.046    1    1   1    1.37
8    2    -0.042    1    2   1    0.73
9    1    -0.037    2    2   1    0.63
10    2    0.032    2    1   1    0.64
11    2    -0.028    1    2   1    1.11
12    2    0.023    2    1   1    0.56
13    1    0.018    1    1   1    0.59
14    2    0.014    2    1   1    0.51
15    1    0.009    1    1   1    0.44
16    2    -0.005    2    1   0    1.31
17    2    0.014    2    1   1    0.63
18    2    0.014    2    1   1    0.58
19    2    -0.009    1    2   1    0.87
20    2    0.009    2    1   1    1.01
21    1    -0.005    2    2   1    0.76
22    2    0.005    2    1   1    1.16
23    2    0.005    2    1   1    1.01
24    1    0.005    1    1   1    0.85
25    1    -0.005    2    2   1    0.70
26    1    0.005    2    2   0    0.80
27    2    0.014    2    1   1    0.78
28    1    0.014    1    1   1    1.05
29    1    -0.009    2    2   1    0.64
30    2    -0.009    2    1   0    1.00
31    1    0.018    2    2   0    0.54
32    2    0.028    2    1   1    0.57
33    1    -0.028    2    2   1    0.56
34    2    -0.023    2    1   0    0.89
35    1    -0.032    2    2   1    0.61
36    1    -0.032    2    2   1    0.49
37    1    -0.028    2    2   1    0.43
38    1    0.028    2    2   0    0.47
39    2    -0.037    2    1   0    0.47
40    1    0.046    2    2   0    0.43
41    2    0.055    2    1   1    1.00
42    2    0.055    2    1   1    0.52
43    1    -0.051    2    2   1    0.51
44    2    -0.051    1    2   1    0.68
45    1    0.046    1    1   1    0.69
46    2    0.046    2    1   1    0.52
47    2    0.042    2    1   1    0.49
48    1    0.042    1    1   1    1.11
49    1    0.037    2    2   0    0.57
50    1    0.046    2    2   0    0.93
-------------------------
Final staircase threshold estimate (mean) is 0.0471
-------------------------
35    1    0.115    1    1   1    1.79
131    2    -0.115    1    2   1    1.80
98    2    0.000    2    1   1    0.71
72    1    -0.046    2    2   1    0.53
4    1    0.046    2    2   0    1.12
100    2    0.115    2    1   1    0.64
16    1    -0.115    2    2   1    0.59
29    1    0.046    2    2   0    1.11
5    1    0.115    2    2   0    1.13
14    1    0.046    1    1   1    0.88
134    2    0.046    2    1   1    0.62
96    2    -0.115    2    1   0    0.74
119    2    0.046    2    1   1    0.53
64    1    0.046    2    2   0    1.18
106    2    -0.115    2    1   0    0.65
97    2    -0.046    2    1   0    0.68
90    2    0.115    2    1   1    0.64
69    1    0.046    2    2   0    0.71
111    2    -0.115    2    1   0    0.67
129    2    0.046    2    1   1    0.49
36    1    -0.115    2    2   1    0.56
135    2    0.115    2    1   1    0.57
124    2    0.046    2    1   1    0.56
76    2    -0.115    2    1   0    0.43
22    1    -0.046    2    2   1    0.48
141    2    -0.115    2    1   0    0.45
132    2    -0.046    2    1   0    0.51
44    1    0.046    2    2   0    0.68
99    2    0.046    2    1   1    0.54
19    1    0.046    2    2   0    1.21
2    1    -0.046    2    2   1    0.69
91    2    -0.115    2    1   0    0.60
74    1    0.046    2    2   0    0.67
21    1    -0.115    2    2   1    0.64
37    1    -0.046    2    2   1    0.56
26    1    -0.115    2    2   1    0.53
12    1    -0.046    2    2   1    0.87
30    1    0.115    2    2   0    0.70
139    2    0.046    2    1   1    0.76
102    2    -0.046    2    1   0    0.95
50    1    0.115    1    1   1    1.77
113    2    0.000    2    1   1    1.31
150    2    0.115    2    1   1    0.54
41    1    -0.115    2    2   1    0.59
149    2    0.046    2    1   1    0.54
143    2    0.000    2    1   1    0.68
86    2    -0.115    2    1   0    0.62
148    2    0.000    2    1   1    0.60
71    1    -0.115    2    2   1    0.71
87    2    -0.046    2    1   0    0.66
42    1    -0.046    2    2   1    0.71
117    2    -0.046    2    1   0    0.64
92    2    -0.046    1    2   1    1.82
67    1    -0.046    2    2   1    0.94
40    1    0.115    2    2   0    1.13
133    2    0.000    2    1   1    0.58
142    2    -0.046    2    1   0    1.00
146    2    -0.115    2    1   0    1.80
138    2    0.000    1    2   0    1.86
1    1    -0.115    2    2   1    1.42
56    1    -0.115    2    2   1    1.30
88    2    0.000    2    1   1    1.98
83    2    0.000    2    1   1    0.89
93    2    0.000    1    2   0    1.89
48    1    0.000    2    2   0    1.03
54    1    0.046    2    2   0    0.69
61    1    -0.115    2    2   1    0.92
28    1    0.000    2    2   0    1.55
63    1    0.000    2    2   0    0.98
39    1    0.046    2    2   0    1.11
52    1    -0.046    2    2   1    0.81
60    1    0.115    2    2   0    0.91
68    1    0.000    2    2   0    0.76
128    2    0.000    1    2   0    2.01
17    1    -0.046    2    2   1    1.22
110    2    0.115    2    1   1    0.85
43    1    0.000    2    2   0    1.21
59    1    0.046    2    2   0    1.24
65    1    0.115    2    2   0    1.61
62    1    -0.046    2    2   1    0.87
140    2    0.115    2    1   1    0.93
122    2    -0.046    2    1   0    0.83
101    2    -0.115    2    1   0    1.51
123    2    0.000    2    1   1    0.88
70    1    0.115    2    2   0    1.31
137    2    -0.046    1    2   1    1.44
127    2    -0.046    1    2   1    1.49
105    2    0.115    2    1   1    0.97
81    2    -0.115    2    1   0    1.49
78    2    0.000    2    1   1    1.32
114    2    0.046    2    1   1    1.08
116    2    -0.115    1    2   1    1.22
84    2    0.046    2    1   1    0.89
6    1    -0.115    2    2   1    0.78
107    2    -0.046    1    2   1    1.34
34    1    0.046    1    1   1    0.94
45    1    0.115    2    2   0    1.55
147    2    -0.046    1    2   1    0.97
33    1    0.000    1    1   1    1.75
18    1    0.000    1    1   1    1.66
9    1    0.046    1    1   1    1.22
8    1    0.000    1    1   1    1.47
66    1    -0.115    2    2   1    1.03
82    2    -0.046    1    2   1    1.22
109    2    0.046    2    1   1    0.86
23    1    0.000    1    1   1    1.94
10    1    0.115    1    1   1    1.12
46    1    -0.115    2    2   1    0.79
25    1    0.115    1    1   1    0.68
108    2    0.000    1    2   0    2.56
75    2    0.115    2    1   1    0.77
47    1    -0.046    2    2   1    0.67
145    2    0.115    2    1   1    0.68
55    1    0.115    1    1   1    1.23
104    2    0.046    2    1   1    0.76
80    2    0.115    2    1   1    0.72
94    2    0.046    2    1   1    0.72
136    2    -0.115    2    1   0    0.73
120    2    0.115    2    1   1    0.71
51    1    -0.115    2    2   1    0.78
58    1    0.000    2    2   0    2.09
3    1    0.000    1    1   1    1.77
20    1    0.115    2    2   0    1.22
85    2    0.115    2    1   1    0.86
115    2    0.115    2    1   1    0.90
15    1    0.115    1    1   1    1.48
112    2    -0.046    1    2   1    1.20
38    1    0.000    1    1   1    3.15
144    2    0.046    2    1   1    1.64
53    1    0.000    1    1   1    1.00
118    2    0.000    2    1   1    1.94
32    1    -0.046    2    2   1    1.03
89    2    0.046    2    1   1    0.92
126    2    -0.115    1    2   1    1.20
57    1    -0.046    2    2   1    0.85
73    1    0.000    2    2   0    2.84
13    1    0.000    2    2   0    1.70
95    2    0.115    2    1   1    0.97
79    2    0.046    2    1   1    0.92
121    2    -0.115    1    2   1    1.19
31    1    -0.115    2    2   1    0.92
27    1    -0.046    2    2   1    0.71
103    2    0.000    1    2   0    1.59
11    1    -0.115    2    2   1    1.07
130    2    0.115    2    1   1    0.76
7    1    -0.046    2    2   1    0.78
24    1    0.046    1    1   1    1.32
49    1    0.046    1    1   1    0.85
125    2    0.115    2    1   1    0.84
77    2    -0.046    1    2   1    0.86
