--------------------------------
23-Mar-2015 18:59:54 
data from observer T16 
#occlusion2 expt 
reference disparity (degrees) 0.160000 

stim order disp kresp testresp correct time
1    1    0.074    2    2   1    0.97
2    2    0.069    1    2   1    0.79
3    1    0.065    2    2   1    0.70
4    2    0.060    1    2   1    0.67
5    1    -0.055    1    1   1    0.66
6    2    0.051    1    2   1    1.04
7    1    0.046    2    2   1    0.82
8    2    -0.042    2    1   1    0.67
9    2    0.037    1    2   1    1.04
10    2    0.032    1    2   1    0.83
11    2    -0.028    2    1   1    0.85
12    2    0.023    1    2   1    1.18
13    2    -0.018    2    1   1    1.12
14    2    -0.014    2    1   1    0.92
15    1    0.009    1    1   0    1.16
16    1    -0.018    1    1   1    0.68
17    2    0.018    1    2   1    0.85
18    1    0.014    2    2   1    0.92
19    2    -0.014    1    2   0    0.96
20    2    -0.023    2    1   1    0.69
21    1    -0.023    1    1   1    0.75
22    2    0.018    1    2   1    0.95
23    2    -0.018    2    1   1    1.80
24    2    -0.014    2    1   1    1.85
25    1    -0.014    1    1   1    0.85
26    1    -0.009    1    1   1    0.69
27    2    -0.009    1    2   0    1.06
28    2    -0.018    2    1   1    0.73
29    2    -0.018    1    2   0    0.83
30    1    -0.028    1    1   1    0.70
31    2    0.028    1    2   1    0.68
32    1    -0.023    1    1   1    0.60
33    2    -0.023    2    1   1    1.04
34    1    -0.018    1    1   1    0.64
35    1    -0.018    1    1   1    0.87
36    2    -0.014    1    2   0    0.71
37    2    0.023    1    2   1    0.68
38    1    -0.023    1    1   1    0.59
39    1    0.018    1    1   0    0.67
40    2    -0.028    2    1   1    1.49
41    2    0.028    1    2   1    0.58
42    1    0.023    2    2   1    0.72
43    2    -0.023    2    1   1    0.84
44    1    0.018    2    2   1    0.60
45    2    0.018    1    2   1    0.66
46    1    0.014    2    2   1    1.67
47    2    0.014    1    2   1    0.71
48    2    -0.009    1    2   0    0.89
49    2    -0.018    2    1   1    0.78
50    2    0.018    1    2   1    1.03
-------------------------
Final staircase threshold estimate (mean) is 0.0185
-------------------------
68    1    0.000    1    1   1    2.07
88    2    0.000    1    2   0    0.61
38    1    0.000    1    1   1    0.61
72    1    -0.018    1    1   0    0.67
125    2    0.046    1    2   0    1.50
134    2    0.018    1    2   0    1.13
91    2    -0.046    2    1   0    0.65
29    1    0.018    2    2   0    0.87
130    2    0.046    1    2   0    0.60
54    1    0.018    2    2   0    0.98
110    2    0.046    1    2   0    0.47
2    1    -0.018    1    1   0    0.90
45    1    0.046    2    2   0    0.73
64    1    0.018    2    2   0    1.42
3    1    0.000    1    1   1    0.92
131    2    -0.046    2    1   0    1.04
148    2    0.000    2    1   1    1.28
14    1    0.018    2    2   0    0.92
124    2    0.018    1    2   0    1.02
118    2    0.000    1    2   0    0.66
39    1    0.018    1    1   1    1.40
135    2    0.046    1    2   0    0.67
66    1    -0.046    1    1   0    0.62
8    1    0.000    1    1   1    0.54
116    2    -0.046    2    1   0    0.85
28    1    0.000    1    1   1    0.80
81    2    -0.046    2    1   0    0.63
57    1    -0.018    2    2   1    1.06
31    1    -0.046    1    1   0    0.71
136    2    -0.046    2    1   0    0.72
83    2    0.000    1    2   0    0.80
100    2    0.046    1    2   0    0.68
1    1    -0.046    1    1   0    0.67
56    1    -0.046    1    1   0    0.60
126    2    -0.046    2    1   0    0.67
149    2    0.018    1    2   0    0.95
99    2    0.018    1    2   0    0.79
129    2    0.018    1    2   0    0.69
23    1    0.000    1    1   1    1.09
60    1    0.046    2    2   0    1.06
12    1    -0.018    1    1   0    0.57
95    2    0.046    2    1   1    1.06
141    2    -0.046    2    1   0    0.80
30    1    0.046    2    2   0    0.86
36    1    -0.046    1    1   0    0.83
59    1    0.018    1    1   1    2.12
32    1    -0.018    2    2   1    0.82
142    2    -0.018    1    2   1    1.64
127    2    -0.018    2    1   0    1.11
115    2    0.046    1    2   0    0.72
80    2    0.046    1    2   0    0.66
147    2    -0.018    1    2   1    0.64
63    1    0.000    1    1   1    1.00
55    1    0.046    2    2   0    0.72
58    1    0.000    1    1   1    2.83
117    2    -0.018    2    1   0    2.47
62    1    -0.018    1    1   0    1.00
46    1    -0.046    1    1   0    0.61
132    2    -0.018    2    1   0    0.78
85    2    0.046    1    2   0    1.07
113    2    0.000    1    2   0    0.79
122    2    -0.018    1    2   1    1.06
19    1    0.018    2    2   0    2.05
143    2    0.000    1    2   0    0.71
42    1    -0.018    1    1   0    0.75
17    1    -0.018    1    1   0    0.76
104    2    0.018    1    2   0    0.76
27    1    -0.018    1    1   0    0.77
78    2    0.000    1    2   0    0.67
90    2    0.046    1    2   0    0.62
10    1    0.046    2    2   0    0.76
93    2    0.000    2    1   1    0.84
106    2    -0.046    2    1   0    0.68
109    2    0.018    1    2   0    1.34
92    2    -0.018    1    2   1    1.65
84    2    0.018    1    2   0    0.75
20    1    0.046    2    2   0    0.65
121    2    -0.046    2    1   0    0.75
70    1    0.046    2    2   0    0.64
97    2    -0.018    2    1   0    1.00
77    2    -0.018    2    1   0    1.04
61    1    -0.046    1    1   0    0.65
108    2    0.000    1    2   0    0.75
79    2    0.018    1    2   0    0.72
76    2    -0.046    2    1   0    0.70
48    1    0.000    1    1   1    0.72
89    2    0.018    1    2   0    0.81
35    1    0.046    2    2   0    0.72
34    1    0.018    2    2   0    1.01
26    1    -0.046    1    1   0    0.54
146    2    -0.046    2    1   0    0.61
40    1    0.046    2    2   0    1.20
9    1    0.018    1    1   1    0.95
75    2    0.046    1    2   0    0.67
112    2    -0.018    2    1   0    0.75
67    1    -0.018    1    1   0    0.91
16    1    -0.046    1    1   0    1.29
7    1    -0.018    1    1   0    1.01
25    1    0.046    2    2   0    0.89
123    2    0.000    2    1   1    1.07
53    1    0.000    1    1   1    1.38
73    1    0.000    1    1   1    0.87
114    2    0.018    1    2   0    0.74
11    1    -0.046    1    1   0    0.68
105    2    0.046    1    2   0    0.62
51    1    -0.046    1    1   0    0.57
102    2    -0.018    2    1   0    1.26
150    2    0.046    1    2   0    0.74
103    2    0.000    2    1   1    1.10
43    1    0.000    1    1   1    0.74
74    1    0.018    2    2   0    0.76
37    1    -0.018    1    1   0    0.62
24    1    0.018    1    1   1    1.02
87    2    -0.018    1    2   1    0.98
120    2    0.046    1    2   0    1.11
15    1    0.046    2    2   0    0.95
98    2    0.000    1    2   0    0.67
133    2    0.000    1    2   0    1.24
111    2    -0.046    2    1   0    0.87
49    1    0.018    1    1   1    0.89
50    1    0.046    2    2   0    0.61
21    1    -0.046    1    1   0    0.51
144    2    0.018    1    2   0    0.90
86    2    -0.046    2    1   0    0.91
82    2    -0.018    2    1   0    0.82
22    1    -0.018    1    1   0    0.54
65    1    0.046    2    2   0    0.67
94    2    0.018    2    1   1    1.12
44    1    0.018    2    2   0    0.77
101    2    -0.046    2    1   0    0.67
69    1    0.018    2    2   0    0.62
18    1    0.000    1    1   1    1.10
41    1    -0.046    1    1   0    0.86
6    1    -0.046    1    1   0    0.91
71    1    -0.046    1    1   0    0.73
52    1    -0.018    1    1   0    0.99
137    2    -0.018    1    2   1    0.72
139    2    0.018    1    2   0    0.81
33    1    0.000    1    1   1    0.70
145    2    0.046    1    2   0    0.75
140    2    0.046    1    2   0    0.65
4    1    0.018    1    1   1    1.08
47    1    -0.018    1    1   0    0.69
5    1    0.046    2    2   0    0.80
96    2    -0.046    2    1   0    0.59
119    2    0.018    1    2   0    0.83
107    2    -0.018    2    1   0    0.60
128    2    0.000    1    2   0    0.53
13    1    0.000    2    2   0    0.54
138    2    0.000    1    2   0    0.40
