--------------------------------
23-Mar-2015 18:47:19 
data from observer T16 
#occlusion2 expt 
reference disparity (degrees) 0.160000 

stim order disp kresp testresp correct time
1    1    0.074    2    2   1    1.95
2    2    0.069    1    2   1    0.68
3    2    0.065    1    2   1    0.70
4    2    0.060    1    2   1    0.65
5    1    -0.055    1    1   1    0.60
6    2    -0.051    2    1   1    0.69
7    1    0.046    2    2   1    0.68
8    2    0.042    1    2   1    0.84
9    2    -0.037    2    1   1    0.62
10    2    -0.032    2    1   1    0.89
11    2    0.028    1    2   1    0.84
12    1    -0.023    1    1   1    0.83
13    2    -0.018    2    1   1    0.68
14    2    -0.014    1    2   0    1.44
15    2    0.023    1    2   1    0.78
16    1    -0.023    1    1   1    0.76
17    1    0.018    2    2   1    0.63
18    1    0.018    1    1   0    0.68
19    1    -0.028    1    1   1    0.69
20    1    0.028    2    2   1    0.75
21    1    -0.023    1    1   1    0.61
22    2    -0.023    2    1   1    0.54
23    2    0.018    1    2   1    0.99
24    1    -0.018    1    1   1    0.75
25    2    -0.014    2    1   1    1.28
26    2    0.014    1    2   1    0.80
27    2    0.009    1    2   1    0.82
28    1    -0.009    1    1   1    0.85
29    1    -0.005    1    1   1    0.91
30    2    -0.005    1    2   0    1.10
31    2    0.014    1    2   1    0.66
32    2    0.014    1    2   1    0.78
33    2    -0.009    2    1   1    1.93
34    1    -0.009    1    1   1    0.87
35    1    -0.005    1    1   1    0.81
36    1    0.005    1    1   0    1.41
37    1    -0.014    1    1   1    0.78
38    2    0.014    1    2   1    0.78
39    1    0.009    1    1   0    0.91
40    1    -0.018    1    1   1    1.03
41    1    0.018    2    2   1    0.88
42    1    -0.014    1    1   1    0.68
43    1    -0.014    1    1   1    1.63
44    1    0.009    2    2   1    0.98
45    2    0.009    1    2   1    0.86
46    2    0.005    1    2   1    1.45
47    1    -0.005    1    1   1    1.26
48    2    0.005    1    2   1    2.76
49    1    -0.005    2    2   0    1.13
50    1    -0.014    1    1   1    1.03
-------------------------
Final staircase threshold estimate (mean) is 0.0097
-------------------------
112    2    -0.009    1    2   1    3.65
144    2    0.009    1    2   0    0.94
76    2    -0.023    2    1   0    0.84
86    2    -0.023    2    1   0    1.02
27    1    -0.009    1    1   0    1.38
149    2    0.009    1    2   0    0.98
8    1    0.000    2    2   0    0.75
71    1    -0.023    1    1   0    0.73
88    2    0.000    2    1   1    0.73
29    1    0.009    2    2   0    1.66
142    2    -0.009    2    1   0    0.76
39    1    0.009    2    2   0    0.80
98    2    0.000    2    1   1    0.80
65    1    0.023    2    2   0    0.79
67    1    -0.009    2    2   1    0.72
90    2    0.023    1    2   0    1.04
1    1    -0.023    1    1   0    0.84
85    2    0.023    1    2   0    1.48
89    2    0.009    1    2   0    1.56
21    1    -0.023    1    1   0    0.87
139    2    0.009    1    2   0    1.42
70    1    0.023    2    2   0    0.60
138    2    0.000    1    2   0    0.66
3    1    0.000    2    2   0    1.74
130    2    0.023    1    2   0    0.76
118    2    0.000    1    2   0    0.75
10    1    0.023    2    2   0    0.69
74    1    0.009    2    2   0    0.87
78    2    0.000    1    2   0    0.68
53    1    0.000    2    2   0    1.60
49    1    0.009    2    2   0    0.75
92    2    -0.009    2    1   0    0.80
13    1    0.000    1    1   1    1.28
145    2    0.023    1    2   0    1.74
91    2    -0.023    2    1   0    0.77
111    2    -0.023    2    1   0    0.69
143    2    0.000    2    1   1    0.78
4    1    0.009    2    2   0    0.96
146    2    -0.023    2    1   0    0.78
132    2    -0.009    2    1   0    0.51
62    1    -0.009    2    2   1    0.97
82    2    -0.009    2    1   0    0.68
28    1    0.000    2    2   0    1.05
73    1    0.000    2    2   0    1.03
50    1    0.023    2    2   0    0.79
107    2    -0.009    2    1   0    0.84
68    1    0.000    2    2   0    0.77
131    2    -0.023    2    1   0    0.83
47    1    -0.009    2    2   1    0.92
12    1    -0.009    1    1   0    0.80
103    2    0.000    2    1   1    0.97
33    1    0.000    1    1   1    1.54
110    2    0.023    1    2   0    0.81
61    1    -0.023    1    1   0    0.76
2    1    -0.009    1    1   0    0.80
129    2    0.009    1    2   0    0.90
20    1    0.023    1    1   1    0.50
100    2    0.023    1    2   0    0.88
148    2    0.000    1    2   0    0.91
66    1    -0.023    1    1   0    0.62
94    2    0.009    1    2   0    1.98
31    1    -0.023    1    1   0    0.71
126    2    -0.023    2    1   0    0.59
38    1    0.000    1    1   1    0.75
87    2    -0.009    1    2   1    1.97
79    2    0.009    1    2   0    0.81
24    1    0.009    2    2   0    0.83
72    1    -0.009    1    1   0    0.67
69    1    0.009    2    2   0    1.03
58    1    0.000    1    1   1    0.64
57    1    -0.009    1    1   0    1.03
75    2    0.023    1    2   0    0.87
81    2    -0.023    2    1   0    1.12
32    1    -0.009    1    1   0    0.64
59    1    0.009    2    2   0    1.16
46    1    -0.023    1    1   0    0.70
63    1    0.000    2    2   0    0.59
35    1    0.023    2    2   0    0.85
93    2    0.000    2    1   1    0.66
122    2    -0.009    2    1   0    0.76
55    1    0.023    2    2   0    0.93
117    2    -0.009    2    1   0    0.75
108    2    0.000    2    1   1    0.63
128    2    0.000    2    1   1    0.98
114    2    0.009    1    2   0    0.80
106    2    -0.023    2    1   0    0.65
5    1    0.023    2    2   0    0.75
140    2    0.023    1    2   0    1.03
150    2    0.023    1    2   0    1.22
121    2    -0.023    2    1   0    0.71
36    1    -0.023    1    1   0    0.80
43    1    0.000    2    2   0    0.72
23    1    0.000    1    1   1    1.14
41    1    -0.023    1    1   0    1.11
44    1    0.009    2    2   0    1.04
120    2    0.023    1    2   0    0.74
17    1    -0.009    1    1   0    1.00
125    2    0.023    1    2   0    0.79
95    2    0.023    1    2   0    0.72
80    2    0.023    1    2   0    0.97
64    1    0.009    1    1   1    1.94
116    2    -0.023    2    1   0    0.78
97    2    -0.009    1    2   1    0.92
54    1    0.009    2    2   0    0.89
83    2    0.000    1    2   0    0.80
52    1    -0.009    1    1   0    0.88
115    2    0.023    1    2   0    0.75
102    2    -0.009    2    1   0    0.75
141    2    -0.023    2    1   0    0.94
124    2    0.009    1    2   0    1.31
101    2    -0.023    2    1   0    0.63
22    1    -0.009    1    1   0    0.78
15    1    0.023    2    2   0    1.10
30    1    0.023    2    2   0    0.64
105    2    0.023    1    2   0    0.71
77    2    -0.009    2    1   0    0.61
51    1    -0.023    1    1   0    0.55
42    1    -0.009    1    1   0    0.78
119    2    0.009    1    2   0    1.10
37    1    -0.009    1    1   0    1.29
19    1    0.009    2    2   0    0.68
99    2    0.009    1    2   0    1.36
40    1    0.023    2    2   0    1.14
123    2    0.000    1    2   0    0.66
137    2    -0.009    2    1   0    2.23
18    1    0.000    1    1   1    1.27
134    2    0.009    1    2   0    0.89
45    1    0.023    2    2   0    0.73
9    1    0.009    2    2   0    1.09
113    2    0.000    2    1   1    0.97
147    2    -0.009    2    1   0    1.51
7    1    -0.009    1    1   0    0.84
16    1    -0.023    1    1   0    0.71
133    2    0.000    1    2   0    0.74
14    1    0.009    2    2   0    0.69
25    1    0.023    2    2   0    0.66
104    2    0.009    1    2   0    0.68
26    1    -0.023    1    1   0    1.02
136    2    -0.023    2    1   0    0.71
84    2    0.009    1    2   0    1.04
96    2    -0.023    2    1   0    0.61
56    1    -0.023    1    1   0    0.63
34    1    0.009    1    1   1    1.50
6    1    -0.023    1    1   0    0.67
60    1    0.023    2    2   0    0.71
135    2    0.023    1    2   0    0.73
109    2    0.009    1    2   0    0.71
11    1    -0.023    1    1   0    0.67
48    1    0.000    1    1   1    1.58
127    2    -0.009    1    2   1    0.95
