--------------------------------
23-Mar-2015 18:39:50 
data from observer T16 
#occlusion2 expt 
reference disparity (degrees) 0.160000 

stim order disp kresp testresp correct time
1    2    -0.074    2    1   1    6.60
2    2    -0.069    2    1   1    0.80
3    1    -0.065    1    1   1    0.99
4    2    -0.060    2    1   1    0.60
5    1    0.055    2    2   1    1.06
6    1    -0.051    1    1   1    1.45
7    1    -0.046    2    2   0    1.34
8    1    -0.055    1    1   1    0.84
9    1    0.055    2    2   1    0.76
10    2    0.051    1    2   1    0.73
11    1    0.051    2    2   1    0.90
12    1    0.046    2    2   1    0.78
13    1    -0.046    1    1   1    0.71
14    1    -0.042    1    1   1    1.82
15    2    0.042    1    2   1    2.66
16    2    -0.037    2    1   1    0.70
17    1    0.037    2    2   1    0.71
18    2    -0.032    2    1   1    0.96
19    1    -0.032    1    1   1    0.78
20    2    -0.028    2    1   1    0.96
21    2    -0.028    2    1   1    1.02
22    1    0.023    2    2   1    2.00
23    2    -0.023    2    1   1    0.85
24    1    0.018    2    2   1    0.82
25    2    0.018    1    2   1    1.18
26    2    0.014    2    1   0    1.59
27    1    -0.023    1    1   1    0.86
28    1    -0.023    1    1   1    0.71
29    1    0.018    2    2   1    1.45
30    1    -0.018    1    1   1    2.31
31    2    0.014    1    2   1    1.13
32    1    -0.014    1    1   1    1.76
33    2    0.009    1    2   1    0.99
34    2    -0.009    2    1   1    0.84
35    1    -0.005    1    1   1    0.77
36    2    -0.005    1    2   0    2.93
37    1    -0.014    1    1   1    1.87
38    2    -0.014    2    1   1    1.17
39    2    0.009    1    2   1    4.07
40    2    0.009    2    1   0    0.93
41    2    0.018    1    2   1    0.92
42    1    -0.018    1    1   1    1.24
43    2    -0.014    2    1   1    1.79
44    2    0.014    1    2   1    1.01
45    1    -0.009    1    1   1    2.23
46    1    -0.009    1    1   1    1.44
47    2    -0.005    2    1   1    1.12
48    2    0.005    2    1   0    2.09
49    2    -0.014    2    1   1    0.96
50    1    0.014    2    2   1    1.55
-------------------------
Final staircase threshold estimate (mean) is 0.0120
-------------------------
83    2    0.000    2    1   1    2.39
35    1    0.032    2    2   0    1.10
148    2    0.000    2    1   1    1.45
45    1    0.032    2    2   0    1.36
143    2    0.000    1    2   0    2.02
80    2    0.032    1    2   0    1.08
74    1    0.014    2    2   0    0.71
36    1    -0.032    1    1   0    2.29
55    1    0.032    2    2   0    1.18
100    2    0.032    1    2   0    0.78
26    1    -0.032    1    1   0    0.71
82    2    -0.014    2    1   0    0.98
150    2    0.032    1    2   0    0.90
144    2    0.014    2    1   1    0.96
120    2    0.032    1    2   0    0.96
22    1    -0.014    2    2   1    0.85
99    2    0.014    1    2   0    1.09
77    2    -0.014    2    1   0    1.06
56    1    -0.032    1    1   0    1.04
128    2    0.000    2    1   1    0.93
10    1    0.032    2    2   0    1.57
24    1    0.014    1    1   1    1.38
142    2    -0.014    2    1   0    0.86
113    2    0.000    1    2   0    0.79
106    2    -0.032    2    1   0    1.16
90    2    0.032    1    2   0    0.98
12    1    -0.014    1    1   0    0.98
81    2    -0.032    2    1   0    1.01
23    1    0.000    2    2   0    0.83
149    2    0.014    1    2   0    0.64
78    2    0.000    2    1   1    0.65
66    1    -0.032    1    1   0    0.61
54    1    0.014    2    2   0    0.80
92    2    -0.014    2    1   0    0.74
67    1    -0.014    1    1   0    1.73
87    2    -0.014    2    1   0    0.70
135    2    0.032    2    1   1    1.52
88    2    0.000    2    1   1    1.57
5    1    0.032    2    2   0    1.99
111    2    -0.032    2    1   0    1.93
47    1    -0.014    2    2   1    1.65
137    2    -0.014    2    1   0    1.10
133    2    0.000    1    2   0    0.67
123    2    0.000    2    1   1    1.61
79    2    0.014    2    1   1    1.18
69    1    0.014    2    2   0    0.77
40    1    0.032    2    2   0    0.76
20    1    0.032    2    2   0    0.96
53    1    0.000    2    2   0    0.93
72    1    -0.014    2    2   1    0.73
29    1    0.014    2    2   0    0.90
64    1    0.014    2    2   0    0.67
101    2    -0.032    2    1   0    0.81
107    2    -0.014    2    1   0    0.72
86    2    -0.032    2    1   0    0.71
141    2    -0.032    2    1   0    0.62
9    1    0.014    1    1   1    1.12
70    1    0.032    2    2   0    0.80
61    1    -0.032    1    1   0    0.98
8    1    0.000    2    2   0    1.18
39    1    0.014    2    2   0    0.76
38    1    0.000    2    2   0    0.88
73    1    0.000    2    2   0    0.77
110    2    0.032    1    2   0    0.90
51    1    -0.032    1    1   0    0.81
98    2    0.000    2    1   1    0.96
27    1    -0.014    2    2   1    1.18
19    1    0.014    2    2   0    3.45
117    2    -0.014    2    1   0    1.02
138    2    0.000    2    1   1    0.91
44    1    0.014    2    2   0    0.95
109    2    0.014    1    2   0    0.72
11    1    -0.032    1    1   0    1.24
65    1    0.032    2    2   0    0.79
50    1    0.032    2    2   0    0.77
102    2    -0.014    2    1   0    0.95
127    2    -0.014    2    1   0    0.84
94    2    0.014    2    1   1    0.79
57    1    -0.014    2    2   1    0.93
91    2    -0.032    2    1   0    0.93
4    1    0.014    2    2   0    0.91
28    1    0.000    1    1   1    0.90
136    2    -0.032    2    1   0    0.93
146    2    -0.032    2    1   0    0.84
76    2    -0.032    2    1   0    0.87
112    2    -0.014    2    1   0    0.90
147    2    -0.014    2    1   0    1.02
84    2    0.014    1    2   0    0.92
17    1    -0.014    2    2   1    2.15
126    2    -0.032    2    1   0    1.07
132    2    -0.014    1    2   1    3.88
122    2    -0.014    2    1   0    0.94
30    1    0.032    1    1   1    1.25
2    1    -0.014    1    1   0    0.94
7    1    -0.014    1    1   0    1.84
60    1    0.032    2    2   0    3.30
15    1    0.032    2    2   0    1.96
42    1    -0.014    1    1   0    2.04
89    2    0.014    1    2   0    2.21
115    2    0.032    2    1   1    0.71
14    1    0.014    1    1   1    1.03
75    2    0.032    1    2   0    0.98
134    2    0.014    1    2   0    1.20
68    1    0.000    1    1   1    0.94
16    1    -0.032    1    1   0    0.76
139    2    0.014    1    2   0    1.92
140    2    0.032    1    2   0    0.70
6    1    -0.032    1    1   0    0.92
71    1    -0.032    1    1   0    0.94
13    1    0.000    2    2   0    1.17
63    1    0.000    1    1   1    0.78
59    1    0.014    2    2   0    1.01
3    1    0.000    1    1   1    0.84
85    2    0.032    2    1   1    0.80
25    1    0.032    1    1   1    1.26
130    2    0.032    1    2   0    0.84
46    1    -0.032    1    1   0    0.91
105    2    0.032    1    2   0    0.87
116    2    -0.032    2    1   0    1.13
119    2    0.014    1    2   0    1.01
52    1    -0.014    1    1   0    1.35
31    1    -0.032    1    1   0    1.07
49    1    0.014    2    2   0    1.09
124    2    0.014    1    2   0    1.15
48    1    0.000    2    2   0    1.95
37    1    -0.014    1    1   0    0.90
95    2    0.032    1    2   0    0.68
18    1    0.000    1    1   1    1.18
34    1    0.014    2    2   0    1.02
32    1    -0.014    1    1   0    1.13
58    1    0.000    1    1   1    1.12
131    2    -0.032    2    1   0    0.97
108    2    0.000    1    2   0    1.07
103    2    0.000    1    2   0    0.65
114    2    0.014    1    2   0    1.16
145    2    0.032    1    2   0    2.71
104    2    0.014    1    2   0    2.76
93    2    0.000    1    2   0    0.92
121    2    -0.032    2    1   0    0.76
43    1    0.000    2    2   0    0.93
41    1    -0.032    1    1   0    1.10
97    2    -0.014    2    1   0    0.85
125    2    0.032    1    2   0    0.74
33    1    0.000    1    1   1    1.94
62    1    -0.014    1    1   0    0.91
21    1    -0.032    1    1   0    0.84
118    2    0.000    1    2   0    2.63
1    1    -0.032    1    1   0    1.09
129    2    0.014    1    2   0    0.91
96    2    -0.032    2    1   0    2.00
