--------------------------------
23-Mar-2015 18:53:42 
data from observer T16 
#occlusion2 expt 
reference disparity (degrees) 0.160000 

stim order disp kresp testresp correct time
1    1    -0.074    1    1   1    1.98
2    1    -0.069    1    1   1    0.60
3    1    0.065    2    2   1    0.69
4    1    0.060    2    2   1    0.65
5    2    -0.055    2    1   1    0.63
6    2    -0.051    2    1   1    0.55
7    1    0.046    2    2   1    0.58
8    2    -0.042    2    1   1    0.58
9    1    0.037    2    2   1    0.66
10    1    0.032    2    2   1    0.58
11    1    -0.028    1    1   1    0.92
12    1    0.023    2    2   1    0.51
13    1    -0.018    1    1   1    0.76
14    1    0.014    2    2   1    0.77
15    1    0.009    1    1   0    0.67
16    2    0.018    1    2   1    1.42
17    1    0.018    2    2   1    0.73
18    2    0.014    1    2   1    0.97
19    1    0.014    2    2   1    0.62
20    1    -0.009    1    1   1    0.55
21    2    -0.009    1    2   0    1.05
22    2    -0.018    1    2   0    0.87
23    1    -0.028    1    1   1    0.68
24    1    0.028    2    2   1    0.95
25    1    -0.023    1    1   1    0.49
26    1    0.023    2    2   1    1.18
27    2    0.018    1    2   1    0.84
28    1    -0.018    1    1   1    0.89
29    2    -0.014    1    2   0    0.82
30    1    -0.023    1    1   1    0.69
31    1    0.023    2    2   1    1.09
32    1    -0.018    1    1   1    0.69
33    1    0.018    2    2   1    0.36
34    2    -0.014    2    1   1    0.77
35    1    0.014    2    2   1    0.63
36    1    -0.009    2    2   0    0.69
37    1    -0.018    2    2   0    0.70
38    2    -0.028    2    1   1    0.60
39    1    -0.028    2    2   0    0.43
40    1    -0.037    1    1   1    1.24
41    2    -0.037    2    1   1    0.74
42    2    0.032    1    2   1    0.96
43    1    -0.032    1    1   1    0.77
44    2    0.028    2    1   0    0.82
45    2    -0.037    2    1   1    0.98
46    1    -0.037    1    1   1    0.94
47    2    -0.032    2    1   1    0.63
48    1    0.032    2    2   1    0.72
49    1    -0.028    1    1   1    0.72
50    2    0.028    1    2   1    1.03
-------------------------
Final staircase threshold estimate (mean) is 0.0323
-------------------------
62    1    -0.032    1    1   0    1.42
119    2    0.032    1    2   0    0.91
110    2    0.083    1    2   0    0.69
41    1    -0.079    1    1   0    0.66
112    2    -0.032    2    1   0    0.82
107    2    -0.032    2    1   0    0.76
129    2    0.032    1    2   0    0.89
11    1    -0.079    1    1   0    0.72
9    1    0.032    2    2   0    0.73
69    1    0.032    2    2   0    0.94
128    2    0.000    2    1   1    1.85
36    1    -0.079    1    1   0    0.63
117    2    -0.032    2    1   0    0.74
40    1    0.083    2    2   0    0.70
24    1    0.032    2    2   0    0.54
98    2    0.000    1    2   0    0.95
48    1    0.000    2    2   0    1.72
53    1    0.000    2    2   0    0.72
28    1    0.000    1    1   1    1.10
75    2    0.083    1    2   0    0.88
147    2    -0.032    2    1   0    0.65
42    1    -0.032    1    1   0    0.69
92    2    -0.032    2    1   0    0.62
97    2    -0.032    1    2   1    0.68
54    1    0.032    2    2   0    0.63
135    2    0.083    2    1   1    1.58
20    1    0.083    2    2   0    1.19
118    2    0.000    2    1   1    2.25
71    1    -0.079    1    1   0    0.64
100    2    0.083    1    2   0    0.65
47    1    -0.032    1    1   0    1.36
50    1    0.083    2    2   0    0.60
51    1    -0.079    1    1   0    0.63
60    1    0.083    2    2   0    0.65
141    2    -0.079    2    1   0    0.70
61    1    -0.079    2    2   1    0.61
34    1    0.032    2    2   0    0.65
7    1    -0.032    2    2   1    1.50
31    1    -0.079    1    1   0    0.84
52    1    -0.032    2    2   1    0.56
143    2    0.000    2    1   1    1.03
73    1    0.000    2    2   0    0.73
72    1    -0.032    2    2   1    0.77
121    2    -0.079    2    1   0    0.50
66    1    -0.079    2    2   1    0.40
104    2    0.032    1    2   0    1.04
30    1    0.083    2    2   0    0.67
142    2    -0.032    2    1   0    0.59
27    1    -0.032    1    1   0    0.86
124    2    0.032    2    1   1    0.59
106    2    -0.079    2    1   0    0.83
149    2    0.032    1    2   0    0.92
82    2    -0.032    2    1   0    0.54
55    1    0.083    2    2   0    0.72
21    1    -0.079    1    1   0    1.25
136    2    -0.079    2    1   0    0.47
134    2    0.032    2    1   1    1.07
88    2    0.000    1    2   0    0.64
49    1    0.032    2    2   0    0.37
101    2    -0.079    2    1   0    0.67
39    1    0.032    2    2   0    0.63
15    1    0.083    2    2   0    0.59
44    1    0.032    2    2   0    0.81
94    2    0.032    2    1   1    0.66
45    1    0.083    2    2   0    0.60
68    1    0.000    1    1   1    1.19
16    1    -0.079    2    2   1    0.66
23    1    0.000    1    1   1    0.77
93    2    0.000    2    1   1    0.46
127    2    -0.032    2    1   0    0.72
90    2    0.083    1    2   0    0.72
123    2    0.000    1    2   0    2.70
17    1    -0.032    2    2   1    2.09
84    2    0.032    1    2   0    1.53
150    2    0.083    1    2   0    0.64
19    1    0.032    2    2   0    1.54
115    2    0.083    1    2   0    1.02
96    2    -0.079    2    1   0    0.79
59    1    0.032    2    2   0    0.65
138    2    0.000    2    1   1    0.70
14    1    0.032    2    2   0    0.65
89    2    0.032    1    2   0    0.88
91    2    -0.079    2    1   0    0.70
3    1    0.000    2    2   0    0.57
139    2    0.032    1    2   0    0.98
22    1    -0.032    1    1   0    0.67
13    1    0.000    1    1   1    1.10
99    2    0.032    1    2   0    0.79
103    2    0.000    1    2   0    2.18
130    2    0.083    1    2   0    0.69
1    1    -0.079    1    1   0    0.73
18    1    0.000    2    2   0    1.91
120    2    0.083    1    2   0    0.81
80    2    0.083    1    2   0    0.59
131    2    -0.079    2    1   0    0.78
64    1    0.032    2    2   0    0.98
109    2    0.032    1    2   0    1.05
76    2    -0.079    2    1   0    0.73
108    2    0.000    2    1   1    1.27
43    1    0.000    1    1   1    1.23
58    1    0.000    2    2   0    2.15
111    2    -0.079    2    1   0    0.63
78    2    0.000    1    2   0    2.44
102    2    -0.032    2    1   0    0.72
122    2    -0.032    2    1   0    0.98
105    2    0.083    1    2   0    0.83
65    1    0.083    2    2   0    0.71
81    2    -0.079    2    1   0    0.63
79    2    0.032    1    2   0    0.84
67    1    -0.032    1    1   0    1.48
33    1    0.000    1    1   1    0.87
87    2    -0.032    2    1   0    0.81
148    2    0.000    1    2   0    0.83
77    2    -0.032    2    1   0    0.56
145    2    0.083    1    2   0    1.02
63    1    0.000    1    1   1    0.99
38    1    0.000    2    2   0    2.02
126    2    -0.079    2    1   0    0.88
25    1    0.083    2    2   0    0.72
26    1    -0.079    1    1   0    0.63
95    2    0.083    2    1   1    0.84
116    2    -0.079    2    1   0    1.36
85    2    0.083    1    2   0    0.70
37    1    -0.032    1    1   0    0.97
29    1    0.032    1    1   1    1.96
57    1    -0.032    1    1   0    2.85
32    1    -0.032    1    1   0    0.65
10    1    0.083    2    2   0    0.81
74    1    0.032    2    2   0    0.72
70    1    0.083    2    2   0    0.92
137    2    -0.032    2    1   0    0.59
114    2    0.032    1    2   0    1.25
113    2    0.000    2    1   1    0.87
12    1    -0.032    1    1   0    0.92
35    1    0.083    2    2   0    0.75
83    2    0.000    2    1   1    2.56
144    2    0.032    1    2   0    0.89
46    1    -0.079    1    1   0    0.85
125    2    0.083    1    2   0    0.78
4    1    0.032    1    1   1    0.59
5    1    0.083    2    2   0    0.62
8    1    0.000    2    2   0    0.94
86    2    -0.079    2    1   0    0.66
140    2    0.083    1    2   0    0.83
133    2    0.000    2    1   1    0.84
2    1    -0.032    1    1   0    0.84
146    2    -0.079    2    1   0    0.60
132    2    -0.032    2    1   0    0.79
56    1    -0.079    1    1   0    1.18
6    1    -0.079    2    2   1    0.76
