--------------------------------
23-Mar-2015 18:07:04 
data from observer T16 
#occlusion2 expt 
reference disparity (degrees) 0.160000 

stim order disp kresp testresp correct time
1    1    -0.074    1    1   0    1.95
2    1    -0.083    2    2   1    0.85
3    2    -0.079    1    2   1    0.77
4    1    0.079    1    1   1    0.67
5    2    0.074    2    1   1    0.66
6    2    -0.074    1    2   1    0.65
7    1    0.069    1    1   1    0.57
8    1    0.069    1    1   1    0.62
9    1    -0.065    2    2   1    0.71
10    2    -0.065    1    2   1    0.81
11    2    -0.060    1    2   1    0.77
12    2    -0.060    1    2   1    0.96
13    1    -0.055    2    2   1    0.77
14    1    -0.055    2    2   1    0.71
15    1    -0.051    2    2   1    0.66
16    1    0.051    1    1   1    0.80
17    1    -0.046    2    2   1    0.62
18    1    -0.046    2    2   1    0.58
19    1    -0.042    2    2   1    0.80
20    2    -0.042    1    2   1    0.85
21    2    -0.037    1    2   1    0.96
22    2    -0.037    1    2   1    0.83
23    1    0.032    1    1   1    0.94
24    2    -0.032    1    2   1    0.80
25    1    -0.028    2    2   1    0.87
26    1    -0.028    2    2   1    0.66
27    2    0.023    2    1   1    0.74
28    2    0.023    2    1   1    0.68
29    2    0.018    2    1   1    0.90
30    1    0.018    1    1   1    1.15
31    1    0.014    1    1   1    1.53
32    2    -0.014    1    2   1    1.07
33    1    -0.009    2    2   1    1.91
34    2    -0.009    1    2   1    1.10
35    1    -0.005    1    1   0    1.51
36    2    -0.014    1    2   1    1.32
37    2    0.014    2    1   1    1.40
38    2    0.009    2    1   1    1.16
39    2    -0.009    1    2   1    1.11
40    1    -0.005    1    1   0    2.17
41    1    -0.014    2    2   1    1.12
42    2    0.014    2    1   1    0.95
43    2    0.009    2    1   1    0.83
44    1    0.009    1    1   1    1.01
45    2    0.005    1    2   0    1.73
46    2    0.014    1    2   0    1.01
47    2    0.023    2    1   1    1.91
48    2    0.023    2    1   1    1.13
49    2    0.018    2    1   1    0.78
50    1    0.018    1    1   1    0.88
-------------------------
Final staircase threshold estimate (mean) is 0.0148
-------------------------
10    1    0.037    1    1   1    1.43
32    1    -0.014    2    2   1    0.79
51    1    -0.037    2    2   1    0.74
8    1    0.000    1    1   1    0.87
149    2    0.014    2    1   1    2.01
69    1    0.014    1    1   1    0.68
48    1    0.000    1    1   1    0.76
122    2    -0.014    1    2   1    0.75
134    2    0.014    2    1   1    1.88
101    2    -0.037    1    2   1    0.99
110    2    0.037    2    1   1    0.76
114    2    0.014    2    1   1    0.98
36    1    -0.037    2    2   1    0.56
138    2    0.000    1    2   0    0.91
73    1    0.000    1    1   1    1.01
20    1    0.037    1    1   1    0.96
143    2    0.000    1    2   0    1.42
13    1    0.000    1    1   1    0.98
43    1    0.000    1    1   1    1.09
58    1    0.000    2    2   0    1.21
115    2    0.037    2    1   1    0.75
94    2    0.014    2    1   1    0.56
133    2    0.000    2    1   1    1.08
126    2    -0.037    1    2   1    1.07
31    1    -0.037    2    2   1    0.93
78    2    0.000    1    2   0    0.76
41    1    -0.037    2    2   1    0.69
7    1    -0.014    2    2   1    1.11
93    2    0.000    2    1   1    0.98
89    2    0.014    2    1   1    0.76
6    1    -0.037    2    2   1    0.70
70    1    0.037    1    1   1    0.79
105    2    0.037    2    1   1    0.59
116    2    -0.037    1    2   1    0.69
27    1    -0.014    2    2   1    0.89
124    2    0.014    2    1   1    0.97
150    2    0.037    2    1   1    0.75
56    1    -0.037    2    2   1    0.73
121    2    -0.037    1    2   1    0.83
4    1    0.014    1    1   1    1.02
72    1    -0.014    2    2   1    0.77
57    1    -0.014    2    2   1    0.95
53    1    0.000    1    1   1    0.83
82    2    -0.014    1    2   1    0.70
112    2    -0.014    1    2   1    1.05
111    2    -0.037    1    2   1    0.82
3    1    0.000    1    1   1    0.76
37    1    -0.014    1    1   0    0.63
67    1    -0.014    2    2   1    0.77
120    2    0.037    2    1   1    0.67
84    2    0.014    2    1   1    0.73
131    2    -0.037    1    2   1    0.93
62    1    -0.014    2    2   1    0.64
128    2    0.000    1    2   0    0.57
80    2    0.037    2    1   1    0.54
144    2    0.014    2    1   1    0.78
86    2    -0.037    1    2   1    0.71
19    1    0.014    1    1   1    0.72
14    1    0.014    1    1   1    0.88
17    1    -0.014    2    2   1    0.83
109    2    0.014    2    1   1    0.87
47    1    -0.014    2    2   1    0.87
49    1    0.014    1    1   1    1.17
45    1    0.037    1    1   1    0.69
100    2    0.037    2    1   1    0.70
142    2    -0.014    1    2   1    0.58
50    1    0.037    1    1   1    0.72
113    2    0.000    2    1   1    1.68
147    2    -0.014    1    2   1    0.90
9    1    0.014    1    1   1    0.66
64    1    0.014    1    1   1    0.78
146    2    -0.037    1    2   1    0.97
18    1    0.000    2    2   0    0.83
127    2    -0.014    1    2   1    1.28
12    1    -0.014    2    2   1    0.80
11    1    -0.037    2    2   1    0.69
68    1    0.000    1    1   1    1.80
44    1    0.014    1    1   1    0.95
35    1    0.037    1    1   1    0.71
1    1    -0.037    2    2   1    0.74
23    1    0.000    1    1   1    1.11
141    2    -0.037    1    2   1    0.78
16    1    -0.037    2    2   1    1.18
25    1    0.037    1    1   1    0.73
137    2    -0.014    1    2   1    0.69
52    1    -0.014    1    1   0    0.70
102    2    -0.014    1    2   1    1.07
99    2    0.014    1    2   0    1.08
24    1    0.014    1    1   1    0.81
26    1    -0.037    2    2   1    0.75
5    1    0.037    1    1   1    0.57
61    1    -0.037    2    2   1    0.62
119    2    0.014    1    2   0    1.61
63    1    0.000    2    2   0    0.59
75    2    0.037    2    1   1    0.59
76    2    -0.037    1    2   1    0.90
83    2    0.000    2    1   1    1.62
65    1    0.037    1    1   1    0.94
46    1    -0.037    2    2   1    1.11
79    2    0.014    2    1   1    0.84
107    2    -0.014    1    2   1    2.52
87    2    -0.014    1    2   1    2.41
90    2    0.037    2    1   1    1.05
42    1    -0.014    2    2   1    2.03
40    1    0.037    1    1   1    1.71
81    2    -0.037    2    1   0    0.74
74    1    0.014    1    1   1    1.85
29    1    0.014    1    1   1    0.71
60    1    0.037    1    1   1    0.68
59    1    0.014    1    1   1    0.78
92    2    -0.014    1    2   1    0.64
106    2    -0.037    1    2   1    0.72
30    1    0.037    1    1   1    0.73
33    1    0.000    1    1   1    0.69
145    2    0.037    2    1   1    0.77
97    2    -0.014    1    2   1    0.70
88    2    0.000    2    1   1    0.65
22    1    -0.014    2    2   1    1.15
15    1    0.037    1    1   1    1.15
21    1    -0.037    2    2   1    0.78
103    2    0.000    2    1   1    0.83
117    2    -0.014    1    2   1    0.95
129    2    0.014    2    1   1    0.75
71    1    -0.037    2    2   1    0.58
91    2    -0.037    1    2   1    0.89
28    1    0.000    1    1   1    1.74
34    1    0.014    1    1   1    0.58
95    2    0.037    2    1   1    0.76
104    2    0.014    2    1   1    1.90
54    1    0.014    1    1   1    1.56
148    2    0.000    1    2   0    1.07
140    2    0.037    2    1   1    0.80
39    1    0.014    1    1   1    1.11
118    2    0.000    2    1   1    0.89
123    2    0.000    1    2   0    1.60
66    1    -0.037    2    2   1    0.61
139    2    0.014    2    1   1    0.61
77    2    -0.014    1    2   1    1.66
135    2    0.037    2    1   1    0.75
98    2    0.000    1    2   0    1.23
132    2    -0.014    2    1   0    0.84
85    2    0.037    2    1   1    0.77
130    2    0.037    2    1   1    0.57
2    1    -0.014    2    2   1    0.65
55    1    0.037    1    1   1    0.68
136    2    -0.037    1    2   1    0.66
38    1    0.000    1    1   1    1.20
108    2    0.000    1    2   0    3.25
96    2    -0.037    1    2   1    0.76
125    2    0.037    2    1   1    0.62
