--------------------------------
23-Mar-2015 16:44:12 
data from observer T17 
#occlusion2 expt 
reference disparity (degrees) 0.160000 

stim order disp kresp testresp correct time
1    1    0.074    1    1   1    3.07
2    2    0.069    2    1   1    0.91
3    1    -0.065    1    1   0    1.86
4    1    -0.074    2    2   1    1.01
5    1    -0.074    2    2   1    1.26
6    2    0.069    2    1   1    1.34
7    2    -0.069    1    2   1    1.28
8    2    -0.065    1    2   1    1.26
9    1    0.065    1    1   1    1.58
10    1    -0.060    2    2   1    0.75
11    2    0.060    2    1   1    1.18
12    2    -0.055    2    1   0    0.97
13    2    0.065    2    1   1    2.88
14    1    -0.065    1    1   0    1.87
15    1    -0.074    1    1   0    2.45
16    2    -0.083    1    2   1    1.02
17    2    0.083    2    1   1    0.83
18    1    -0.079    2    2   1    1.19
19    1    0.079    1    1   1    1.03
20    2    -0.074    1    2   1    1.00
21    1    0.074    1    1   1    1.49
22    2    -0.069    1    2   1    1.19
23    2    -0.069    1    2   1    2.50
24    2    -0.065    1    2   1    2.20
25    2    0.065    2    1   1    1.82
26    2    0.060    2    1   1    0.79
27    2    -0.060    1    2   1    1.91
28    2    0.055    1    2   0    2.31
29    1    0.065    1    1   1    1.14
30    1    0.065    1    1   1    1.42
31    1    0.060    1    1   1    1.79
32    1    0.060    1    1   1    1.86
33    2    0.055    2    1   1    0.95
34    1    -0.055    2    2   1    0.83
35    2    -0.051    1    2   1    1.06
36    1    -0.051    2    2   1    1.01
37    2    0.046    2    1   1    2.39
38    1    0.046    1    1   1    0.75
39    1    0.042    1    1   1    2.16
40    2    0.042    2    1   1    0.91
41    2    0.037    1    2   0    2.15
42    2    -0.046    2    1   0    0.56
43    2    -0.055    1    2   1    0.91
44    2    -0.055    1    2   1    1.10
45    1    -0.051    2    2   1    0.85
46    1    -0.051    1    1   0    2.38
47    1    -0.060    1    1   0    3.22
48    1    -0.069    2    2   1    0.85
49    1    -0.069    2    2   1    0.89
50    2    -0.065    1    2   1    1.17
-------------------------
Final staircase threshold estimate (mean) is 0.0559
-------------------------
12    1    -0.055    2    2   1    1.71
105    2    0.139    2    1   1    1.18
57    1    -0.055    2    2   1    1.29
63    1    0.000    1    1   1    1.07
123    2    0.000    2    1   1    0.85
30    1    0.139    1    1   1    1.35
25    1    0.139    1    1   1    1.33
121    2    -0.139    1    2   1    1.73
27    1    -0.055    1    1   0    1.71
118    2    0.000    1    2   0    1.70
143    2    0.000    2    1   1    3.92
109    2    0.055    2    1   1    0.92
31    1    -0.139    2    2   1    1.65
89    2    0.055    2    1   1    1.62
90    2    0.139    2    1   1    0.78
101    2    -0.139    1    2   1    0.75
74    1    0.055    2    2   0    0.87
111    2    -0.139    1    2   1    1.26
129    2    0.055    2    1   1    1.07
56    1    -0.139    2    2   1    1.11
43    1    0.000    1    1   1    2.81
6    1    -0.139    2    2   1    0.79
13    1    0.000    2    2   0    1.27
37    1    -0.055    2    2   1    0.89
98    2    0.000    2    1   1    1.62
36    1    -0.139    2    2   1    0.99
58    1    0.000    1    1   1    1.31
131    2    -0.139    1    2   1    0.94
85    2    0.139    2    1   1    0.94
91    2    -0.139    1    2   1    1.26
55    1    0.139    1    1   1    0.99
8    1    0.000    2    2   0    1.75
119    2    0.055    2    1   1    3.31
75    2    0.139    2    1   1    0.69
120    2    0.139    2    1   1    2.14
67    1    -0.055    2    2   1    2.42
108    2    0.000    2    1   1    1.75
126    2    -0.139    1    2   1    0.94
50    1    0.139    1    1   1    2.72
110    2    0.139    2    1   1    3.13
14    1    0.055    1    1   1    1.78
117    2    -0.055    1    2   1    1.68
18    1    0.000    2    2   0    0.98
5    1    0.139    1    1   1    2.46
87    2    -0.055    2    1   0    2.63
62    1    -0.055    2    2   1    1.30
102    2    -0.055    1    2   1    2.86
128    2    0.000    1    2   0    2.15
140    2    0.139    2    1   1    1.82
17    1    -0.055    2    2   1    1.62
86    2    -0.139    1    2   1    1.02
39    1    0.055    1    1   1    2.19
38    1    0.000    2    2   0    1.55
35    1    0.139    1    1   1    0.74
1    1    -0.139    2    2   1    0.73
34    1    0.055    1    1   1    1.69
3    1    0.000    2    2   0    0.93
114    2    0.055    1    2   0    2.53
61    1    -0.139    2    2   1    1.19
77    2    -0.055    1    2   1    0.94
125    2    0.139    2    1   1    0.79
113    2    0.000    1    2   0    1.18
11    1    -0.139    2    2   1    1.29
116    2    -0.139    1    2   1    1.53
28    1    0.000    2    2   0    0.75
145    2    0.139    2    1   1    0.74
19    1    0.055    1    1   1    1.94
66    1    -0.139    2    2   1    0.98
42    1    -0.055    2    2   1    1.67
78    2    0.000    1    2   0    1.87
71    1    -0.139    2    2   1    1.27
29    1    0.055    1    1   1    1.28
112    2    -0.055    1    2   1    1.96
41    1    -0.139    2    2   1    0.79
84    2    0.055    2    1   1    2.80
53    1    0.000    1    1   1    2.04
144    2    0.055    2    1   1    5.14
22    1    -0.055    2    2   1    3.11
60    1    0.139    1    1   1    1.12
100    2    0.139    2    1   1    1.26
141    2    -0.139    1    2   1    4.64
33    1    0.000    1    1   1    2.40
59    1    0.055    1    1   1    0.96
130    2    0.139    2    1   1    0.60
88    2    0.000    1    2   0    1.66
82    2    -0.055    1    2   1    0.90
26    1    -0.139    2    2   1    0.94
149    2    0.055    2    1   1    0.93
16    1    -0.139    2    2   1    2.29
124    2    0.055    1    2   0    1.25
51    1    -0.139    2    2   1    0.95
23    1    0.000    1    1   1    2.63
147    2    -0.055    2    1   0    2.30
137    2    -0.055    2    1   0    2.64
65    1    0.139    1    1   1    0.83
106    2    -0.139    2    1   0    2.74
127    2    -0.055    1    2   1    4.18
47    1    -0.055    2    2   1    2.13
133    2    0.000    1    2   0    1.43
7    1    -0.055    2    2   1    1.01
45    1    0.139    1    1   1    1.64
2    1    -0.055    2    2   1    2.06
139    2    0.055    2    1   1    0.92
122    2    -0.055    1    2   1    1.20
138    2    0.000    2    1   1    0.77
94    2    0.055    2    1   1    0.81
24    1    0.055    1    1   1    1.07
52    1    -0.055    2    2   1    2.77
10    1    0.139    1    1   1    0.79
135    2    0.139    2    1   1    1.48
81    2    -0.139    1    2   1    1.16
40    1    0.139    1    1   1    1.80
107    2    -0.055    1    2   1    2.65
68    1    0.000    2    2   0    0.81
136    2    -0.139    1    2   1    0.86
93    2    0.000    2    1   1    3.12
64    1    0.055    1    1   1    2.66
76    2    -0.139    1    2   1    1.40
69    1    0.055    2    2   0    3.57
104    2    0.055    2    1   1    0.67
46    1    -0.139    2    2   1    1.32
150    2    0.139    2    1   1    1.82
73    1    0.000    2    2   0    2.09
134    2    0.055    2    1   1    0.85
54    1    0.055    2    2   0    1.18
70    1    0.139    1    1   1    5.49
4    1    0.055    2    2   0    2.58
9    1    0.055    2    2   0    0.96
15    1    0.139    1    1   1    1.46
142    2    -0.055    2    1   0    1.68
132    2    -0.055    2    1   0    1.86
44    1    0.055    1    1   1    2.29
115    2    0.139    2    1   1    0.75
103    2    0.000    1    2   0    2.16
20    1    0.139    1    1   1    0.70
146    2    -0.139    2    1   0    1.58
83    2    0.000    2    1   1    2.16
32    1    -0.055    2    2   1    4.83
21    1    -0.139    2    2   1    2.22
92    2    -0.055    1    2   1    1.08
79    2    0.055    2    1   1    3.50
99    2    0.055    2    1   1    4.23
80    2    0.139    2    1   1    1.17
95    2    0.139    2    1   1    2.82
72    1    -0.055    2    2   1    1.64
49    1    0.055    2    2   0    1.54
148    2    0.000    2    1   1    1.49
48    1    0.000    2    2   0    0.71
97    2    -0.055    1    2   1    3.44
96    2    -0.139    1    2   1    1.24
