--------------------------------
23-Mar-2015 17:23:05 
data from observer T17 
#occlusion2 expt 
reference disparity (degrees) 0.160000 

stim order disp kresp testresp correct time
1    1    -0.074    1    1   1    2.55
2    1    0.069    2    2   1    1.13
3    2    -0.065    2    1   1    0.76
4    2    -0.060    2    1   1    1.58
5    2    0.055    1    2   1    0.96
6    1    0.051    2    2   1    2.79
7    1    0.046    2    2   1    1.68
8    2    0.042    1    2   1    0.94
9    1    -0.037    2    2   0    0.99
10    1    -0.046    2    2   0    1.08
11    1    0.055    2    2   1    2.95
12    1    -0.055    1    1   1    1.67
13    2    0.051    1    2   1    1.38
14    1    -0.051    1    1   1    0.98
15    1    0.046    1    1   0    1.14
16    1    0.055    2    2   1    1.11
17    2    0.055    1    2   1    1.74
18    2    0.051    1    2   1    2.34
19    2    0.051    1    2   1    1.24
20    2    -0.046    2    1   1    1.14
21    2    -0.046    2    1   1    1.63
22    2    0.042    1    2   1    0.96
23    1    -0.042    2    2   0    1.03
24    1    0.051    2    2   1    0.75
25    2    0.051    1    2   1    0.74
26    2    -0.046    2    1   1    0.69
27    2    0.046    1    2   1    1.01
28    2    -0.042    2    1   1    0.70
29    2    0.042    1    2   1    0.87
30    1    0.037    2    2   1    0.69
31    2    0.037    2    1   0    1.50
32    1    0.046    2    2   1    1.37
33    2    -0.046    2    1   1    0.87
34    2    -0.042    1    2   0    1.90
35    1    0.051    2    2   1    0.74
36    2    -0.051    2    1   1    0.78
37    1    0.046    1    1   0    4.89
38    2    -0.055    2    1   1    0.55
39    2    0.055    1    2   1    1.33
40    1    0.051    2    2   1    0.78
41    2    -0.051    1    2   0    1.51
42    2    0.060    1    2   1    1.29
43    2    -0.060    2    1   1    1.42
44    2    0.055    1    2   1    1.15
45    2    -0.055    2    1   1    0.70
46    1    0.051    1    1   0    1.86
47    2    -0.060    2    1   1    1.13
48    1    0.060    2    2   1    1.92
49    2    0.055    1    2   1    0.68
50    1    -0.055    1    1   1    0.69
-------------------------
Final staircase threshold estimate (mean) is 0.0563
-------------------------
84    2    0.055    1    2   0    2.39
145    2    0.139    1    2   0    1.00
52    1    -0.055    2    2   1    0.80
57    1    -0.055    1    1   0    0.81
32    1    -0.055    1    1   0    0.73
63    1    0.000    2    2   0    0.60
98    2    0.000    2    1   1    0.65
44    1    0.055    2    2   0    0.55
65    1    0.139    2    2   0    0.60
29    1    0.055    2    2   0    0.65
6    1    -0.139    1    1   0    0.66
117    2    -0.055    2    1   0    0.64
47    1    -0.055    1    1   0    0.85
78    2    0.000    2    1   1    1.49
85    2    0.139    1    2   0    0.60
106    2    -0.139    2    1   0    0.52
43    1    0.000    1    1   1    0.85
49    1    0.055    2    2   0    0.84
79    2    0.055    2    1   1    2.34
19    1    0.055    2    2   0    0.91
21    1    -0.139    1    1   0    0.59
124    2    0.055    1    2   0    0.92
14    1    0.055    1    1   1    0.96
107    2    -0.055    1    2   1    1.88
91    2    -0.139    2    1   0    0.64
58    1    0.000    2    2   0    0.58
35    1    0.139    2    2   0    0.93
128    2    0.000    2    1   1    0.82
100    2    0.139    1    2   0    0.57
110    2    0.139    1    2   0    0.57
34    1    0.055    2    2   0    0.46
138    2    0.000    1    2   0    0.56
116    2    -0.139    2    1   0    0.75
61    1    -0.139    1    1   0    0.55
111    2    -0.139    2    1   0    0.56
4    1    0.055    2    2   0    1.39
1    1    -0.139    1    1   0    0.53
127    2    -0.055    2    1   0    0.69
139    2    0.055    1    2   0    0.63
72    1    -0.055    1    1   0    0.59
108    2    0.000    1    2   0    1.33
10    1    0.139    2    2   0    0.87
75    2    0.139    1    2   0    0.48
66    1    -0.139    1    1   0    0.72
150    2    0.139    1    2   0    0.67
101    2    -0.139    2    1   0    0.63
56    1    -0.139    1    1   0    0.56
8    1    0.000    1    1   1    1.08
40    1    0.139    2    2   0    0.67
36    1    -0.139    1    1   0    0.79
26    1    -0.139    1    1   0    0.65
143    2    0.000    2    1   1    0.55
70    1    0.139    2    2   0    0.97
33    1    0.000    1    1   1    1.18
13    1    0.000    2    2   0    0.59
137    2    -0.055    1    2   1    1.87
12    1    -0.055    1    1   0    0.70
122    2    -0.055    2    1   0    0.53
22    1    -0.055    1    1   0    1.31
104    2    0.055    1    2   0    0.71
30    1    0.139    2    2   0    0.70
80    2    0.139    1    2   0    0.57
24    1    0.055    2    2   0    0.60
55    1    0.139    2    2   0    0.65
119    2    0.055    1    2   0    1.11
109    2    0.055    1    2   0    2.54
41    1    -0.139    1    1   0    0.92
147    2    -0.055    2    1   0    0.54
99    2    0.055    1    2   0    1.15
38    1    0.000    2    2   0    1.11
135    2    0.139    1    2   0    0.64
68    1    0.000    2    2   0    1.29
105    2    0.139    1    2   0    1.53
92    2    -0.055    2    1   0    0.75
126    2    -0.139    2    1   0    0.85
18    1    0.000    2    2   0    3.79
148    2    0.000    2    1   1    0.67
94    2    0.055    1    2   0    0.58
69    1    0.055    2    2   0    0.66
118    2    0.000    2    1   1    0.81
102    2    -0.055    2    1   0    0.64
96    2    -0.139    2    1   0    0.53
123    2    0.000    2    1   1    0.50
134    2    0.055    2    1   1    0.92
59    1    0.055    2    2   0    0.70
113    2    0.000    1    2   0    1.29
28    1    0.000    1    1   1    0.80
60    1    0.139    2    2   0    0.73
20    1    0.139    2    2   0    0.50
5    1    0.139    2    2   0    0.61
95    2    0.139    1    2   0    0.52
115    2    0.139    1    2   0    0.54
51    1    -0.139    1    1   0    0.61
144    2    0.055    1    2   0    0.61
73    1    0.000    2    2   0    0.84
67    1    -0.055    1    1   0    0.55
48    1    0.000    1    1   1    0.73
62    1    -0.055    1    1   0    0.93
132    2    -0.055    2    1   0    0.74
82    2    -0.055    2    1   0    0.75
9    1    0.055    1    1   1    0.90
7    1    -0.055    1    1   0    0.63
83    2    0.000    2    1   1    0.65
11    1    -0.139    1    1   0    0.65
81    2    -0.139    2    1   0    0.68
130    2    0.139    1    2   0    0.98
120    2    0.139    1    2   0    2.41
50    1    0.139    2    2   0    0.53
27    1    -0.055    1    1   0    0.95
141    2    -0.139    2    1   0    0.64
45    1    0.139    2    2   0    0.52
131    2    -0.139    2    1   0    0.49
15    1    0.139    2    2   0    0.53
97    2    -0.055    2    1   0    0.57
103    2    0.000    1    2   0    1.23
88    2    0.000    1    2   0    1.03
121    2    -0.139    2    1   0    0.52
86    2    -0.139    2    1   0    0.40
149    2    0.055    1    2   0    0.79
71    1    -0.139    1    1   0    0.64
133    2    0.000    2    1   1    1.54
77    2    -0.055    2    1   0    0.57
93    2    0.000    2    1   1    0.52
3    1    0.000    1    1   1    0.52
53    1    0.000    1    1   1    0.86
39    1    0.055    2    2   0    0.54
76    2    -0.139    2    1   0    0.42
16    1    -0.139    1    1   0    0.99
2    1    -0.055    2    2   1    0.61
87    2    -0.055    2    1   0    0.97
142    2    -0.055    2    1   0    0.59
23    1    0.000    2    2   0    0.56
136    2    -0.139    2    1   0    0.52
112    2    -0.055    2    1   0    0.63
140    2    0.139    1    2   0    0.65
90    2    0.139    1    2   0    0.62
146    2    -0.139    2    1   0    0.66
74    1    0.055    2    2   0    0.61
37    1    -0.055    1    1   0    1.15
31    1    -0.139    1    1   0    0.68
25    1    0.139    2    2   0    0.75
17    1    -0.055    1    1   0    1.05
46    1    -0.139    1    1   0    0.71
114    2    0.055    1    2   0    1.36
64    1    0.055    2    2   0    0.67
125    2    0.139    1    2   0    0.76
89    2    0.055    1    2   0    0.62
42    1    -0.055    1    1   0    1.03
129    2    0.055    2    1   1    0.78
54    1    0.055    2    2   0    0.97
