--------------------------------
23-Mar-2015 16:53:08 
data from observer T17 
#occlusion2 expt 
reference disparity (degrees) 0.160000 

stim order disp kresp testresp correct time
1    2    -0.074    1    2   1    4.34
2    2    0.069    2    1   1    1.51
3    2    0.065    2    1   1    2.33
4    2    0.060    2    1   1    3.93
5    2    -0.055    1    2   1    1.41
6    2    0.051    2    1   1    4.02
7    1    -0.046    2    2   1    1.83
8    2    0.042    2    1   1    4.36
9    1    0.037    1    1   1    1.93
10    2    0.032    2    1   1    2.57
11    1    -0.028    2    2   1    1.74
12    1    -0.023    2    2   1    3.06
13    1    0.018    2    2   0    1.20
14    1    0.028    2    2   0    1.81
15    1    -0.037    2    2   1    1.94
16    1    0.037    2    2   0    1.91
17    2    -0.046    2    1   0    5.95
18    2    0.055    2    1   1    1.10
19    1    0.055    2    2   0    1.65
20    1    -0.065    2    2   1    3.18
21    1    -0.065    2    2   1    1.29
22    1    0.060    2    2   0    1.93
23    1    -0.069    2    2   1    1.95
24    1    0.069    1    1   1    6.06
25    1    0.065    1    1   1    2.97
26    2    -0.065    2    1   0    0.98
27    1    0.074    2    2   0    3.13
28    1    0.083    1    1   1    3.05
29    2    -0.083    2    1   0    1.86
30    1    -0.092    2    2   1    0.78
31    2    -0.092    2    1   0    1.24
32    1    0.102    2    2   0    1.52
33    2    -0.111    2    1   0    3.10
34    2    -0.120    2    1   0    3.79
35    2    0.129    2    1   1    1.29
36    2    0.129    2    1   1    1.99
37    1    0.125    1    1   1    0.81
38    1    -0.125    2    2   1    0.78
39    1    0.120    1    1   1    3.22
40    1    0.120    1    1   1    2.42
41    2    0.115    2    1   1    1.41
42    1    -0.115    2    2   1    2.75
43    1    -0.111    2    2   1    0.86
44    1    -0.111    1    1   0    3.05
45    1    -0.120    2    2   1    0.73
46    2    0.120    2    1   1    1.45
47    1    0.115    1    1   1    1.21
48    1    -0.115    2    2   1    0.73
49    2    0.111    2    1   1    1.21
50    2    -0.111    1    2   1    0.77
-------------------------
Final staircase threshold estimate (mean) is 0.1145
-------------------------
4    1    0.115    1    1   1    3.83
23    1    0.000    2    2   0    1.24
65    1    0.148    1    1   1    0.96
52    1    -0.115    2    2   1    0.84
136    2    -0.148    2    1   0    1.37
38    1    0.000    2    2   0    1.02
31    1    -0.148    2    2   1    0.81
126    2    -0.148    1    2   1    2.96
14    1    0.115    1    1   1    2.47
69    1    0.115    1    1   1    2.10
134    2    0.115    2    1   1    0.62
121    2    -0.148    1    2   1    1.75
89    2    0.115    2    1   1    0.61
115    2    0.148    2    1   1    1.62
53    1    0.000    2    2   0    0.81
104    2    0.115    1    2   0    3.07
57    1    -0.115    2    2   1    0.74
17    1    -0.115    1    1   0    2.19
60    1    0.148    2    2   0    1.26
67    1    -0.115    1    1   0    2.35
7    1    -0.115    2    2   1    1.19
129    2    0.115    2    1   1    2.93
110    2    0.148    2    1   1    2.33
142    2    -0.115    1    2   1    4.54
46    1    -0.148    2    2   1    0.88
12    1    -0.115    2    2   1    0.74
21    1    -0.148    2    2   1    0.71
133    2    0.000    2    1   1    2.08
96    2    -0.148    2    1   0    1.52
84    2    0.115    2    1   1    1.43
106    2    -0.148    1    2   1    1.41
132    2    -0.115    1    2   1    0.77
42    1    -0.115    2    2   1    0.89
114    2    0.115    2    1   1    1.06
122    2    -0.115    2    1   0    3.26
27    1    -0.115    2    2   1    2.28
24    1    0.115    2    2   0    2.60
43    1    0.000    2    2   0    0.77
140    2    0.148    2    1   1    0.84
113    2    0.000    2    1   1    2.77
39    1    0.115    1    1   1    3.04
25    1    0.148    1    1   1    0.78
101    2    -0.148    2    1   0    3.46
137    2    -0.115    1    2   1    1.87
19    1    0.115    1    1   1    1.40
35    1    0.148    2    2   0    1.88
72    1    -0.115    2    2   1    0.96
100    2    0.148    2    1   1    1.38
77    2    -0.115    2    1   0    4.15
76    2    -0.148    2    1   0    2.02
66    1    -0.148    2    2   1    3.38
112    2    -0.115    2    1   0    3.63
91    2    -0.148    1    2   1    3.46
109    2    0.115    2    1   1    1.29
78    2    0.000    2    1   1    1.65
28    1    0.000    2    2   0    3.63
146    2    -0.148    2    1   0    2.34
6    1    -0.148    2    2   1    1.11
94    2    0.115    2    1   1    1.80
58    1    0.000    2    2   0    3.11
15    1    0.148    2    2   0    1.19
120    2    0.148    2    1   1    1.27
32    1    -0.115    2    2   1    2.99
51    1    -0.148    2    2   1    1.44
48    1    0.000    1    1   1    4.11
117    2    -0.115    1    2   1    1.28
124    2    0.115    2    1   1    0.75
30    1    0.148    2    2   0    2.51
9    1    0.115    2    2   0    0.84
13    1    0.000    2    2   0    0.81
22    1    -0.115    2    2   1    1.08
127    2    -0.115    1    2   1    3.15
55    1    0.148    2    2   0    1.95
150    2    0.148    2    1   1    1.21
49    1    0.115    1    1   1    3.54
33    1    0.000    2    2   0    2.61
71    1    -0.148    2    2   1    1.59
41    1    -0.148    2    2   1    3.09
147    2    -0.115    2    1   0    1.02
119    2    0.115    2    1   1    1.86
26    1    -0.148    2    2   1    2.42
73    1    0.000    2    2   0    1.26
10    1    0.148    2    2   0    1.57
97    2    -0.115    1    2   1    2.26
128    2    0.000    2    1   1    1.41
8    1    0.000    2    2   0    3.10
130    2    0.148    2    1   1    0.89
123    2    0.000    2    1   1    2.31
59    1    0.115    2    2   0    2.29
116    2    -0.148    1    2   1    2.08
37    1    -0.115    2    2   1    1.05
1    1    -0.148    2    2   1    1.67
40    1    0.148    1    1   1    2.09
54    1    0.115    1    1   1    2.49
20    1    0.148    2    2   0    4.23
103    2    0.000    2    1   1    2.87
45    1    0.148    1    1   1    1.31
98    2    0.000    2    1   1    3.07
105    2    0.148    2    1   1    0.83
68    1    0.000    2    2   0    2.02
143    2    0.000    2    1   1    0.86
64    1    0.115    1    1   1    1.28
62    1    -0.115    2    2   1    0.84
5    1    0.148    1    1   1    1.41
92    2    -0.115    1    2   1    0.77
90    2    0.148    2    1   1    1.03
135    2    0.148    2    1   1    3.86
79    2    0.115    2    1   1    2.35
18    1    0.000    1    1   1    1.32
70    1    0.148    2    2   0    1.27
148    2    0.000    2    1   1    1.70
141    2    -0.148    1    2   1    1.17
149    2    0.115    2    1   1    4.66
74    1    0.115    1    1   1    1.55
50    1    0.148    1    1   1    1.65
99    2    0.115    2    1   1    0.86
47    1    -0.115    2    2   1    2.31
16    1    -0.148    2    2   1    0.90
29    1    0.115    1    1   1    1.74
118    2    0.000    2    1   1    4.76
81    2    -0.148    1    2   1    1.69
139    2    0.115    2    1   1    1.61
111    2    -0.148    2    1   0    3.15
95    2    0.148    2    1   1    1.64
87    2    -0.115    2    1   0    0.94
107    2    -0.115    2    1   0    2.39
44    1    0.115    2    2   0    1.95
75    2    0.148    2    1   1    0.98
36    1    -0.148    2    2   1    0.87
34    1    0.115    2    2   0    1.02
3    1    0.000    1    1   1    2.71
85    2    0.148    2    1   1    0.94
144    2    0.115    2    1   1    5.58
131    2    -0.148    1    2   1    1.56
80    2    0.148    2    1   1    1.18
108    2    0.000    2    1   1    0.74
83    2    0.000    2    1   1    1.39
88    2    0.000    2    1   1    4.15
82    2    -0.115    1    2   1    1.49
93    2    0.000    2    1   1    0.95
11    1    -0.148    2    2   1    0.79
145    2    0.148    2    1   1    2.72
125    2    0.148    2    1   1    2.43
61    1    -0.148    2    2   1    1.40
63    1    0.000    2    2   0    2.60
102    2    -0.115    1    2   1    1.16
56    1    -0.148    1    1   0    3.48
86    2    -0.148    2    1   0    0.96
2    1    -0.115    2    2   1    1.68
138    2    0.000    2    1   1    2.30
