--------------------------------
23-Mar-2015 19:17:54 
data from observer t17 
#occlusion2 expt 
reference disparity (degrees) 0.160000 

stim order disp kresp testresp correct time
1    1    -0.074    1    1   1    3.45
2    1    -0.069    1    1   1    1.52
3    2    -0.065    2    1   1    0.75
4    2    -0.060    2    1   1    1.35
5    1    0.055    2    2   1    1.23
6    1    -0.051    1    1   1    1.38
7    2    0.046    2    1   0    0.97
8    1    -0.055    1    1   1    1.24
9    2    -0.055    2    1   1    0.76
10    1    0.051    2    2   1    1.80
11    2    0.051    2    1   0    1.73
12    1    -0.060    2    2   0    1.63
13    1    0.069    2    2   1    1.45
14    1    0.069    2    2   1    0.78
15    1    0.065    2    2   1    2.14
16    2    0.065    1    2   1    1.05
17    1    -0.060    1    1   1    0.64
18    1    0.060    1    1   0    0.87
19    1    0.069    2    2   1    0.71
20    2    0.069    2    1   0    0.63
21    2    -0.079    1    2   0    1.19
22    1    -0.088    1    1   1    1.27
23    1    -0.088    2    2   0    0.73
24    2    -0.097    2    1   1    1.21
25    1    -0.097    1    1   1    0.89
26    1    0.092    2    2   1    1.08
27    2    0.092    1    2   1    1.55
28    2    0.088    1    2   1    0.87
29    2    0.088    1    2   1    1.66
30    2    0.083    1    2   1    0.93
31    1    -0.083    2    2   0    1.81
32    2    -0.092    2    1   1    0.78
33    2    0.092    1    2   1    0.87
34    1    0.088    2    2   1    0.75
35    2    0.088    1    2   1    0.75
36    2    -0.083    2    1   1    0.66
37    2    0.083    1    2   1    0.93
38    1    0.079    2    2   1    0.78
39    2    -0.079    2    1   1    0.82
40    2    -0.074    2    1   1    0.76
41    2    0.074    1    2   1    1.15
42    2    -0.069    2    1   1    1.61
43    1    0.069    2    2   1    0.66
44    1    -0.065    1    1   1    0.61
45    1    0.065    2    2   1    0.76
46    1    -0.060    1    1   1    1.99
47    1    0.060    2    2   1    0.66
48    1    0.055    2    2   1    2.01
49    2    -0.055    1    2   0    1.67
50    2    -0.065    1    2   0    2.10
-------------------------
Final staircase threshold estimate (mean) is 0.0637
-------------------------
107    2    -0.065    1    2   1    2.09
24    1    0.065    2    2   0    1.08
32    1    -0.065    1    1   0    1.05
10    1    0.148    2    2   0    0.79
12    1    -0.065    1    1   0    1.02
110    2    0.148    1    2   0    0.80
119    2    0.065    1    2   0    0.64
64    1    0.065    2    2   0    0.60
62    1    -0.065    1    1   0    0.73
31    1    -0.148    1    1   0    0.77
19    1    0.065    2    2   0    0.55
116    2    -0.148    2    1   0    0.60
53    1    0.000    2    2   0    0.64
95    2    0.148    1    2   0    0.54
54    1    0.065    2    2   0    0.67
93    2    0.000    2    1   1    0.94
148    2    0.000    1    2   0    0.58
101    2    -0.148    2    1   0    0.50
141    2    -0.148    2    1   0    0.78
143    2    0.000    2    1   1    0.90
42    1    -0.065    1    1   0    0.61
61    1    -0.148    1    1   0    0.66
2    1    -0.065    1    1   0    0.88
65    1    0.148    2    2   0    0.92
48    1    0.000    2    2   0    1.27
66    1    -0.148    1    1   0    0.59
25    1    0.148    2    2   0    0.59
98    2    0.000    1    2   0    0.85
78    2    0.000    2    1   1    0.63
135    2    0.148    1    2   0    0.69
83    2    0.000    2    1   1    1.36
117    2    -0.065    2    1   0    1.77
92    2    -0.065    2    1   0    0.95
111    2    -0.148    2    1   0    0.81
63    1    0.000    1    1   1    2.41
6    1    -0.148    1    1   0    0.76
134    2    0.065    2    1   1    1.59
118    2    0.000    2    1   1    1.05
46    1    -0.148    1    1   0    1.02
115    2    0.148    1    2   0    1.32
52    1    -0.065    2    2   1    0.67
124    2    0.065    1    2   0    0.95
99    2    0.065    1    2   0    0.66
137    2    -0.065    2    1   0    0.77
73    1    0.000    2    2   0    0.80
94    2    0.065    1    2   0    0.55
67    1    -0.065    1    1   0    0.79
75    2    0.148    1    2   0    0.62
72    1    -0.065    1    1   0    1.63
132    2    -0.065    2    1   0    1.24
39    1    0.065    2    2   0    0.79
22    1    -0.065    1    1   0    0.56
133    2    0.000    2    1   1    0.80
56    1    -0.148    1    1   0    0.61
136    2    -0.148    2    1   0    0.60
88    2    0.000    1    2   0    1.01
3    1    0.000    2    2   0    1.41
57    1    -0.065    2    2   1    1.26
74    1    0.065    2    2   0    0.64
96    2    -0.148    2    1   0    0.78
150    2    0.148    1    2   0    0.61
144    2    0.065    2    1   1    0.79
30    1    0.148    2    2   0    0.64
58    1    0.000    2    2   0    1.93
76    2    -0.148    2    1   0    1.38
5    1    0.148    2    2   0    0.74
45    1    0.148    2    2   0    1.17
142    2    -0.065    2    1   0    0.90
77    2    -0.065    1    2   1    2.45
131    2    -0.148    2    1   0    0.66
112    2    -0.065    2    1   0    0.94
113    2    0.000    2    1   1    1.72
26    1    -0.148    1    1   0    0.65
21    1    -0.148    1    1   0    0.51
123    2    0.000    2    1   1    0.73
139    2    0.065    1    2   0    1.01
128    2    0.000    2    1   1    0.64
34    1    0.065    2    2   0    1.30
70    1    0.148    2    2   0    0.61
33    1    0.000    1    1   1    0.81
125    2    0.148    1    2   0    0.77
121    2    -0.148    2    1   0    0.60
51    1    -0.148    1    1   0    0.60
85    2    0.148    1    2   0    1.24
108    2    0.000    2    1   1    0.64
149    2    0.065    1    2   0    0.83
17    1    -0.065    2    2   1    1.31
40    1    0.148    2    2   0    0.82
43    1    0.000    1    1   1    0.62
145    2    0.148    1    2   0    0.89
84    2    0.065    1    2   0    0.67
60    1    0.148    2    2   0    0.70
68    1    0.000    1    1   1    1.21
11    1    -0.148    1    1   0    0.74
120    2    0.148    1    2   0    0.66
9    1    0.065    2    2   0    0.64
122    2    -0.065    2    1   0    1.17
71    1    -0.148    1    1   0    0.66
140    2    0.148    1    2   0    0.88
8    1    0.000    1    1   1    1.22
91    2    -0.148    2    1   0    1.05
15    1    0.148    2    2   0    1.80
4    1    0.065    2    2   0    1.44
90    2    0.148    1    2   0    0.64
50    1    0.148    2    2   0    0.82
28    1    0.000    2    2   0    1.79
100    2    0.148    1    2   0    0.86
37    1    -0.065    2    2   1    1.09
1    1    -0.148    1    1   0    1.07
13    1    0.000    2    2   0    0.85
16    1    -0.148    1    1   0    0.89
55    1    0.148    2    2   0    0.62
127    2    -0.065    2    1   0    0.61
69    1    0.065    2    2   0    0.65
103    2    0.000    1    2   0    1.02
38    1    0.000    2    2   0    0.64
109    2    0.065    2    1   1    1.05
86    2    -0.148    2    1   0    0.66
35    1    0.148    2    2   0    0.61
41    1    -0.148    1    1   0    0.88
104    2    0.065    1    2   0    1.32
36    1    -0.148    1    1   0    0.61
89    2    0.065    1    2   0    1.44
80    2    0.148    1    2   0    0.80
82    2    -0.065    2    1   0    0.75
59    1    0.065    2    2   0    0.76
146    2    -0.148    2    1   0    0.71
102    2    -0.065    2    1   0    0.71
23    1    0.000    2    2   0    1.03
29    1    0.065    2    2   0    0.70
87    2    -0.065    2    1   0    0.78
7    1    -0.065    1    1   0    2.43
106    2    -0.148    2    1   0    0.56
114    2    0.065    1    2   0    0.62
129    2    0.065    1    2   0    0.77
27    1    -0.065    1    1   0    1.00
105    2    0.148    1    2   0    1.07
147    2    -0.065    1    2   1    0.98
20    1    0.148    2    2   0    0.73
130    2    0.148    1    2   0    0.67
79    2    0.065    1    2   0    0.73
126    2    -0.148    2    1   0    0.83
47    1    -0.065    1    1   0    0.57
44    1    0.065    2    2   0    0.61
18    1    0.000    2    2   0    0.62
81    2    -0.148    2    1   0    1.02
97    2    -0.065    2    1   0    1.13
14    1    0.065    2    2   0    1.47
138    2    0.000    2    1   1    0.91
49    1    0.065    2    2   0    0.72
