--------------------------------
23-Mar-2015 17:29:35 
data from observer T17 
#occlusion2 expt 
reference disparity (degrees) 0.160000 

stim order disp kresp testresp correct time
1    1    0.074    2    2   1    1.99
2    1    0.069    1    1   0    0.57
3    2    -0.079    2    1   1    0.51
4    2    -0.079    2    1   1    0.66
5    2    0.074    1    2   1    0.56
6    1    0.074    1    1   0    0.88
7    1    -0.083    1    1   1    0.62
8    2    0.083    1    2   1    0.59
9    1    0.079    2    2   1    1.28
10    1    -0.079    1    1   1    1.06
11    2    -0.074    2    1   1    0.64
12    2    -0.074    2    1   1    0.68
13    2    0.069    1    2   1    0.45
14    2    -0.069    2    1   1    0.60
15    1    -0.065    1    1   1    0.65
16    1    0.065    2    2   1    0.69
17    2    -0.060    2    1   1    1.50
18    1    0.060    2    2   1    0.72
19    2    0.055    1    2   1    0.72
20    1    0.055    2    2   1    2.04
21    1    -0.051    2    2   0    2.94
22    2    0.060    1    2   1    1.73
23    2    -0.060    2    1   1    2.32
24    1    -0.055    1    1   1    0.69
25    2    -0.055    2    1   1    0.79
26    1    0.051    1    1   0    2.16
27    2    0.060    2    1   0    0.65
28    1    0.069    2    2   1    0.62
29    1    -0.069    1    1   1    0.89
30    1    0.065    2    2   1    1.21
31    1    -0.065    1    1   1    1.48
32    1    0.060    2    2   1    0.75
33    2    0.060    1    2   1    0.59
34    1    0.055    2    2   1    1.08
35    1    0.055    2    2   1    1.07
36    1    -0.051    2    2   0    0.81
37    1    -0.060    1    1   1    1.84
38    1    -0.060    1    1   1    1.02
39    2    -0.055    2    1   1    0.51
40    2    -0.055    2    1   1    0.96
41    1    -0.051    1    1   1    0.63
42    1    -0.051    1    1   1    0.98
43    1    0.046    2    2   1    2.50
44    2    -0.046    2    1   1    0.90
45    1    -0.042    1    1   1    1.30
46    1    0.042    2    2   1    2.28
47    1    0.037    2    2   1    0.77
48    1    0.037    2    2   1    0.84
49    2    0.032    2    1   0    2.00
50    2    0.042    2    1   0    0.68
-------------------------
Final staircase threshold estimate (mean) is 0.0425
-------------------------
117    2    -0.042    2    1   0    1.71
120    2    0.106    1    2   0    0.58
55    1    0.106    2    2   0    0.59
9    1    0.042    2    2   0    1.36
87    2    -0.042    2    1   0    0.73
11    1    -0.106    1    1   0    0.72
51    1    -0.106    1    1   0    0.65
135    2    0.106    1    2   0    0.70
132    2    -0.042    2    1   0    0.66
69    1    0.042    2    2   0    0.61
76    2    -0.106    2    1   0    0.77
90    2    0.106    1    2   0    0.68
130    2    0.106    1    2   0    0.66
138    2    0.000    1    2   0    0.91
63    1    0.000    2    2   0    1.19
95    2    0.106    1    2   0    0.64
126    2    -0.106    2    1   0    0.64
137    2    -0.042    2    1   0    1.09
71    1    -0.106    1    1   0    0.78
10    1    0.106    2    2   0    0.71
98    2    0.000    2    1   1    0.80
105    2    0.106    1    2   0    0.96
93    2    0.000    2    1   1    1.03
54    1    0.042    2    2   0    0.65
115    2    0.106    1    2   0    0.59
109    2    0.042    1    2   0    0.86
149    2    0.042    2    1   1    0.92
70    1    0.106    2    2   0    0.62
77    2    -0.042    2    1   0    0.72
80    2    0.106    1    2   0    0.76
31    1    -0.106    1    1   0    0.75
23    1    0.000    1    1   1    1.25
2    1    -0.042    2    2   1    1.07
81    2    -0.106    2    1   0    0.71
28    1    0.000    2    2   0    0.60
139    2    0.042    2    1   1    0.56
146    2    -0.106    2    1   0    0.72
78    2    0.000    2    1   1    2.80
37    1    -0.042    2    2   1    0.80
22    1    -0.042    1    1   0    1.18
21    1    -0.106    1    1   0    1.25
140    2    0.106    2    1   1    0.87
97    2    -0.042    2    1   0    0.72
36    1    -0.106    1    1   0    1.13
127    2    -0.042    2    1   0    0.55
112    2    -0.042    2    1   0    0.83
43    1    0.000    1    1   1    1.43
125    2    0.106    1    2   0    0.69
32    1    -0.042    2    2   1    0.66
148    2    0.000    2    1   1    0.68
17    1    -0.042    2    2   1    0.70
65    1    0.106    2    2   0    0.87
47    1    -0.042    2    2   1    0.50
33    1    0.000    2    2   0    1.43
44    1    0.042    2    2   0    0.50
15    1    0.106    2    2   0    0.80
49    1    0.042    2    2   0    0.55
134    2    0.042    1    2   0    1.13
13    1    0.000    2    2   0    0.90
106    2    -0.106    2    1   0    0.60
16    1    -0.106    1    1   0    0.88
34    1    0.042    2    2   0    0.77
45    1    0.106    2    2   0    0.70
118    2    0.000    1    2   0    2.23
73    1    0.000    2    2   0    0.53
94    2    0.042    2    1   1    0.71
110    2    0.106    2    1   1    1.07
104    2    0.042    1    2   0    4.20
35    1    0.106    2    2   0    0.88
113    2    0.000    2    1   1    0.64
50    1    0.106    2    2   0    0.94
91    2    -0.106    2    1   0    1.06
107    2    -0.042    2    1   0    1.33
57    1    -0.042    1    1   0    0.94
119    2    0.042    1    2   0    1.00
88    2    0.000    2    1   1    0.88
5    1    0.106    2    2   0    0.56
41    1    -0.106    2    2   1    0.71
40    1    0.106    2    2   0    0.67
141    2    -0.106    2    1   0    0.56
150    2    0.106    1    2   0    0.94
30    1    0.106    2    2   0    0.57
20    1    0.106    2    2   0    0.57
59    1    0.042    2    2   0    0.50
48    1    0.000    1    1   1    0.97
8    1    0.000    2    2   0    0.50
66    1    -0.106    1    1   0    0.75
116    2    -0.106    2    1   0    0.68
128    2    0.000    1    2   0    1.17
83    2    0.000    2    1   1    0.48
67    1    -0.042    1    1   0    0.79
58    1    0.000    1    1   1    1.12
62    1    -0.042    1    1   0    0.56
75    2    0.106    1    2   0    1.20
53    1    0.000    2    2   0    1.64
74    1    0.042    2    2   0    0.65
3    1    0.000    2    2   0    0.56
82    2    -0.042    2    1   0    1.76
142    2    -0.042    2    1   0    0.67
68    1    0.000    2    2   0    0.90
102    2    -0.042    2    1   0    1.79
103    2    0.000    1    2   0    1.66
38    1    0.000    2    2   0    0.73
84    2    0.042    1    2   0    1.20
24    1    0.042    2    2   0    0.65
100    2    0.106    1    2   0    0.91
64    1    0.042    2    2   0    0.67
114    2    0.042    1    2   0    1.76
86    2    -0.106    2    1   0    0.61
60    1    0.106    2    2   0    0.67
42    1    -0.042    1    1   0    0.97
131    2    -0.106    2    1   0    0.62
96    2    -0.106    2    1   0    0.68
133    2    0.000    1    2   0    1.41
145    2    0.106    1    2   0    0.67
4    1    0.042    1    1   1    0.93
1    1    -0.106    1    1   0    0.70
56    1    -0.106    1    1   0    0.84
25    1    0.106    2    2   0    1.45
123    2    0.000    1    2   0    1.20
124    2    0.042    2    1   1    1.25
14    1    0.042    2    2   0    0.79
29    1    0.042    2    2   0    0.99
52    1    -0.042    1    1   0    0.74
27    1    -0.042    1    1   0    0.59
111    2    -0.106    2    1   0    0.68
6    1    -0.106    1    1   0    0.79
26    1    -0.106    1    1   0    0.98
101    2    -0.106    2    1   0    0.73
108    2    0.000    2    1   1    1.70
122    2    -0.042    2    1   0    0.79
85    2    0.106    1    2   0    0.67
136    2    -0.106    2    1   0    0.65
19    1    0.042    2    2   0    0.71
61    1    -0.106    1    1   0    0.59
18    1    0.000    2    2   0    0.60
121    2    -0.106    2    1   0    1.37
79    2    0.042    1    2   0    0.64
89    2    0.042    1    2   0    1.58
7    1    -0.042    2    2   1    1.25
72    1    -0.042    1    1   0    0.59
46    1    -0.106    1    1   0    0.62
92    2    -0.042    1    2   1    0.67
129    2    0.042    1    2   0    0.77
39    1    0.042    2    2   0    1.86
12    1    -0.042    1    1   0    0.64
147    2    -0.042    2    1   0    0.97
99    2    0.042    1    2   0    1.49
143    2    0.000    1    2   0    1.33
144    2    0.042    1    2   0    0.70
