--------------------------------
23-Mar-2015 16:24:32 
data from observer T17 
#occlusion2 expt 
reference disparity (degrees) 0.160000 

stim order disp kresp testresp correct time
1    2    0.074    2    1   1    3.30
2    2    0.069    2    1   1    1.23
3    1    -0.065    1    1   0    3.19
4    2    -0.074    2    1   0    4.99
5    1    -0.083    2    2   1    0.94
6    1    -0.083    2    2   1    1.51
7    1    0.079    1    1   1    2.23
8    2    0.079    2    1   1    1.06
9    1    0.074    1    1   1    1.20
10    2    -0.074    1    2   1    2.56
11    1    -0.069    1    1   0    1.27
12    2    0.079    2    1   1    1.54
13    2    -0.079    1    2   1    1.69
14    2    -0.074    1    2   1    1.61
15    2    0.074    2    1   1    1.08
16    2    0.069    2    1   1    0.90
17    1    -0.069    2    2   1    1.04
18    1    -0.065    2    2   1    3.44
19    2    0.065    2    1   1    1.21
20    2    -0.060    1    2   1    0.79
21    2    0.060    2    1   1    0.84
22    1    -0.055    2    2   1    1.80
23    2    0.055    2    1   1    3.72
24    1    -0.051    1    1   0    3.22
25    2    -0.060    1    2   1    1.72
26    2    0.060    2    1   1    1.69
27    2    0.055    2    1   1    1.81
28    2    -0.055    1    2   1    1.68
29    2    0.051    2    1   1    2.43
30    2    0.051    2    1   1    1.66
31    2    0.046    2    1   1    3.74
32    1    -0.046    1    1   0    1.39
33    1    -0.055    2    2   1    1.74
34    1    0.055    1    1   1    1.10
35    2    0.051    2    1   1    3.61
36    1    0.051    1    1   1    1.04
37    2    0.046    1    2   0    3.32
38    1    0.055    1    1   1    1.25
39    1    -0.055    2    2   1    1.99
40    2    0.051    1    2   0    2.17
41    2    -0.060    1    2   1    1.33
42    2    -0.060    1    2   1    2.63
43    2    -0.055    1    2   1    3.44
44    1    0.055    1    1   1    2.15
45    1    0.051    1    1   1    1.90
46    1    -0.051    2    2   1    1.07
47    2    -0.046    2    1   0    2.88
48    2    0.055    2    1   1    2.22
49    1    0.055    2    2   0    1.33
50    2    0.065    2    1   1    1.90
-------------------------
Final staircase threshold estimate (mean) is 0.0554
-------------------------
145    2    0.139    2    1   1    1.76
78    2    0.000    2    1   1    2.29
98    2    0.000    1    2   0    1.79
114    2    0.055    2    1   1    1.16
112    2    -0.055    1    2   1    1.88
21    1    -0.139    2    2   1    1.65
42    1    -0.055    2    2   1    1.49
9    1    0.055    1    1   1    2.28
103    2    0.000    1    2   0    1.86
79    2    0.055    2    1   1    1.25
62    1    -0.055    2    2   1    1.74
85    2    0.139    2    1   1    1.85
74    1    0.055    1    1   1    1.48
51    1    -0.139    2    2   1    0.92
110    2    0.139    2    1   1    1.48
7    1    -0.055    2    2   1    2.29
31    1    -0.139    2    2   1    0.96
46    1    -0.139    2    2   1    2.85
130    2    0.139    2    1   1    1.51
71    1    -0.139    2    2   1    0.98
125    2    0.139    2    1   1    0.96
11    1    -0.139    2    2   1    1.30
75    2    0.139    2    1   1    1.17
133    2    0.000    2    1   1    3.06
80    2    0.139    1    2   0    3.05
53    1    0.000    1    1   1    0.99
33    1    0.000    1    1   1    1.45
101    2    -0.139    1    2   1    1.77
40    1    0.139    1    1   1    1.98
96    2    -0.139    1    2   1    1.64
59    1    0.055    1    1   1    3.17
119    2    0.055    2    1   1    1.33
141    2    -0.139    1    2   1    1.58
150    2    0.139    2    1   1    0.93
14    1    0.055    2    2   0    1.78
18    1    0.000    1    1   1    2.30
19    1    0.055    1    1   1    1.96
120    2    0.139    2    1   1    0.88
27    1    -0.055    1    1   0    3.19
129    2    0.055    2    1   1    2.59
88    2    0.000    1    2   0    3.26
144    2    0.055    2    1   1    1.32
95    2    0.139    2    1   1    0.99
87    2    -0.055    1    2   1    2.40
149    2    0.055    2    1   1    1.42
143    2    0.000    1    2   0    2.36
148    2    0.000    2    1   1    2.26
137    2    -0.055    1    2   1    1.74
36    1    -0.139    2    2   1    1.14
50    1    0.139    1    1   1    0.96
67    1    -0.055    1    1   0    3.09
35    1    0.139    1    1   1    1.64
123    2    0.000    1    2   0    1.66
91    2    -0.139    1    2   1    0.64
54    1    0.055    1    1   1    1.55
109    2    0.055    2    1   1    1.99
146    2    -0.139    1    2   1    1.61
17    1    -0.055    2    2   1    0.74
66    1    -0.139    2    2   1    0.89
12    1    -0.055    2    2   1    2.69
26    1    -0.139    2    2   1    0.77
3    1    0.000    1    1   1    1.26
60    1    0.139    1    1   1    1.52
138    2    0.000    2    1   1    3.02
70    1    0.139    1    1   1    0.84
64    1    0.055    1    1   1    3.38
127    2    -0.055    1    2   1    1.53
147    2    -0.055    1    2   1    2.85
97    2    -0.055    1    2   1    4.80
105    2    0.139    2    1   1    1.26
131    2    -0.139    1    2   1    2.88
134    2    0.055    2    1   1    0.88
111    2    -0.139    1    2   1    1.29
30    1    0.139    1    1   1    1.11
82    2    -0.055    1    2   1    1.99
90    2    0.139    2    1   1    0.81
84    2    0.055    1    2   0    3.41
77    2    -0.055    2    1   0    2.50
48    1    0.000    2    2   0    1.62
118    2    0.000    2    1   1    1.92
38    1    0.000    2    2   0    1.33
57    1    -0.055    2    2   1    0.98
102    2    -0.055    1    2   1    0.72
10    1    0.139    1    1   1    0.72
34    1    0.055    1    1   1    1.09
106    2    -0.139    1    2   1    0.91
83    2    0.000    2    1   1    0.92
32    1    -0.055    2    2   1    0.72
107    2    -0.055    1    2   1    0.66
89    2    0.055    2    1   1    1.10
126    2    -0.139    1    2   1    0.74
6    1    -0.139    2    2   1    0.79
100    2    0.139    2    1   1    1.62
49    1    0.055    1    1   1    1.01
23    1    0.000    2    2   0    3.33
94    2    0.055    1    2   0    2.00
55    1    0.139    1    1   1    1.61
73    1    0.000    2    2   0    1.14
132    2    -0.055    1    2   1    1.58
135    2    0.139    2    1   1    1.06
92    2    -0.055    2    1   0    2.93
2    1    -0.055    2    2   1    2.52
41    1    -0.139    2    2   1    0.81
44    1    0.055    1    1   1    2.26
108    2    0.000    1    2   0    2.13
22    1    -0.055    2    2   1    2.26
61    1    -0.139    2    2   1    1.04
140    2    0.139    2    1   1    0.87
16    1    -0.139    2    2   1    1.20
69    1    0.055    1    1   1    2.65
37    1    -0.055    2    2   1    0.87
128    2    0.000    1    2   0    1.16
72    1    -0.055    2    2   1    1.66
113    2    0.000    2    1   1    1.48
4    1    0.055    2    2   0    2.02
116    2    -0.139    2    1   0    2.65
24    1    0.055    1    1   1    3.71
63    1    0.000    2    2   0    3.76
124    2    0.055    2    1   1    2.59
121    2    -0.139    1    2   1    3.40
142    2    -0.055    2    1   0    0.72
20    1    0.139    2    2   0    3.07
39    1    0.055    1    1   1    5.71
43    1    0.000    2    2   0    2.47
29    1    0.055    2    2   0    2.02
65    1    0.139    1    1   1    3.22
13    1    0.000    2    2   0    2.34
5    1    0.139    2    2   0    2.66
136    2    -0.139    1    2   1    3.56
52    1    -0.055    2    2   1    1.06
104    2    0.055    1    2   0    1.20
99    2    0.055    2    1   1    0.75
28    1    0.000    1    1   1    1.38
139    2    0.055    2    1   1    0.80
15    1    0.139    1    1   1    3.18
81    2    -0.139    2    1   0    2.34
86    2    -0.139    2    1   0    3.70
47    1    -0.055    2    2   1    2.82
1    1    -0.139    2    2   1    2.63
8    1    0.000    2    2   0    6.40
117    2    -0.055    2    1   0    1.49
93    2    0.000    2    1   1    5.13
45    1    0.139    1    1   1    0.98
115    2    0.139    2    1   1    0.78
25    1    0.139    1    1   1    1.51
76    2    -0.139    1    2   1    1.41
68    1    0.000    2    2   0    1.97
58    1    0.000    2    2   0    1.30
122    2    -0.055    2    1   0    1.08
56    1    -0.139    2    2   1    0.98
