--------------------------------
24-Mar-2015 08:44:14 
data from observer T18 
#occlusion2 expt 
reference disparity (degrees) 0.160000 

stim order disp kresp testresp correct time
1    2    -0.074    2    1   1    2.42
2    2    -0.069    2    1   1    0.64
3    2    0.065    2    1   0    1.11
4    1    0.074    2    2   1    0.64
5    1    0.074    2    2   1    0.74
6    1    0.069    2    2   1    0.68
7    2    0.069    1    2   1    1.16
8    2    -0.065    2    1   1    0.61
9    2    -0.065    2    1   1    0.60
10    1    -0.060    2    2   0    1.06
11    1    -0.069    2    2   0    1.00
12    2    -0.079    2    1   1    0.67
13    1    0.079    2    2   1    0.70
14    1    -0.074    2    2   0    0.81
15    1    -0.083    2    2   0    0.84
16    2    0.092    1    2   1    0.72
17    2    -0.092    2    1   1    0.65
18    1    -0.088    2    2   0    0.97
19    2    -0.097    2    1   1    0.72
20    2    0.097    2    1   0    1.86
21    1    -0.106    2    2   0    0.73
22    2    0.115    2    1   0    1.49
23    1    -0.125    2    2   0    1.94
24    1    -0.134    2    2   0    0.82
25    1    -0.143    1    1   1    1.97
26    1    0.143    2    2   1    0.78
27    1    -0.139    2    2   0    1.73
28    2    0.148    1    2   1    0.62
29    2    0.148    1    2   1    0.90
30    2    0.143    1    2   1    0.71
31    2    -0.143    1    2   0    0.65
32    1    -0.148    2    2   0    1.05
33    1    -0.148    2    2   0    1.33
34    2    0.148    1    2   1    0.62
35    1    0.148    2    2   1    0.77
36    1    0.143    2    2   1    0.74
37    1    -0.143    2    2   0    1.71
38    1    -0.148    2    2   0    1.00
39    1    0.148    2    2   1    0.77
40    1    -0.148    2    2   0    0.80
41    1    -0.148    2    2   0    0.72
42    2    -0.148    2    1   1    0.83
43    1    -0.148    2    2   0    0.76
44    1    0.148    2    2   1    0.78
45    1    0.148    2    2   1    0.64
46    1    -0.143    2    2   0    0.71
47    2    0.148    2    1   0    1.70
48    2    0.148    2    1   0    0.78
49    1    -0.148    2    2   0    1.13
50    2    0.148    2    1   0    0.98
-------------------------
Final staircase threshold estimate (mean) is 0.1473
-------------------------
90    2    0.148    2    1   1    2.06
59    1    0.143    1    1   1    1.26
126    2    -0.148    1    2   1    2.01
118    2    0.000    2    1   1    0.66
80    2    0.148    2    1   1    0.93
146    2    -0.148    1    2   1    1.67
86    2    -0.148    1    2   1    0.69
26    1    -0.148    2    2   1    0.83
106    2    -0.148    2    1   0    1.33
45    1    0.148    2    2   0    1.00
50    1    0.148    2    2   0    0.82
56    1    -0.148    2    2   1    0.70
105    2    0.148    2    1   1    0.84
150    2    0.148    2    1   1    2.72
122    2    -0.143    2    1   0    2.26
65    1    0.148    2    2   0    0.72
145    2    0.148    2    1   1    0.77
142    2    -0.143    2    1   0    0.85
98    2    0.000    2    1   1    1.57
91    2    -0.148    2    1   0    0.98
14    1    0.143    2    2   0    0.79
135    2    0.148    2    1   1    1.08
97    2    -0.143    2    1   0    0.83
69    1    0.143    2    2   0    0.74
43    1    0.000    2    2   0    1.01
129    2    0.143    2    1   1    1.79
44    1    0.143    2    2   0    1.16
125    2    0.148    2    1   1    0.69
19    1    0.143    2    2   0    0.76
70    1    0.148    2    2   0    0.77
55    1    0.148    2    2   0    0.71
120    2    0.148    1    2   0    0.75
30    1    0.148    2    2   0    0.79
36    1    -0.148    2    2   1    0.83
102    2    -0.143    1    2   1    0.88
84    2    0.143    2    1   1    1.42
108    2    0.000    2    1   1    1.63
23    1    0.000    2    2   0    1.24
104    2    0.143    1    2   0    1.08
147    2    -0.143    2    1   0    1.46
85    2    0.148    2    1   1    0.99
119    2    0.143    2    1   1    2.59
93    2    0.000    2    1   1    2.09
13    1    0.000    1    1   1    2.29
123    2    0.000    1    2   0    1.30
54    1    0.143    2    2   0    0.82
103    2    0.000    1    2   0    2.48
140    2    0.148    2    1   1    0.68
25    1    0.148    1    1   1    1.26
60    1    0.148    2    2   0    1.01
114    2    0.143    2    1   1    1.99
68    1    0.000    2    2   0    2.43
130    2    0.148    2    1   1    1.45
133    2    0.000    1    2   0    1.17
61    1    -0.148    2    2   1    1.96
148    2    0.000    1    2   0    1.25
10    1    0.148    2    2   0    0.95
5    1    0.148    2    2   0    0.82
92    2    -0.143    2    1   0    2.73
41    1    -0.148    2    2   1    0.91
72    1    -0.143    2    2   1    0.78
39    1    0.143    2    2   0    0.84
138    2    0.000    2    1   1    3.29
18    1    0.000    2    2   0    2.15
24    1    0.143    1    1   1    0.75
143    2    0.000    1    2   0    0.85
87    2    -0.143    1    2   1    1.18
51    1    -0.148    2    2   1    1.14
1    1    -0.148    2    2   1    0.87
37    1    -0.143    2    2   1    0.89
107    2    -0.143    2    1   0    1.20
29    1    0.143    2    2   0    0.78
58    1    0.000    1    1   1    1.19
35    1    0.148    2    2   0    0.84
132    2    -0.143    2    1   0    0.76
99    2    0.143    2    1   1    0.93
111    2    -0.148    1    2   1    2.34
16    1    -0.148    2    2   1    0.76
64    1    0.143    2    2   0    0.84
27    1    -0.143    2    2   1    0.90
100    2    0.148    2    1   1    0.94
66    1    -0.148    2    2   1    1.24
34    1    0.143    2    2   0    0.95
74    1    0.143    2    2   0    2.25
134    2    0.143    2    1   1    2.65
128    2    0.000    2    1   1    2.36
88    2    0.000    2    1   1    2.46
22    1    -0.143    1    1   0    1.21
78    2    0.000    2    1   1    1.18
121    2    -0.148    1    2   1    1.86
79    2    0.143    2    1   1    0.97
77    2    -0.143    1    2   1    1.63
144    2    0.143    2    1   1    2.00
20    1    0.148    1    1   1    1.75
40    1    0.148    2    2   0    1.20
57    1    -0.143    2    2   1    2.74
83    2    0.000    2    1   1    2.20
101    2    -0.148    2    1   0    1.95
46    1    -0.148    2    2   1    0.95
112    2    -0.143    2    1   0    0.99
110    2    0.148    2    1   1    0.89
141    2    -0.148    2    1   0    1.59
67    1    -0.143    2    2   1    0.65
89    2    0.143    2    1   1    0.69
131    2    -0.148    2    1   0    0.71
49    1    0.143    2    2   0    0.70
42    1    -0.143    2    2   1    1.19
139    2    0.143    2    1   1    0.80
149    2    0.143    2    1   1    1.40
6    1    -0.148    2    2   1    1.04
33    1    0.000    2    2   0    1.83
62    1    -0.143    2    2   1    0.63
48    1    0.000    1    1   1    1.00
32    1    -0.143    2    2   1    0.81
136    2    -0.148    1    2   1    0.55
8    1    0.000    1    1   1    0.59
75    2    0.148    1    2   0    0.76
137    2    -0.143    1    2   1    0.77
15    1    0.148    2    2   0    0.81
73    1    0.000    1    1   1    0.84
63    1    0.000    1    1   1    1.85
11    1    -0.148    1    1   0    0.77
117    2    -0.143    1    2   1    1.59
53    1    0.000    1    1   1    1.29
2    1    -0.143    2    2   1    1.10
52    1    -0.143    2    2   1    1.28
47    1    -0.143    2    2   1    1.58
124    2    0.143    1    2   0    0.68
28    1    0.000    2    2   0    2.28
31    1    -0.148    1    1   0    1.05
116    2    -0.148    1    2   1    2.07
3    1    0.000    2    2   0    1.06
82    2    -0.143    2    1   0    0.74
115    2    0.148    1    2   0    0.68
21    1    -0.148    1    1   0    0.68
9    1    0.143    1    1   1    0.86
4    1    0.143    1    1   1    0.87
95    2    0.148    1    2   0    0.75
81    2    -0.148    1    2   1    0.91
7    1    -0.143    1    1   0    0.67
94    2    0.143    1    2   0    0.74
76    2    -0.148    1    2   1    0.75
96    2    -0.148    1    2   1    0.84
17    1    -0.143    1    1   0    1.48
113    2    0.000    1    2   0    0.81
12    1    -0.143    1    1   0    0.75
38    1    0.000    1    1   1    1.06
109    2    0.143    1    2   0    0.67
71    1    -0.148    1    1   0    0.83
127    2    -0.143    1    2   1    0.79
