--------------------------------
24-Mar-2015 08:29:33 
data from observer T18 
#occlusion2 expt 
reference disparity (degrees) 0.160000 

stim order disp kresp testresp correct time
1    2    -0.074    2    1   1    1.59
2    2    0.069    1    2   1    0.87
3    1    -0.065    2    2   0    1.38
4    1    -0.074    1    1   1    0.66
5    2    -0.074    2    1   1    1.11
6    2    0.069    1    2   1    0.70
7    2    -0.069    1    2   0    1.29
8    2    0.079    1    2   1    0.74
9    1    -0.079    2    2   0    1.28
10    1    0.088    2    2   1    0.72
11    1    -0.088    1    1   1    0.70
12    2    0.083    1    2   1    0.76
13    2    -0.083    1    2   0    0.90
14    1    0.092    2    2   1    0.78
15    1    0.092    2    2   1    0.69
16    2    -0.088    1    2   0    1.19
17    1    0.097    2    2   1    0.88
18    2    -0.097    1    2   0    1.19
19    1    -0.106    2    2   0    1.08
20    2    -0.115    2    1   1    1.19
21    1    -0.115    2    2   0    1.53
22    2    -0.125    2    1   1    0.73
23    2    0.125    1    2   1    0.68
24    1    0.120    1    1   0    0.96
25    1    0.129    1    1   0    1.46
26    2    -0.139    1    2   0    1.12
27    2    0.148    2    1   0    1.41
28    2    0.148    2    1   0    0.78
29    1    0.148    2    2   1    3.32
30    1    0.148    2    2   1    0.84
31    2    0.143    2    1   0    3.97
32    1    -0.148    2    2   0    0.91
33    1    0.148    2    2   1    2.84
34    2    0.148    1    2   1    2.63
35    1    0.143    2    2   1    2.95
36    2    0.143    1    2   1    1.42
37    1    -0.139    2    2   0    0.87
38    1    -0.148    2    2   0    0.83
39    2    -0.148    1    2   0    1.32
40    2    -0.148    2    1   1    1.48
41    2    -0.148    1    2   0    1.39
42    1    0.148    2    2   1    1.64
43    2    0.148    2    1   0    1.62
44    2    0.148    2    1   0    0.97
45    2    0.148    2    1   0    1.32
46    2    0.148    2    1   0    2.01
47    2    0.148    2    1   0    1.58
48    1    -0.148    2    2   0    0.80
49    1    0.148    2    2   1    1.07
50    1    0.148    2    2   1    1.15
-------------------------
Final staircase threshold estimate (mean) is 0.1478
-------------------------
18    1    0.000    2    2   0    1.82
93    2    0.000    2    1   1    1.13
47    1    -0.143    2    2   1    1.02
125    2    0.148    2    1   1    1.73
9    1    0.143    2    2   0    1.93
49    1    0.143    1    1   1    1.28
2    1    -0.143    2    2   1    1.61
21    1    -0.148    2    2   1    1.28
33    1    0.000    2    2   0    1.42
89    2    0.143    2    1   1    1.94
4    1    0.143    1    1   1    2.90
107    2    -0.143    1    2   1    1.31
23    1    0.000    2    2   0    1.06
114    2    0.143    2    1   1    1.76
128    2    0.000    2    1   1    1.00
15    1    0.148    2    2   0    1.81
22    1    -0.143    2    2   1    1.53
101    2    -0.148    2    1   0    2.15
133    2    0.000    2    1   1    1.50
26    1    -0.148    2    2   1    1.52
1    1    -0.148    2    2   1    1.91
109    2    0.143    2    1   1    1.30
48    1    0.000    2    2   0    1.61
136    2    -0.148    1    2   1    3.53
143    2    0.000    2    1   1    2.61
131    2    -0.148    1    2   1    1.17
92    2    -0.143    1    2   1    1.19
147    2    -0.143    1    2   1    1.92
32    1    -0.143    2    2   1    1.69
10    1    0.148    1    1   1    2.32
108    2    0.000    2    1   1    1.02
115    2    0.148    1    2   0    1.09
118    2    0.000    1    2   0    1.18
69    1    0.143    1    1   1    2.72
25    1    0.148    2    2   0    2.30
31    1    -0.148    2    2   1    1.49
61    1    -0.148    1    1   0    0.96
40    1    0.148    1    1   1    0.96
119    2    0.143    2    1   1    1.55
66    1    -0.148    2    2   1    1.39
116    2    -0.148    1    2   1    1.28
75    2    0.148    2    1   1    1.78
60    1    0.148    1    1   1    2.30
59    1    0.143    1    1   1    1.49
135    2    0.148    1    2   0    1.01
74    1    0.143    2    2   0    1.00
150    2    0.148    2    1   1    2.45
8    1    0.000    1    1   1    1.24
81    2    -0.148    1    2   1    0.99
70    1    0.148    1    1   1    1.23
55    1    0.148    1    1   1    0.77
103    2    0.000    2    1   1    1.76
85    2    0.148    2    1   1    1.47
71    1    -0.148    2    2   1    1.81
82    2    -0.143    1    2   1    0.92
6    1    -0.148    2    2   1    1.52
53    1    0.000    2    2   0    2.24
87    2    -0.143    1    2   1    1.24
51    1    -0.148    2    2   1    1.13
20    1    0.148    1    1   1    1.71
36    1    -0.148    2    2   1    1.01
144    2    0.143    2    1   1    0.96
54    1    0.143    2    2   0    1.04
72    1    -0.143    2    2   1    0.99
35    1    0.148    2    2   0    1.09
83    2    0.000    2    1   1    1.35
111    2    -0.148    1    2   1    1.33
132    2    -0.143    1    2   1    0.65
148    2    0.000    2    1   1    1.92
27    1    -0.143    2    2   1    1.14
142    2    -0.143    1    2   1    0.79
73    1    0.000    1    1   1    1.33
12    1    -0.143    1    1   0    1.44
88    2    0.000    2    1   1    1.13
129    2    0.143    2    1   1    1.22
145    2    0.148    2    1   1    2.50
95    2    0.148    1    2   0    1.09
126    2    -0.148    1    2   1    1.25
43    1    0.000    1    1   1    1.71
79    2    0.143    2    1   1    0.84
78    2    0.000    1    2   0    1.66
24    1    0.143    2    2   0    2.51
29    1    0.143    1    1   1    1.83
68    1    0.000    1    1   1    2.00
58    1    0.000    2    2   0    0.74
97    2    -0.143    1    2   1    1.34
86    2    -0.148    1    2   1    0.79
46    1    -0.148    2    2   1    1.45
104    2    0.143    2    1   1    2.02
121    2    -0.148    2    1   0    2.05
105    2    0.148    1    2   0    0.89
96    2    -0.148    1    2   1    1.09
34    1    0.143    2    2   0    1.13
100    2    0.148    2    1   1    2.13
5    1    0.148    2    2   0    1.03
113    2    0.000    2    1   1    2.35
91    2    -0.148    2    1   0    1.70
112    2    -0.143    1    2   1    2.11
41    1    -0.148    2    2   1    0.99
120    2    0.148    2    1   1    1.21
106    2    -0.148    2    1   0    0.90
19    1    0.143    2    2   0    1.61
140    2    0.148    1    2   0    2.84
141    2    -0.148    1    2   1    0.99
30    1    0.148    2    2   0    1.54
76    2    -0.148    2    1   0    1.19
122    2    -0.143    2    1   0    1.41
62    1    -0.143    2    2   1    0.92
11    1    -0.148    2    2   1    1.65
138    2    0.000    2    1   1    0.98
102    2    -0.143    2    1   0    1.01
124    2    0.143    2    1   1    1.41
98    2    0.000    2    1   1    0.95
17    1    -0.143    2    2   1    0.95
80    2    0.148    2    1   1    0.91
14    1    0.143    2    2   0    1.41
134    2    0.143    2    1   1    1.11
42    1    -0.143    2    2   1    0.98
39    1    0.143    2    2   0    0.88
94    2    0.143    2    1   1    0.98
63    1    0.000    2    2   0    1.33
52    1    -0.143    2    2   1    0.99
67    1    -0.143    2    2   1    0.86
90    2    0.148    2    1   1    1.65
7    1    -0.143    2    2   1    0.78
65    1    0.148    1    1   1    1.99
149    2    0.143    2    1   1    0.78
3    1    0.000    2    2   0    0.73
44    1    0.143    1    1   1    0.98
64    1    0.143    2    2   0    1.27
139    2    0.143    1    2   0    0.83
146    2    -0.148    1    2   1    0.88
123    2    0.000    1    2   0    3.51
37    1    -0.143    2    2   1    0.80
13    1    0.000    2    2   0    1.29
57    1    -0.143    2    2   1    1.38
99    2    0.143    2    1   1    1.56
56    1    -0.148    2    2   1    1.26
117    2    -0.143    2    1   0    1.95
127    2    -0.143    2    1   0    1.03
45    1    0.148    2    2   0    1.59
110    2    0.148    2    1   1    2.29
84    2    0.143    2    1   1    1.37
28    1    0.000    1    1   1    0.91
130    2    0.148    1    2   0    0.82
77    2    -0.143    1    2   1    0.95
50    1    0.148    2    2   0    2.44
38    1    0.000    1    1   1    1.11
16    1    -0.148    1    1   0    0.89
137    2    -0.143    1    2   1    1.82
