--------------------------------
24-Mar-2015 07:29:34 
data from observer T18 
#occlusion2 expt 
reference disparity (degrees) 0.160000 

stim order disp kresp testresp correct time
1    1    0.074    1    1   1    4.50
2    1    -0.069    1    1   0    1.60
3    2    0.079    1    2   0    1.16
4    2    0.088    2    1   1    0.74
5    2    0.088    2    1   1    1.06
6    1    -0.083    2    2   1    1.36
7    2    -0.083    2    1   0    1.86
8    1    -0.092    1    1   0    0.95
9    1    -0.102    1    1   0    1.71
10    1    0.111    1    1   1    0.95
11    2    0.111    2    1   1    0.81
12    1    0.106    2    2   0    1.44
13    2    -0.115    2    1   0    1.07
14    1    -0.125    1    1   0    1.83
15    2    0.134    2    1   1    1.37
16    2    -0.134    2    1   0    0.83
17    2    -0.143    2    1   0    1.37
18    2    0.148    2    1   1    0.93
19    2    0.148    2    1   1    0.91
20    1    -0.143    2    2   1    1.08
21    1    -0.143    2    2   1    0.91
22    2    0.139    2    1   1    0.83
23    2    -0.139    2    1   0    0.98
24    2    0.148    2    1   1    0.83
25    1    -0.148    2    2   1    1.45
26    2    0.143    2    1   1    0.84
27    1    -0.143    2    2   1    1.09
28    2    -0.139    2    1   0    1.62
29    2    0.148    2    1   1    2.15
30    2    0.148    2    1   1    0.84
31    2    -0.143    2    1   0    1.81
32    2    0.148    2    1   1    1.28
33    2    0.148    2    1   1    1.91
34    2    0.143    2    1   1    1.58
35    1    -0.143    2    2   1    2.06
36    1    -0.139    2    2   1    0.91
37    1    0.139    2    2   0    2.01
38    2    0.148    2    1   1    1.36
39    1    0.148    2    2   0    1.88
40    2    0.148    2    1   1    0.98
41    1    0.148    2    2   0    1.38
42    1    -0.148    2    2   1    1.59
43    2    0.148    2    1   1    1.60
44    2    -0.143    2    1   0    1.66
45    2    -0.148    2    1   0    1.60
46    2    -0.148    2    1   0    2.13
47    1    0.148    1    1   1    0.62
48    1    0.148    1    1   1    0.65
49    1    -0.143    2    2   1    0.66
50    2    -0.143    2    1   0    0.90
-------------------------
Final staircase threshold estimate (mean) is 0.1464
-------------------------
93    2    0.000    2    1   1    3.26
113    2    0.000    2    1   1    0.83
129    2    0.143    2    1   1    1.67
127    2    -0.143    2    1   0    1.59
36    1    -0.148    2    2   1    1.95
57    1    -0.143    2    2   1    1.21
24    1    0.143    1    1   1    0.74
118    2    0.000    2    1   1    1.97
94    2    0.143    2    1   1    0.75
77    2    -0.143    2    1   0    2.69
100    2    0.148    2    1   1    0.73
89    2    0.143    2    1   1    0.81
66    1    -0.148    2    2   1    1.42
125    2    0.148    2    1   1    0.63
22    1    -0.143    2    2   1    1.66
46    1    -0.148    2    2   1    0.95
61    1    -0.148    2    2   1    0.94
145    2    0.148    2    1   1    1.37
86    2    -0.148    2    1   0    1.82
140    2    0.148    2    1   1    1.11
26    1    -0.148    2    2   1    1.17
90    2    0.148    2    1   1    1.77
148    2    0.000    2    1   1    2.01
95    2    0.148    2    1   1    0.76
68    1    0.000    2    2   0    2.31
13    1    0.000    2    2   0    1.77
48    1    0.000    2    2   0    2.08
116    2    -0.148    2    1   0    1.04
55    1    0.148    2    2   0    1.80
111    2    -0.148    2    1   0    2.44
74    1    0.143    1    1   1    0.69
134    2    0.143    1    2   0    0.86
29    1    0.143    1    1   1    0.93
7    1    -0.143    2    2   1    0.91
33    1    0.000    1    1   1    2.08
34    1    0.143    1    1   1    0.76
135    2    0.148    2    1   1    0.87
42    1    -0.143    2    2   1    1.71
5    1    0.148    1    1   1    0.73
144    2    0.143    2    1   1    1.57
103    2    0.000    2    1   1    1.52
110    2    0.148    2    1   1    0.74
102    2    -0.143    2    1   0    1.67
51    1    -0.148    1    1   0    1.87
65    1    0.148    1    1   1    0.60
82    2    -0.143    1    2   1    1.15
8    1    0.000    2    2   0    2.03
50    1    0.148    1    1   1    0.64
138    2    0.000    2    1   1    1.35
106    2    -0.148    1    2   1    0.66
69    1    0.143    1    1   1    0.68
124    2    0.143    1    2   0    1.11
32    1    -0.143    2    2   1    1.01
81    2    -0.148    1    2   1    0.68
27    1    -0.143    2    2   1    1.30
41    1    -0.148    2    2   1    0.83
18    1    0.000    1    1   1    1.77
75    2    0.148    2    1   1    0.75
85    2    0.148    2    1   1    1.10
79    2    0.143    2    1   1    1.13
142    2    -0.143    2    1   0    1.16
112    2    -0.143    1    2   1    1.48
120    2    0.148    2    1   1    0.71
146    2    -0.148    1    2   1    0.69
149    2    0.143    1    2   0    0.78
126    2    -0.148    1    2   1    0.81
45    1    0.148    1    1   1    0.72
97    2    -0.143    1    2   1    0.68
4    1    0.143    1    1   1    0.70
105    2    0.148    1    2   0    0.95
99    2    0.143    1    2   0    1.79
92    2    -0.143    2    1   0    1.74
63    1    0.000    1    1   1    0.86
133    2    0.000    1    2   0    0.99
53    1    0.000    1    1   1    1.17
72    1    -0.143    1    1   0    0.77
14    1    0.143    1    1   1    0.58
117    2    -0.143    1    2   1    0.66
25    1    0.148    1    1   1    0.61
49    1    0.143    1    1   1    0.64
121    2    -0.148    1    2   1    0.65
98    2    0.000    1    2   0    1.10
47    1    -0.143    1    1   0    0.74
122    2    -0.143    1    2   1    0.95
6    1    -0.148    1    1   0    0.66
104    2    0.143    2    1   1    0.80
141    2    -0.148    2    1   0    1.57
21    1    -0.148    1    1   0    1.02
115    2    0.148    2    1   1    0.67
64    1    0.143    1    1   1    0.71
38    1    0.000    1    1   1    1.78
109    2    0.143    2    1   1    0.68
70    1    0.148    1    1   1    0.71
15    1    0.148    1    1   1    0.77
88    2    0.000    1    2   0    0.60
147    2    -0.143    1    2   1    0.67
150    2    0.148    2    1   1    1.29
107    2    -0.143    2    1   0    1.71
17    1    -0.143    1    1   0    0.64
56    1    -0.148    1    1   0    0.59
59    1    0.143    1    1   1    0.70
123    2    0.000    1    2   0    0.76
37    1    -0.143    2    2   1    1.54
3    1    0.000    1    1   1    0.94
76    2    -0.148    1    2   1    0.81
31    1    -0.148    1    1   0    1.85
84    2    0.143    2    1   1    0.64
52    1    -0.143    2    2   1    1.02
143    2    0.000    1    2   0    0.85
87    2    -0.143    1    2   1    0.69
128    2    0.000    2    1   1    1.57
19    1    0.143    1    1   1    0.60
131    2    -0.148    1    2   1    0.98
39    1    0.143    1    1   1    0.66
78    2    0.000    1    2   0    1.37
139    2    0.143    2    1   1    1.16
136    2    -0.148    1    2   1    0.77
35    1    0.148    1    1   1    0.81
2    1    -0.143    1    1   0    0.77
54    1    0.143    1    1   1    0.83
11    1    -0.148    1    1   0    1.73
58    1    0.000    1    1   1    2.79
44    1    0.143    1    1   1    0.65
80    2    0.148    1    2   0    0.92
28    1    0.000    1    1   1    1.46
20    1    0.148    1    1   1    0.68
67    1    -0.143    1    1   0    0.71
119    2    0.143    2    1   1    1.84
114    2    0.143    2    1   1    2.48
43    1    0.000    1    1   1    0.95
30    1    0.148    1    1   1    0.73
10    1    0.148    1    1   1    0.62
96    2    -0.148    1    2   1    0.69
101    2    -0.148    1    2   1    0.75
62    1    -0.143    1    1   0    1.04
9    1    0.143    1    1   1    0.76
16    1    -0.148    1    1   0    0.86
23    1    0.000    1    1   1    1.03
12    1    -0.143    1    1   0    1.81
1    1    -0.148    2    2   1    1.53
132    2    -0.143    1    2   1    0.65
108    2    0.000    1    2   0    1.17
60    1    0.148    1    1   1    0.73
130    2    0.148    2    1   1    1.71
40    1    0.148    1    1   1    0.71
91    2    -0.148    1    2   1    0.68
83    2    0.000    1    2   0    1.43
73    1    0.000    1    1   1    1.45
137    2    -0.143    1    2   1    0.91
71    1    -0.148    2    2   1    1.55
