--------------------------------
24-Mar-2015 07:20:01 
data from observer T18 
#occlusion2 expt 
reference disparity (degrees) 0.160000 

stim order disp kresp testresp correct time
1    2    0.074    2    1   1    3.27
2    1    0.069    1    1   1    0.85
3    2    0.065    2    1   1    1.81
4    1    0.060    1    1   1    1.02
5    2    0.055    2    1   1    1.01
6    2    0.051    2    1   1    1.04
7    2    0.046    2    1   1    1.47
8    1    -0.042    2    2   1    1.00
9    1    0.037    1    1   1    1.14
10    1    0.032    1    1   1    0.85
11    1    -0.028    2    2   1    1.12
12    2    0.023    2    1   1    0.93
13    2    -0.018    1    2   1    1.35
14    2    0.014    2    1   1    1.63
15    1    -0.009    2    2   1    1.26
16    2    -0.005    1    2   1    2.04
17    1    0.005    1    1   1    0.91
18    2    0.005    2    1   1    1.79
19    2    -0.005    2    1   0    1.53
20    1    -0.014    2    2   1    1.36
21    1    -0.014    2    2   1    1.59
22    1    -0.009    2    2   1    1.67
23    2    -0.009    1    2   1    1.85
24    1    -0.005    2    2   1    1.45
25    1    -0.005    2    2   1    1.23
26    2    0.005    2    1   1    1.86
27    1    0.005    2    2   0    1.42
28    2    -0.014    1    2   1    0.92
29    2    -0.014    1    2   1    1.11
30    2    -0.009    1    2   1    0.94
31    1    0.009    1    1   1    1.65
32    2    0.005    1    2   0    1.37
33    1    0.014    1    1   1    1.12
34    1    -0.014    2    2   1    1.13
35    2    -0.009    1    2   1    1.22
36    2    -0.009    1    2   1    1.54
37    1    -0.005    2    2   1    1.97
38    2    0.005    2    1   1    1.64
39    2    0.005    2    1   1    1.30
40    1    0.005    1    1   1    1.35
41    1    -0.005    2    2   1    2.97
42    1    -0.005    1    1   0    1.07
43    1    0.014    1    1   1    1.79
44    1    0.014    1    1   1    1.17
45    2    0.009    2    1   1    3.04
46    1    -0.009    2    2   1    1.34
47    1    0.005    1    1   1    1.10
48    1    -0.005    1    1   0    1.48
49    1    -0.014    2    2   1    1.02
50    2    0.014    2    1   1    1.30
-------------------------
Final staircase threshold estimate (mean) is 0.0092
-------------------------
144    2    0.009    2    1   1    4.56
75    2    0.023    2    1   1    1.31
111    2    -0.023    1    2   1    0.99
135    2    0.023    2    1   1    1.19
76    2    -0.023    1    2   1    0.87
30    1    0.023    1    1   1    1.21
56    1    -0.023    2    2   1    1.35
1    1    -0.023    2    2   1    1.91
105    2    0.023    2    1   1    1.66
88    2    0.000    1    2   0    1.14
52    1    -0.009    1    1   0    1.63
27    1    -0.009    2    2   1    2.91
16    1    -0.023    2    2   1    1.08
41    1    -0.023    2    2   1    0.97
40    1    0.023    1    1   1    1.46
134    2    0.009    1    2   0    1.93
67    1    -0.009    2    2   1    1.61
146    2    -0.023    1    2   1    1.53
71    1    -0.023    2    2   1    1.19
70    1    0.023    1    1   1    1.24
15    1    0.023    1    1   1    1.23
115    2    0.023    2    1   1    1.52
95    2    0.023    2    1   1    0.90
60    1    0.023    1    1   1    0.77
108    2    0.000    1    2   0    1.39
97    2    -0.009    1    2   1    0.98
65    1    0.023    1    1   1    1.24
4    1    0.009    1    1   1    1.68
22    1    -0.009    1    1   0    1.71
125    2    0.023    2    1   1    1.30
11    1    -0.023    2    2   1    0.75
17    1    -0.009    2    2   1    0.85
51    1    -0.023    2    2   1    1.51
148    2    0.000    1    2   0    1.83
92    2    -0.009    1    2   1    1.02
42    1    -0.009    1    1   0    2.32
9    1    0.009    1    1   1    2.78
58    1    0.000    2    2   0    1.71
47    1    -0.009    2    2   1    0.87
136    2    -0.023    1    2   1    0.74
91    2    -0.023    1    2   1    1.21
46    1    -0.023    2    2   1    0.97
37    1    -0.009    2    2   1    0.91
66    1    -0.023    2    2   1    0.93
28    1    0.000    1    1   1    1.06
85    2    0.023    2    1   1    1.08
104    2    0.009    2    1   1    2.54
81    2    -0.023    1    2   1    0.87
149    2    0.009    2    1   1    0.90
79    2    0.009    2    1   1    1.07
62    1    -0.009    2    2   1    1.93
126    2    -0.023    1    2   1    0.70
122    2    -0.009    1    2   1    1.54
25    1    0.023    1    1   1    0.80
90    2    0.023    2    1   1    1.58
100    2    0.023    2    1   1    0.84
141    2    -0.023    1    2   1    0.69
109    2    0.009    2    1   1    0.99
61    1    -0.023    2    2   1    1.09
78    2    0.000    2    1   1    1.19
38    1    0.000    2    2   0    0.92
72    1    -0.009    2    2   1    0.91
147    2    -0.009    1    2   1    0.66
124    2    0.009    2    1   1    1.87
2    1    -0.009    2    2   1    1.43
116    2    -0.023    1    2   1    0.80
102    2    -0.009    1    2   1    1.26
8    1    0.000    2    2   0    2.52
29    1    0.009    1    1   1    0.85
117    2    -0.009    1    2   1    0.87
43    1    0.000    1    1   1    1.29
33    1    0.000    1    1   1    0.84
138    2    0.000    1    2   0    2.24
82    2    -0.009    1    2   1    1.03
132    2    -0.009    1    2   1    0.99
140    2    0.023    2    1   1    1.23
142    2    -0.009    1    2   1    0.92
74    1    0.009    1    1   1    2.24
32    1    -0.009    1    1   0    1.78
128    2    0.000    2    1   1    1.21
114    2    0.009    2    1   1    1.15
69    1    0.009    1    1   1    1.35
23    1    0.000    2    2   0    1.77
137    2    -0.009    1    2   1    2.43
57    1    -0.009    2    2   1    1.42
54    1    0.009    2    2   0    0.98
89    2    0.009    2    1   1    1.73
106    2    -0.023    1    2   1    1.57
14    1    0.009    1    1   1    1.75
13    1    0.000    2    2   0    2.17
50    1    0.023    1    1   1    1.16
3    1    0.000    2    2   0    1.31
86    2    -0.023    1    2   1    0.82
150    2    0.023    2    1   1    1.17
68    1    0.000    1    1   1    1.55
64    1    0.009    1    1   1    0.82
121    2    -0.023    1    2   1    1.10
20    1    0.023    1    1   1    1.30
127    2    -0.009    1    2   1    1.26
45    1    0.023    1    1   1    0.80
83    2    0.000    1    2   0    2.09
143    2    0.000    1    2   0    1.49
21    1    -0.023    2    2   1    0.91
31    1    -0.023    2    2   1    0.78
101    2    -0.023    1    2   1    0.87
10    1    0.023    1    1   1    1.43
110    2    0.023    1    2   0    1.64
39    1    0.009    1    1   1    1.40
129    2    0.009    2    1   1    0.81
93    2    0.000    2    1   1    1.87
113    2    0.000    2    1   1    2.26
96    2    -0.023    1    2   1    0.86
36    1    -0.023    2    2   1    0.96
80    2    0.023    2    1   1    0.99
145    2    0.023    2    1   1    0.84
99    2    0.009    2    1   1    1.21
77    2    -0.009    1    2   1    3.01
103    2    0.000    2    1   1    2.91
24    1    0.009    1    1   1    1.02
63    1    0.000    1    1   1    1.09
59    1    0.009    1    1   1    1.46
34    1    0.009    1    1   1    1.65
5    1    0.023    1    1   1    0.96
53    1    0.000    2    2   0    1.61
7    1    -0.009    2    2   1    2.06
48    1    0.000    1    1   1    1.80
119    2    0.009    2    1   1    0.93
18    1    0.000    2    2   0    0.79
35    1    0.023    1    1   1    0.72
84    2    0.009    2    1   1    1.29
139    2    0.009    2    1   1    0.74
73    1    0.000    2    2   0    1.15
107    2    -0.009    1    2   1    1.37
19    1    0.009    1    1   1    0.89
49    1    0.009    1    1   1    1.42
123    2    0.000    1    2   0    1.26
112    2    -0.009    1    2   1    0.79
55    1    0.023    1    1   1    0.82
12    1    -0.009    2    2   1    0.89
120    2    0.023    2    1   1    0.79
131    2    -0.023    1    2   1    0.77
133    2    0.000    1    2   0    1.21
6    1    -0.023    2    2   1    0.64
44    1    0.009    1    1   1    0.72
87    2    -0.009    1    2   1    0.80
26    1    -0.023    2    2   1    0.77
98    2    0.000    1    2   0    1.26
118    2    0.000    1    2   0    1.55
94    2    0.009    2    1   1    1.79
130    2    0.023    2    1   1    0.75
