--------------------------------
24-Mar-2015 08:37:23 
data from observer T18 
#occlusion2 expt 
reference disparity (degrees) 0.160000 

stim order disp kresp testresp correct time
1    1    -0.074    1    1   1    1.86
2    2    0.069    1    2   1    0.93
3    1    -0.065    1    1   1    0.83
4    1    0.060    2    2   1    0.88
5    2    0.055    1    2   1    0.68
6    2    -0.051    2    1   1    0.78
7    1    -0.046    1    1   1    0.64
8    1    0.042    2    2   1    0.77
9    2    -0.037    2    1   1    0.83
10    1    0.032    2    2   1    0.68
11    2    0.028    1    2   1    0.72
12    1    -0.023    1    1   1    0.64
13    1    0.018    2    2   1    0.73
14    2    0.014    1    2   1    0.55
15    1    -0.009    1    1   1    0.61
16    2    -0.005    2    1   1    1.21
17    1    -0.005    1    1   1    0.86
18    1    -0.005    1    1   1    0.70
19    1    0.005    2    2   1    0.98
20    2    0.005    1    2   1    0.74
21    1    -0.005    1    1   1    0.71
22    2    0.005    1    2   1    0.74
23    1    -0.005    1    1   1    1.03
24    1    0.005    1    1   0    1.14
25    2    0.014    1    2   1    2.19
26    1    -0.014    1    1   1    3.28
27    1    -0.009    1    1   1    0.62
28    2    -0.009    1    2   0    0.75
29    2    0.018    1    2   1    0.68
30    2    -0.018    2    1   1    1.19
31    2    -0.014    2    1   1    1.02
32    1    -0.014    1    1   1    0.69
33    1    0.009    2    2   1    2.31
34    2    -0.009    1    2   0    0.76
35    2    0.018    1    2   1    0.67
36    2    0.018    1    2   1    0.78
37    1    0.014    2    2   1    0.83
38    1    -0.014    1    1   1    0.62
39    2    -0.009    2    1   1    1.54
40    2    0.009    1    2   1    0.92
41    2    0.005    1    2   1    0.74
42    1    0.005    2    2   1    1.54
43    2    -0.005    2    1   1    0.85
44    1    0.005    1    1   0    0.77
45    2    -0.014    2    1   1    1.14
46    2    -0.014    2    1   1    1.52
47    2    -0.009    2    1   1    1.86
48    2    0.009    1    2   1    0.66
49    1    -0.005    1    1   1    0.63
50    1    0.005    1    1   0    0.74
-------------------------
Final staircase threshold estimate (mean) is 0.0074
-------------------------
62    1    -0.009    1    1   0    2.87
52    1    -0.009    1    1   0    0.72
69    1    0.009    2    2   0    2.79
2    1    -0.009    1    1   0    0.78
72    1    -0.009    1    1   0    0.71
92    2    -0.009    2    1   0    1.30
14    1    0.009    2    2   0    1.43
49    1    0.009    2    2   0    2.65
116    2    -0.018    2    1   0    0.79
59    1    0.009    2    2   0    0.73
136    2    -0.018    2    1   0    0.69
30    1    0.018    2    2   0    0.86
114    2    0.009    1    2   0    0.96
20    1    0.018    2    2   0    0.97
71    1    -0.018    1    1   0    0.73
40    1    0.018    2    2   0    0.86
27    1    -0.009    1    1   0    0.78
86    2    -0.018    2    1   0    1.06
89    2    0.009    1    2   0    0.87
104    2    0.009    1    2   0    0.82
140    2    0.018    1    2   0    0.75
6    1    -0.018    1    1   0    0.79
24    1    0.009    2    2   0    1.21
112    2    -0.009    1    2   1    0.61
26    1    -0.018    1    1   0    0.73
12    1    -0.009    1    1   0    0.67
15    1    0.018    2    2   0    1.04
105    2    0.018    1    2   0    0.60
149    2    0.009    1    2   0    0.64
34    1    0.009    2    2   0    1.49
23    1    0.000    1    1   1    1.02
11    1    -0.018    1    1   0    0.66
108    2    0.000    1    2   0    0.77
76    2    -0.018    2    1   0    1.63
144    2    0.009    1    2   0    0.64
93    2    0.000    1    2   0    0.64
45    1    0.018    2    2   0    1.88
9    1    0.009    1    1   1    0.74
145    2    0.018    1    2   0    0.67
110    2    0.018    1    2   0    0.84
121    2    -0.018    2    1   0    1.40
28    1    0.000    1    1   1    1.06
109    2    0.009    1    2   0    0.92
47    1    -0.009    1    1   0    0.79
58    1    0.000    1    1   1    2.07
38    1    0.000    1    1   1    1.10
67    1    -0.009    1    1   0    0.78
29    1    0.009    2    2   0    1.78
94    2    0.009    1    2   0    1.15
65    1    0.018    2    2   0    0.76
97    2    -0.009    2    1   0    1.37
143    2    0.000    2    1   1    1.03
70    1    0.018    2    2   0    1.39
100    2    0.018    1    2   0    0.71
42    1    -0.009    1    1   0    0.70
134    2    0.009    1    2   0    1.03
119    2    0.009    1    2   0    0.77
68    1    0.000    1    1   1    0.94
111    2    -0.018    2    1   0    1.05
126    2    -0.018    2    1   0    0.80
57    1    -0.009    1    1   0    1.25
39    1    0.009    2    2   0    1.78
66    1    -0.018    1    1   0    0.92
5    1    0.018    2    2   0    2.03
128    2    0.000    1    2   0    0.74
82    2    -0.009    2    1   0    1.64
79    2    0.009    1    2   0    0.73
150    2    0.018    1    2   0    0.82
10    1    0.018    2    2   0    1.01
1    1    -0.018    1    1   0    0.72
132    2    -0.009    1    2   1    1.27
32    1    -0.009    1    1   0    0.72
73    1    0.000    1    1   1    0.96
139    2    0.009    1    2   0    0.86
130    2    0.018    1    2   0    0.75
88    2    0.000    1    2   0    1.34
17    1    -0.009    1    1   0    1.01
3    1    0.000    1    1   1    1.01
146    2    -0.018    2    1   0    2.04
18    1    0.000    1    1   1    0.91
123    2    0.000    1    2   0    0.70
46    1    -0.018    1    1   0    0.73
120    2    0.018    1    2   0    0.71
74    1    0.009    1    1   1    0.81
124    2    0.009    1    2   0    0.75
106    2    -0.018    2    1   0    1.53
129    2    0.009    1    2   0    0.71
95    2    0.018    1    2   0    0.65
4    1    0.009    2    2   0    0.89
101    2    -0.018    2    1   0    0.80
25    1    0.018    2    2   0    0.83
64    1    0.009    2    2   0    1.00
36    1    -0.018    1    1   0    0.66
84    2    0.009    1    2   0    0.76
43    1    0.000    1    1   1    0.99
63    1    0.000    1    1   1    0.88
31    1    -0.018    1    1   0    0.76
147    2    -0.009    2    1   0    0.81
55    1    0.018    2    2   0    0.84
98    2    0.000    2    1   1    0.89
78    2    0.000    1    2   0    0.70
131    2    -0.018    2    1   0    1.07
142    2    -0.009    2    1   0    0.93
77    2    -0.009    2    1   0    0.86
138    2    0.000    1    2   0    1.70
44    1    0.009    2    2   0    1.26
75    2    0.018    1    2   0    0.66
37    1    -0.009    1    1   0    0.69
113    2    0.000    1    2   0    0.77
7    1    -0.009    1    1   0    0.71
122    2    -0.009    1    2   1    0.79
83    2    0.000    1    2   0    0.68
107    2    -0.009    1    2   1    0.71
51    1    -0.018    1    1   0    0.75
81    2    -0.018    1    2   1    1.87
117    2    -0.009    1    2   1    0.73
133    2    0.000    1    2   0    1.82
8    1    0.000    1    1   1    0.83
48    1    0.000    1    1   1    0.70
13    1    0.000    1    1   1    0.72
141    2    -0.018    2    1   0    1.84
91    2    -0.018    2    1   0    1.75
125    2    0.018    1    2   0    0.67
118    2    0.000    1    2   0    0.74
148    2    0.000    1    2   0    1.19
54    1    0.009    1    1   1    1.45
87    2    -0.009    1    2   1    0.78
61    1    -0.018    1    1   0    0.69
103    2    0.000    1    2   0    1.21
21    1    -0.018    1    1   0    0.75
127    2    -0.009    1    2   1    0.72
41    1    -0.018    1    1   0    0.70
56    1    -0.018    1    1   0    0.64
53    1    0.000    1    1   1    0.71
115    2    0.018    1    2   0    0.60
22    1    -0.009    1    1   0    1.03
80    2    0.018    1    2   0    0.56
102    2    -0.009    2    1   0    1.12
135    2    0.018    1    2   0    0.60
35    1    0.018    2    2   0    0.78
96    2    -0.018    2    1   0    1.32
19    1    0.009    2    2   0    0.98
90    2    0.018    1    2   0    0.95
99    2    0.009    1    2   0    0.68
16    1    -0.018    1    1   0    0.60
85    2    0.018    1    2   0    0.74
33    1    0.000    1    1   1    1.16
50    1    0.018    2    2   0    1.27
60    1    0.018    2    2   0    0.79
137    2    -0.009    2    1   0    0.74
