--------------------------------
24-Mar-2015 07:44:30 
data from observer T18 
#occlusion2 expt 
reference disparity (degrees) 0.160000 

stim order disp kresp testresp correct time
1    1    -0.074    2    2   1    2.52
2    2    0.069    2    1   1    1.24
3    1    -0.065    2    2   1    1.10
4    1    -0.060    1    1   0    1.30
5    1    -0.069    2    2   1    1.53
6    2    0.069    2    1   1    1.02
7    2    -0.065    2    1   0    1.91
8    1    -0.074    2    2   1    0.76
9    2    0.074    1    2   0    1.00
10    1    -0.083    2    2   1    1.58
11    1    0.083    2    2   0    0.93
12    2    0.092    2    1   1    2.11
13    2    -0.092    2    1   0    2.23
14    2    0.102    2    1   1    1.32
15    1    0.102    2    2   0    0.82
16    2    -0.111    2    1   0    0.98
17    2    0.120    1    2   0    0.70
18    1    0.129    1    1   1    1.06
19    2    -0.129    2    1   0    1.39
20    2    0.139    2    1   1    0.85
21    1    -0.139    1    1   0    1.57
22    2    -0.148    2    1   0    1.19
23    2    -0.148    1    2   1    1.64
24    2    -0.148    2    1   0    0.88
25    2    -0.148    2    1   0    0.92
26    2    -0.148    1    2   1    1.21
27    1    -0.148    1    1   0    1.75
28    1    0.148    1    1   1    0.91
29    2    0.148    2    1   1    0.95
30    2    0.143    2    1   1    0.93
31    1    0.143    2    2   0    1.40
32    2    0.148    1    2   0    0.85
33    2    0.148    2    1   1    0.86
34    2    -0.148    2    1   0    1.25
35    1    -0.148    1    1   0    1.17
36    1    0.148    1    1   1    0.81
37    1    0.148    2    2   0    1.20
38    2    0.148    1    2   0    1.71
39    2    0.148    2    1   1    1.51
40    2    0.148    2    1   1    0.89
41    1    0.143    2    2   0    0.83
42    1    -0.148    1    1   0    1.55
43    2    -0.148    2    1   0    0.77
44    2    0.148    2    1   1    0.97
45    1    0.148    2    2   0    1.15
46    2    0.148    2    1   1    1.18
47    2    -0.148    2    1   0    2.20
48    2    0.148    2    1   1    0.78
49    1    0.148    2    2   0    1.04
50    2    -0.148    2    1   0    1.68
-------------------------
Final staircase threshold estimate (mean) is 0.1473
-------------------------
36    1    -0.148    2    2   1    2.27
55    1    0.148    2    2   0    1.38
97    2    -0.143    2    1   0    0.93
84    2    0.143    2    1   1    1.86
32    1    -0.143    1    1   0    0.95
17    1    -0.143    1    1   0    1.00
70    1    0.148    2    2   0    1.78
63    1    0.000    2    2   0    2.22
46    1    -0.148    1    1   0    2.14
101    2    -0.148    1    2   1    0.01
121    2    -0.148    2    1   0    1.55
147    2    -0.143    2    1   0    0.87
85    2    0.148    2    1   1    1.38
136    2    -0.148    2    1   0    1.34
89    2    0.143    2    1   1    0.94
49    1    0.143    1    1   1    0.83
92    2    -0.143    2    1   0    0.88
99    2    0.143    2    1   1    1.49
39    1    0.143    2    2   0    1.23
1    1    -0.148    1    1   0    0.78
18    1    0.000    1    1   1    1.88
20    1    0.148    2    2   0    1.07
19    1    0.143    1    1   1    0.75
142    2    -0.143    1    2   1    1.10
14    1    0.143    1    1   1    1.31
78    2    0.000    2    1   1    2.40
44    1    0.143    1    1   1    0.76
53    1    0.000    1    1   1    0.79
128    2    0.000    2    1   1    1.47
4    1    0.143    1    1   1    0.67
116    2    -0.148    1    2   1    0.73
28    1    0.000    2    2   0    1.59
16    1    -0.148    1    1   0    0.79
138    2    0.000    1    2   0    0.77
74    1    0.143    1    1   1    1.32
146    2    -0.148    1    2   1    1.22
59    1    0.143    2    2   0    1.66
56    1    -0.148    1    1   0    0.73
2    1    -0.143    1    1   0    0.84
27    1    -0.143    1    1   0    1.13
75    2    0.148    1    2   0    2.11
145    2    0.148    2    1   1    2.04
30    1    0.148    2    2   0    1.33
71    1    -0.148    2    2   1    1.63
57    1    -0.143    1    1   0    1.58
133    2    0.000    1    2   0    2.28
22    1    -0.143    1    1   0    1.41
3    1    0.000    1    1   1    1.00
51    1    -0.148    1    1   0    1.42
7    1    -0.143    1    1   0    1.57
67    1    -0.143    1    1   0    1.37
104    2    0.143    1    2   0    2.34
31    1    -0.148    1    1   0    1.93
132    2    -0.143    2    1   0    1.89
109    2    0.143    2    1   1    1.57
108    2    0.000    1    2   0    1.36
98    2    0.000    2    1   1    1.70
144    2    0.143    2    1   1    1.03
5    1    0.148    2    2   0    1.22
123    2    0.000    2    1   1    2.54
141    2    -0.148    2    1   0    2.20
110    2    0.148    2    1   1    0.92
60    1    0.148    2    2   0    0.89
38    1    0.000    2    2   0    1.72
26    1    -0.148    1    1   0    1.05
126    2    -0.148    1    2   1    0.92
90    2    0.148    2    1   1    1.79
47    1    -0.143    2    2   1    0.73
64    1    0.143    1    1   1    1.06
83    2    0.000    2    1   1    2.35
80    2    0.148    2    1   1    1.51
149    2    0.143    1    2   0    2.70
62    1    -0.143    1    1   0    0.98
41    1    -0.148    1    1   0    2.66
45    1    0.148    2    2   0    1.24
54    1    0.143    1    1   1    0.86
87    2    -0.143    1    2   1    0.89
81    2    -0.148    1    2   1    0.76
65    1    0.148    1    1   1    0.94
103    2    0.000    2    1   1    3.97
73    1    0.000    2    2   0    1.53
58    1    0.000    1    1   1    0.83
105    2    0.148    1    2   0    0.92
42    1    -0.143    1    1   0    1.62
129    2    0.143    2    1   1    1.98
40    1    0.148    1    1   1    0.76
29    1    0.143    2    2   0    2.36
91    2    -0.148    2    1   0    1.07
148    2    0.000    1    2   0    2.03
9    1    0.143    2    2   0    1.40
10    1    0.148    2    2   0    1.24
69    1    0.143    1    1   1    0.90
33    1    0.000    2    2   0    1.68
72    1    -0.143    1    1   0    2.22
86    2    -0.148    1    2   1    1.11
52    1    -0.143    1    1   0    1.11
135    2    0.148    1    2   0    1.19
77    2    -0.143    1    2   1    1.26
130    2    0.148    1    2   0    3.11
137    2    -0.143    1    2   1    0.90
100    2    0.148    1    2   0    2.67
96    2    -0.148    2    1   0    1.10
94    2    0.143    2    1   1    1.12
37    1    -0.143    2    2   1    1.60
24    1    0.143    1    1   1    1.09
124    2    0.143    2    1   1    0.94
122    2    -0.143    2    1   0    1.73
111    2    -0.148    2    1   0    0.75
50    1    0.148    1    1   1    0.87
102    2    -0.143    1    2   1    0.88
106    2    -0.148    2    1   0    1.85
82    2    -0.143    2    1   0    2.20
131    2    -0.148    1    2   1    2.32
79    2    0.143    2    1   1    0.80
48    1    0.000    1    1   1    0.96
11    1    -0.148    1    1   0    2.12
61    1    -0.148    1    1   0    2.07
150    2    0.148    2    1   1    0.91
113    2    0.000    1    2   0    1.40
143    2    0.000    1    2   0    1.44
127    2    -0.143    2    1   0    1.59
119    2    0.143    1    2   0    1.44
12    1    -0.143    2    2   1    1.75
8    1    0.000    1    1   1    2.20
139    2    0.143    2    1   1    1.24
76    2    -0.148    1    2   1    1.10
15    1    0.148    1    1   1    1.11
6    1    -0.148    1    1   0    2.41
107    2    -0.143    1    2   1    1.35
68    1    0.000    1    1   1    0.93
66    1    -0.148    1    1   0    1.53
35    1    0.148    1    1   1    1.00
117    2    -0.143    1    2   1    1.27
112    2    -0.143    1    2   1    1.16
140    2    0.148    2    1   1    0.86
115    2    0.148    2    1   1    0.89
25    1    0.148    1    1   1    0.87
120    2    0.148    1    2   0    1.95
114    2    0.143    2    1   1    2.72
125    2    0.148    2    1   1    1.83
43    1    0.000    2    2   0    1.92
13    1    0.000    2    2   0    0.94
93    2    0.000    1    2   0    1.38
95    2    0.148    1    2   0    1.68
134    2    0.143    2    1   1    0.98
88    2    0.000    2    1   1    1.65
21    1    -0.148    1    1   0    1.66
23    1    0.000    1    1   1    1.89
118    2    0.000    2    1   1    1.23
34    1    0.143    1    1   1    1.65
