--------------------------------
24-Mar-2015 07:37:06 
data from observer T18 
#occlusion2 expt 
reference disparity (degrees) 0.160000 

stim order disp kresp testresp correct time
1    2    0.074    2    1   1    3.02
2    1    -0.069    2    2   1    1.01
3    1    -0.065    2    2   1    0.72
4    2    -0.060    1    2   1    1.35
5    1    0.055    1    1   1    1.15
6    2    0.051    2    1   1    1.04
7    1    -0.046    2    2   1    0.79
8    1    -0.042    2    2   1    1.16
9    1    -0.037    2    2   1    0.94
10    2    0.032    2    1   1    0.74
11    2    -0.028    1    2   1    0.97
12    2    -0.023    1    2   1    0.91
13    1    0.018    1    1   1    0.79
14    1    -0.014    2    2   1    0.77
15    2    0.009    2    1   1    0.84
16    2    -0.005    1    2   1    0.96
17    2    0.005    1    2   0    1.06
18    1    -0.014    2    2   1    1.78
19    1    -0.014    2    2   1    1.18
20    2    -0.009    1    2   1    1.05
21    2    0.009    2    1   1    0.87
22    1    -0.005    2    2   1    0.78
23    1    0.005    1    1   1    0.97
24    2    -0.005    1    2   1    0.84
25    1    0.005    1    1   1    1.16
26    2    -0.005    1    2   1    0.87
27    2    -0.005    1    2   1    0.79
28    2    -0.005    1    2   1    0.80
29    2    0.005    1    2   0    1.64
30    2    0.014    2    1   1    1.01
31    2    -0.014    1    2   1    0.73
32    2    0.009    1    2   0    1.56
33    1    0.018    1    1   1    0.74
34    1    0.018    1    1   1    0.69
35    1    0.014    1    1   1    0.72
36    1    0.014    1    1   1    0.68
37    2    0.009    1    2   0    0.91
38    1    -0.018    2    2   1    1.41
39    2    -0.018    1    2   1    0.68
40    1    -0.014    2    2   1    1.48
41    2    0.014    2    1   1    0.99
42    1    0.009    1    1   1    0.66
43    1    0.009    1    1   1    0.82
44    2    0.005    2    1   1    1.11
45    2    0.005    2    1   1    1.15
46    2    -0.005    1    2   1    0.68
47    2    -0.005    1    2   1    1.07
48    2    -0.005    1    2   1    1.18
49    1    -0.005    2    2   1    2.94
50    1    -0.005    1    1   0    0.69
-------------------------
Final staircase threshold estimate (mean) is 0.0065
-------------------------
32    1    -0.005    2    2   1    3.05
125    2    0.018    1    2   0    0.82
77    2    -0.005    1    2   1    0.95
83    2    0.000    1    2   0    0.75
143    2    0.000    1    2   0    0.76
7    1    -0.005    2    2   1    0.82
1    1    -0.018    2    2   1    0.80
50    1    0.018    1    1   1    0.66
45    1    0.018    1    1   1    0.82
141    2    -0.018    1    2   1    0.65
47    1    -0.005    1    1   0    1.02
138    2    0.000    1    2   0    0.75
15    1    0.018    1    1   1    0.69
129    2    0.005    1    2   0    1.92
51    1    -0.018    2    2   1    0.79
109    2    0.005    1    2   0    1.12
110    2    0.018    2    1   1    0.83
121    2    -0.018    1    2   1    0.66
94    2    0.005    1    2   0    1.01
16    1    -0.018    2    2   1    0.79
131    2    -0.018    1    2   1    0.74
149    2    0.005    2    1   1    2.74
76    2    -0.018    1    2   1    0.74
20    1    0.018    1    1   1    1.00
63    1    0.000    1    1   1    1.75
26    1    -0.018    2    2   1    0.74
33    1    0.000    1    1   1    0.92
57    1    -0.005    2    2   1    1.02
118    2    0.000    1    2   0    1.40
56    1    -0.018    2    2   1    0.91
78    2    0.000    2    1   1    1.48
105    2    0.018    2    1   1    0.76
111    2    -0.018    1    2   1    0.79
75    2    0.018    2    1   1    0.90
28    1    0.000    2    2   0    0.89
139    2    0.005    2    1   1    1.17
95    2    0.018    2    1   1    1.14
140    2    0.018    2    1   1    1.09
87    2    -0.005    1    2   1    1.14
128    2    0.000    1    2   0    0.72
146    2    -0.018    1    2   1    0.78
70    1    0.018    1    1   1    0.89
130    2    0.018    2    1   1    0.79
34    1    0.005    1    1   1    0.94
137    2    -0.005    1    2   1    0.81
38    1    0.000    1    1   1    0.78
25    1    0.018    1    1   1    0.70
107    2    -0.005    1    2   1    0.73
82    2    -0.005    1    2   1    0.93
122    2    -0.005    1    2   1    1.35
148    2    0.000    2    1   1    1.92
37    1    -0.005    1    1   0    0.85
106    2    -0.018    1    2   1    0.66
59    1    0.005    1    1   1    0.73
2    1    -0.005    2    2   1    1.04
11    1    -0.018    2    2   1    2.01
4    1    0.005    1    1   1    0.69
58    1    0.000    1    1   1    1.41
55    1    0.018    1    1   1    0.76
21    1    -0.018    2    2   1    0.68
54    1    0.005    1    1   1    1.37
23    1    0.000    1    1   1    0.85
134    2    0.005    1    2   0    1.01
81    2    -0.018    1    2   1    0.64
97    2    -0.005    1    2   1    1.60
145    2    0.018    2    1   1    0.83
133    2    0.000    1    2   0    1.40
31    1    -0.018    2    2   1    0.74
136    2    -0.018    1    2   1    0.65
48    1    0.000    1    1   1    0.80
39    1    0.005    1    1   1    0.89
86    2    -0.018    1    2   1    0.75
6    1    -0.018    2    2   1    0.89
62    1    -0.005    2    2   1    0.97
98    2    0.000    1    2   0    0.90
91    2    -0.018    1    2   1    0.68
49    1    0.005    1    1   1    0.75
132    2    -0.005    1    2   1    0.72
61    1    -0.018    2    2   1    0.72
12    1    -0.005    1    1   0    1.75
104    2    0.005    2    1   1    0.76
73    1    0.000    2    2   0    0.72
42    1    -0.005    2    2   1    0.70
80    2    0.018    2    1   1    0.86
120    2    0.018    2    1   1    0.89
53    1    0.000    2    2   0    1.14
79    2    0.005    2    1   1    1.36
150    2    0.018    2    1   1    0.71
108    2    0.000    2    1   1    1.96
102    2    -0.005    1    2   1    0.94
46    1    -0.018    2    2   1    0.90
8    1    0.000    2    2   0    1.11
36    1    -0.018    2    2   1    0.65
9    1    0.005    1    1   1    2.80
144    2    0.005    2    1   1    1.02
5    1    0.018    1    1   1    0.74
71    1    -0.018    2    2   1    0.76
43    1    0.000    2    2   0    0.70
85    2    0.018    2    1   1    0.72
126    2    -0.018    1    2   1    0.71
10    1    0.018    1    1   1    0.70
17    1    -0.005    2    2   1    0.95
147    2    -0.005    1    2   1    0.75
67    1    -0.005    2    2   1    0.75
27    1    -0.005    2    2   1    1.02
65    1    0.018    1    1   1    0.88
22    1    -0.005    2    2   1    2.20
13    1    0.000    1    1   1    0.83
142    2    -0.005    1    2   1    1.11
114    2    0.005    2    1   1    1.42
44    1    0.005    1    1   1    1.32
72    1    -0.005    2    2   1    0.94
30    1    0.018    1    1   1    0.70
18    1    0.000    1    1   1    1.68
101    2    -0.018    1    2   1    0.60
3    1    0.000    1    1   1    0.72
60    1    0.018    1    1   1    0.72
127    2    -0.005    1    2   1    0.76
88    2    0.000    1    2   0    1.31
113    2    0.000    2    1   1    2.51
84    2    0.005    2    1   1    0.73
96    2    -0.018    1    2   1    0.71
89    2    0.005    1    2   0    0.77
124    2    0.005    2    1   1    1.35
66    1    -0.018    2    2   1    0.70
93    2    0.000    1    2   0    1.23
74    1    0.005    2    2   0    2.15
90    2    0.018    2    1   1    0.89
24    1    0.005    1    1   1    1.06
29    1    0.005    1    1   1    0.74
35    1    0.018    1    1   1    0.72
64    1    0.005    1    1   1    0.69
135    2    0.018    2    1   1    0.98
14    1    0.005    1    1   1    1.02
123    2    0.000    2    1   1    1.67
40    1    0.018    1    1   1    0.73
103    2    0.000    2    1   1    1.57
52    1    -0.005    1    1   0    1.01
41    1    -0.018    2    2   1    1.71
112    2    -0.005    1    2   1    3.43
99    2    0.005    2    1   1    0.70
119    2    0.005    1    2   0    1.37
100    2    0.018    2    1   1    0.97
115    2    0.018    2    1   1    0.77
92    2    -0.005    2    1   0    1.28
69    1    0.005    1    1   1    1.82
68    1    0.000    1    1   1    0.89
117    2    -0.005    1    2   1    1.35
19    1    0.005    2    2   0    1.82
116    2    -0.018    1    2   1    0.86
--------------------------------
24-Mar-2015 19:33:13 
data from observer T18 
#occlusion2 expt 
reference disparity (degrees) 0.160000 

stim order disp kresp testresp correct time
1    2    0.074    1    2   0    0.11
