--------------------------------
24-Mar-2015 08:23:15 
data from observer T18 
#occlusion2 expt 
reference disparity (degrees) 0.160000 

stim order disp kresp testresp correct time
1    2    0.074    1    2   1    6.77
2    1    -0.069    1    1   1    0.80
3    2    -0.065    2    1   1    1.49
4    1    0.060    2    2   1    0.94
5    1    -0.055    1    1   1    1.01
6    1    0.051    2    2   1    0.85
7    2    -0.046    2    1   1    0.80
8    1    -0.042    1    1   1    0.82
9    1    0.037    2    2   1    1.54
10    1    0.032    2    2   1    0.99
11    1    -0.028    1    1   1    0.80
12    1    0.023    2    2   1    1.20
13    2    -0.018    2    1   1    1.09
14    2    -0.014    2    1   1    1.34
15    1    -0.009    1    1   1    0.77
16    1    0.005    1    1   0    0.82
17    2    0.014    1    2   1    0.75
18    1    0.014    2    2   1    1.17
19    2    0.009    1    2   1    0.86
20    1    0.009    2    2   1    1.18
21    2    0.005    1    2   1    0.70
22    1    -0.005    1    1   1    0.78
23    2    -0.005    2    1   1    1.21
24    1    0.005    2    2   1    1.31
25    2    0.005    1    2   1    0.72
26    2    -0.005    1    2   0    1.12
27    2    0.014    1    2   1    0.86
28    1    -0.014    1    1   1    0.86
29    2    0.009    1    2   1    0.80
30    2    -0.009    2    1   1    1.40
31    1    0.005    1    1   0    1.14
32    1    -0.014    1    1   1    0.78
33    1    0.014    2    2   1    0.91
34    1    0.009    1    1   0    0.70
35    1    0.018    2    2   1    1.12
36    1    -0.018    1    1   1    0.70
37    2    0.014    1    2   1    0.96
38    2    0.014    1    2   1    0.76
39    1    -0.009    1    1   1    0.75
40    1    0.009    2    2   1    0.83
41    2    0.005    1    2   1    0.71
42    2    0.005    1    2   1    0.85
43    1    0.005    1    1   0    1.51
44    2    0.014    1    2   1    0.58
45    1    0.014    2    2   1    0.99
46    2    -0.009    1    2   0    0.77
47    1    0.018    2    2   1    1.18
48    1    0.018    2    2   1    0.84
49    2    0.014    1    2   1    0.74
50    1    0.014    2    2   1    0.93
-------------------------
Final staircase threshold estimate (mean) is 0.0115
-------------------------
121    2    -0.028    2    1   0    1.55
18    1    0.000    2    2   0    1.30
12    1    -0.014    1    1   0    0.86
7    1    -0.014    1    1   0    0.68
89    2    0.014    1    2   0    0.92
94    2    0.014    1    2   0    0.87
69    1    0.014    2    2   0    1.34
100    2    0.028    1    2   0    0.70
135    2    0.028    1    2   0    0.67
81    2    -0.028    2    1   0    0.76
102    2    -0.014    2    1   0    0.83
66    1    -0.028    1    1   0    0.73
43    1    0.000    1    1   1    1.44
33    1    0.000    1    1   1    0.73
84    2    0.014    1    2   0    0.64
115    2    0.028    1    2   0    0.70
122    2    -0.014    2    1   0    1.27
143    2    0.000    1    2   0    1.09
80    2    0.028    1    2   0    0.76
86    2    -0.028    2    1   0    1.21
30    1    0.028    2    2   0    0.65
116    2    -0.028    2    1   0    0.71
34    1    0.014    2    2   0    0.86
5    1    0.028    2    2   0    0.76
2    1    -0.014    1    1   0    0.86
56    1    -0.028    1    1   0    0.75
58    1    0.000    1    1   1    1.17
51    1    -0.028    1    1   0    0.67
144    2    0.014    1    2   0    0.81
128    2    0.000    1    2   0    1.07
95    2    0.028    1    2   0    0.73
8    1    0.000    1    1   1    0.86
72    1    -0.014    1    1   0    0.77
137    2    -0.014    2    1   0    0.78
147    2    -0.014    2    1   0    0.81
71    1    -0.028    1    1   0    0.65
98    2    0.000    1    2   0    0.84
148    2    0.000    1    2   0    1.03
41    1    -0.028    1    1   0    0.64
38    1    0.000    1    1   1    1.26
109    2    0.014    1    2   0    0.72
145    2    0.028    1    2   0    0.68
47    1    -0.014    1    1   0    0.70
35    1    0.028    2    2   0    0.67
16    1    -0.028    1    1   0    0.64
112    2    -0.014    2    1   0    0.78
20    1    0.028    2    2   0    0.67
24    1    0.014    2    2   0    0.91
103    2    0.000    2    1   1    0.89
21    1    -0.028    1    1   0    2.53
138    2    0.000    1    2   0    0.75
11    1    -0.028    1    1   0    1.30
93    2    0.000    1    2   0    1.77
45    1    0.028    2    2   0    0.87
77    2    -0.014    2    1   0    0.78
73    1    0.000    1    1   1    0.72
63    1    0.000    1    1   1    1.19
107    2    -0.014    2    1   0    0.74
70    1    0.028    2    2   0    0.72
50    1    0.028    2    2   0    0.70
49    1    0.014    2    2   0    0.84
59    1    0.014    2    2   0    0.98
141    2    -0.028    2    1   0    0.61
67    1    -0.014    1    1   0    1.01
117    2    -0.014    2    1   0    0.83
26    1    -0.028    1    1   0    0.69
36    1    -0.028    1    1   0    0.71
6    1    -0.028    1    1   0    0.72
61    1    -0.028    1    1   0    0.71
92    2    -0.014    2    1   0    0.72
146    2    -0.028    2    1   0    0.61
78    2    0.000    2    1   1    0.69
14    1    0.014    1    1   1    1.12
136    2    -0.028    2    1   0    0.65
75    2    0.028    1    2   0    0.76
105    2    0.028    1    2   0    0.62
142    2    -0.014    2    1   0    0.81
129    2    0.014    1    2   0    0.86
19    1    0.014    2    2   0    0.59
55    1    0.028    2    2   0    0.72
131    2    -0.028    2    1   0    0.64
37    1    -0.014    1    1   0    0.69
106    2    -0.028    2    1   0    0.69
139    2    0.014    1    2   0    0.64
133    2    0.000    2    1   1    0.86
27    1    -0.014    1    1   0    0.89
96    2    -0.028    2    1   0    0.70
150    2    0.028    1    2   0    0.56
65    1    0.028    2    2   0    0.63
97    2    -0.014    2    1   0    0.69
57    1    -0.014    1    1   0    0.62
42    1    -0.014    1    1   0    0.67
29    1    0.014    2    2   0    0.80
132    2    -0.014    2    1   0    0.79
88    2    0.000    1    2   0    1.46
25    1    0.028    2    2   0    0.61
110    2    0.028    1    2   0    0.73
104    2    0.014    2    1   1    0.72
85    2    0.028    1    2   0    0.67
99    2    0.014    1    2   0    0.88
119    2    0.014    1    2   0    0.84
9    1    0.014    2    2   0    0.74
46    1    -0.028    1    1   0    0.98
44    1    0.014    1    1   1    1.30
120    2    0.028    1    2   0    0.70
48    1    0.000    1    1   1    2.41
118    2    0.000    2    1   1    1.11
17    1    -0.014    1    1   0    0.67
3    1    0.000    1    1   1    1.20
87    2    -0.014    2    1   0    0.82
64    1    0.014    2    2   0    1.65
82    2    -0.014    2    1   0    0.77
52    1    -0.014    1    1   0    0.76
32    1    -0.014    1    1   0    0.71
134    2    0.014    1    2   0    0.77
140    2    0.028    1    2   0    0.71
125    2    0.028    1    2   0    0.66
23    1    0.000    1    1   1    0.66
1    1    -0.028    1    1   0    0.67
123    2    0.000    1    2   0    0.87
108    2    0.000    1    2   0    0.72
114    2    0.014    1    2   0    1.00
130    2    0.028    1    2   0    0.65
40    1    0.028    2    2   0    1.10
90    2    0.028    1    2   0    0.66
76    2    -0.028    2    1   0    0.75
113    2    0.000    1    2   0    1.80
53    1    0.000    2    2   0    1.64
39    1    0.014    2    2   0    0.66
31    1    -0.028    1    1   0    0.63
124    2    0.014    1    2   0    0.65
60    1    0.028    2    2   0    0.72
10    1    0.028    2    2   0    0.73
149    2    0.014    1    2   0    0.65
13    1    0.000    2    2   0    0.73
15    1    0.028    2    2   0    0.72
4    1    0.014    2    2   0    0.92
127    2    -0.014    2    1   0    0.69
111    2    -0.028    2    1   0    0.64
74    1    0.014    2    2   0    0.74
68    1    0.000    2    2   0    1.75
62    1    -0.014    1    1   0    0.69
54    1    0.014    2    2   0    0.70
83    2    0.000    1    2   0    2.58
101    2    -0.028    2    1   0    0.68
126    2    -0.028    2    1   0    0.65
79    2    0.014    1    2   0    1.29
22    1    -0.014    1    1   0    0.68
28    1    0.000    1    1   1    1.26
91    2    -0.028    2    1   0    0.76
