--------------------------------
24-Mar-2015 19:27:15 
data from observer T19 
#occlusion2 expt 
reference disparity (degrees) 0.160000 

stim order disp kresp testresp correct time
1    2    0.074    2    1   1    3.60
2    1    0.069    1    1   1    0.57
3    2    -0.065    1    2   1    0.75
4    2    0.060    2    1   1    0.66
5    2    0.055    1    2   0    1.13
6    1    0.065    2    2   0    1.08
7    1    0.074    2    2   0    0.60
8    1    -0.083    2    2   1    0.50
9    2    0.083    2    1   1    0.54
10    1    0.079    1    1   1    0.88
11    1    0.079    1    1   1    0.90
12    1    -0.074    2    2   1    1.05
13    2    0.074    2    1   1    0.66
14    1    -0.069    2    2   1    1.56
15    1    -0.069    2    2   1    0.76
16    2    0.065    2    1   1    0.76
17    1    0.065    2    2   0    1.29
18    1    -0.074    2    2   1    0.88
19    1    0.074    1    1   1    0.60
20    2    -0.069    2    1   0    0.59
21    1    0.079    2    2   0    0.50
22    2    -0.088    2    1   0    0.59
23    1    0.097    2    2   0    0.47
24    1    0.106    1    1   1    0.49
25    2    0.106    2    1   1    0.43
26    2    -0.102    1    2   1    0.32
27    1    0.102    1    1   1    0.60
28    1    0.097    2    2   0    0.48
29    1    -0.106    1    1   0    0.44
30    2    0.115    2    1   1    0.63
31    2    -0.115    2    1   0    0.49
32    2    0.125    1    2   0    0.63
33    2    -0.134    2    1   0    0.47
34    2    -0.143    2    1   0    0.59
35    2    -0.148    1    2   1    0.42
36    2    -0.148    1    2   1    0.49
37    1    -0.143    1    1   0    0.48
38    2    -0.148    2    1   0    0.59
39    1    0.148    1    1   1    0.70
40    2    -0.148    2    1   0    0.64
41    1    0.148    1    1   1    0.67
42    2    0.148    1    2   0    0.52
43    1    -0.148    1    1   0    0.44
44    1    -0.148    1    1   0    0.50
45    1    0.148    2    2   0    0.45
46    1    0.148    2    2   0    0.69
47    1    0.148    1    1   1    0.47
48    2    -0.148    1    2   1    0.69
49    1    0.143    2    2   0    0.65
50    1    -0.148    1    1   0    0.35
-------------------------
Final staircase threshold estimate (mean) is 0.1473
-------------------------
144    2    0.143    2    1   1    5.36
76    2    -0.148    1    2   1    0.64
40    1    0.148    1    1   1    1.15
63    1    0.000    1    1   1    1.07
90    2    0.148    1    2   0    1.09
117    2    -0.143    1    2   1    0.87
142    2    -0.143    1    2   1    0.70
96    2    -0.148    1    2   1    0.57
93    2    0.000    1    2   0    1.17
67    1    -0.143    2    2   1    1.05
84    2    0.143    2    1   1    0.83
46    1    -0.148    1    1   0    0.53
54    1    0.143    1    1   1    2.05
126    2    -0.148    1    2   1    1.04
35    1    0.148    2    2   0    1.44
147    2    -0.143    2    1   0    0.59
19    1    0.143    1    1   1    0.50
57    1    -0.143    1    1   0    0.78
26    1    -0.148    2    2   1    0.87
32    1    -0.143    1    1   0    0.47
20    1    0.148    1    1   1    0.58
146    2    -0.148    1    2   1    0.46
148    2    0.000    1    2   0    0.43
75    2    0.148    2    1   1    0.38
38    1    0.000    2    2   0    0.52
23    1    0.000    1    1   1    0.38
116    2    -0.148    1    2   1    0.47
150    2    0.148    1    2   0    0.54
97    2    -0.143    2    1   0    0.50
140    2    0.148    2    1   1    0.64
71    1    -0.148    2    2   1    0.53
61    1    -0.148    1    1   0    0.54
99    2    0.143    2    1   1    0.53
3    1    0.000    1    1   1    0.42
21    1    -0.148    2    2   1    0.67
78    2    0.000    1    2   0    0.43
98    2    0.000    2    1   1    0.44
73    1    0.000    2    2   0    0.52
118    2    0.000    1    2   0    0.46
74    1    0.143    1    1   1    0.50
41    1    -0.148    1    1   0    0.46
43    1    0.000    2    2   0    0.58
58    1    0.000    2    2   0    0.55
110    2    0.148    1    2   0    0.70
131    2    -0.148    1    2   1    0.47
72    1    -0.143    1    1   0    0.46
1    1    -0.148    2    2   1    0.62
45    1    0.148    2    2   0    0.68
7    1    -0.143    2    2   1    0.99
129    2    0.143    2    1   1    0.72
55    1    0.148    2    2   0    0.59
8    1    0.000    2    2   0    0.96
133    2    0.000    2    1   1    0.47
95    2    0.148    2    1   1    0.60
66    1    -0.148    2    2   1    0.44
65    1    0.148    1    1   1    0.49
68    1    0.000    2    2   0    0.86
88    2    0.000    2    1   1    0.61
64    1    0.143    1    1   1    0.62
122    2    -0.143    1    2   1    0.54
127    2    -0.143    1    2   1    1.72
112    2    -0.143    1    2   1    1.72
77    2    -0.143    2    1   0    0.55
10    1    0.148    2    2   0    0.55
121    2    -0.148    1    2   1    0.47
143    2    0.000    1    2   0    0.46
130    2    0.148    2    1   1    0.61
135    2    0.148    2    1   1    0.53
36    1    -0.148    1    1   0    1.51
128    2    0.000    2    1   1    0.41
33    1    0.000    1    1   1    0.62
53    1    0.000    2    2   0    0.61
138    2    0.000    1    2   0    0.28
80    2    0.148    2    1   1    0.31
42    1    -0.143    1    1   0    0.80
37    1    -0.143    1    1   0    0.46
14    1    0.143    1    1   1    0.56
102    2    -0.143    1    2   1    0.52
34    1    0.143    2    2   0    0.45
103    2    0.000    1    2   0    0.46
120    2    0.148    2    1   1    0.45
31    1    -0.148    1    1   0    0.44
11    1    -0.148    1    1   0    0.52
30    1    0.148    1    1   1    0.79
109    2    0.143    2    1   1    0.48
16    1    -0.148    1    1   0    0.59
83    2    0.000    1    2   0    0.75
86    2    -0.148    1    2   1    0.59
107    2    -0.143    1    2   1    2.69
113    2    0.000    2    1   1    1.60
44    1    0.143    1    1   1    0.64
89    2    0.143    2    1   1    0.55
69    1    0.143    2    2   0    1.38
39    1    0.143    2    2   0    1.24
104    2    0.143    2    1   1    0.63
106    2    -0.148    2    1   0    0.71
15    1    0.148    2    2   0    1.36
48    1    0.000    2    2   0    2.34
92    2    -0.143    1    2   1    0.61
124    2    0.143    2    1   1    0.68
125    2    0.148    2    1   1    0.58
49    1    0.143    2    2   0    0.57
50    1    0.148    1    1   1    1.01
115    2    0.148    2    1   1    0.58
149    2    0.143    2    1   1    0.51
12    1    -0.143    2    2   1    0.80
94    2    0.143    2    1   1    0.50
100    2    0.148    2    1   1    0.55
25    1    0.148    1    1   1    0.55
134    2    0.143    2    1   1    0.59
114    2    0.143    2    1   1    1.56
136    2    -0.148    2    1   0    0.56
51    1    -0.148    2    2   1    0.58
22    1    -0.143    2    2   1    0.74
101    2    -0.148    2    1   0    0.70
123    2    0.000    1    2   0    0.93
2    1    -0.143    2    2   1    0.54
132    2    -0.143    2    1   0    0.61
60    1    0.148    2    2   0    1.51
145    2    0.148    2    1   1    0.66
5    1    0.148    1    1   1    0.68
56    1    -0.148    2    2   1    0.74
52    1    -0.143    2    2   1    0.54
4    1    0.143    1    1   1    0.68
6    1    -0.148    2    2   1    0.56
27    1    -0.143    2    2   1    0.51
9    1    0.143    1    1   1    0.50
18    1    0.000    1    1   1    0.70
119    2    0.143    2    1   1    0.48
79    2    0.143    2    1   1    0.56
141    2    -0.148    1    2   1    0.62
87    2    -0.143    2    1   0    0.68
139    2    0.143    2    1   1    0.48
108    2    0.000    1    2   0    0.66
28    1    0.000    2    2   0    0.63
47    1    -0.143    2    2   1    0.46
81    2    -0.148    1    2   1    0.98
91    2    -0.148    1    2   1    0.57
85    2    0.148    2    1   1    0.51
17    1    -0.143    1    1   0    0.44
137    2    -0.143    2    1   0    0.32
111    2    -0.148    1    2   1    0.70
13    1    0.000    1    1   1    0.72
29    1    0.143    1    1   1    0.99
59    1    0.143    1    1   1    0.53
82    2    -0.143    1    2   1    0.76
24    1    0.143    2    2   0    1.12
105    2    0.148    2    1   1    0.87
70    1    0.148    1    1   1    0.63
62    1    -0.143    2    2   1    0.97
