--------------------------------
24-Mar-2015 20:10:44 
data from observer T19 
#occlusion2 expt 
reference disparity (degrees) 0.160000 

stim order disp kresp testresp correct time
1    2    0.074    2    1   0    4.13
2    1    -0.083    2    2   0    0.70
3    1    -0.092    2    2   0    1.15
4    2    -0.102    2    1   1    0.54
5    2    0.097    1    2   1    0.51
6    2    -0.097    2    1   1    0.45
7    2    0.092    1    2   1    0.67
8    1    -0.092    1    1   1    1.84
9    1    0.088    2    2   1    0.55
10    1    -0.088    1    1   1    2.52
11    2    0.083    1    2   1    1.51
12    2    -0.083    2    1   1    0.56
13    1    0.079    2    2   1    0.90
14    1    0.079    2    2   1    0.49
15    2    -0.074    2    1   1    0.56
16    1    0.074    2    2   1    0.47
17    2    -0.069    2    1   1    0.55
18    1    -0.069    2    2   0    0.59
19    2    -0.079    2    1   1    0.63
20    1    -0.079    1    1   1    0.86
21    2    -0.074    2    1   1    0.52
22    2    0.074    1    2   1    0.51
23    1    0.069    2    2   1    0.52
24    1    0.069    2    2   1    0.60
25    2    -0.065    2    1   1    0.64
26    2    0.065    1    2   1    1.32
27    2    0.060    1    2   1    0.93
28    1    0.060    2    2   1    0.58
29    1    0.055    2    2   1    0.51
30    2    0.055    1    2   1    0.59
31    1    -0.051    1    1   1    0.64
32    1    0.051    2    2   1    0.51
33    2    0.046    1    2   1    0.48
34    1    0.046    2    2   1    0.46
35    2    0.042    1    2   1    0.59
36    1    -0.042    1    1   1    1.54
37    1    -0.037    1    1   1    0.60
38    2    -0.037    2    1   1    0.59
39    2    -0.032    2    1   1    0.50
40    2    -0.032    2    1   1    0.56
41    1    0.028    2    2   1    0.54
42    2    0.028    1    2   1    1.20
43    2    0.023    1    2   1    0.94
44    2    0.023    2    1   0    1.60
45    2    0.032    1    2   1    0.59
46    2    0.032    1    2   1    0.68
47    1    -0.028    1    1   1    1.91
48    1    0.028    2    2   1    0.49
49    1    0.023    2    2   1    0.68
50    1    -0.023    1    1   1    0.56
-------------------------
Final staircase threshold estimate (mean) is 0.0268
-------------------------
150    2    0.065    1    2   0    3.44
13    1    0.000    2    2   0    0.48
88    2    0.000    1    2   0    0.57
42    1    -0.028    2    2   1    0.69
120    2    0.065    1    2   0    0.45
4    1    0.028    2    2   0    0.48
44    1    0.028    2    2   0    0.47
16    1    -0.065    1    1   0    0.47
28    1    0.000    1    1   1    0.67
84    2    0.028    2    1   1    0.58
102    2    -0.028    2    1   0    0.41
18    1    0.000    1    1   1    0.56
109    2    0.028    2    1   1    0.43
123    2    0.000    2    1   1    0.45
10    1    0.065    1    1   1    0.46
17    1    -0.028    2    2   1    0.43
96    2    -0.065    2    1   0    0.44
128    2    0.000    2    1   1    0.46
21    1    -0.065    1    1   0    0.44
104    2    0.028    2    1   1    0.48
43    1    0.000    2    2   0    0.38
131    2    -0.065    2    1   0    0.55
138    2    0.000    2    1   1    0.39
126    2    -0.065    2    1   0    0.41
87    2    -0.028    2    1   0    0.36
148    2    0.000    2    1   1    0.67
142    2    -0.028    2    1   0    0.57
27    1    -0.028    1    1   0    0.53
5    1    0.065    2    2   0    0.48
103    2    0.000    2    1   1    0.65
110    2    0.065    1    2   0    0.42
113    2    0.000    2    1   1    0.47
64    1    0.028    2    2   0    0.55
20    1    0.065    2    2   0    0.48
26    1    -0.065    1    1   0    1.16
56    1    -0.065    1    1   0    0.70
35    1    0.065    2    2   0    0.47
114    2    0.028    1    2   0    0.47
61    1    -0.065    1    1   0    0.63
111    2    -0.065    2    1   0    0.59
70    1    0.065    2    2   0    0.49
55    1    0.065    2    2   0    0.35
54    1    0.028    2    2   0    0.52
130    2    0.065    1    2   0    0.61
69    1    0.028    2    2   0    0.51
145    2    0.065    1    2   0    0.46
3    1    0.000    1    1   1    0.52
76    2    -0.065    2    1   0    0.39
65    1    0.065    2    2   0    0.51
50    1    0.065    2    2   0    0.48
98    2    0.000    2    1   1    0.47
80    2    0.065    1    2   0    0.47
66    1    -0.065    1    1   0    0.48
77    2    -0.028    2    1   0    0.45
1    1    -0.065    1    1   0    0.42
48    1    0.000    2    2   0    0.45
82    2    -0.028    2    1   0    0.57
46    1    -0.065    1    1   0    0.50
15    1    0.065    2    2   0    0.41
31    1    -0.065    1    1   0    0.60
139    2    0.028    1    2   0    0.52
49    1    0.028    2    2   0    0.62
67    1    -0.028    1    1   0    0.75
30    1    0.065    2    2   0    0.50
78    2    0.000    2    1   1    0.47
106    2    -0.065    2    1   0    0.48
127    2    -0.028    2    1   0    0.51
143    2    0.000    1    2   0    0.86
22    1    -0.028    1    1   0    0.82
137    2    -0.028    2    1   0    0.51
68    1    0.000    1    1   1    0.59
146    2    -0.065    2    1   0    0.46
7    1    -0.028    1    1   0    0.42
83    2    0.000    2    1   1    0.92
124    2    0.028    1    2   0    0.48
140    2    0.065    1    2   0    0.50
90    2    0.065    1    2   0    0.56
121    2    -0.065    2    1   0    0.55
38    1    0.000    1    1   1    0.59
74    1    0.028    2    2   0    0.52
73    1    0.000    2    2   0    0.49
19    1    0.028    2    2   0    0.53
24    1    0.028    2    2   0    1.32
63    1    0.000    1    1   1    0.47
53    1    0.000    2    2   0    0.57
92    2    -0.028    2    1   0    0.48
81    2    -0.065    2    1   0    0.50
41    1    -0.065    1    1   0    0.45
99    2    0.028    2    1   1    0.66
149    2    0.028    2    1   1    0.65
116    2    -0.065    2    1   0    0.47
100    2    0.065    1    2   0    0.51
91    2    -0.065    2    1   0    0.61
29    1    0.028    2    2   0    0.52
95    2    0.065    1    2   0    0.45
108    2    0.000    2    1   1    0.44
86    2    -0.065    2    1   0    0.48
107    2    -0.028    2    1   0    0.49
36    1    -0.065    1    1   0    0.97
115    2    0.065    1    2   0    0.61
101    2    -0.065    2    1   0    0.57
14    1    0.028    2    2   0    0.70
135    2    0.065    1    2   0    0.49
136    2    -0.065    2    1   0    0.42
25    1    0.065    2    2   0    0.48
71    1    -0.065    2    2   1    0.62
117    2    -0.028    2    1   0    0.61
57    1    -0.028    2    2   1    0.54
6    1    -0.065    2    2   1    0.64
133    2    0.000    1    2   0    0.59
97    2    -0.028    2    1   0    0.56
147    2    -0.028    1    2   1    0.95
119    2    0.028    2    1   1    0.63
93    2    0.000    1    2   0    0.42
12    1    -0.028    1    1   0    0.63
75    2    0.065    1    2   0    0.52
9    1    0.028    2    2   0    0.63
129    2    0.028    2    1   1    0.63
37    1    -0.028    2    2   1    0.70
34    1    0.028    2    2   0    0.49
89    2    0.028    2    1   1    0.82
58    1    0.000    1    1   1    0.44
47    1    -0.028    1    1   0    0.69
62    1    -0.028    1    1   0    0.50
85    2    0.065    1    2   0    1.54
2    1    -0.028    2    2   1    0.65
60    1    0.065    2    2   0    1.49
144    2    0.028    2    1   1    0.55
39    1    0.028    2    2   0    0.56
59    1    0.028    2    2   0    0.83
134    2    0.028    1    2   0    0.65
141    2    -0.065    2    1   0    0.40
118    2    0.000    1    2   0    0.64
32    1    -0.028    1    1   0    0.83
8    1    0.000    2    2   0    1.75
52    1    -0.028    1    1   0    0.92
94    2    0.028    1    2   0    1.25
51    1    -0.065    2    2   1    2.10
112    2    -0.028    2    1   0    0.78
122    2    -0.028    2    1   0    1.04
40    1    0.065    2    2   0    1.84
105    2    0.065    1    2   0    1.16
79    2    0.028    1    2   0    1.13
23    1    0.000    2    2   0    0.92
125    2    0.065    1    2   0    0.84
72    1    -0.028    1    1   0    2.32
45    1    0.065    2    2   0    1.41
33    1    0.000    2    2   0    2.14
11    1    -0.065    1    1   0    1.86
132    2    -0.028    2    1   0    1.66
