--------------------------------
24-Mar-2015 19:33:30 
data from observer T19 
#occlusion2 expt 
reference disparity (degrees) 0.160000 

stim order disp kresp testresp correct time
1    2    -0.074    2    1   0    2.96
2    2    -0.083    2    1   0    3.58
3    2    0.092    2    1   1    0.86
4    1    -0.088    2    2   1    0.69
5    1    0.088    2    2   0    2.67
6    1    -0.097    2    2   1    0.78
7    2    -0.097    1    2   1    1.27
8    2    -0.092    1    2   1    0.73
9    2    0.092    2    1   1    0.60
10    1    0.088    2    2   0    0.90
11    2    -0.097    1    2   1    0.90
12    2    0.097    2    1   1    0.56
13    2    -0.092    1    2   1    0.54
14    1    -0.092    2    2   1    0.59
15    2    0.088    2    1   1    0.68
16    1    0.088    1    1   1    0.58
17    2    0.083    2    1   1    1.31
18    2    -0.083    1    2   1    0.62
19    2    0.079    2    1   1    1.43
20    1    0.079    1    1   1    0.61
21    1    -0.074    2    2   1    0.63
22    2    0.074    2    1   1    0.72
23    2    0.069    2    1   1    0.84
24    1    -0.069    1    1   0    0.54
25    2    0.079    2    1   1    0.55
26    1    0.079    1    1   1    1.38
27    2    0.074    2    1   1    0.90
28    2    0.074    2    1   1    1.53
29    1    0.069    1    1   1    1.42
30    1    -0.069    2    2   1    0.54
31    2    -0.065    1    2   1    0.62
32    1    0.065    1    1   1    1.39
33    2    0.060    2    1   1    0.54
34    2    -0.060    1    2   1    1.01
35    1    0.055    1    1   1    0.66
36    2    0.055    2    1   1    0.65
37    2    0.051    2    1   1    0.68
38    1    -0.051    2    2   1    1.37
39    1    -0.046    2    2   1    1.45
40    1    -0.046    2    2   1    0.85
41    2    0.042    1    2   0    0.65
42    1    0.051    1    1   1    0.70
43    1    0.051    2    2   0    2.08
44    2    -0.060    1    2   1    0.88
45    2    -0.060    2    1   0    2.19
46    2    0.069    2    1   1    0.83
47    1    0.069    1    1   1    0.77
48    2    -0.065    1    2   1    0.89
49    2    0.065    1    2   0    2.71
50    2    0.074    2    1   1    1.86
-------------------------
Final staircase threshold estimate (mean) is 0.0605
-------------------------
50    1    0.148    1    1   1    4.97
69    1    0.060    2    2   0    1.75
111    2    -0.148    1    2   1    3.18
98    2    0.000    2    1   1    0.79
46    1    -0.148    2    2   1    1.65
7    1    -0.060    2    2   1    1.68
31    1    -0.148    2    2   1    1.37
12    1    -0.060    2    2   1    2.07
84    2    0.060    1    2   0    1.25
77    2    -0.060    1    2   1    1.82
8    1    0.000    2    2   0    2.59
60    1    0.148    1    1   1    2.52
115    2    0.148    2    1   1    0.77
135    2    0.148    1    2   0    2.54
99    2    0.060    2    1   1    0.85
150    2    0.148    2    1   1    0.58
103    2    0.000    1    2   0    0.54
63    1    0.000    2    2   0    0.61
106    2    -0.148    2    1   0    1.22
113    2    0.000    1    2   0    1.74
53    1    0.000    2    2   0    0.62
15    1    0.148    1    1   1    0.94
32    1    -0.060    2    2   1    1.36
34    1    0.060    1    1   1    1.67
33    1    0.000    2    2   0    0.66
28    1    0.000    1    1   1    1.48
9    1    0.060    2    2   0    0.53
92    2    -0.060    1    2   1    0.53
58    1    0.000    1    1   1    0.58
67    1    -0.060    2    2   1    1.11
142    2    -0.060    1    2   1    0.72
10    1    0.148    1    1   1    0.78
18    1    0.000    2    2   0    0.69
130    2    0.148    2    1   1    0.76
42    1    -0.060    1    1   0    0.76
30    1    0.148    1    1   1    0.68
6    1    -0.148    2    2   1    0.67
88    2    0.000    2    1   1    1.00
73    1    0.000    1    1   1    1.11
70    1    0.148    1    1   1    0.94
16    1    -0.148    2    2   1    2.93
41    1    -0.148    2    2   1    2.16
89    2    0.060    1    2   0    0.67
44    1    0.060    2    2   0    0.57
85    2    0.148    1    2   0    0.55
71    1    -0.148    2    2   1    1.71
147    2    -0.060    1    2   1    1.84
36    1    -0.148    1    1   0    1.27
17    1    -0.060    2    2   1    1.41
65    1    0.148    1    1   1    0.55
21    1    -0.148    2    2   1    1.52
81    2    -0.148    1    2   1    0.65
118    2    0.000    2    1   1    0.63
45    1    0.148    1    1   1    0.61
146    2    -0.148    1    2   1    0.53
123    2    0.000    1    2   0    0.56
122    2    -0.060    2    1   0    1.00
112    2    -0.060    1    2   1    1.17
19    1    0.060    1    1   1    0.81
137    2    -0.060    1    2   1    0.68
124    2    0.060    2    1   1    0.61
74    1    0.060    1    1   1    0.52
52    1    -0.060    2    2   1    0.62
40    1    0.148    1    1   1    0.47
140    2    0.148    2    1   1    0.52
104    2    0.060    1    2   0    0.48
61    1    -0.148    2    2   1    0.64
78    2    0.000    2    1   1    0.80
97    2    -0.060    1    2   1    0.61
94    2    0.060    2    1   1    0.59
76    2    -0.148    2    1   0    0.70
55    1    0.148    1    1   1    0.66
59    1    0.060    1    1   1    0.88
68    1    0.000    2    2   0    0.63
101    2    -0.148    1    2   1    2.09
3    1    0.000    1    1   1    1.80
95    2    0.148    2    1   1    0.61
2    1    -0.060    2    2   1    0.64
13    1    0.000    2    2   0    0.69
79    2    0.060    2    1   1    0.67
117    2    -0.060    2    1   0    0.64
87    2    -0.060    1    2   1    1.14
72    1    -0.060    1    1   0    0.97
119    2    0.060    2    1   1    1.49
56    1    -0.148    2    2   1    0.68
143    2    0.000    1    2   0    1.07
54    1    0.060    2    2   0    0.57
43    1    0.000    1    1   1    0.58
105    2    0.148    2    1   1    0.51
23    1    0.000    2    2   0    0.72
24    1    0.060    2    2   0    0.59
83    2    0.000    1    2   0    0.59
47    1    -0.060    2    2   1    1.10
86    2    -0.148    1    2   1    0.57
100    2    0.148    2    1   1    0.50
66    1    -0.148    1    1   0    0.85
149    2    0.060    2    1   1    0.51
91    2    -0.148    1    2   1    0.52
11    1    -0.148    2    2   1    0.65
144    2    0.060    1    2   0    0.49
114    2    0.060    2    1   1    1.46
110    2    0.148    2    1   1    0.76
108    2    0.000    2    1   1    0.56
51    1    -0.148    2    2   1    0.53
38    1    0.000    2    2   0    0.48
138    2    0.000    2    1   1    2.66
136    2    -0.148    1    2   1    1.44
125    2    0.148    2    1   1    0.71
64    1    0.060    1    1   1    0.46
116    2    -0.148    1    2   1    1.18
14    1    0.060    2    2   0    1.84
120    2    0.148    2    1   1    0.99
96    2    -0.148    1    2   1    0.82
145    2    0.148    2    1   1    0.60
93    2    0.000    2    1   1    1.93
62    1    -0.060    2    2   1    1.20
25    1    0.148    1    1   1    0.61
75    2    0.148    2    1   1    0.71
127    2    -0.060    1    2   1    0.53
141    2    -0.148    1    2   1    2.39
133    2    0.000    2    1   1    0.83
26    1    -0.148    2    2   1    0.58
22    1    -0.060    1    1   0    0.72
90    2    0.148    2    1   1    0.49
29    1    0.060    2    2   0    0.56
20    1    0.148    1    1   1    0.69
4    1    0.060    2    2   0    0.87
121    2    -0.148    1    2   1    0.71
82    2    -0.060    2    1   0    1.16
5    1    0.148    1    1   1    1.82
80    2    0.148    2    1   1    0.51
49    1    0.060    2    2   0    1.08
131    2    -0.148    2    1   0    0.91
1    1    -0.148    2    2   1    0.80
126    2    -0.148    1    2   1    1.41
129    2    0.060    1    2   0    1.03
39    1    0.060    1    1   1    2.98
134    2    0.060    2    1   1    1.23
128    2    0.000    2    1   1    0.72
139    2    0.060    2    1   1    0.74
57    1    -0.060    2    2   1    0.72
27    1    -0.060    2    2   1    0.64
107    2    -0.060    1    2   1    2.05
109    2    0.060    2    1   1    0.51
148    2    0.000    2    1   1    0.58
102    2    -0.060    1    2   1    2.22
35    1    0.148    1    1   1    1.15
37    1    -0.060    2    2   1    0.52
132    2    -0.060    1    2   1    0.68
48    1    0.000    2    2   0    0.81
