--------------------------------
24-Mar-2015 20:21:48 
data from observer T19 
#occlusion2 expt 
reference disparity (degrees) 0.160000 

stim order disp kresp testresp correct time
1    1    -0.074    2    2   0    4.99
2    1    0.083    2    2   1    0.68
3    1    0.079    2    2   1    0.61
4    2    0.079    1    2   1    1.13
5    1    0.074    2    2   1    0.48
6    2    -0.074    2    1   1    0.70
7    2    -0.069    2    1   1    0.50
8    1    -0.069    1    1   1    0.52
9    1    0.065    1    1   0    1.16
10    2    0.074    1    2   1    1.05
11    1    0.074    2    2   1    0.46
12    1    0.069    2    2   1    0.72
13    2    0.069    1    2   1    0.46
14    1    -0.065    1    1   1    0.48
15    1    -0.065    1    1   1    0.40
16    1    -0.060    1    1   1    0.49
17    1    0.060    2    2   1    0.53
18    1    0.055    2    2   1    0.51
19    1    0.055    2    2   1    0.89
20    2    -0.051    2    1   1    0.72
21    1    0.051    2    2   1    0.76
22    1    0.046    2    2   1    0.94
23    2    -0.046    2    1   1    1.55
24    2    0.042    1    2   1    0.51
25    1    0.042    1    1   0    1.01
26    2    0.051    1    2   1    0.61
27    2    0.051    1    2   1    0.50
28    1    -0.046    2    2   0    1.25
29    2    0.055    1    2   1    0.63
30    2    -0.055    2    1   1    0.44
31    2    0.051    1    2   1    0.54
32    1    -0.051    2    2   0    0.40
33    1    0.060    2    2   1    1.14
34    2    0.060    1    2   1    0.49
35    1    -0.055    2    2   0    0.65
36    2    -0.065    2    1   1    0.78
37    2    0.065    1    2   1    0.49
38    2    0.060    1    2   1    0.67
39    1    -0.060    1    1   1    0.61
40    2    0.055    2    1   0    0.48
41    2    0.065    2    1   0    0.88
42    2    -0.074    2    1   1    1.76
43    2    -0.074    2    1   1    1.83
44    1    -0.069    1    1   1    0.44
45    1    -0.069    1    1   1    0.53
46    1    -0.065    1    1   1    0.55
47    1    0.065    2    2   1    0.76
48    2    0.060    1    2   1    0.43
49    2    0.060    2    1   0    0.66
50    2    0.069    1    2   1    0.38
-------------------------
Final staircase threshold estimate (mean) is 0.0670
-------------------------
83    2    0.000    2    1   1    1.75
52    1    -0.065    2    2   1    0.76
119    2    0.065    1    2   0    0.46
111    2    -0.148    2    1   0    0.64
73    1    0.000    1    1   1    0.71
139    2    0.065    2    1   1    0.46
79    2    0.065    1    2   0    0.49
19    1    0.065    1    1   1    0.77
99    2    0.065    1    2   0    0.55
38    1    0.000    2    2   0    0.59
43    1    0.000    1    1   1    0.62
49    1    0.065    2    2   0    0.65
98    2    0.000    1    2   0    0.53
143    2    0.000    2    1   1    1.11
115    2    0.148    1    2   0    0.48
58    1    0.000    1    1   1    1.47
138    2    0.000    2    1   1    0.62
135    2    0.148    1    2   0    0.47
91    2    -0.148    2    1   0    0.48
84    2    0.065    1    2   0    0.47
7    1    -0.065    2    2   1    0.54
149    2    0.065    1    2   0    0.45
128    2    0.000    2    1   1    0.41
90    2    0.148    1    2   0    0.48
62    1    -0.065    2    2   1    0.35
36    1    -0.148    1    1   0    0.45
145    2    0.148    2    1   1    0.40
122    2    -0.065    1    2   1    0.41
37    1    -0.065    2    2   1    1.45
118    2    0.000    2    1   1    0.54
12    1    -0.065    1    1   0    1.08
63    1    0.000    2    2   0    0.90
48    1    0.000    2    2   0    0.49
113    2    0.000    2    1   1    0.60
23    1    0.000    2    2   0    0.58
29    1    0.065    2    2   0    0.67
95    2    0.148    1    2   0    0.59
77    2    -0.065    2    1   0    0.54
101    2    -0.148    2    1   0    0.60
16    1    -0.148    1    1   0    0.47
97    2    -0.065    2    1   0    0.38
140    2    0.148    1    2   0    0.31
78    2    0.000    2    1   1    0.44
112    2    -0.065    2    1   0    0.53
86    2    -0.148    2    1   0    0.49
6    1    -0.148    2    2   1    0.49
116    2    -0.148    2    1   0    0.70
47    1    -0.065    1    1   0    0.59
146    2    -0.148    2    1   0    0.48
96    2    -0.148    2    1   0    0.47
133    2    0.000    2    1   1    0.50
18    1    0.000    2    2   0    0.63
53    1    0.000    2    2   0    0.57
147    2    -0.065    2    1   0    0.81
107    2    -0.065    2    1   0    0.67
61    1    -0.148    1    1   0    1.16
123    2    0.000    2    1   1    0.49
126    2    -0.148    2    1   0    0.65
54    1    0.065    2    2   0    1.21
141    2    -0.148    2    1   0    0.57
3    1    0.000    1    1   1    0.48
85    2    0.148    2    1   1    0.41
34    1    0.065    2    2   0    0.73
65    1    0.148    2    2   0    0.65
32    1    -0.065    1    1   0    0.36
131    2    -0.148    2    1   0    0.51
11    1    -0.148    2    2   1    1.08
17    1    -0.065    2    2   1    0.61
136    2    -0.148    1    2   1    0.45
80    2    0.148    2    1   1    0.38
44    1    0.065    2    2   0    0.66
30    1    0.148    1    1   1    0.67
100    2    0.148    1    2   0    0.82
22    1    -0.065    2    2   1    0.42
51    1    -0.148    1    1   0    0.49
28    1    0.000    2    2   0    0.38
125    2    0.148    1    2   0    0.37
92    2    -0.065    2    1   0    0.36
104    2    0.065    1    2   0    0.34
9    1    0.065    2    2   0    0.43
57    1    -0.065    1    1   0    0.33
20    1    0.148    2    2   0    0.27
93    2    0.000    2    1   1    0.84
59    1    0.065    2    2   0    0.54
27    1    -0.065    1    1   0    1.15
67    1    -0.065    2    2   1    0.42
127    2    -0.065    2    1   0    0.53
121    2    -0.148    2    1   0    0.86
81    2    -0.148    2    1   0    0.64
15    1    0.148    2    2   0    0.57
71    1    -0.148    2    2   1    0.51
114    2    0.065    1    2   0    1.69
72    1    -0.065    1    1   0    0.54
70    1    0.148    2    2   0    0.77
137    2    -0.065    2    1   0    0.49
13    1    0.000    2    2   0    0.59
33    1    0.000    2    2   0    0.59
50    1    0.148    2    2   0    0.66
76    2    -0.148    2    1   0    1.90
94    2    0.065    1    2   0    0.52
39    1    0.065    2    2   0    0.43
105    2    0.148    1    2   0    0.60
103    2    0.000    2    1   1    0.50
134    2    0.065    1    2   0    1.13
60    1    0.148    2    2   0    0.91
82    2    -0.065    2    1   0    0.57
124    2    0.065    1    2   0    0.49
42    1    -0.065    2    2   1    1.72
35    1    0.148    2    2   0    0.63
132    2    -0.065    2    1   0    0.71
142    2    -0.065    2    1   0    1.62
26    1    -0.148    1    1   0    0.56
55    1    0.148    2    2   0    0.54
41    1    -0.148    1    1   0    1.00
25    1    0.148    2    2   0    0.51
129    2    0.065    1    2   0    0.74
1    1    -0.148    1    1   0    0.67
68    1    0.000    2    2   0    0.67
130    2    0.148    1    2   0    0.49
8    1    0.000    2    2   0    0.56
66    1    -0.148    1    1   0    0.55
56    1    -0.148    1    1   0    0.50
4    1    0.065    2    2   0    0.52
110    2    0.148    1    2   0    1.58
46    1    -0.148    2    2   1    0.71
45    1    0.148    2    2   0    0.59
40    1    0.148    2    2   0    0.54
117    2    -0.065    2    1   0    0.66
21    1    -0.148    1    1   0    0.45
150    2    0.148    2    1   1    0.36
24    1    0.065    2    2   0    0.65
109    2    0.065    1    2   0    1.15
75    2    0.148    2    1   1    0.67
144    2    0.065    1    2   0    0.60
108    2    0.000    2    1   1    0.49
14    1    0.065    2    2   0    0.65
2    1    -0.065    1    1   0    0.46
88    2    0.000    2    1   1    0.47
74    1    0.065    2    2   0    0.50
87    2    -0.065    1    2   1    0.76
69    1    0.065    2    2   0    0.40
89    2    0.065    1    2   0    0.45
10    1    0.148    2    2   0    0.36
148    2    0.000    2    1   1    0.64
106    2    -0.148    1    2   1    0.44
5    1    0.148    2    2   0    0.40
31    1    -0.148    1    1   0    0.39
102    2    -0.065    2    1   0    0.29
64    1    0.065    1    1   1    0.64
120    2    0.148    2    1   1    0.35
