--------------------------------
24-Mar-2015 19:10:51 
data from observer T19 
#occlusion2 expt 
reference disparity (degrees) 0.160000 

stim order disp kresp testresp correct time
1    1    0.074    1    1   1    7.97
2    2    -0.069    2    1   0    6.04
3    1    -0.079    2    2   1    1.75
4    2    0.079    2    1   1    2.56
5    2    0.074    2    1   1    3.95
6    1    -0.074    2    2   1    1.62
7    2    -0.069    1    2   1    2.92
8    2    -0.069    1    2   1    1.58
9    2    0.065    2    1   1    1.48
10    1    0.065    2    2   0    4.15
11    2    -0.074    1    2   1    1.12
12    2    0.074    2    1   1    1.32
13    1    0.069    1    1   1    4.79
14    2    0.069    2    1   1    2.46
15    2    -0.065    1    2   1    1.59
16    2    0.065    2    1   1    0.89
17    1    0.060    1    1   1    4.00
18    1    0.060    2    2   0    2.92
19    2    -0.069    1    2   1    1.60
20    1    0.069    1    1   1    2.23
21    1    -0.065    2    2   1    0.89
22    2    -0.065    1    2   1    0.65
23    1    0.060    1    1   1    0.92
24    1    0.060    1    1   1    0.88
25    1    -0.055    2    2   1    1.72
26    1    0.055    1    1   1    0.78
27    1    0.051    2    2   0    2.18
28    2    0.060    2    1   1    2.10
29    1    -0.060    2    2   1    1.90
30    2    0.055    2    1   1    1.34
31    2    0.055    2    1   1    2.01
32    1    0.051    1    1   1    4.44
33    2    -0.051    2    1   0    4.20
34    2    0.060    2    1   1    2.23
35    2    -0.060    1    2   1    0.77
36    1    -0.055    2    2   1    1.64
37    2    0.055    2    1   1    2.86
38    1    0.051    1    1   1    2.30
39    1    -0.051    2    2   1    2.61
40    1    -0.046    2    2   1    4.05
41    1    -0.046    2    2   1    1.74
42    1    0.042    1    1   1    2.47
43    1    -0.042    2    2   1    4.10
44    2    0.037    2    1   1    3.26
45    1    0.037    2    2   0    1.65
46    1    0.046    2    2   0    3.81
47    2    0.055    2    1   1    1.57
48    2    0.055    2    1   1    1.93
49    1    0.051    1    1   1    3.04
50    2    -0.051    1    2   1    2.14
-------------------------
Final staircase threshold estimate (mean) is 0.0462
-------------------------
46    1    -0.115    2    2   1    2.36
101    2    -0.115    1    2   1    0.65
115    2    0.115    2    1   1    0.99
8    1    0.000    1    1   1    1.24
37    1    -0.046    2    2   1    0.63
72    1    -0.046    2    2   1    0.46
63    1    0.000    2    2   0    0.87
17    1    -0.046    2    2   1    0.63
70    1    0.115    1    1   1    0.99
78    2    0.000    2    1   1    0.93
130    2    0.115    2    1   1    1.14
47    1    -0.046    2    2   1    1.79
60    1    0.115    1    1   1    0.51
58    1    0.000    2    2   0    1.07
52    1    -0.046    2    2   1    1.44
100    2    0.115    2    1   1    0.73
25    1    0.115    1    1   1    0.68
27    1    -0.046    2    2   1    0.90
94    2    0.046    2    1   1    0.78
149    2    0.046    1    2   0    0.67
56    1    -0.115    2    2   1    0.74
39    1    0.046    1    1   1    1.13
73    1    0.000    2    2   0    0.71
128    2    0.000    1    2   0    0.89
12    1    -0.046    2    2   1    0.94
50    1    0.115    2    2   0    0.79
20    1    0.115    2    2   0    1.44
143    2    0.000    1    2   0    1.65
54    1    0.046    1    1   1    0.56
53    1    0.000    1    1   1    0.60
89    2    0.046    2    1   1    0.67
11    1    -0.115    2    2   1    0.80
23    1    0.000    2    2   0    0.65
81    2    -0.115    1    2   1    0.53
106    2    -0.115    1    2   1    0.52
103    2    0.000    2    1   1    0.51
71    1    -0.115    2    2   1    0.59
93    2    0.000    2    1   1    0.74
4    1    0.046    2    2   0    1.16
55    1    0.115    1    1   1    0.54
64    1    0.046    2    2   0    0.51
57    1    -0.046    2    2   1    0.57
18    1    0.000    1    1   1    0.60
34    1    0.046    2    2   0    1.43
9    1    0.046    2    2   0    0.65
43    1    0.000    1    1   1    0.57
96    2    -0.115    1    2   1    0.71
29    1    0.046    2    2   0    0.88
119    2    0.046    2    1   1    1.26
123    2    0.000    1    2   0    0.67
141    2    -0.115    1    2   1    0.54
62    1    -0.046    2    2   1    1.25
51    1    -0.115    2    2   1    0.61
131    2    -0.115    1    2   1    0.51
137    2    -0.046    1    2   1    0.66
86    2    -0.115    1    2   1    0.51
116    2    -0.115    1    2   1    0.61
35    1    0.115    2    2   0    1.06
19    1    0.046    2    2   0    0.83
142    2    -0.046    1    2   1    0.55
87    2    -0.046    1    2   1    0.59
95    2    0.115    2    1   1    0.52
135    2    0.115    2    1   1    0.55
32    1    -0.046    2    2   1    0.55
1    1    -0.115    1    1   0    0.52
31    1    -0.115    2    2   1    0.57
91    2    -0.115    1    2   1    0.58
118    2    0.000    2    1   1    0.95
82    2    -0.046    2    1   0    0.72
67    1    -0.046    1    1   0    0.60
112    2    -0.046    2    1   0    0.64
147    2    -0.046    2    1   0    0.55
102    2    -0.046    1    2   1    0.56
88    2    0.000    2    1   1    0.47
114    2    0.046    2    1   1    0.49
77    2    -0.046    2    1   0    0.49
41    1    -0.115    2    2   1    0.55
28    1    0.000    2    2   0    0.76
15    1    0.115    1    1   1    0.59
124    2    0.046    1    2   0    0.62
109    2    0.046    2    1   1    0.61
148    2    0.000    2    1   1    0.56
44    1    0.046    1    1   1    0.59
14    1    0.046    1    1   1    0.54
117    2    -0.046    2    1   0    0.47
92    2    -0.046    2    1   0    0.49
49    1    0.046    1    1   1    0.28
129    2    0.046    2    1   1    0.60
16    1    -0.115    2    2   1    0.58
10    1    0.115    2    2   0    0.69
132    2    -0.046    2    1   0    2.01
40    1    0.115    1    1   1    0.44
127    2    -0.046    2    1   0    0.52
99    2    0.046    2    1   1    0.68
42    1    -0.046    1    1   0    0.50
68    1    0.000    2    2   0    0.43
2    1    -0.046    1    1   0    0.53
13    1    0.000    2    2   0    0.47
21    1    -0.115    2    2   1    0.48
84    2    0.046    2    1   1    0.51
74    1    0.046    2    2   0    0.50
75    2    0.115    2    1   1    0.49
113    2    0.000    1    2   0    0.77
24    1    0.046    2    2   0    0.53
65    1    0.115    2    2   0    0.47
6    1    -0.115    2    2   1    0.56
90    2    0.115    1    2   0    0.58
136    2    -0.115    2    1   0    0.43
98    2    0.000    2    1   1    0.73
144    2    0.046    2    1   1    0.68
97    2    -0.046    1    2   1    0.85
66    1    -0.115    2    2   1    0.61
80    2    0.115    2    1   1    0.56
107    2    -0.046    2    1   0    0.58
30    1    0.115    1    1   1    0.51
134    2    0.046    2    1   1    0.39
45    1    0.115    2    2   0    0.40
121    2    -0.115    2    1   0    0.53
26    1    -0.115    2    2   1    0.43
5    1    0.115    2    2   0    0.43
85    2    0.115    2    1   1    0.55
122    2    -0.046    2    1   0    0.54
22    1    -0.046    2    2   1    0.48
140    2    0.115    1    2   0    0.46
125    2    0.115    2    1   1    0.51
33    1    0.000    1    1   1    1.14
76    2    -0.115    2    1   0    0.52
145    2    0.115    2    1   1    0.53
110    2    0.115    1    2   0    0.33
59    1    0.046    2    2   0    0.41
69    1    0.046    2    2   0    0.70
108    2    0.000    2    1   1    0.58
150    2    0.115    1    2   0    0.52
146    2    -0.115    1    2   1    0.66
79    2    0.046    2    1   1    0.59
61    1    -0.115    2    2   1    0.58
126    2    -0.115    2    1   0    0.52
133    2    0.000    1    2   0    0.94
120    2    0.115    2    1   1    0.49
104    2    0.046    2    1   1    0.40
111    2    -0.115    2    1   0    1.49
7    1    -0.046    2    2   1    0.91
36    1    -0.115    2    2   1    0.48
138    2    0.000    2    1   1    0.50
3    1    0.000    1    1   1    1.28
38    1    0.000    2    2   0    1.15
48    1    0.000    2    2   0    0.61
105    2    0.115    1    2   0    0.74
83    2    0.000    2    1   1    0.51
139    2    0.046    1    2   0    0.50
