--------------------------------
24-Mar-2015 20:04:47 
data from observer T19 
#occlusion2 expt 
reference disparity (degrees) 0.160000 

stim order disp kresp testresp correct time
1    1    -0.074    1    1   1    1.30
2    1    -0.069    1    1   1    4.83
3    1    -0.065    2    2   0    2.02
4    1    -0.074    1    1   1    1.82
5    2    -0.074    2    1   1    2.57
6    1    -0.069    1    1   1    0.63
7    1    -0.069    1    1   1    0.60
8    1    -0.065    2    2   0    1.34
9    1    0.074    2    2   1    1.87
10    2    -0.074    2    1   1    0.81
11    2    -0.069    1    2   0    0.64
12    2    0.079    2    1   0    3.12
13    1    0.088    1    1   0    0.68
14    1    0.097    1    1   0    1.56
15    2    0.106    1    2   1    0.65
16    1    -0.106    1    1   1    1.14
17    1    -0.102    1    1   1    0.77
18    1    0.102    2    2   1    1.50
19    1    -0.097    1    1   1    1.16
20    2    0.097    1    2   1    0.70
21    1    -0.092    1    1   1    0.53
22    1    0.092    2    2   1    1.31
23    1    0.088    2    2   1    1.72
24    2    0.088    1    2   1    0.47
25    2    0.083    2    1   0    0.51
26    2    0.092    1    2   1    0.44
27    2    -0.092    2    1   1    1.49
28    2    -0.088    1    2   0    0.42
29    2    0.097    1    2   1    0.76
30    1    -0.097    1    1   1    0.51
31    1    0.092    2    2   1    0.97
32    2    0.092    1    2   1    0.50
33    2    -0.088    2    1   1    0.69
34    2    0.088    1    2   1    0.54
35    2    -0.083    2    1   1    0.75
36    2    0.083    1    2   1    1.05
37    1    0.079    2    2   1    0.61
38    2    0.079    1    2   1    0.71
39    1    0.074    2    2   1    0.77
40    2    -0.074    2    1   1    1.03
41    2    -0.069    2    1   1    1.00
42    1    0.069    2    2   1    0.63
43    2    -0.065    2    1   1    0.86
44    1    0.065    2    2   1    0.77
45    2    -0.060    2    1   1    0.66
46    2    0.060    1    2   1    0.72
47    1    0.055    2    2   1    0.54
48    2    -0.055    2    1   1    0.72
49    2    0.051    1    2   1    0.50
50    2    -0.051    2    1   1    0.63
-------------------------
Final staircase threshold estimate (mean) is 0.0600
-------------------------
119    2    0.060    2    1   1    3.26
16    1    -0.148    1    1   0    0.69
10    1    0.148    2    2   0    1.11
5    1    0.148    2    2   0    0.70
87    2    -0.060    2    1   0    0.52
92    2    -0.060    2    1   0    1.06
67    1    -0.060    1    1   0    0.55
98    2    0.000    1    2   0    2.39
133    2    0.000    2    1   1    0.50
79    2    0.060    1    2   0    0.48
100    2    0.148    2    1   1    0.56
64    1    0.060    2    2   0    0.77
41    1    -0.148    1    1   0    0.41
31    1    -0.148    1    1   0    0.58
82    2    -0.060    2    1   0    0.67
113    2    0.000    2    1   1    0.52
120    2    0.148    1    2   0    0.51
141    2    -0.148    2    1   0    0.51
78    2    0.000    2    1   1    0.53
84    2    0.060    2    1   1    0.72
28    1    0.000    2    2   0    0.52
114    2    0.060    1    2   0    0.43
32    1    -0.060    2    2   1    0.48
3    1    0.000    2    2   0    0.48
54    1    0.060    2    2   0    0.49
56    1    -0.148    1    1   0    0.78
49    1    0.060    2    2   0    0.53
142    2    -0.060    2    1   0    0.47
126    2    -0.148    2    1   0    0.44
93    2    0.000    2    1   1    0.44
6    1    -0.148    2    2   1    0.64
70    1    0.148    2    2   0    0.73
135    2    0.148    1    2   0    0.45
145    2    0.148    1    2   0    0.48
69    1    0.060    2    2   0    0.46
96    2    -0.148    1    2   1    0.35
146    2    -0.148    2    1   0    0.57
39    1    0.060    2    2   0    0.45
36    1    -0.148    1    1   0    0.70
107    2    -0.060    2    1   0    0.47
143    2    0.000    2    1   1    0.48
45    1    0.148    2    2   0    0.49
33    1    0.000    2    2   0    0.55
14    1    0.060    2    2   0    2.22
110    2    0.148    1    2   0    0.40
18    1    0.000    2    2   0    0.63
22    1    -0.060    1    1   0    0.51
101    2    -0.148    2    1   0    0.45
19    1    0.060    2    2   0    0.67
136    2    -0.148    2    1   0    0.48
9    1    0.060    2    2   0    0.51
91    2    -0.148    2    1   0    0.46
43    1    0.000    2    2   0    0.42
75    2    0.148    1    2   0    0.59
71    1    -0.148    2    2   1    0.41
61    1    -0.148    1    1   0    0.45
105    2    0.148    2    1   1    0.44
68    1    0.000    2    2   0    0.47
48    1    0.000    2    2   0    0.49
47    1    -0.060    2    2   1    0.49
57    1    -0.060    1    1   0    0.48
139    2    0.060    2    1   1    0.42
65    1    0.148    2    2   0    0.44
115    2    0.148    1    2   0    0.70
24    1    0.060    2    2   0    0.60
34    1    0.060    2    2   0    0.54
4    1    0.060    2    2   0    0.50
59    1    0.060    2    2   0    0.51
90    2    0.148    1    2   0    0.41
144    2    0.060    2    1   1    0.43
76    2    -0.148    2    1   0    0.61
12    1    -0.060    2    2   1    0.47
134    2    0.060    2    1   1    0.46
73    1    0.000    2    2   0    0.44
103    2    0.000    2    1   1    0.42
140    2    0.148    2    1   1    0.56
127    2    -0.060    2    1   0    0.61
17    1    -0.060    2    2   1    0.50
53    1    0.000    1    1   1    0.48
129    2    0.060    1    2   0    0.53
35    1    0.148    2    2   0    0.59
104    2    0.060    1    2   0    0.47
137    2    -0.060    2    1   0    0.55
131    2    -0.148    2    1   0    0.48
25    1    0.148    2    2   0    0.40
94    2    0.060    1    2   0    0.44
148    2    0.000    2    1   1    0.43
63    1    0.000    2    2   0    0.39
95    2    0.148    2    1   1    0.47
55    1    0.148    1    1   1    1.24
40    1    0.148    2    2   0    0.47
27    1    -0.060    1    1   0    0.44
130    2    0.148    1    2   0    0.58
150    2    0.148    2    1   1    0.44
86    2    -0.148    1    2   1    0.81
23    1    0.000    2    2   0    0.48
108    2    0.000    1    2   0    0.82
102    2    -0.060    2    1   0    0.47
83    2    0.000    2    1   1    0.52
97    2    -0.060    2    1   0    0.48
117    2    -0.060    1    2   1    0.94
7    1    -0.060    2    2   1    1.43
44    1    0.060    2    2   0    0.53
42    1    -0.060    1    1   0    0.63
118    2    0.000    2    1   1    1.06
46    1    -0.148    1    1   0    0.51
116    2    -0.148    2    1   0    0.57
15    1    0.148    1    1   1    0.64
1    1    -0.148    2    2   1    0.73
85    2    0.148    1    2   0    0.41
62    1    -0.060    2    2   1    0.39
80    2    0.148    1    2   0    0.45
50    1    0.148    2    2   0    0.41
30    1    0.148    2    2   0    0.56
132    2    -0.060    2    1   0    0.57
138    2    0.000    1    2   0    0.47
123    2    0.000    1    2   0    0.51
21    1    -0.148    2    2   1    1.02
121    2    -0.148    1    2   1    1.44
106    2    -0.148    2    1   0    0.48
112    2    -0.060    2    1   0    0.74
128    2    0.000    1    2   0    0.49
38    1    0.000    2    2   0    0.40
88    2    0.000    2    1   1    0.41
74    1    0.060    2    2   0    0.46
111    2    -0.148    2    1   0    0.60
51    1    -0.148    2    2   1    1.91
37    1    -0.060    1    1   0    0.50
29    1    0.060    2    2   0    0.51
122    2    -0.060    1    2   1    0.48
58    1    0.000    2    2   0    0.49
8    1    0.000    2    2   0    2.01
147    2    -0.060    2    1   0    0.49
11    1    -0.148    1    1   0    0.43
13    1    0.000    1    1   1    1.17
2    1    -0.060    1    1   0    0.91
125    2    0.148    1    2   0    0.82
109    2    0.060    1    2   0    0.65
72    1    -0.060    1    1   0    0.56
66    1    -0.148    2    2   1    0.87
60    1    0.148    2    2   0    0.49
52    1    -0.060    2    2   1    1.33
81    2    -0.148    2    1   0    0.59
149    2    0.060    1    2   0    0.47
99    2    0.060    1    2   0    1.16
124    2    0.060    1    2   0    0.54
77    2    -0.060    2    1   0    0.76
20    1    0.148    2    2   0    0.46
26    1    -0.148    2    2   1    1.36
89    2    0.060    1    2   0    0.53
