--------------------------------
24-Mar-2015 19:20:43 
data from observer T19 
#occlusion2 expt 
reference disparity (degrees) 0.160000 

stim order disp kresp testresp correct time
1    2    -0.074    2    1   0    4.54
2    1    0.083    2    2   0    0.89
3    2    -0.092    2    1   0    0.48
4    2    0.102    2    1   1    1.22
5    1    0.097    1    1   1    1.01
6    1    -0.097    2    2   1    0.54
7    1    0.092    2    2   0    0.50
8    1    -0.102    2    2   1    0.44
9    1    -0.102    2    2   1    0.53
10    1    -0.097    2    2   1    0.52
11    1    0.097    2    2   0    1.56
12    1    -0.106    2    2   1    1.59
13    2    0.106    2    1   1    0.69
14    1    -0.102    2    2   1    0.65
15    2    0.102    2    1   1    0.66
16    2    0.097    2    1   1    0.59
17    2    -0.097    1    2   1    0.62
18    1    0.092    1    1   1    0.59
19    2    0.092    1    2   0    0.71
20    2    -0.102    2    1   0    0.45
21    2    0.111    2    1   1    0.64
22    2    0.111    2    1   1    0.51
23    1    -0.106    2    2   1    1.29
24    1    -0.106    2    2   1    0.59
25    2    0.102    2    1   1    0.52
26    1    -0.102    2    2   1    0.38
27    1    -0.097    2    2   1    0.44
28    1    0.097    2    2   0    0.54
29    1    0.106    2    2   0    0.44
30    1    0.115    2    2   0    0.59
31    2    -0.125    1    2   1    0.63
32    2    0.125    1    2   0    0.94
33    2    -0.134    1    2   1    1.56
34    2    -0.134    1    2   1    1.63
35    1    -0.129    2    2   1    1.26
36    2    -0.129    2    1   0    0.91
37    1    -0.139    1    1   0    1.52
38    1    -0.148    2    2   1    0.87
39    1    0.148    1    1   1    0.70
40    2    -0.143    1    2   1    0.52
41    1    0.143    2    2   0    1.86
42    1    0.148    2    2   0    1.33
43    1    -0.148    2    2   1    1.88
44    2    0.148    2    1   1    1.28
45    2    0.143    2    1   1    0.77
46    2    0.143    2    1   1    0.65
47    2    -0.139    1    2   1    1.93
48    1    0.139    2    2   0    1.63
49    2    0.148    2    1   1    0.63
50    1    -0.148    2    2   1    1.57
-------------------------
Final staircase threshold estimate (mean) is 0.1445
-------------------------
80    2    0.148    2    1   1    4.55
81    2    -0.148    1    2   1    2.05
47    1    -0.143    2    2   1    2.08
147    2    -0.143    1    2   1    1.09
140    2    0.148    2    1   1    0.79
130    2    0.148    1    2   0    1.45
84    2    0.143    2    1   1    0.77
10    1    0.148    1    1   1    0.57
144    2    0.143    2    1   1    1.54
51    1    -0.148    2    2   1    1.47
117    2    -0.143    1    2   1    0.63
60    1    0.148    1    1   1    0.71
38    1    0.000    2    2   0    0.65
8    1    0.000    1    1   1    0.50
102    2    -0.143    1    2   1    1.12
116    2    -0.148    2    1   0    0.79
82    2    -0.143    1    2   1    0.93
143    2    0.000    2    1   1    0.92
41    1    -0.148    2    2   1    0.89
93    2    0.000    1    2   0    0.86
124    2    0.143    2    1   1    1.51
149    2    0.143    2    1   1    1.19
6    1    -0.148    2    2   1    0.66
46    1    -0.148    2    2   1    1.03
53    1    0.000    1    1   1    1.10
29    1    0.143    1    1   1    0.64
61    1    -0.148    2    2   1    1.01
43    1    0.000    1    1   1    0.85
13    1    0.000    2    2   0    0.78
34    1    0.143    1    1   1    0.59
33    1    0.000    1    1   1    1.06
115    2    0.148    2    1   1    0.68
132    2    -0.143    1    2   1    0.48
119    2    0.143    2    1   1    0.56
138    2    0.000    1    2   0    0.58
146    2    -0.148    1    2   1    0.48
2    1    -0.143    2    2   1    0.81
56    1    -0.148    2    2   1    0.68
25    1    0.148    1    1   1    0.50
22    1    -0.143    2    2   1    0.49
83    2    0.000    1    2   0    0.48
103    2    0.000    1    2   0    1.62
89    2    0.143    2    1   1    0.60
71    1    -0.148    2    2   1    1.19
3    1    0.000    1    1   1    0.59
90    2    0.148    2    1   1    0.46
92    2    -0.143    1    2   1    0.52
86    2    -0.148    2    1   0    2.03
20    1    0.148    2    2   0    0.87
32    1    -0.143    2    2   1    0.82
73    1    0.000    2    2   0    0.81
96    2    -0.148    1    2   1    0.62
125    2    0.148    2    1   1    0.68
28    1    0.000    1    1   1    0.60
4    1    0.143    2    2   0    0.99
19    1    0.143    2    2   0    1.26
50    1    0.148    1    1   1    0.58
85    2    0.148    2    1   1    0.57
66    1    -0.148    2    2   1    0.57
139    2    0.143    2    1   1    0.47
26    1    -0.148    2    2   1    0.45
36    1    -0.148    2    2   1    0.52
137    2    -0.143    1    2   1    0.57
108    2    0.000    1    2   0    1.33
104    2    0.143    2    1   1    0.63
99    2    0.143    2    1   1    0.79
9    1    0.143    1    1   1    0.54
112    2    -0.143    1    2   1    0.55
24    1    0.143    1    1   1    0.69
110    2    0.148    2    1   1    0.60
107    2    -0.143    1    2   1    0.48
100    2    0.148    2    1   1    0.50
129    2    0.143    2    1   1    0.49
114    2    0.143    2    1   1    0.45
21    1    -0.148    2    2   1    0.47
113    2    0.000    2    1   1    0.51
65    1    0.148    1    1   1    0.61
94    2    0.143    2    1   1    0.45
35    1    0.148    1    1   1    0.47
70    1    0.148    1    1   1    1.58
133    2    0.000    2    1   1    0.63
55    1    0.148    1    1   1    1.01
87    2    -0.143    1    2   1    0.80
45    1    0.148    1    1   1    0.97
15    1    0.148    2    2   0    1.13
17    1    -0.143    2    2   1    0.57
74    1    0.143    1    1   1    0.80
31    1    -0.148    2    2   1    0.56
52    1    -0.143    2    2   1    0.50
105    2    0.148    2    1   1    0.60
136    2    -0.148    1    2   1    1.05
44    1    0.143    2    2   0    1.31
135    2    0.148    2    1   1    0.59
141    2    -0.148    2    1   0    0.87
67    1    -0.143    2    2   1    0.54
131    2    -0.148    1    2   1    2.33
98    2    0.000    2    1   1    1.28
127    2    -0.143    2    1   0    1.07
69    1    0.143    1    1   1    0.60
40    1    0.148    1    1   1    0.71
14    1    0.143    1    1   1    1.11
97    2    -0.143    1    2   1    0.58
63    1    0.000    2    2   0    0.57
12    1    -0.143    2    2   1    0.55
27    1    -0.143    2    2   1    0.47
72    1    -0.143    1    1   0    0.63
5    1    0.148    1    1   1    0.64
121    2    -0.148    1    2   1    0.93
134    2    0.143    2    1   1    0.47
54    1    0.143    1    1   1    0.54
62    1    -0.143    2    2   1    1.32
37    1    -0.143    1    1   0    0.80
109    2    0.143    2    1   1    1.62
11    1    -0.148    1    1   0    0.76
58    1    0.000    1    1   1    0.52
49    1    0.143    1    1   1    0.54
48    1    0.000    1    1   1    0.66
64    1    0.143    1    1   1    0.57
148    2    0.000    1    2   0    0.50
79    2    0.143    2    1   1    0.64
76    2    -0.148    1    2   1    0.59
39    1    0.143    1    1   1    1.48
16    1    -0.148    2    2   1    0.82
68    1    0.000    1    1   1    1.01
30    1    0.148    1    1   1    0.52
95    2    0.148    2    1   1    0.49
42    1    -0.143    1    1   0    0.48
91    2    -0.148    2    1   0    1.27
111    2    -0.148    1    2   1    0.45
120    2    0.148    2    1   1    1.16
7    1    -0.143    2    2   1    0.86
122    2    -0.143    1    2   1    0.56
106    2    -0.148    2    1   0    0.57
150    2    0.148    2    1   1    0.76
145    2    0.148    2    1   1    0.47
59    1    0.143    1    1   1    0.62
75    2    0.148    2    1   1    0.55
118    2    0.000    2    1   1    1.26
1    1    -0.148    2    2   1    0.54
128    2    0.000    1    2   0    0.65
77    2    -0.143    1    2   1    0.64
18    1    0.000    2    2   0    0.87
57    1    -0.143    2    2   1    0.49
88    2    0.000    2    1   1    1.80
23    1    0.000    1    1   1    1.14
123    2    0.000    2    1   1    0.74
78    2    0.000    2    1   1    0.70
101    2    -0.148    1    2   1    0.73
142    2    -0.143    1    2   1    0.66
126    2    -0.148    1    2   1    0.76
