--------------------------------
24-Mar-2015 20:16:15 
data from observer T19 
#occlusion2 expt 
reference disparity (degrees) 0.160000 

stim order disp kresp testresp correct time
1    2    0.074    2    1   0    5.66
2    1    -0.083    1    1   1    0.70
3    1    0.079    2    2   1    0.51
4    2    0.079    1    2   1    0.80
5    2    -0.074    1    2   0    0.59
6    1    -0.083    2    2   0    0.96
7    1    0.092    2    2   1    0.61
8    2    -0.092    2    1   1    0.62
9    1    0.088    2    2   1    2.39
10    2    0.088    1    2   1    0.52
11    1    -0.083    1    1   1    1.39
12    1    0.083    2    2   1    0.64
13    2    0.079    1    2   1    0.44
14    1    -0.079    1    1   1    0.62
15    2    -0.074    2    1   1    0.58
16    1    -0.074    1    1   1    0.46
17    1    -0.069    2    2   0    0.58
18    1    0.079    1    1   0    0.43
19    2    0.088    2    1   0    0.41
20    1    -0.097    1    1   1    0.48
21    2    0.097    1    2   1    0.55
22    1    -0.092    1    1   1    0.53
23    1    0.092    2    2   1    0.41
24    2    0.088    2    1   0    0.61
25    1    -0.097    1    1   1    0.37
26    1    -0.097    2    2   0    0.72
27    2    -0.106    2    1   1    0.58
28    2    0.106    1    2   1    0.63
29    2    -0.102    2    1   1    0.44
30    2    -0.102    1    2   0    0.42
31    1    -0.111    2    2   0    0.50
32    1    0.120    1    1   0    0.50
33    2    -0.129    2    1   1    0.67
34    2    0.129    1    2   1    0.52
35    2    0.125    2    1   0    0.46
36    1    0.134    2    2   1    0.55
37    1    -0.134    1    1   1    0.62
38    2    -0.129    2    1   1    0.67
39    2    0.129    1    2   1    0.47
40    2    0.125    1    2   1    0.50
41    1    0.125    2    2   1    0.46
42    2    -0.120    2    1   1    1.22
43    1    0.120    2    2   1    0.61
44    2    -0.115    1    2   0    0.44
45    2    -0.125    2    1   1    0.45
46    2    -0.125    1    2   0    1.06
47    2    0.134    1    2   1    0.55
48    1    -0.134    2    2   0    1.31
49    1    0.143    1    1   0    1.20
50    1    0.148    2    2   1    0.51
-------------------------
Final staircase threshold estimate (mean) is 0.1288
-------------------------
57    1    -0.129    2    2   1    2.75
47    1    -0.129    2    2   1    1.29
64    1    0.129    1    1   1    1.55
67    1    -0.129    2    2   1    0.85
87    2    -0.129    2    1   0    0.88
9    1    0.129    2    2   0    1.60
44    1    0.129    2    2   0    0.96
111    2    -0.148    1    2   1    0.58
54    1    0.129    2    2   0    0.54
131    2    -0.148    2    1   0    0.57
25    1    0.148    2    2   0    1.10
109    2    0.129    2    1   1    0.57
15    1    0.148    2    2   0    0.78
66    1    -0.148    2    2   1    2.02
35    1    0.148    2    2   0    2.10
22    1    -0.129    2    2   1    0.86
81    2    -0.148    2    1   0    1.48
84    2    0.129    1    2   0    1.36
99    2    0.129    1    2   0    0.88
135    2    0.148    1    2   0    2.16
1    1    -0.148    2    2   1    0.79
19    1    0.129    2    2   0    0.56
107    2    -0.129    2    1   0    0.52
21    1    -0.148    1    1   0    0.49
7    1    -0.129    1    1   0    0.88
10    1    0.148    2    2   0    0.59
100    2    0.148    1    2   0    0.56
144    2    0.129    1    2   0    0.52
29    1    0.129    2    2   0    0.44
18    1    0.000    2    2   0    0.51
6    1    -0.148    2    2   1    0.40
147    2    -0.129    2    1   0    0.48
103    2    0.000    2    1   1    0.49
71    1    -0.148    1    1   0    0.48
139    2    0.129    2    1   1    0.58
88    2    0.000    2    1   1    0.89
40    1    0.148    2    2   0    0.61
4    1    0.129    2    2   0    0.52
140    2    0.148    1    2   0    0.63
105    2    0.148    1    2   0    0.79
116    2    -0.148    2    1   0    0.89
23    1    0.000    2    2   0    0.69
104    2    0.129    1    2   0    0.55
42    1    -0.129    2    2   1    0.37
53    1    0.000    2    2   0    0.68
33    1    0.000    2    2   0    0.52
150    2    0.148    1    2   0    0.48
62    1    -0.129    2    2   1    0.46
24    1    0.129    1    1   1    0.52
89    2    0.129    2    1   1    0.30
60    1    0.148    1    1   1    0.41
92    2    -0.129    2    1   0    0.39
138    2    0.000    1    2   0    1.13
146    2    -0.148    1    2   1    0.53
65    1    0.148    2    2   0    0.37
95    2    0.148    1    2   0    0.43
37    1    -0.129    2    2   1    0.46
129    2    0.129    1    2   0    0.53
114    2    0.129    2    1   1    0.31
63    1    0.000    2    2   0    0.58
106    2    -0.148    2    1   0    0.71
121    2    -0.148    2    1   0    0.58
52    1    -0.129    1    1   0    0.54
34    1    0.129    2    2   0    0.41
61    1    -0.148    1    1   0    0.41
123    2    0.000    2    1   1    0.36
77    2    -0.129    2    1   0    0.56
74    1    0.129    1    1   1    0.46
145    2    0.148    2    1   1    0.31
5    1    0.148    1    1   1    0.50
127    2    -0.129    2    1   0    0.44
27    1    -0.129    1    1   0    0.46
68    1    0.000    1    1   1    0.49
134    2    0.129    1    2   0    0.63
125    2    0.148    1    2   0    0.53
83    2    0.000    2    1   1    2.02
12    1    -0.129    1    1   0    0.53
141    2    -0.148    2    1   0    0.52
13    1    0.000    1    1   1    0.52
118    2    0.000    1    2   0    0.59
41    1    -0.148    1    1   0    0.68
115    2    0.148    1    2   0    0.56
69    1    0.129    2    2   0    0.45
119    2    0.129    1    2   0    0.43
101    2    -0.148    2    1   0    0.65
124    2    0.129    1    2   0    0.45
90    2    0.148    2    1   1    1.22
96    2    -0.148    2    1   0    0.64
20    1    0.148    2    2   0    0.46
59    1    0.129    2    2   0    0.80
31    1    -0.148    1    1   0    0.54
79    2    0.129    1    2   0    0.60
38    1    0.000    2    2   0    0.42
58    1    0.000    1    1   1    0.36
26    1    -0.148    2    2   1    0.31
142    2    -0.129    1    2   1    0.47
50    1    0.148    2    2   0    0.56
93    2    0.000    1    2   0    0.46
73    1    0.000    2    2   0    0.40
126    2    -0.148    2    1   0    0.63
137    2    -0.129    2    1   0    1.45
72    1    -0.129    1    1   0    0.60
133    2    0.000    2    1   1    0.46
39    1    0.129    1    1   1    0.41
70    1    0.148    2    2   0    0.44
32    1    -0.129    1    1   0    0.57
108    2    0.000    2    1   1    0.39
2    1    -0.129    2    2   1    0.65
148    2    0.000    2    1   1    0.65
117    2    -0.129    2    1   0    0.66
78    2    0.000    1    2   0    0.72
102    2    -0.129    2    1   0    0.45
46    1    -0.148    2    2   1    0.82
76    2    -0.148    2    1   0    0.49
112    2    -0.129    2    1   0    0.47
128    2    0.000    1    2   0    0.54
149    2    0.129    2    1   1    0.41
3    1    0.000    1    1   1    0.43
43    1    0.000    2    2   0    0.36
8    1    0.000    2    2   0    0.55
136    2    -0.148    2    1   0    0.47
86    2    -0.148    1    2   1    0.49
120    2    0.148    2    1   1    0.35
113    2    0.000    2    1   1    0.60
143    2    0.000    2    1   1    0.52
49    1    0.129    1    1   1    0.69
82    2    -0.129    2    1   0    0.31
56    1    -0.148    1    1   0    0.54
98    2    0.000    2    1   1    0.43
16    1    -0.148    2    2   1    0.53
122    2    -0.129    2    1   0    0.46
36    1    -0.148    1    1   0    0.51
51    1    -0.148    1    1   0    0.69
48    1    0.000    2    2   0    0.38
110    2    0.148    1    2   0    0.54
17    1    -0.129    2    2   1    0.40
75    2    0.148    2    1   1    0.83
97    2    -0.129    1    2   1    0.48
130    2    0.148    2    1   1    0.41
30    1    0.148    2    2   0    0.61
91    2    -0.148    2    1   0    0.51
14    1    0.129    1    1   1    0.69
85    2    0.148    2    1   1    0.41
94    2    0.129    1    2   0    0.53
11    1    -0.148    1    1   0    0.76
80    2    0.148    1    2   0    0.57
28    1    0.000    1    1   1    0.57
45    1    0.148    2    2   0    0.43
55    1    0.148    2    2   0    0.70
132    2    -0.129    2    1   0    0.47
