--------------------------------
25-Mar-2015 17:51:18 
data from observer T20 
#occlusion2 expt 
reference disparity (degrees) 0.160000 

stim order disp kresp testresp correct time
1    2    0.074    1    2   1    3.89
2    1    -0.069    1    1   1    0.85
3    1    0.065    2    2   1    0.97
4    2    -0.060    2    1   1    0.62
5    1    0.055    2    2   1    0.49
6    2    0.051    1    2   1    0.97
7    2    -0.046    2    1   1    0.55
8    2    0.042    1    2   1    0.58
9    1    -0.037    1    1   1    0.62
10    2    0.032    1    2   1    0.53
11    2    0.028    1    2   1    0.59
12    2    -0.023    2    1   1    1.95
13    2    0.018    1    2   1    3.64
14    1    -0.014    1    1   1    0.75
15    1    -0.009    1    1   1    2.12
16    1    -0.005    1    1   1    2.13
17    1    -0.005    1    1   1    1.10
18    2    -0.005    2    1   1    0.86
19    1    -0.005    1    1   1    0.53
20    1    0.005    1    1   0    0.92
21    2    0.014    1    2   1    0.63
22    2    0.014    1    2   1    1.56
23    1    -0.009    1    1   1    2.47
24    2    0.009    1    2   1    1.20
25    1    0.005    2    2   1    4.06
26    2    0.005    1    2   1    1.50
27    1    0.005    2    2   1    0.99
28    2    -0.005    2    1   1    1.80
29    2    -0.005    2    1   1    1.56
30    1    0.005    2    2   1    0.86
31    2    0.005    1    2   1    3.03
32    1    -0.005    1    1   1    0.63
33    2    0.005    1    2   1    2.10
34    1    -0.005    1    1   1    0.92
35    2    -0.005    2    1   1    0.73
36    1    -0.005    1    1   1    0.82
37    2    0.005    1    2   1    0.72
38    2    0.005    1    2   1    3.77
39    1    -0.005    1    1   1    1.83
40    2    -0.005    2    1   1    0.65
41    2    0.005    2    1   0    0.52
42    1    -0.014    1    1   1    0.68
43    1    0.014    2    2   1    0.56
44    2    0.009    1    2   1    1.15
45    1    0.009    2    2   1    0.83
46    2    0.005    1    2   1    0.88
47    2    -0.005    2    1   1    1.05
48    2    0.005    1    2   1    0.50
49    2    0.005    1    2   1    0.64
50    2    -0.005    2    1   1    1.33
-------------------------
Final staircase threshold estimate (mean) is 0.0074
-------------------------
141    2    -0.018    2    1   0    2.52
130    2    0.018    1    2   0    0.65
25    1    0.018    2    2   0    0.52
15    1    0.018    2    2   0    0.83
65    1    0.018    2    2   0    0.49
86    2    -0.018    2    1   0    0.46
107    2    -0.009    2    1   0    0.97
99    2    0.009    1    2   0    0.81
73    1    0.000    1    1   1    2.95
138    2    0.000    1    2   0    1.87
137    2    -0.009    2    1   0    0.61
145    2    0.018    1    2   0    0.77
54    1    0.009    2    2   0    0.61
51    1    -0.018    1    1   0    0.59
93    2    0.000    1    2   0    2.28
104    2    0.009    1    2   0    0.69
146    2    -0.018    2    1   0    0.82
101    2    -0.018    2    1   0    0.57
13    1    0.000    2    2   0    0.49
39    1    0.009    2    2   0    0.44
78    2    0.000    2    1   1    0.42
52    1    -0.009    1    1   0    2.96
53    1    0.000    1    1   1    1.26
4    1    0.009    1    1   1    1.39
37    1    -0.009    2    2   1    0.57
29    1    0.009    2    2   0    0.65
27    1    -0.009    1    1   0    0.80
129    2    0.009    1    2   0    0.89
128    2    0.000    1    2   0    0.61
110    2    0.018    1    2   0    0.53
48    1    0.000    1    1   1    0.70
38    1    0.000    1    1   1    0.87
149    2    0.009    1    2   0    0.91
82    2    -0.009    1    2   1    0.66
140    2    0.018    1    2   0    1.59
42    1    -0.009    1    1   0    0.94
74    1    0.009    2    2   0    5.50
90    2    0.018    1    2   0    0.66
34    1    0.009    1    1   1    2.27
10    1    0.018    2    2   0    0.76
113    2    0.000    1    2   0    1.15
28    1    0.000    1    1   1    1.82
71    1    -0.018    1    1   0    0.65
60    1    0.018    2    2   0    0.95
77    2    -0.009    2    1   0    0.73
36    1    -0.018    1    1   0    0.65
14    1    0.009    2    2   0    0.59
46    1    -0.018    1    1   0    0.55
79    2    0.009    1    2   0    0.57
44    1    0.009    1    1   1    1.79
122    2    -0.009    2    1   0    1.06
89    2    0.009    1    2   0    1.45
118    2    0.000    1    2   0    0.78
117    2    -0.009    2    1   0    0.71
58    1    0.000    1    1   1    0.72
19    1    0.009    2    2   0    0.73
127    2    -0.009    1    2   1    0.70
94    2    0.009    1    2   0    0.72
49    1    0.009    2    2   0    1.16
143    2    0.000    1    2   0    0.69
114    2    0.009    1    2   0    0.72
66    1    -0.018    1    1   0    0.53
47    1    -0.009    1    1   0    0.79
83    2    0.000    1    2   0    0.64
100    2    0.018    1    2   0    0.80
76    2    -0.018    2    1   0    0.55
11    1    -0.018    1    1   0    0.50
95    2    0.018    1    2   0    0.68
67    1    -0.009    1    1   0    0.59
150    2    0.018    1    2   0    0.47
31    1    -0.018    1    1   0    0.46
109    2    0.009    1    2   0    0.47
75    2    0.018    1    2   0    0.42
30    1    0.018    2    2   0    0.57
8    1    0.000    1    1   1    0.55
72    1    -0.009    1    1   0    0.57
135    2    0.018    1    2   0    0.57
87    2    -0.009    2    1   0    0.50
56    1    -0.018    1    1   0    0.47
91    2    -0.018    2    1   0    0.70
123    2    0.000    2    1   1    1.10
111    2    -0.018    2    1   0    0.45
63    1    0.000    1    1   1    0.58
59    1    0.009    2    2   0    0.43
40    1    0.018    2    2   0    0.42
43    1    0.000    2    2   0    0.41
9    1    0.009    2    2   0    2.38
97    2    -0.009    2    1   0    2.18
139    2    0.009    1    2   0    0.63
61    1    -0.018    1    1   0    0.56
2    1    -0.009    1    1   0    1.10
50    1    0.018    2    2   0    0.69
81    2    -0.018    2    1   0    0.55
88    2    0.000    1    2   0    1.95
98    2    0.000    1    2   0    0.87
23    1    0.000    1    1   1    0.66
41    1    -0.018    1    1   0    0.59
1    1    -0.018    1    1   0    0.45
24    1    0.009    2    2   0    0.52
119    2    0.009    1    2   0    0.58
102    2    -0.009    1    2   1    0.52
55    1    0.018    1    1   1    0.65
106    2    -0.018    2    1   0    0.49
112    2    -0.009    2    1   0    2.44
69    1    0.009    2    2   0    0.62
21    1    -0.018    1    1   0    0.56
32    1    -0.009    1    1   0    0.45
136    2    -0.018    2    1   0    0.54
68    1    0.000    2    2   0    0.73
105    2    0.018    1    2   0    0.58
45    1    0.018    2    2   0    0.78
85    2    0.018    1    2   0    0.62
17    1    -0.009    1    1   0    0.52
3    1    0.000    1    1   1    0.45
92    2    -0.009    2    1   0    0.53
142    2    -0.009    1    2   1    0.53
103    2    0.000    1    2   0    0.48
6    1    -0.018    1    1   0    0.57
5    1    0.018    2    2   0    0.63
133    2    0.000    1    2   0    0.68
115    2    0.018    1    2   0    0.57
33    1    0.000    1    1   1    0.64
134    2    0.009    1    2   0    0.71
124    2    0.009    1    2   0    0.87
18    1    0.000    1    1   1    0.97
57    1    -0.009    1    1   0    0.86
16    1    -0.018    1    1   0    0.43
20    1    0.018    2    2   0    0.53
80    2    0.018    1    2   0    0.53
7    1    -0.009    1    1   0    0.58
96    2    -0.018    2    1   0    0.48
26    1    -0.018    1    1   0    0.53
148    2    0.000    2    1   1    0.52
125    2    0.018    1    2   0    0.49
62    1    -0.009    1    1   0    0.84
35    1    0.018    2    2   0    0.48
22    1    -0.009    1    1   0    0.57
121    2    -0.018    2    1   0    0.48
132    2    -0.009    2    1   0    0.67
116    2    -0.018    2    1   0    0.42
126    2    -0.018    2    1   0    0.66
108    2    0.000    2    1   1    0.52
120    2    0.018    1    2   0    0.49
147    2    -0.009    2    1   0    0.78
131    2    -0.018    1    2   1    0.39
64    1    0.009    2    2   0    0.70
144    2    0.009    1    2   0    0.66
12    1    -0.009    1    1   0    0.63
70    1    0.018    2    2   0    0.62
84    2    0.009    2    1   1    0.47
