--------------------------------
25-Mar-2015 17:57:36 
data from observer T20 
#occlusion2 expt 
reference disparity (degrees) 0.160000 

stim order disp kresp testresp correct time
1    1    0.074    2    2   1    2.05
2    1    -0.069    1    1   1    0.50
3    1    -0.065    1    1   1    0.46
4    2    0.060    1    2   1    0.56
5    1    -0.055    1    1   1    2.15
6    1    0.051    2    2   1    0.51
7    1    -0.046    1    1   1    0.52
8    1    -0.042    1    1   1    0.50
9    2    -0.037    2    1   1    0.49
10    2    0.032    1    2   1    0.54
11    2    -0.028    2    1   1    0.51
12    1    0.023    2    2   1    0.46
13    2    -0.018    2    1   1    0.69
14    1    0.014    2    2   1    2.16
15    1    -0.009    1    1   1    0.71
16    1    -0.005    2    2   0    0.53
17    2    -0.014    2    1   1    1.43
18    2    -0.014    2    1   1    2.66
19    1    0.009    1    1   0    0.49
20    1    0.018    2    2   1    0.51
21    2    -0.018    2    1   1    0.70
22    2    -0.014    2    1   1    0.95
23    1    0.014    2    2   1    1.19
24    2    -0.009    1    2   0    0.89
25    2    0.018    2    1   0    0.63
26    1    0.028    2    2   1    0.64
27    2    0.028    1    2   1    0.54
28    1    -0.023    1    1   1    0.47
29    2    0.023    1    2   1    0.55
30    1    -0.018    1    1   1    0.55
31    1    0.018    2    2   1    0.59
32    2    -0.014    2    1   1    0.51
33    1    -0.014    1    1   1    0.63
34    2    -0.009    1    2   0    0.52
35    2    0.018    1    2   1    0.60
36    1    0.018    2    2   1    0.44
37    2    -0.014    2    1   1    0.53
38    2    -0.014    2    1   1    0.40
39    2    -0.009    2    1   1    0.39
40    1    0.009    2    2   1    0.52
41    1    -0.005    1    1   1    0.63
42    1    -0.005    1    1   1    1.95
43    1    -0.005    1    1   1    0.72
44    1    -0.005    1    1   1    1.38
45    2    -0.005    1    2   0    1.01
46    1    -0.014    1    1   1    0.75
47    2    -0.014    2    1   1    1.38
48    2    -0.009    2    1   1    2.17
49    2    -0.009    2    1   1    2.06
50    1    0.005    2    2   1    2.53
-------------------------
Final staircase threshold estimate (mean) is 0.0074
-------------------------
32    1    -0.009    1    1   0    3.14
107    2    -0.009    2    1   0    0.89
141    2    -0.018    2    1   0    0.56
41    1    -0.018    1    1   0    0.81
30    1    0.018    2    2   0    0.50
4    1    0.009    2    2   0    1.27
108    2    0.000    1    2   0    1.73
37    1    -0.009    1    1   0    0.73
122    2    -0.009    2    1   0    0.90
8    1    0.000    1    1   1    0.66
138    2    0.000    1    2   0    0.94
126    2    -0.018    2    1   0    0.96
129    2    0.009    1    2   0    0.64
10    1    0.018    1    1   1    0.65
124    2    0.009    1    2   0    0.79
139    2    0.009    1    2   0    0.99
96    2    -0.018    2    1   0    0.64
114    2    0.009    1    2   0    0.78
23    1    0.000    1    1   1    1.17
142    2    -0.009    2    1   0    1.06
26    1    -0.018    1    1   0    0.61
56    1    -0.018    1    1   0    0.66
135    2    0.018    1    2   0    0.82
69    1    0.009    2    2   0    1.72
39    1    0.009    1    1   1    0.97
49    1    0.009    1    1   1    1.64
68    1    0.000    2    2   0    0.47
55    1    0.018    2    2   0    0.65
88    2    0.000    1    2   0    1.17
82    2    -0.009    2    1   0    0.81
123    2    0.000    1    2   0    0.89
117    2    -0.009    2    1   0    1.00
150    2    0.018    1    2   0    0.66
120    2    0.018    1    2   0    0.46
136    2    -0.018    1    2   1    0.48
29    1    0.009    2    2   0    0.43
27    1    -0.009    1    1   0    0.56
74    1    0.009    2    2   0    0.78
54    1    0.009    2    2   0    1.12
145    2    0.018    1    2   0    0.62
58    1    0.000    2    2   0    2.35
59    1    0.009    2    2   0    0.58
57    1    -0.009    1    1   0    0.55
14    1    0.009    1    1   1    0.74
18    1    0.000    1    1   1    0.51
73    1    0.000    1    1   1    2.78
121    2    -0.018    2    1   0    0.70
112    2    -0.009    1    2   1    0.52
90    2    0.018    1    2   0    0.66
71    1    -0.018    1    1   0    0.60
11    1    -0.018    1    1   0    0.72
100    2    0.018    1    2   0    0.51
1    1    -0.018    1    1   0    0.49
61    1    -0.018    1    1   0    0.48
6    1    -0.018    1    1   0    0.50
3    1    0.000    1    1   1    0.79
17    1    -0.009    1    1   0    0.51
106    2    -0.018    2    1   0    0.99
7    1    -0.009    1    1   0    0.53
148    2    0.000    1    2   0    0.55
81    2    -0.018    2    1   0    0.70
98    2    0.000    1    2   0    0.60
146    2    -0.018    2    1   0    0.61
132    2    -0.009    1    2   1    0.69
45    1    0.018    2    2   0    0.68
143    2    0.000    2    1   1    0.69
20    1    0.018    2    2   0    0.51
5    1    0.018    2    2   0    0.90
12    1    -0.009    1    1   0    0.60
95    2    0.018    1    2   0    0.53
118    2    0.000    1    2   0    0.65
131    2    -0.018    2    1   0    0.65
34    1    0.009    2    2   0    0.51
51    1    -0.018    1    1   0    0.47
60    1    0.018    1    1   1    0.35
70    1    0.018    2    2   0    0.45
92    2    -0.009    2    1   0    0.78
47    1    -0.009    1    1   0    0.59
99    2    0.009    1    2   0    0.52
104    2    0.009    1    2   0    0.66
127    2    -0.009    2    1   0    1.33
144    2    0.009    1    2   0    0.48
149    2    0.009    1    2   0    0.69
31    1    -0.018    1    1   0    0.55
93    2    0.000    2    1   1    1.28
33    1    0.000    1    1   1    0.68
140    2    0.018    1    2   0    0.60
63    1    0.000    1    1   1    3.40
36    1    -0.018    1    1   0    0.61
91    2    -0.018    2    1   0    0.95
133    2    0.000    1    2   0    0.90
75    2    0.018    1    2   0    0.69
101    2    -0.018    2    1   0    0.75
76    2    -0.018    2    1   0    0.58
48    1    0.000    1    1   1    1.05
103    2    0.000    2    1   1    1.74
84    2    0.009    1    2   0    0.84
22    1    -0.009    1    1   0    4.26
130    2    0.018    1    2   0    0.56
72    1    -0.009    1    1   0    0.60
38    1    0.000    1    1   1    0.57
25    1    0.018    2    2   0    0.77
13    1    0.000    2    2   0    1.66
44    1    0.009    2    2   0    0.57
66    1    -0.018    1    1   0    0.57
42    1    -0.009    1    1   0    0.78
19    1    0.009    2    2   0    0.48
125    2    0.018    1    2   0    0.52
113    2    0.000    2    1   1    0.44
89    2    0.009    1    2   0    0.67
79    2    0.009    1    2   0    0.98
65    1    0.018    2    2   0    0.41
2    1    -0.009    1    1   0    0.82
111    2    -0.018    2    1   0    0.39
9    1    0.009    2    2   0    0.39
16    1    -0.018    1    1   0    0.65
43    1    0.000    2    2   0    1.02
97    2    -0.009    2    1   0    0.47
53    1    0.000    2    2   0    0.49
86    2    -0.018    2    1   0    0.48
128    2    0.000    2    1   1    3.04
24    1    0.009    1    1   1    2.02
83    2    0.000    1    2   0    0.59
116    2    -0.018    2    1   0    0.44
109    2    0.009    1    2   0    0.64
15    1    0.018    2    2   0    0.50
62    1    -0.009    1    1   0    0.63
80    2    0.018    2    1   1    0.50
50    1    0.018    2    2   0    2.18
35    1    0.018    2    2   0    0.66
102    2    -0.009    1    2   1    0.57
67    1    -0.009    1    1   0    0.75
64    1    0.009    2    2   0    0.86
137    2    -0.009    2    1   0    0.72
46    1    -0.018    1    1   0    0.52
147    2    -0.009    1    2   1    0.81
115    2    0.018    1    2   0    0.72
94    2    0.009    1    2   0    0.72
105    2    0.018    1    2   0    0.52
52    1    -0.009    1    1   0    0.80
28    1    0.000    2    2   0    1.50
40    1    0.018    2    2   0    0.50
21    1    -0.018    1    1   0    0.56
119    2    0.009    1    2   0    0.68
87    2    -0.009    2    1   0    1.95
110    2    0.018    1    2   0    0.68
78    2    0.000    1    2   0    0.68
85    2    0.018    1    2   0    0.97
77    2    -0.009    2    1   0    0.64
134    2    0.009    1    2   0    0.79
