--------------------------------
25-Mar-2015 18:03:38 
data from observer T20 
#occlusion2 expt 
reference disparity (degrees) 0.160000 

stim order disp kresp testresp correct time
1    1    -0.074    1    1   1    10.97
2    1    0.069    1    1   0    1.11
3    2    0.079    2    1   0    1.86
4    1    -0.088    1    1   1    0.96
5    1    -0.088    2    2   0    0.97
6    2    0.097    1    2   1    0.54
7    2    0.097    1    2   1    0.65
8    1    0.092    1    1   0    1.03
9    1    -0.102    2    2   0    1.83
10    1    0.111    2    2   1    3.13
11    2    0.111    1    2   1    0.61
12    1    -0.106    2    2   0    0.57
13    2    0.115    1    2   1    1.51
14    1    -0.115    1    1   1    1.46
15    1    0.111    2    2   1    3.94
16    2    0.111    1    2   1    1.65
17    1    0.106    2    2   1    0.59
18    2    0.106    1    2   1    0.60
19    2    0.102    1    2   1    0.67
20    2    0.102    1    2   1    0.62
21    2    -0.097    2    1   1    1.01
22    1    0.097    2    2   1    0.64
23    2    0.092    1    2   1    0.76
24    1    0.092    2    2   1    0.56
25    2    -0.088    2    1   1    0.53
26    2    0.088    1    2   1    0.74
27    2    -0.083    2    1   1    0.54
28    1    -0.083    1    1   1    1.80
29    1    0.079    2    2   1    0.64
30    1    0.079    1    1   0    1.16
31    2    -0.088    2    1   1    0.54
32    1    -0.088    1    1   1    0.49
33    1    -0.083    1    1   1    3.20
34    1    -0.083    1    1   1    0.58
35    2    -0.079    1    2   0    1.21
36    1    0.088    2    2   1    2.23
37    1    -0.088    1    1   1    0.50
38    1    0.083    2    2   1    0.59
39    1    0.083    2    2   1    0.52
40    2    0.079    2    1   0    0.55
41    2    0.088    2    1   0    0.44
42    1    0.097    2    2   1    0.47
43    2    -0.097    2    1   1    0.62
44    2    -0.092    2    1   1    0.49
45    1    -0.092    2    2   0    0.74
46    2    -0.102    2    1   1    0.54
47    2    -0.102    2    1   1    0.40
48    2    0.097    2    1   0    0.44
49    2    -0.106    2    1   1    0.39
50    1    -0.106    2    2   0    0.42
-------------------------
Final staircase threshold estimate (mean) is 0.0979
-------------------------
128    2    0.000    2    1   1    5.55
61    1    -0.148    1    1   0    1.89
7    1    -0.097    1    1   0    0.63
36    1    -0.148    1    1   0    0.59
27    1    -0.097    1    1   0    0.55
87    2    -0.097    2    1   0    0.75
98    2    0.000    2    1   1    3.00
57    1    -0.097    1    1   0    1.58
99    2    0.097    1    2   0    1.15
6    1    -0.148    2    2   1    0.65
70    1    0.148    2    2   0    0.46
12    1    -0.097    1    1   0    1.35
2    1    -0.097    1    1   0    0.77
92    2    -0.097    2    1   0    0.70
126    2    -0.148    2    1   0    2.21
33    1    0.000    2    2   0    3.84
95    2    0.148    1    2   0    0.95
17    1    -0.097    1    1   0    0.59
45    1    0.148    2    2   0    1.45
15    1    0.148    2    2   0    0.58
85    2    0.148    1    2   0    1.14
1    1    -0.148    1    1   0    3.43
9    1    0.097    2    2   0    0.79
138    2    0.000    2    1   1    4.36
72    1    -0.097    1    1   0    0.66
62    1    -0.097    1    1   0    2.32
129    2    0.097    1    2   0    1.41
113    2    0.000    2    1   1    7.33
51    1    -0.148    1    1   0    2.67
65    1    0.148    2    2   0    10.46
55    1    0.148    2    2   0    20.11
131    2    -0.148    2    1   0    1.44
119    2    0.097    1    2   0    1.93
106    2    -0.148    2    1   0    5.70
144    2    0.097    1    2   0    1.37
139    2    0.097    1    2   0    0.87
44    1    0.097    2    2   0    9.12
136    2    -0.148    2    1   0    1.77
81    2    -0.148    2    1   0    0.61
53    1    0.000    2    2   0    3.78
58    1    0.000    2    2   0    0.62
135    2    0.148    1    2   0    0.91
84    2    0.097    1    2   0    0.61
94    2    0.097    1    2   0    0.93
79    2    0.097    1    2   0    0.83
142    2    -0.097    2    1   0    2.44
89    2    0.097    1    2   0    0.87
49    1    0.097    2    2   0    0.61
83    2    0.000    2    1   1    0.96
35    1    0.148    2    2   0    1.57
32    1    -0.097    1    1   0    0.79
22    1    -0.097    1    1   0    0.60
97    2    -0.097    2    1   0    1.30
66    1    -0.148    1    1   0    0.73
112    2    -0.097    2    1   0    1.47
52    1    -0.097    1    1   0    1.27
146    2    -0.148    2    1   0    0.61
50    1    0.148    2    2   0    1.47
111    2    -0.148    2    1   0    1.50
54    1    0.097    2    2   0    4.57
43    1    0.000    1    1   1    6.37
14    1    0.097    2    2   0    0.69
103    2    0.000    2    1   1    1.43
100    2    0.148    1    2   0    0.82
108    2    0.000    2    1   1    1.36
31    1    -0.148    1    1   0    0.62
105    2    0.148    1    2   0    0.58
60    1    0.148    2    2   0    0.62
46    1    -0.148    1    1   0    0.54
93    2    0.000    2    1   1    0.70
148    2    0.000    1    2   0    3.65
56    1    -0.148    1    1   0    0.58
76    2    -0.148    1    2   1    0.77
75    2    0.148    1    2   0    0.75
59    1    0.097    2    2   0    0.62
18    1    0.000    2    2   0    0.42
147    2    -0.097    2    1   0    0.53
123    2    0.000    1    2   0    2.67
68    1    0.000    1    1   1    0.89
39    1    0.097    2    2   0    0.71
143    2    0.000    2    1   1    0.64
96    2    -0.148    2    1   0    0.74
133    2    0.000    2    1   1    0.93
145    2    0.148    1    2   0    1.16
140    2    0.148    1    2   0    0.82
114    2    0.097    1    2   0    2.35
64    1    0.097    2    2   0    1.32
116    2    -0.148    2    1   0    0.66
77    2    -0.097    2    1   0    0.92
26    1    -0.148    1    1   0    0.93
120    2    0.148    1    2   0    0.59
24    1    0.097    2    2   0    0.71
67    1    -0.097    1    1   0    0.70
130    2    0.148    1    2   0    0.59
91    2    -0.148    2    1   0    0.90
25    1    0.148    2    2   0    0.93
110    2    0.148    1    2   0    0.86
63    1    0.000    1    1   1    2.74
141    2    -0.148    2    1   0    0.99
28    1    0.000    1    1   1    1.75
132    2    -0.097    2    1   0    0.70
38    1    0.000    2    2   0    0.77
125    2    0.148    1    2   0    0.84
48    1    0.000    1    1   1    1.48
90    2    0.148    1    2   0    0.51
115    2    0.148    1    2   0    0.57
104    2    0.097    1    2   0    0.51
121    2    -0.148    2    1   0    1.08
107    2    -0.097    2    1   0    1.10
37    1    -0.097    1    1   0    0.79
101    2    -0.148    2    1   0    0.64
73    1    0.000    1    1   1    0.80
88    2    0.000    2    1   1    3.40
34    1    0.097    2    2   0    0.91
118    2    0.000    1    2   0    0.87
19    1    0.097    2    2   0    1.64
82    2    -0.097    2    1   0    0.79
134    2    0.097    1    2   0    0.71
16    1    -0.148    1    1   0    1.77
5    1    0.148    2    2   0    1.87
40    1    0.148    2    2   0    0.65
8    1    0.000    2    2   0    0.65
47    1    -0.097    1    1   0    0.70
69    1    0.097    2    2   0    0.63
102    2    -0.097    2    1   0    0.53
122    2    -0.097    2    1   0    0.92
124    2    0.097    1    2   0    1.66
13    1    0.000    1    1   1    5.02
41    1    -0.148    1    1   0    0.55
4    1    0.097    2    2   0    0.71
109    2    0.097    1    2   0    0.53
23    1    0.000    1    1   1    0.69
30    1    0.148    2    2   0    0.57
10    1    0.148    2    2   0    0.65
80    2    0.148    1    2   0    0.93
11    1    -0.148    1    1   0    0.62
149    2    0.097    1    2   0    0.65
137    2    -0.097    2    1   0    0.65
127    2    -0.097    2    1   0    0.92
21    1    -0.148    1    1   0    0.64
150    2    0.148    1    2   0    3.14
117    2    -0.097    2    1   0    0.62
20    1    0.148    2    2   0    0.98
3    1    0.000    2    2   0    1.28
78    2    0.000    2    1   1    0.94
71    1    -0.148    1    1   0    0.94
29    1    0.097    2    2   0    0.88
86    2    -0.148    2    1   0    0.75
74    1    0.097    2    2   0    0.82
42    1    -0.097    1    1   0    0.56
