--------------------------------
25-Mar-2015 16:59:48 
data from observer T20 
#occlusion2 expt 
reference disparity (degrees) 0.160000 

stim order disp kresp testresp correct time
1    1    0.074    1    1   1    4.04
2    2    0.069    2    1   1    0.49
3    2    0.065    2    1   1    0.44
4    1    -0.060    2    2   1    0.39
5    2    -0.055    1    2   1    0.53
6    1    -0.051    2    2   1    0.46
7    1    -0.046    2    2   1    0.76
8    1    -0.042    2    2   1    0.50
9    1    0.037    1    1   1    0.87
10    1    0.032    1    1   1    0.78
11    2    0.028    2    1   1    0.53
12    2    0.023    2    1   1    0.47
13    2    0.018    2    1   1    0.83
14    1    -0.014    2    2   1    0.47
15    2    -0.009    1    2   1    1.31
16    2    0.005    2    1   1    0.70
17    2    -0.005    2    1   0    0.61
18    1    0.014    1    1   1    0.82
19    2    0.014    2    1   1    0.56
20    2    0.009    2    1   1    0.93
21    2    0.009    2    1   1    0.58
22    2    0.005    2    1   1    0.62
23    1    -0.005    2    2   1    1.43
24    2    0.005    2    1   1    0.90
25    2    0.005    2    1   1    2.08
26    2    0.005    2    1   1    1.11
27    2    -0.005    1    2   1    2.32
28    2    0.005    2    1   1    1.06
29    1    -0.005    2    2   1    3.18
30    1    -0.005    1    1   0    1.27
31    2    -0.014    1    2   1    0.81
32    1    -0.014    2    2   1    0.68
33    2    0.009    1    2   0    1.20
34    1    0.018    1    1   1    0.73
35    2    -0.018    1    2   1    0.72
36    2    -0.014    1    2   1    1.40
37    2    -0.014    1    2   1    0.89
38    2    -0.009    1    2   1    1.32
39    1    -0.009    1    1   0    1.00
40    2    -0.018    1    2   1    0.78
41    2    0.018    2    1   1    1.05
42    1    0.014    1    1   1    0.85
43    2    -0.014    1    2   1    0.82
44    2    0.009    2    1   1    0.68
45    2    0.009    2    1   1    0.62
46    1    -0.005    2    2   1    1.09
47    1    0.005    2    2   0    1.73
48    1    0.014    1    1   1    0.89
49    2    0.014    2    1   1    0.84
50    1    0.009    1    1   1    1.00
-------------------------
Final staircase threshold estimate (mean) is 0.0111
-------------------------
105    2    0.028    2    1   1    2.98
24    1    0.009    1    1   1    0.66
73    1    0.000    2    2   0    0.56
34    1    0.009    1    1   1    0.70
11    1    -0.028    2    2   1    0.53
103    2    0.000    2    1   1    2.00
46    1    -0.028    2    2   1    0.60
90    2    0.028    2    1   1    0.50
59    1    0.009    1    1   1    0.65
10    1    0.028    1    1   1    0.76
32    1    -0.009    2    2   1    0.67
143    2    0.000    2    1   1    0.57
45    1    0.028    1    1   1    0.60
84    2    0.009    2    1   1    0.95
9    1    0.009    1    1   1    0.68
69    1    0.009    1    1   1    0.58
39    1    0.009    1    1   1    0.89
137    2    -0.009    1    2   1    0.59
110    2    0.028    2    1   1    0.58
145    2    0.028    2    1   1    0.71
79    2    0.009    2    1   1    0.66
118    2    0.000    2    1   1    0.58
149    2    0.009    2    1   1    0.57
40    1    0.028    1    1   1    0.73
51    1    -0.028    2    2   1    0.59
113    2    0.000    1    2   0    1.30
3    1    0.000    1    1   1    0.73
91    2    -0.028    1    2   1    0.52
126    2    -0.028    1    2   1    0.48
22    1    -0.009    2    2   1    0.63
37    1    -0.009    2    2   1    0.57
70    1    0.028    1    1   1    0.63
104    2    0.009    2    1   1    0.83
115    2    0.028    2    1   1    0.64
128    2    0.000    1    2   0    0.58
132    2    -0.009    1    2   1    0.63
68    1    0.000    2    2   0    0.73
80    2    0.028    2    1   1    0.51
62    1    -0.009    2    2   1    0.47
75    2    0.028    2    1   1    0.55
18    1    0.000    1    1   1    1.25
44    1    0.009    1    1   1    1.13
38    1    0.000    1    1   1    1.27
47    1    -0.009    2    2   1    0.63
53    1    0.000    1    1   1    1.89
4    1    0.009    1    1   1    0.64
23    1    0.000    1    1   1    1.89
25    1    0.028    1    1   1    0.69
88    2    0.000    1    2   0    3.94
146    2    -0.028    1    2   1    1.20
117    2    -0.009    1    2   1    0.75
108    2    0.000    2    1   1    3.11
111    2    -0.028    1    2   1    0.77
36    1    -0.028    2    2   1    0.64
66    1    -0.028    2    2   1    0.77
26    1    -0.028    2    2   1    0.67
71    1    -0.028    2    2   1    0.69
1    1    -0.028    2    2   1    0.68
147    2    -0.009    1    2   1    1.20
106    2    -0.028    1    2   1    0.96
142    2    -0.009    1    2   1    0.74
81    2    -0.028    1    2   1    0.97
7    1    -0.009    2    2   1    0.82
17    1    -0.009    2    2   1    0.60
102    2    -0.009    1    2   1    1.34
52    1    -0.009    2    2   1    0.70
57    1    -0.009    2    2   1    0.74
112    2    -0.009    1    2   1    0.79
129    2    0.009    2    1   1    0.68
144    2    0.009    2    1   1    0.74
86    2    -0.028    1    2   1    0.81
141    2    -0.028    1    2   1    0.73
78    2    0.000    2    1   1    0.64
64    1    0.009    1    1   1    0.89
5    1    0.028    1    1   1    0.61
83    2    0.000    1    2   0    1.00
33    1    0.000    2    2   0    2.11
15    1    0.028    1    1   1    0.63
96    2    -0.028    1    2   1    0.79
77    2    -0.009    1    2   1    1.46
12    1    -0.009    2    2   1    0.66
67    1    -0.009    2    2   1    0.59
50    1    0.028    1    1   1    0.67
14    1    0.009    1    1   1    0.84
28    1    0.000    1    1   1    0.80
95    2    0.028    2    1   1    0.64
19    1    0.009    1    1   1    1.38
127    2    -0.009    1    2   1    0.71
49    1    0.009    1    1   1    0.77
6    1    -0.028    2    2   1    0.60
20    1    0.028    1    1   1    0.76
16    1    -0.028    2    2   1    0.59
27    1    -0.009    2    2   1    0.70
150    2    0.028    2    1   1    0.49
48    1    0.000    1    1   1    0.76
8    1    0.000    1    1   1    0.52
101    2    -0.028    1    2   1    0.53
61    1    -0.028    2    2   1    0.57
72    1    -0.009    2    2   1    0.61
74    1    0.009    1    1   1    1.43
93    2    0.000    1    2   0    0.54
122    2    -0.009    1    2   1    1.39
131    2    -0.028    1    2   1    0.80
119    2    0.009    1    2   0    2.51
63    1    0.000    1    1   1    2.02
133    2    0.000    1    2   0    2.12
58    1    0.000    2    2   0    3.11
43    1    0.000    2    2   0    2.16
42    1    -0.009    2    2   1    0.84
97    2    -0.009    1    2   1    0.95
29    1    0.009    1    1   1    0.77
55    1    0.028    1    1   1    0.84
21    1    -0.028    2    2   1    0.60
140    2    0.028    2    1   1    0.74
139    2    0.009    2    1   1    0.65
114    2    0.009    2    1   1    0.84
92    2    -0.009    1    2   1    0.83
89    2    0.009    2    1   1    0.66
130    2    0.028    2    1   1    0.83
35    1    0.028    1    1   1    1.06
123    2    0.000    2    1   1    1.73
41    1    -0.028    2    2   1    0.69
54    1    0.009    2    2   0    0.60
135    2    0.028    2    1   1    0.47
100    2    0.028    2    1   1    0.55
76    2    -0.028    2    1   0    0.71
138    2    0.000    2    1   1    2.20
56    1    -0.028    2    2   1    0.71
124    2    0.009    2    1   1    2.79
109    2    0.009    2    1   1    3.12
65    1    0.028    1    1   1    0.82
98    2    0.000    1    2   0    0.99
30    1    0.028    1    1   1    0.65
116    2    -0.028    1    2   1    0.91
125    2    0.028    2    1   1    1.32
13    1    0.000    2    2   0    1.91
99    2    0.009    2    1   1    2.84
31    1    -0.028    2    2   1    0.58
121    2    -0.028    1    2   1    0.63
87    2    -0.009    1    2   1    0.69
107    2    -0.009    1    2   1    0.61
134    2    0.009    2    1   1    1.73
94    2    0.009    1    2   0    1.04
85    2    0.028    2    1   1    0.55
148    2    0.000    2    1   1    0.55
120    2    0.028    2    1   1    0.41
60    1    0.028    1    1   1    0.89
82    2    -0.009    1    2   1    0.97
136    2    -0.028    1    2   1    0.56
2    1    -0.009    2    2   1    0.76
