--------------------------------
25-Mar-2015 17:06:31 
data from observer T20 
#occlusion2 expt 
reference disparity (degrees) 0.160000 

stim order disp kresp testresp correct time
1    2    -0.074    1    2   1    6.83
2    1    -0.069    1    1   0    2.01
3    1    0.079    1    1   1    1.44
4    1    0.079    1    1   1    1.17
5    1    -0.074    2    2   1    2.11
6    1    -0.074    2    2   1    5.40
7    1    0.069    2    2   0    1.82
8    2    0.079    2    1   1    0.86
9    2    -0.079    2    1   0    1.70
10    1    -0.088    2    2   1    1.93
11    2    -0.088    1    2   1    2.12
12    1    0.083    1    1   1    2.05
13    2    0.083    2    1   1    1.00
14    2    0.079    2    1   1    1.09
15    2    0.079    2    1   1    1.07
16    1    0.074    2    2   0    0.72
17    1    -0.083    2    2   1    0.69
18    2    0.083    2    1   1    0.77
19    1    -0.079    2    2   1    1.72
20    2    -0.079    2    1   0    0.84
21    1    -0.088    2    2   1    0.62
22    2    -0.088    1    2   1    1.10
23    2    -0.083    1    2   1    0.79
24    1    -0.083    2    2   1    1.39
25    1    0.079    2    2   0    2.06
26    2    -0.088    1    2   1    1.14
27    2    0.088    2    1   1    0.61
28    2    0.083    2    1   1    2.10
29    2    -0.083    2    1   0    2.50
30    2    0.092    2    1   1    0.87
31    1    0.092    2    2   0    0.89
32    2    -0.102    2    1   0    1.21
33    2    0.111    2    1   1    0.97
34    1    -0.111    2    2   1    1.87
35    2    -0.106    2    1   0    1.37
36    2    0.115    2    1   1    0.66
37    1    -0.115    2    2   1    4.40
38    1    0.111    2    2   0    1.97
39    1    0.120    1    1   1    0.90
40    2    -0.120    1    2   1    0.53
41    2    0.115    1    2   0    1.06
42    2    0.125    1    2   0    1.25
43    2    0.134    2    1   1    3.16
44    2    0.134    2    1   1    1.04
45    2    0.129    2    1   1    0.93
46    2    0.129    2    1   1    2.08
47    1    -0.125    1    1   0    5.76
48    2    -0.134    1    2   1    0.81
49    2    0.134    2    1   1    1.70
50    2    0.129    2    1   1    1.44
-------------------------
Final staircase threshold estimate (mean) is 0.1288
-------------------------
19    1    0.129    1    1   1    7.24
26    1    -0.148    2    2   1    11.49
89    2    0.129    2    1   1    1.73
20    1    0.148    2    2   0    2.35
29    1    0.129    2    2   0    3.92
95    2    0.148    2    1   1    0.84
145    2    0.148    2    1   1    1.36
134    2    0.129    1    2   0    4.37
37    1    -0.129    2    2   1    1.46
67    1    -0.129    2    2   1    6.52
109    2    0.129    2    1   1    1.91
88    2    0.000    2    1   1    2.53
21    1    -0.148    2    2   1    2.20
87    2    -0.129    2    1   0    2.92
75    2    0.148    2    1   1    0.87
27    1    -0.129    2    2   1    1.22
137    2    -0.129    2    1   0    0.64
79    2    0.129    2    1   1    0.70
94    2    0.129    2    1   1    0.83
99    2    0.129    2    1   1    3.14
98    2    0.000    2    1   1    0.63
7    1    -0.129    2    2   1    2.67
123    2    0.000    1    2   0    2.01
56    1    -0.148    2    2   1    6.18
78    2    0.000    1    2   0    0.73
25    1    0.148    1    1   1    0.71
44    1    0.129    1    1   1    0.66
66    1    -0.148    1    1   0    0.87
13    1    0.000    1    1   1    0.92
54    1    0.129    1    1   1    0.68
116    2    -0.148    1    2   1    1.51
43    1    0.000    1    1   1    0.68
121    2    -0.148    1    2   1    4.51
122    2    -0.129    1    2   1    6.28
49    1    0.129    1    1   1    0.96
68    1    0.000    2    2   0    5.47
84    2    0.129    2    1   1    1.11
107    2    -0.129    1    2   1    3.53
57    1    -0.129    1    1   0    2.84
3    1    0.000    1    1   1    3.43
39    1    0.129    1    1   1    2.03
80    2    0.148    1    2   0    1.61
50    1    0.148    1    1   1    0.71
132    2    -0.129    1    2   1    1.03
135    2    0.148    2    1   1    1.52
136    2    -0.148    1    2   1    5.36
91    2    -0.148    1    2   1    1.68
52    1    -0.129    1    1   0    1.21
32    1    -0.129    2    2   1    1.74
5    1    0.148    1    1   1    0.88
48    1    0.000    1    1   1    2.34
46    1    -0.148    2    2   1    2.30
111    2    -0.148    1    2   1    0.84
76    2    -0.148    1    2   1    1.18
146    2    -0.148    1    2   1    1.98
115    2    0.148    2    1   1    1.65
140    2    0.148    2    1   1    0.60
104    2    0.129    2    1   1    0.70
139    2    0.129    2    1   1    1.35
83    2    0.000    2    1   1    4.39
92    2    -0.129    1    2   1    0.82
119    2    0.129    2    1   1    0.75
113    2    0.000    2    1   1    4.27
69    1    0.129    1    1   1    0.75
142    2    -0.129    1    2   1    0.57
82    2    -0.129    1    2   1    0.58
65    1    0.148    1    1   1    1.84
70    1    0.148    1    1   1    0.65
97    2    -0.129    1    2   1    0.65
38    1    0.000    2    2   0    1.43
10    1    0.148    1    1   1    0.95
110    2    0.148    2    1   1    3.10
36    1    -0.148    2    2   1    2.71
53    1    0.000    2    2   0    4.07
118    2    0.000    1    2   0    1.53
60    1    0.148    1    1   1    0.76
18    1    0.000    1    1   1    0.63
59    1    0.129    1    1   1    0.78
103    2    0.000    1    2   0    0.67
55    1    0.148    1    1   1    1.43
58    1    0.000    1    1   1    1.14
102    2    -0.129    1    2   1    0.73
45    1    0.148    1    1   1    1.05
120    2    0.148    2    1   1    3.30
23    1    0.000    1    1   1    0.82
105    2    0.148    2    1   1    1.00
93    2    0.000    1    2   0    1.03
143    2    0.000    1    2   0    0.94
124    2    0.129    2    1   1    1.53
74    1    0.129    1    1   1    0.65
34    1    0.129    1    1   1    3.37
148    2    0.000    1    2   0    1.27
2    1    -0.129    1    1   0    1.32
73    1    0.000    1    1   1    1.13
81    2    -0.148    1    2   1    2.65
1    1    -0.148    2    2   1    1.98
28    1    0.000    1    1   1    2.70
127    2    -0.129    1    2   1    2.92
144    2    0.129    2    1   1    6.99
42    1    -0.129    2    2   1    3.36
96    2    -0.148    2    1   0    1.25
11    1    -0.148    2    2   1    4.10
130    2    0.148    2    1   1    1.59
86    2    -0.148    1    2   1    4.73
100    2    0.148    2    1   1    1.19
24    1    0.129    2    2   0    0.80
62    1    -0.129    2    2   1    2.35
106    2    -0.148    1    2   1    3.46
101    2    -0.148    1    2   1    2.28
14    1    0.129    1    1   1    1.10
47    1    -0.129    2    2   1    0.59
8    1    0.000    2    2   0    2.14
133    2    0.000    2    1   1    1.35
4    1    0.129    2    2   0    1.35
141    2    -0.148    1    2   1    1.02
108    2    0.000    1    2   0    2.82
131    2    -0.148    1    2   1    2.79
22    1    -0.129    1    1   0    0.74
12    1    -0.129    1    1   0    2.44
64    1    0.129    1    1   1    2.81
35    1    0.148    1    1   1    1.49
125    2    0.148    2    1   1    1.05
9    1    0.129    1    1   1    2.13
126    2    -0.148    1    2   1    3.04
117    2    -0.129    1    2   1    1.22
17    1    -0.129    2    2   1    2.04
33    1    0.000    1    1   1    4.89
41    1    -0.148    2    2   1    0.69
63    1    0.000    1    1   1    1.23
85    2    0.148    2    1   1    0.64
40    1    0.148    2    2   0    0.69
112    2    -0.129    1    2   1    0.65
61    1    -0.148    2    2   1    1.09
90    2    0.148    2    1   1    0.65
15    1    0.148    1    1   1    3.56
72    1    -0.129    2    2   1    0.90
149    2    0.129    2    1   1    0.58
51    1    -0.148    2    2   1    0.49
150    2    0.148    2    1   1    0.73
30    1    0.148    1    1   1    1.84
77    2    -0.129    1    2   1    0.58
114    2    0.129    2    1   1    2.80
147    2    -0.129    1    2   1    2.31
129    2    0.129    2    1   1    2.47
71    1    -0.148    2    2   1    0.58
138    2    0.000    1    2   0    5.69
6    1    -0.148    2    2   1    2.34
128    2    0.000    1    2   0    1.06
16    1    -0.148    2    2   1    0.55
31    1    -0.148    2    2   1    0.65
