--------------------------------
25-Mar-2015 16:53:10 
data from observer T20 
#occlusion2 expt 
reference disparity (degrees) 0.160000 

stim order disp kresp testresp correct time
1    2    0.074    2    1   1    3.79
2    2    -0.069    1    2   1    0.87
3    1    0.065    1    1   1    0.92
4    2    0.060    2    1   1    0.64
5    2    -0.055    1    2   1    0.82
6    1    0.051    1    1   1    0.93
7    2    -0.046    1    2   1    1.01
8    2    -0.042    1    2   1    0.91
9    2    -0.037    1    2   1    0.65
10    1    -0.032    2    2   1    0.97
11    2    -0.028    2    1   0    2.37
12    1    -0.037    2    2   1    0.72
13    1    0.037    2    2   0    1.31
14    2    -0.046    1    2   1    1.10
15    1    -0.046    2    2   1    0.62
16    2    -0.042    1    2   1    0.54
17    1    -0.042    2    2   1    0.64
18    1    -0.037    2    2   1    0.62
19    2    0.037    2    1   1    0.51
20    1    -0.032    2    2   1    0.59
21    2    -0.032    1    2   1    0.56
22    1    -0.028    2    2   1    0.60
23    1    0.028    2    2   0    0.57
24    1    -0.037    2    2   1    0.57
25    2    0.037    2    1   1    0.59
26    1    -0.032    2    2   1    0.60
27    1    -0.032    2    2   1    0.72
28    2    0.028    2    1   1    0.75
29    2    0.028    2    1   1    1.95
30    1    0.023    1    1   1    1.33
31    1    -0.023    2    2   1    0.67
32    2    0.018    2    1   1    0.73
33    1    -0.018    2    2   1    0.71
34    1    0.014    1    1   1    2.00
35    2    -0.014    1    2   1    0.89
36    1    0.009    1    1   1    0.72
37    2    0.009    2    1   1    0.92
38    1    0.005    2    2   0    0.57
39    1    0.014    1    1   1    1.45
40    2    -0.014    1    2   1    1.09
41    2    0.009    2    1   1    1.04
42    1    0.009    2    2   0    0.82
43    1    -0.018    2    2   1    0.56
44    1    0.018    1    1   1    0.80
45    1    0.014    1    1   1    0.72
46    2    -0.014    1    2   1    0.71
47    2    -0.009    1    2   1    0.77
48    2    0.009    2    1   1    1.03
49    1    0.005    2    2   0    0.65
50    2    -0.014    1    2   1    1.17
-------------------------
Final staircase threshold estimate (mean) is 0.0120
-------------------------
90    2    0.032    2    1   1    1.93
140    2    0.032    2    1   1    0.56
104    2    0.014    2    1   1    0.54
85    2    0.032    2    1   1    0.73
70    1    0.032    1    1   1    0.81
130    2    0.032    2    1   1    0.73
13    1    0.000    2    2   0    0.76
61    1    -0.032    2    2   1    0.60
62    1    -0.014    2    2   1    0.53
31    1    -0.032    2    2   1    0.57
98    2    0.000    1    2   0    1.90
64    1    0.014    1    1   1    0.71
73    1    0.000    2    2   0    2.78
148    2    0.000    2    1   1    0.91
42    1    -0.014    2    2   1    1.18
16    1    -0.032    2    2   1    0.76
1    1    -0.032    2    2   1    0.82
34    1    0.014    1    1   1    0.85
20    1    0.032    1    1   1    0.70
109    2    0.014    2    1   1    1.60
88    2    0.000    1    2   0    1.85
52    1    -0.014    2    2   1    1.26
36    1    -0.032    2    2   1    0.70
143    2    0.000    1    2   0    0.81
114    2    0.014    2    1   1    1.07
120    2    0.032    2    1   1    0.72
30    1    0.032    2    2   0    0.78
32    1    -0.014    2    2   1    0.85
43    1    0.000    2    2   0    0.84
18    1    0.000    2    2   0    1.50
39    1    0.014    1    1   1    1.54
59    1    0.014    1    1   1    0.72
71    1    -0.032    2    2   1    0.57
149    2    0.014    2    1   1    0.56
56    1    -0.032    2    2   1    0.58
144    2    0.014    2    1   1    0.65
133    2    0.000    1    2   0    0.70
129    2    0.014    2    1   1    0.79
14    1    0.014    1    1   1    0.64
79    2    0.014    2    1   1    0.75
58    1    0.000    1    1   1    1.11
46    1    -0.032    2    2   1    0.60
29    1    0.014    1    1   1    0.95
93    2    0.000    1    2   0    2.09
96    2    -0.032    1    2   1    0.72
139    2    0.014    2    1   1    0.69
141    2    -0.032    1    2   1    0.95
123    2    0.000    1    2   0    1.33
74    1    0.014    1    1   1    0.65
113    2    0.000    1    2   0    0.82
115    2    0.032    2    1   1    0.62
45    1    0.032    1    1   1    0.46
19    1    0.014    1    1   1    0.66
68    1    0.000    2    2   0    0.98
126    2    -0.032    1    2   1    0.42
26    1    -0.032    2    2   1    0.69
102    2    -0.014    1    2   1    0.70
87    2    -0.014    1    2   1    0.56
21    1    -0.032    2    2   1    0.50
63    1    0.000    1    1   1    0.60
81    2    -0.032    1    2   1    0.53
83    2    0.000    2    1   1    0.50
101    2    -0.032    1    2   1    0.52
17    1    -0.014    2    2   1    0.95
69    1    0.014    1    1   1    0.73
136    2    -0.032    1    2   1    1.33
54    1    0.014    1    1   1    0.68
12    1    -0.014    2    2   1    0.72
121    2    -0.032    1    2   1    0.52
7    1    -0.014    2    2   1    0.68
138    2    0.000    1    2   0    1.00
112    2    -0.014    1    2   1    0.52
117    2    -0.014    1    2   1    0.50
28    1    0.000    2    2   0    0.89
55    1    0.032    1    1   1    1.05
97    2    -0.014    1    2   1    1.64
127    2    -0.014    1    2   1    0.84
132    2    -0.014    1    2   1    0.96
15    1    0.032    1    1   1    0.80
111    2    -0.032    1    2   1    0.81
8    1    0.000    2    2   0    0.79
84    2    0.014    2    1   1    0.69
89    2    0.014    2    1   1    0.81
38    1    0.000    1    1   1    1.94
44    1    0.014    1    1   1    1.02
146    2    -0.032    1    2   1    0.63
53    1    0.000    1    1   1    0.87
131    2    -0.032    1    2   1    1.02
118    2    0.000    1    2   0    1.12
76    2    -0.032    1    2   1    0.56
48    1    0.000    1    1   1    0.77
10    1    0.032    1    1   1    0.84
66    1    -0.032    2    2   1    0.73
6    1    -0.032    2    2   1    0.65
147    2    -0.014    1    2   1    0.88
67    1    -0.014    2    2   1    0.66
95    2    0.032    2    1   1    0.59
142    2    -0.014    1    2   1    1.31
116    2    -0.032    1    2   1    0.69
99    2    0.014    2    1   1    0.56
3    1    0.000    2    2   0    0.45
125    2    0.032    2    1   1    0.54
49    1    0.014    1    1   1    0.60
92    2    -0.014    1    2   1    0.95
106    2    -0.032    1    2   1    0.57
50    1    0.032    1    1   1    0.63
137    2    -0.014    1    2   1    0.87
110    2    0.032    2    1   1    0.53
22    1    -0.014    2    2   1    0.52
86    2    -0.032    1    2   1    0.53
57    1    -0.014    2    2   1    0.65
94    2    0.014    2    1   1    1.20
25    1    0.032    1    1   1    0.59
119    2    0.014    2    1   1    0.55
122    2    -0.014    1    2   1    0.70
23    1    0.000    2    2   0    1.51
150    2    0.032    2    1   1    0.59
41    1    -0.032    2    2   1    1.21
47    1    -0.014    2    2   1    0.52
40    1    0.032    1    1   1    0.76
107    2    -0.014    1    2   1    0.92
75    2    0.032    2    1   1    1.04
4    1    0.014    1    1   1    1.85
35    1    0.032    1    1   1    0.56
128    2    0.000    1    2   0    1.64
124    2    0.014    1    2   0    1.51
11    1    -0.032    2    2   1    0.65
37    1    -0.014    2    2   1    0.49
108    2    0.000    2    1   1    3.01
72    1    -0.014    2    2   1    0.79
2    1    -0.014    2    2   1    0.61
60    1    0.032    1    1   1    0.65
145    2    0.032    2    1   1    0.59
27    1    -0.014    2    2   1    0.77
78    2    0.000    1    2   0    0.73
82    2    -0.014    1    2   1    0.60
77    2    -0.014    1    2   1    0.57
103    2    0.000    1    2   0    0.86
134    2    0.014    2    1   1    0.71
100    2    0.032    2    1   1    0.47
33    1    0.000    2    2   0    0.48
24    1    0.014    1    1   1    0.68
105    2    0.032    2    1   1    0.57
51    1    -0.032    2    2   1    0.57
135    2    0.032    2    1   1    0.54
91    2    -0.032    1    2   1    0.91
5    1    0.032    1    1   1    0.62
80    2    0.032    2    1   1    0.55
65    1    0.032    1    1   1    0.51
9    1    0.014    1    1   1    0.50
