--------------------------------
25-Mar-2015 17:44:57 
data from observer T20 
#occlusion2 expt 
reference disparity (degrees) 0.160000 

stim order disp kresp testresp correct time
1    2    -0.074    2    1   1    2.00
2    1    -0.069    1    1   1    1.52
3    1    0.065    2    2   1    0.60
4    1    0.060    2    2   1    0.58
5    2    -0.055    2    1   1    0.67
6    2    0.051    1    2   1    0.48
7    2    0.046    1    2   1    0.64
8    2    0.042    1    2   1    0.53
9    2    0.037    1    2   1    1.07
10    1    -0.032    1    1   1    0.60
11    1    0.028    2    2   1    0.54
12    2    -0.023    2    1   1    0.60
13    2    0.018    1    2   1    0.65
14    1    0.014    2    2   1    0.67
15    2    0.009    2    1   0    0.60
16    2    0.018    1    2   1    0.78
17    1    -0.018    1    1   1    0.85
18    1    0.014    2    2   1    0.79
19    2    0.014    1    2   1    0.52
20    1    0.009    2    2   1    0.60
21    1    0.009    2    2   1    1.18
22    1    0.005    2    2   1    1.26
23    1    -0.005    1    1   1    1.15
24    1    -0.005    1    1   1    1.52
25    2    0.005    1    2   1    1.49
26    1    -0.005    2    2   0    0.63
27    2    0.014    1    2   1    0.57
28    1    0.014    2    2   1    0.59
29    1    0.009    2    2   1    0.83
30    1    0.009    2    2   1    0.93
31    2    0.005    1    2   1    2.46
32    2    -0.005    2    1   1    0.88
33    1    -0.005    2    2   0    0.76
34    1    0.014    2    2   1    0.69
35    2    -0.014    2    1   1    0.56
36    2    -0.009    2    1   1    0.76
37    1    0.009    2    2   1    0.49
38    1    0.005    2    2   1    0.82
39    2    -0.005    2    1   1    0.51
40    2    -0.005    2    1   1    0.48
41    2    -0.005    2    1   1    0.67
42    1    0.005    2    2   1    1.30
43    2    -0.005    2    1   1    1.87
44    2    0.005    1    2   1    1.11
45    2    -0.005    2    1   1    0.77
46    1    -0.005    1    1   1    0.77
47    1    0.005    2    2   1    0.57
48    1    0.005    1    1   0    1.12
49    2    0.014    1    2   1    0.75
50    2    -0.014    2    1   1    0.58
-------------------------
Final staircase threshold estimate (mean) is 0.0065
-------------------------
54    1    0.005    2    2   0    1.79
68    1    0.000    2    2   0    0.70
118    2    0.000    2    1   1    0.60
86    2    -0.014    2    1   0    1.47
80    2    0.018    1    2   0    1.06
12    1    -0.005    2    2   1    0.58
134    2    0.005    1    2   0    0.95
114    2    0.005    1    2   0    1.02
27    1    -0.005    1    1   0    2.28
71    1    -0.014    1    1   0    1.10
119    2    0.005    1    2   0    0.97
102    2    -0.005    1    2   1    1.89
14    1    0.005    2    2   0    0.68
61    1    -0.014    1    1   0    0.55
112    2    -0.005    2    1   0    0.81
85    2    0.018    1    2   0    0.56
48    1    0.000    1    1   1    1.49
103    2    0.000    1    2   0    0.90
10    1    0.018    2    2   0    2.13
108    2    0.000    1    2   0    1.20
25    1    0.018    2    2   0    0.84
75    2    0.018    1    2   0    1.24
62    1    -0.005    1    1   0    0.96
59    1    0.005    2    2   0    2.33
127    2    -0.005    1    2   1    0.87
29    1    0.005    1    1   1    0.77
113    2    0.000    1    2   0    0.69
138    2    0.000    1    2   0    1.26
105    2    0.018    1    2   0    0.84
150    2    0.018    1    2   0    0.58
139    2    0.005    1    2   0    0.71
55    1    0.018    2    2   0    0.82
51    1    -0.014    1    1   0    0.66
16    1    -0.014    1    1   0    0.59
88    2    0.000    1    2   0    0.79
53    1    0.000    1    1   1    0.60
101    2    -0.014    2    1   0    0.90
131    2    -0.014    2    1   0    0.81
28    1    0.000    2    2   0    0.81
122    2    -0.005    1    2   1    0.74
2    1    -0.005    1    1   0    1.62
79    2    0.005    1    2   0    1.06
92    2    -0.005    2    1   0    2.67
149    2    0.005    1    2   0    0.54
31    1    -0.014    1    1   0    0.88
104    2    0.005    2    1   1    1.37
81    2    -0.014    2    1   0    0.88
148    2    0.000    1    2   0    0.82
115    2    0.018    1    2   0    0.70
15    1    0.018    2    2   0    0.82
30    1    0.018    2    2   0    0.64
142    2    -0.005    2    1   0    0.62
9    1    0.005    2    2   0    0.84
126    2    -0.014    2    1   0    0.82
76    2    -0.014    2    1   0    0.68
35    1    0.018    2    2   0    0.66
136    2    -0.014    2    1   0    0.60
52    1    -0.005    1    1   0    1.36
22    1    -0.005    1    1   0    0.75
20    1    0.018    2    2   0    0.63
106    2    -0.014    2    1   0    0.81
132    2    -0.005    2    1   0    1.58
96    2    -0.014    2    1   0    0.67
7    1    -0.005    1    1   0    0.75
49    1    0.005    2    2   0    0.95
70    1    0.018    2    2   0    0.59
13    1    0.000    1    1   1    1.29
44    1    0.005    1    1   1    1.06
144    2    0.005    1    2   0    0.65
91    2    -0.014    2    1   0    0.81
141    2    -0.014    2    1   0    0.72
146    2    -0.014    2    1   0    0.68
36    1    -0.014    1    1   0    0.76
40    1    0.018    2    2   0    0.70
83    2    0.000    1    2   0    0.79
97    2    -0.005    1    2   1    0.64
24    1    0.005    1    1   1    3.27
137    2    -0.005    1    2   1    0.78
56    1    -0.014    1    1   0    0.49
41    1    -0.014    1    1   0    0.61
143    2    0.000    1    2   0    1.02
124    2    0.005    1    2   0    0.87
110    2    0.018    1    2   0    0.67
58    1    0.000    1    1   1    0.67
37    1    -0.005    1    1   0    0.76
65    1    0.018    2    2   0    0.99
5    1    0.018    2    2   0    0.69
69    1    0.005    1    1   1    0.68
93    2    0.000    1    2   0    0.61
4    1    0.005    1    1   1    0.54
111    2    -0.014    2    1   0    1.04
21    1    -0.014    1    1   0    0.54
45    1    0.018    2    2   0    0.60
121    2    -0.014    2    1   0    1.01
39    1    0.005    1    1   1    3.27
140    2    0.018    1    2   0    0.84
43    1    0.000    1    1   1    1.03
135    2    0.018    1    2   0    1.93
125    2    0.018    1    2   0    0.93
8    1    0.000    1    1   1    2.55
87    2    -0.005    2    1   0    0.93
66    1    -0.014    1    1   0    0.73
3    1    0.000    2    2   0    1.41
33    1    0.000    1    1   1    0.52
1    1    -0.014    1    1   0    0.63
11    1    -0.014    1    1   0    0.70
120    2    0.018    1    2   0    0.62
78    2    0.000    2    1   1    1.18
107    2    -0.005    1    2   1    1.13
57    1    -0.005    1    1   0    1.22
64    1    0.005    1    1   1    1.42
6    1    -0.014    1    1   0    0.55
18    1    0.000    1    1   1    1.54
90    2    0.018    1    2   0    0.62
133    2    0.000    1    2   0    0.87
72    1    -0.005    1    1   0    5.77
19    1    0.005    2    2   0    0.63
74    1    0.005    2    2   0    0.52
17    1    -0.005    2    2   1    0.64
32    1    -0.005    1    1   0    0.80
100    2    0.018    1    2   0    0.59
147    2    -0.005    2    1   0    2.39
82    2    -0.005    1    2   1    0.86
89    2    0.005    1    2   0    0.68
116    2    -0.014    2    1   0    0.59
50    1    0.018    2    2   0    0.55
95    2    0.018    1    2   0    0.51
73    1    0.000    1    1   1    0.97
47    1    -0.005    1    1   0    0.87
94    2    0.005    1    2   0    1.28
60    1    0.018    2    2   0    0.79
67    1    -0.005    1    1   0    0.71
26    1    -0.014    1    1   0    0.60
77    2    -0.005    2    1   0    0.86
63    1    0.000    1    1   1    0.61
109    2    0.005    1    2   0    0.59
145    2    0.018    1    2   0    0.51
123    2    0.000    1    2   0    0.77
99    2    0.005    1    2   0    0.91
38    1    0.000    1    1   1    2.62
128    2    0.000    2    1   1    0.57
117    2    -0.005    2    1   0    0.99
23    1    0.000    1    1   1    0.56
84    2    0.005    2    1   1    0.68
42    1    -0.005    1    1   0    0.52
129    2    0.005    1    2   0    0.55
34    1    0.005    2    2   0    0.61
46    1    -0.014    1    1   0    0.61
98    2    0.000    2    1   1    1.81
130    2    0.018    1    2   0    0.58
