--------------------------------
25-Mar-2015 17:16:42 
data from observer T20 
#occlusion2 expt 
reference disparity (degrees) 0.160000 

stim order disp kresp testresp correct time
1    1    0.074    1    1   1    5.00
2    2    -0.069    1    2   1    1.10
3    1    -0.065    2    2   1    0.74
4    1    -0.060    2    2   1    0.67
5    1    0.055    1    1   1    1.86
6    2    -0.051    1    2   1    0.66
7    1    -0.046    2    2   1    0.57
8    2    -0.042    1    2   1    0.61
9    1    0.037    1    1   1    0.67
10    1    0.032    1    1   1    0.82
11    2    -0.028    1    2   1    2.27
12    2    -0.023    1    2   1    1.70
13    1    0.018    1    1   1    1.95
14    2    0.014    2    1   1    1.55
15    2    0.009    2    1   1    0.79
16    2    -0.005    2    1   0    2.50
17    1    0.014    1    1   1    0.86
18    1    -0.014    2    2   1    0.96
19    1    0.009    1    1   1    1.16
20    1    -0.009    2    2   1    1.18
21    1    -0.005    2    2   1    0.98
22    1    0.005    2    2   0    1.05
23    1    0.014    1    1   1    1.34
24    1    -0.014    2    2   1    0.68
25    1    -0.009    2    2   1    0.70
26    2    -0.009    1    2   1    0.96
27    1    0.005    2    2   0    0.61
28    2    -0.014    1    2   1    0.73
29    1    -0.014    2    2   1    0.63
30    2    -0.009    1    2   1    1.24
31    2    0.009    2    1   1    0.77
32    1    -0.005    2    2   1    0.62
33    2    -0.005    2    1   0    0.88
34    1    0.014    1    1   1    0.93
35    1    -0.014    2    2   1    0.55
36    2    -0.009    1    2   1    1.56
37    1    0.009    1    1   1    2.48
38    1    0.005    2    2   0    1.73
39    1    -0.014    2    2   1    0.72
40    2    0.014    2    1   1    0.68
41    2    -0.009    1    2   1    0.70
42    1    0.009    1    1   1    0.95
43    1    -0.005    1    1   0    0.79
44    2    -0.014    1    2   1    1.12
45    2    0.014    2    1   1    0.56
46    1    0.009    1    1   1    0.64
47    1    -0.009    2    2   1    0.62
48    2    -0.005    1    2   1    1.76
49    1    -0.005    2    2   1    0.56
50    1    0.005    1    1   1    1.08
-------------------------
Final staircase threshold estimate (mean) is 0.0083
-------------------------
23    1    0.000    2    2   0    10.98
67    1    -0.009    2    2   1    0.67
50    1    0.023    1    1   1    0.65
49    1    0.009    1    1   1    1.05
6    1    -0.023    2    2   1    0.53
149    2    0.009    2    1   1    1.50
73    1    0.000    1    1   1    1.29
94    2    0.009    2    1   1    0.63
41    1    -0.023    2    2   1    0.51
130    2    0.023    2    1   1    0.61
110    2    0.023    2    1   1    0.56
135    2    0.023    2    1   1    0.50
44    1    0.009    1    1   1    1.54
125    2    0.023    2    1   1    0.48
104    2    0.009    2    1   1    0.51
19    1    0.009    1    1   1    0.79
11    1    -0.023    2    2   1    0.50
13    1    0.000    1    1   1    2.04
81    2    -0.023    1    2   1    0.56
95    2    0.023    2    1   1    0.51
7    1    -0.009    2    2   1    0.85
20    1    0.023    1    1   1    0.64
30    1    0.023    1    1   1    0.68
109    2    0.009    2    1   1    1.25
150    2    0.023    2    1   1    0.65
61    1    -0.023    2    2   1    0.54
15    1    0.023    1    1   1    0.62
122    2    -0.009    1    2   1    0.75
63    1    0.000    2    2   0    1.56
36    1    -0.023    2    2   1    0.56
64    1    0.009    1    1   1    0.65
139    2    0.009    2    1   1    0.73
148    2    0.000    1    2   0    1.19
18    1    0.000    1    1   1    0.81
101    2    -0.023    2    1   0    0.81
52    1    -0.009    2    2   1    1.16
97    2    -0.009    1    2   1    0.74
45    1    0.023    1    1   1    0.65
2    1    -0.009    2    2   1    0.63
112    2    -0.009    1    2   1    0.84
25    1    0.023    1    1   1    0.74
120    2    0.023    2    1   1    0.64
89    2    0.009    2    1   1    0.56
88    2    0.000    2    1   1    0.52
34    1    0.009    1    1   1    0.82
5    1    0.023    1    1   1    0.64
121    2    -0.023    1    2   1    0.66
87    2    -0.009    1    2   1    1.77
32    1    -0.009    2    2   1    0.52
85    2    0.023    2    1   1    0.53
29    1    0.009    1    1   1    0.88
1    1    -0.023    2    2   1    0.62
91    2    -0.023    1    2   1    0.85
140    2    0.023    2    1   1    0.46
17    1    -0.009    2    2   1    1.33
38    1    0.000    2    2   0    1.64
37    1    -0.009    2    2   1    0.85
28    1    0.000    2    2   0    3.81
92    2    -0.009    1    2   1    2.31
77    2    -0.009    1    2   1    0.73
42    1    -0.009    2    2   1    0.64
31    1    -0.023    2    2   1    0.69
51    1    -0.023    2    2   1    0.52
126    2    -0.023    1    2   1    0.61
10    1    0.023    1    1   1    0.77
96    2    -0.023    1    2   1    0.93
102    2    -0.009    1    2   1    0.94
131    2    -0.023    1    2   1    0.81
105    2    0.023    2    1   1    0.54
80    2    0.023    2    1   1    0.52
143    2    0.000    2    1   1    2.23
40    1    0.023    1    1   1    0.85
115    2    0.023    2    1   1    0.67
106    2    -0.023    1    2   1    0.95
78    2    0.000    2    1   1    0.71
71    1    -0.023    2    2   1    0.63
16    1    -0.023    2    2   1    0.62
144    2    0.009    2    1   1    0.64
129    2    0.009    2    1   1    0.56
9    1    0.009    1    1   1    2.30
4    1    0.009    1    1   1    1.80
57    1    -0.009    2    2   1    0.62
79    2    0.009    2    1   1    0.59
66    1    -0.023    2    2   1    0.51
72    1    -0.009    2    2   1    0.49
58    1    0.000    2    2   0    1.16
43    1    0.000    2    2   0    1.26
113    2    0.000    2    1   1    1.80
14    1    0.009    1    1   1    1.06
76    2    -0.023    1    2   1    0.57
39    1    0.009    1    1   1    0.89
53    1    0.000    1    1   1    1.12
141    2    -0.023    1    2   1    0.70
123    2    0.000    2    1   1    3.42
111    2    -0.023    1    2   1    0.58
47    1    -0.009    2    2   1    2.84
127    2    -0.009    1    2   1    0.82
12    1    -0.009    2    2   1    0.74
99    2    0.009    2    1   1    0.80
82    2    -0.009    1    2   1    1.10
116    2    -0.023    1    2   1    0.74
59    1    0.009    1    1   1    0.83
83    2    0.000    2    1   1    0.59
93    2    0.000    2    1   1    2.10
114    2    0.009    2    1   1    1.50
107    2    -0.009    1    2   1    0.93
62    1    -0.009    2    2   1    1.48
3    1    0.000    2    2   0    0.56
119    2    0.009    2    1   1    0.79
22    1    -0.009    2    2   1    0.66
137    2    -0.009    1    2   1    0.85
103    2    0.000    2    1   1    0.55
55    1    0.023    1    1   1    0.58
84    2    0.009    2    1   1    0.55
74    1    0.009    1    1   1    0.72
138    2    0.000    2    1   1    2.06
75    2    0.023    2    1   1    0.66
98    2    0.000    2    1   1    1.56
146    2    -0.023    1    2   1    0.58
90    2    0.023    2    1   1    0.58
128    2    0.000    2    1   1    2.06
136    2    -0.023    1    2   1    0.63
65    1    0.023    1    1   1    0.58
46    1    -0.023    2    2   1    0.61
124    2    0.009    2    1   1    0.48
132    2    -0.009    1    2   1    1.08
8    1    0.000    1    1   1    2.01
86    2    -0.023    1    2   1    0.43
117    2    -0.009    1    2   1    0.63
48    1    0.000    1    1   1    0.48
24    1    0.009    1    1   1    0.51
33    1    0.000    2    2   0    2.71
54    1    0.009    1    1   1    0.46
27    1    -0.009    2    2   1    0.64
100    2    0.023    2    1   1    0.52
134    2    0.009    2    1   1    0.47
35    1    0.023    1    1   1    0.70
118    2    0.000    1    2   0    0.54
60    1    0.023    1    1   1    0.58
70    1    0.023    1    1   1    0.55
21    1    -0.023    2    2   1    0.59
69    1    0.009    1    1   1    1.11
26    1    -0.023    2    2   1    0.60
56    1    -0.023    2    2   1    0.52
108    2    0.000    2    1   1    2.25
68    1    0.000    1    1   1    0.54
145    2    0.023    2    1   1    0.55
142    2    -0.009    1    2   1    0.66
147    2    -0.009    1    2   1    0.66
133    2    0.000    2    1   1    3.72
