--------------------------------
25-Mar-2015 18:47:24 
data from observer T21 
#occlusion2 expt 
reference disparity (degrees) 0.160000 

stim order disp kresp testresp correct time
1    2    0.074    2    1   1    2.32
2    1    0.069    1    1   1    0.66
3    1    -0.065    2    2   1    0.78
4    2    0.060    2    1   1    0.64
5    1    0.055    1    1   1    0.76
6    1    -0.051    2    2   1    0.61
7    1    0.046    1    1   1    0.66
8    1    -0.042    2    2   1    0.69
9    2    0.037    2    1   1    0.58
10    2    -0.032    1    2   1    0.65
11    2    0.028    2    1   1    0.75
12    1    -0.023    2    2   1    0.58
13    1    -0.018    2    2   1    0.62
14    1    -0.014    2    2   1    0.70
15    1    0.009    1    1   1    0.72
16    2    0.005    2    1   1    0.99
17    1    -0.005    2    2   1    0.61
18    1    -0.005    2    2   1    0.69
19    2    0.005    2    1   1    1.18
20    2    -0.005    2    1   0    0.98
21    2    0.014    2    1   1    0.67
22    1    0.014    1    1   1    0.66
23    1    -0.009    2    2   1    1.18
24    2    -0.009    1    2   1    1.00
25    1    0.005    2    2   0    0.86
26    2    -0.014    2    1   0    0.97
27    2    0.023    2    1   1    0.64
28    2    0.023    2    1   1    0.58
29    2    -0.018    1    2   1    0.67
30    1    0.018    1    1   1    1.03
31    1    -0.014    2    2   1    0.99
32    1    -0.014    2    2   1    0.59
33    1    0.009    1    1   1    0.59
34    1    0.009    1    1   1    0.67
35    2    -0.005    1    2   1    0.86
36    2    0.005    2    1   1    0.69
37    2    -0.005    1    2   1    0.93
38    2    0.005    2    1   1    1.88
39    2    -0.005    1    2   1    0.79
40    2    -0.005    2    1   0    1.86
41    1    0.014    1    1   1    0.80
42    1    -0.014    2    2   1    0.82
43    2    0.009    2    1   1    1.00
44    1    0.009    1    1   1    0.75
45    1    0.005    2    2   0    0.69
46    2    -0.014    1    2   1    0.70
47    1    0.014    1    1   1    0.65
48    1    0.009    1    1   1    0.67
49    2    -0.009    1    2   1    1.84
50    1    0.005    1    1   1    1.06
-------------------------
Final staircase threshold estimate (mean) is 0.0102
-------------------------
103    2    0.000    2    1   1    5.05
2    1    -0.009    2    2   1    0.67
140    2    0.028    2    1   1    0.52
125    2    0.028    2    1   1    0.48
101    2    -0.023    1    2   1    0.67
122    2    -0.009    1    2   1    0.93
24    1    0.009    2    2   0    0.64
16    1    -0.023    2    2   1    0.66
149    2    0.009    2    1   1    0.60
31    1    -0.023    2    2   1    0.55
49    1    0.009    1    1   1    0.67
116    2    -0.023    1    2   1    0.60
100    2    0.028    2    1   1    0.47
11    1    -0.023    2    2   1    0.55
96    2    -0.023    1    2   1    0.69
94    2    0.009    2    1   1    0.60
124    2    0.009    2    1   1    0.65
42    1    -0.009    2    2   1    0.69
72    1    -0.009    2    2   1    0.88
20    1    0.028    1    1   1    0.65
130    2    0.028    2    1   1    0.71
33    1    0.000    2    2   0    0.97
83    2    0.000    1    2   0    0.84
69    1    0.009    1    1   1    0.76
76    2    -0.023    1    2   1    0.64
121    2    -0.023    1    2   1    0.72
71    1    -0.023    2    2   1    0.67
135    2    0.028    2    1   1    0.66
114    2    0.009    2    1   1    0.96
65    1    0.028    1    1   1    0.69
75    2    0.028    2    1   1    0.66
41    1    -0.023    2    2   1    0.58
142    2    -0.009    1    2   1    0.87
29    1    0.009    1    1   1    1.01
136    2    -0.023    1    2   1    0.51
1    1    -0.023    2    2   1    0.58
30    1    0.028    1    1   1    0.92
67    1    -0.009    2    2   1    0.54
47    1    -0.009    2    2   1    0.51
56    1    -0.023    2    2   1    0.64
58    1    0.000    2    2   0    0.75
32    1    -0.009    2    2   1    0.84
81    2    -0.023    1    2   1    0.75
66    1    -0.023    2    2   1    0.55
6    1    -0.023    2    2   1    0.64
63    1    0.000    2    2   0    0.69
113    2    0.000    2    1   1    0.78
50    1    0.028    1    1   1    0.70
13    1    0.000    2    2   0    0.63
105    2    0.028    2    1   1    0.64
59    1    0.009    1    1   1    0.70
139    2    0.009    2    1   1    0.65
84    2    0.009    2    1   1    1.22
138    2    0.000    2    1   1    0.72
5    1    0.028    1    1   1    0.57
106    2    -0.023    1    2   1    0.73
107    2    -0.009    1    2   1    0.83
86    2    -0.023    1    2   1    1.01
61    1    -0.023    2    2   1    0.79
108    2    0.000    2    1   1    0.86
35    1    0.028    1    1   1    1.34
19    1    0.009    1    1   1    0.93
57    1    -0.009    2    2   1    0.77
17    1    -0.009    2    2   1    0.63
99    2    0.009    2    1   1    1.35
12    1    -0.009    2    2   1    0.80
128    2    0.000    1    2   0    1.11
127    2    -0.009    1    2   1    1.13
8    1    0.000    2    2   0    1.08
55    1    0.028    1    1   1    0.65
40    1    0.028    1    1   1    0.57
48    1    0.000    2    2   0    0.65
45    1    0.028    1    1   1    0.53
15    1    0.028    1    1   1    0.65
70    1    0.028    1    1   1    0.57
91    2    -0.023    1    2   1    0.66
80    2    0.028    2    1   1    0.56
89    2    0.009    2    1   1    0.51
134    2    0.009    2    1   1    0.67
39    1    0.009    1    1   1    1.07
21    1    -0.023    2    2   1    0.59
118    2    0.000    1    2   0    1.01
126    2    -0.023    1    2   1    1.10
82    2    -0.009    1    2   1    1.00
120    2    0.028    2    1   1    0.86
44    1    0.009    1    1   1    0.82
104    2    0.009    2    1   1    0.66
78    2    0.000    2    1   1    1.14
60    1    0.028    1    1   1    0.68
137    2    -0.009    1    2   1    1.00
93    2    0.000    1    2   0    0.96
148    2    0.000    2    1   1    0.73
115    2    0.028    2    1   1    0.66
51    1    -0.023    2    2   1    0.72
143    2    0.000    1    2   0    1.22
10    1    0.028    1    1   1    0.72
132    2    -0.009    1    2   1    0.76
90    2    0.028    2    1   1    0.65
97    2    -0.009    1    2   1    1.33
68    1    0.000    1    1   1    0.93
43    1    0.000    1    1   1    0.61
110    2    0.028    2    1   1    0.78
3    1    0.000    2    2   0    1.86
145    2    0.028    2    1   1    0.90
34    1    0.009    1    1   1    0.87
147    2    -0.009    1    2   1    0.63
36    1    -0.023    2    2   1    0.64
144    2    0.009    2    1   1    0.76
92    2    -0.009    1    2   1    0.72
64    1    0.009    1    1   1    0.66
73    1    0.000    1    1   1    2.00
53    1    0.000    1    1   1    0.66
141    2    -0.023    1    2   1    0.50
79    2    0.009    2    1   1    0.59
102    2    -0.009    1    2   1    0.71
119    2    0.009    2    1   1    0.50
112    2    -0.009    1    2   1    0.69
131    2    -0.023    1    2   1    0.68
77    2    -0.009    2    1   0    0.60
14    1    0.009    1    1   1    0.91
4    1    0.009    1    1   1    0.78
28    1    0.000    2    2   0    0.65
54    1    0.009    1    1   1    0.84
146    2    -0.023    1    2   1    0.92
38    1    0.000    2    2   0    0.69
109    2    0.009    2    1   1    0.63
123    2    0.000    2    1   1    0.90
87    2    -0.009    1    2   1    0.70
95    2    0.028    2    1   1    1.25
46    1    -0.023    2    2   1    0.56
23    1    0.000    2    2   0    0.64
25    1    0.028    1    1   1    1.03
52    1    -0.009    2    2   1    0.93
117    2    -0.009    1    2   1    0.74
7    1    -0.009    2    2   1    0.88
85    2    0.028    2    1   1    0.90
111    2    -0.023    1    2   1    0.81
129    2    0.009    2    1   1    0.80
74    1    0.009    1    1   1    0.71
133    2    0.000    2    1   1    0.76
62    1    -0.009    2    2   1    0.79
9    1    0.009    1    1   1    0.68
98    2    0.000    2    1   1    0.92
26    1    -0.023    2    2   1    1.42
22    1    -0.009    2    2   1    1.07
18    1    0.000    2    2   0    0.74
88    2    0.000    2    1   1    0.68
27    1    -0.009    2    2   1    1.39
37    1    -0.009    2    2   1    2.46
150    2    0.028    2    1   1    0.63
