--------------------------------
25-Mar-2015 18:34:10 
data from observer T21 
#occlusion2 expt 
reference disparity (degrees) 0.160000 

stim order disp kresp testresp correct time
1    2    -0.074    1    2   1    2.67
2    2    -0.069    1    2   1    0.66
3    1    -0.065    2    2   1    0.83
4    2    -0.060    1    2   1    0.58
5    2    -0.055    1    2   1    0.57
6    2    0.051    2    1   1    0.63
7    2    -0.046    1    2   1    0.61
8    2    0.042    2    1   1    0.56
9    2    -0.037    1    2   1    0.84
10    1    -0.032    2    2   1    0.58
11    1    -0.028    2    2   1    0.55
12    1    0.023    1    1   1    0.64
13    2    -0.018    1    2   1    0.80
14    2    -0.014    1    2   1    0.75
15    2    0.009    2    1   1    0.64
16    1    0.005    1    1   1    0.93
17    1    0.005    2    2   0    0.75
18    1    -0.014    2    2   1    0.81
19    1    -0.014    1    1   0    1.23
20    2    0.023    2    1   1    0.57
21    2    -0.023    1    2   1    0.73
22    1    -0.018    2    2   1    1.01
23    1    0.018    1    1   1    0.67
24    2    -0.014    1    2   1    1.17
25    1    -0.014    2    2   1    0.63
26    2    -0.009    1    2   1    1.13
27    2    0.009    2    1   1    0.64
28    2    0.005    2    1   1    0.80
29    2    -0.005    1    2   1    1.28
30    2    -0.005    1    2   1    0.71
31    2    0.005    2    1   1    0.69
32    1    0.005    1    1   1    0.98
33    2    -0.005    1    2   1    1.02
34    1    0.005    1    1   1    0.70
35    1    -0.005    2    2   1    1.17
36    2    -0.005    1    2   1    0.75
37    2    -0.005    1    2   1    0.94
38    2    -0.005    1    2   1    0.92
39    1    -0.005    2    2   1    1.44
40    2    0.005    1    2   0    0.85
41    2    0.014    2    1   1    0.79
42    1    0.014    1    1   1    0.76
43    1    -0.009    2    2   1    0.63
44    1    -0.009    2    2   1    1.12
45    1    -0.005    2    2   1    0.81
46    2    -0.005    1    2   1    0.60
47    2    0.005    2    1   1    0.68
48    1    0.005    1    1   1    0.83
49    2    0.005    2    1   1    0.71
50    1    -0.005    2    2   1    0.76
-------------------------
Final staircase threshold estimate (mean) is 0.0074
-------------------------
99    2    0.009    2    1   1    2.35
106    2    -0.018    1    2   1    0.62
46    1    -0.018    2    2   1    0.53
23    1    0.000    1    1   1    0.86
74    1    0.009    1    1   1    0.91
129    2    0.009    2    1   1    1.02
91    2    -0.018    1    2   1    0.53
104    2    0.009    2    1   1    0.59
120    2    0.018    2    1   1    0.64
78    2    0.000    2    1   1    1.07
20    1    0.018    1    1   1    0.53
64    1    0.009    2    2   0    0.78
147    2    -0.009    1    2   1    0.51
19    1    0.009    1    1   1    0.61
42    1    -0.009    2    2   1    0.66
32    1    -0.009    2    2   1    0.55
80    2    0.018    2    1   1    0.57
131    2    -0.018    1    2   1    0.55
12    1    -0.009    2    2   1    0.56
86    2    -0.018    1    2   1    0.47
122    2    -0.009    1    2   1    0.65
128    2    0.000    2    1   1    0.58
81    2    -0.018    1    2   1    0.49
43    1    0.000    2    2   0    0.56
31    1    -0.018    2    2   1    0.55
148    2    0.000    1    2   0    0.85
112    2    -0.009    1    2   1    0.64
111    2    -0.018    1    2   1    0.53
40    1    0.018    1    1   1    0.66
14    1    0.009    1    1   1    0.98
68    1    0.000    2    2   0    1.09
126    2    -0.018    1    2   1    0.62
132    2    -0.009    1    2   1    0.56
15    1    0.018    1    1   1    0.56
145    2    0.018    2    1   1    0.64
29    1    0.009    1    1   1    0.58
45    1    0.018    1    1   1    0.50
37    1    -0.009    2    2   1    0.55
35    1    0.018    1    1   1    0.54
115    2    0.018    2    1   1    0.57
54    1    0.009    1    1   1    0.59
75    2    0.018    2    1   1    0.52
119    2    0.009    2    1   1    0.62
102    2    -0.009    1    2   1    0.57
48    1    0.000    1    1   1    0.51
33    1    0.000    1    1   1    0.58
56    1    -0.018    2    2   1    0.56
134    2    0.009    2    1   1    0.59
51    1    -0.018    2    2   1    0.54
79    2    0.009    2    1   1    0.43
77    2    -0.009    2    1   0    0.38
142    2    -0.009    1    2   1    0.65
69    1    0.009    1    1   1    0.66
94    2    0.009    2    1   1    0.49
82    2    -0.009    1    2   1    0.68
65    1    0.018    1    1   1    0.52
140    2    0.018    2    1   1    0.53
62    1    -0.009    2    2   1    0.66
22    1    -0.009    2    2   1    0.55
144    2    0.009    2    1   1    0.51
1    1    -0.018    2    2   1    0.51
109    2    0.009    2    1   1    0.53
6    1    -0.018    2    2   1    0.45
50    1    0.018    1    1   1    0.98
137    2    -0.009    2    1   0    0.53
18    1    0.000    1    1   1    0.65
10    1    0.018    1    1   1    0.58
24    1    0.009    1    1   1    0.64
76    2    -0.018    1    2   1    0.62
28    1    0.000    1    1   1    0.93
60    1    0.018    1    1   1    0.63
100    2    0.018    2    1   1    0.63
17    1    -0.009    1    1   0    0.62
59    1    0.009    1    1   1    0.60
93    2    0.000    2    1   1    0.98
135    2    0.018    2    1   1    0.60
27    1    -0.009    2    2   1    0.59
97    2    -0.009    1    2   1    0.61
138    2    0.000    1    2   0    0.69
101    2    -0.018    1    2   1    0.66
105    2    0.018    2    1   1    0.68
136    2    -0.018    1    2   1    0.63
108    2    0.000    2    1   1    1.18
4    1    0.009    1    1   1    0.63
139    2    0.009    2    1   1    0.53
150    2    0.018    2    1   1    0.61
7    1    -0.009    2    2   1    0.86
89    2    0.009    2    1   1    0.58
88    2    0.000    2    1   1    0.65
36    1    -0.018    2    2   1    0.62
39    1    0.009    1    1   1    0.81
11    1    -0.018    2    2   1    0.67
121    2    -0.018    1    2   1    0.65
71    1    -0.018    2    2   1    0.55
16    1    -0.018    2    2   1    0.59
44    1    0.009    1    1   1    0.58
116    2    -0.018    1    2   1    0.63
133    2    0.000    1    2   0    0.76
70    1    0.018    1    1   1    0.58
107    2    -0.009    1    2   1    0.58
98    2    0.000    1    2   0    1.40
73    1    0.000    1    1   1    0.64
130    2    0.018    2    1   1    1.11
92    2    -0.009    1    2   1    0.70
146    2    -0.018    1    2   1    0.68
72    1    -0.009    2    2   1    1.06
66    1    -0.018    2    2   1    0.92
9    1    0.009    1    1   1    0.64
67    1    -0.009    2    2   1    1.10
83    2    0.000    2    1   1    0.72
110    2    0.018    2    1   1    0.77
117    2    -0.009    1    2   1    0.83
5    1    0.018    1    1   1    0.70
3    1    0.000    2    2   0    0.94
123    2    0.000    1    2   0    0.89
113    2    0.000    2    1   1    1.09
53    1    0.000    2    2   0    1.19
118    2    0.000    1    2   0    0.66
47    1    -0.009    2    2   1    0.67
141    2    -0.018    1    2   1    0.92
85    2    0.018    2    1   1    1.47
25    1    0.018    1    1   1    0.86
143    2    0.000    2    1   1    1.18
103    2    0.000    2    1   1    0.71
87    2    -0.009    1    2   1    0.78
26    1    -0.018    2    2   1    0.57
84    2    0.009    2    1   1    0.73
55    1    0.018    1    1   1    0.75
34    1    0.009    1    1   1    0.71
13    1    0.000    1    1   1    0.75
125    2    0.018    2    1   1    0.76
149    2    0.009    2    1   1    0.85
21    1    -0.018    2    2   1    0.61
49    1    0.009    1    1   1    1.06
38    1    0.000    2    2   0    0.57
90    2    0.018    2    1   1    0.59
41    1    -0.018    2    2   1    0.64
127    2    -0.009    1    2   1    0.70
58    1    0.000    2    2   0    1.03
63    1    0.000    2    2   0    0.59
96    2    -0.018    1    2   1    0.59
57    1    -0.009    2    2   1    0.83
30    1    0.018    1    1   1    0.72
114    2    0.009    2    1   1    0.98
124    2    0.009    2    1   1    0.82
2    1    -0.009    2    2   1    0.89
52    1    -0.009    2    2   1    0.99
61    1    -0.018    2    2   1    1.06
95    2    0.018    2    1   1    0.82
8    1    0.000    1    1   1    1.01
