--------------------------------
25-Mar-2015 18:39:52 
data from observer T21 
#occlusion2 expt 
reference disparity (degrees) 0.160000 

stim order disp kresp testresp correct time
1    2    -0.074    1    2   1    2.78
2    1    -0.069    2    2   1    1.10
3    1    0.065    1    1   1    0.98
4    2    -0.060    1    2   1    0.77
5    2    -0.055    1    2   1    0.61
6    2    0.051    2    1   1    0.86
7    2    0.046    2    1   1    1.55
8    1    -0.042    2    2   1    1.13
9    2    -0.037    1    2   1    0.91
10    1    0.032    1    1   1    0.95
11    2    -0.028    1    2   1    0.72
12    1    0.023    1    1   1    0.75
13    1    0.018    1    1   1    0.63
14    2    0.014    2    1   1    0.95
15    2    -0.009    2    1   0    2.72
16    2    -0.018    1    2   1    0.74
17    1    0.018    1    1   1    0.73
18    2    0.014    2    1   1    1.61
19    1    0.014    2    2   0    2.40
20    2    -0.023    1    2   1    2.27
21    1    0.023    1    1   1    0.74
22    1    -0.018    2    2   1    0.95
23    2    0.018    2    1   1    0.63
24    2    0.014    2    1   1    1.27
25    2    0.014    2    1   1    1.20
26    1    0.009    1    1   1    1.39
27    2    0.009    2    1   1    0.84
28    2    0.005    2    1   1    1.37
29    2    0.005    2    1   1    1.53
30    1    0.005    1    1   1    1.01
31    2    0.005    2    1   1    0.61
32    2    0.005    2    1   1    1.20
33    1    -0.005    2    2   1    0.77
34    2    -0.005    1    2   1    0.72
35    2    0.005    2    1   1    0.82
36    1    -0.005    1    1   0    2.16
37    2    0.014    2    1   1    0.72
38    1    -0.014    1    1   0    1.15
39    1    0.023    1    1   1    1.89
40    1    0.023    1    1   1    1.12
41    1    0.018    1    1   1    1.94
42    2    0.018    2    1   1    1.00
43    2    0.014    2    1   1    1.44
44    1    -0.014    2    2   1    1.52
45    1    0.009    1    1   1    1.26
46    2    0.009    2    1   1    1.77
47    2    -0.005    1    2   1    2.09
48    2    -0.005    1    2   1    1.79
49    2    -0.005    2    1   0    1.33
50    1    0.014    2    2   0    1.26
-------------------------
Final staircase threshold estimate (mean) is 0.0111
-------------------------
49    1    0.009    1    1   1    4.47
64    1    0.009    2    2   0    0.90
3    1    0.000    1    1   1    0.65
19    1    0.009    1    1   1    0.95
142    2    -0.009    2    1   0    0.90
46    1    -0.028    2    2   1    1.02
66    1    -0.028    1    1   0    2.75
115    2    0.028    2    1   1    1.78
134    2    0.009    2    1   1    1.33
107    2    -0.009    1    2   1    1.70
23    1    0.000    1    1   1    1.64
120    2    0.028    2    1   1    0.86
42    1    -0.009    2    2   1    0.91
87    2    -0.009    1    2   1    1.29
83    2    0.000    1    2   0    2.18
102    2    -0.009    1    2   1    1.13
13    1    0.000    2    2   0    2.94
58    1    0.000    2    2   0    1.52
148    2    0.000    2    1   1    2.37
81    2    -0.028    1    2   1    0.59
144    2    0.009    2    1   1    0.70
143    2    0.000    1    2   0    1.07
138    2    0.000    1    2   0    1.20
69    1    0.009    1    1   1    1.82
32    1    -0.009    2    2   1    1.01
76    2    -0.028    1    2   1    1.35
139    2    0.009    2    1   1    0.80
5    1    0.028    2    2   0    1.38
55    1    0.028    1    1   1    0.69
117    2    -0.009    1    2   1    1.00
59    1    0.009    1    1   1    1.61
18    1    0.000    1    1   1    1.65
17    1    -0.009    2    2   1    0.89
125    2    0.028    2    1   1    2.68
124    2    0.009    1    2   0    0.82
91    2    -0.028    2    1   0    0.90
54    1    0.009    2    2   0    1.97
36    1    -0.028    2    2   1    1.45
86    2    -0.028    2    1   0    0.81
126    2    -0.028    2    1   0    0.85
92    2    -0.009    2    1   0    1.16
93    2    0.000    1    2   0    0.74
67    1    -0.009    2    2   1    1.68
38    1    0.000    2    2   0    1.01
9    1    0.009    1    1   1    0.87
111    2    -0.028    2    1   0    1.14
96    2    -0.028    2    1   0    2.59
57    1    -0.009    1    1   0    0.77
29    1    0.009    2    2   0    0.78
146    2    -0.028    2    1   0    1.31
80    2    0.028    1    2   0    1.49
53    1    0.000    1    1   1    1.39
10    1    0.028    2    2   0    0.68
121    2    -0.028    2    1   0    2.01
74    1    0.009    2    2   0    1.60
27    1    -0.009    1    1   0    0.83
48    1    0.000    2    2   0    0.94
131    2    -0.028    2    1   0    0.87
24    1    0.009    2    2   0    0.76
103    2    0.000    1    2   0    1.03
123    2    0.000    2    1   1    1.30
61    1    -0.028    1    1   0    0.68
133    2    0.000    1    2   0    2.32
128    2    0.000    2    1   1    0.71
130    2    0.028    1    2   0    0.69
135    2    0.028    2    1   1    1.21
51    1    -0.028    2    2   1    1.56
116    2    -0.028    1    2   1    2.30
28    1    0.000    2    2   0    1.73
79    2    0.009    1    2   0    1.72
62    1    -0.009    2    2   1    2.03
113    2    0.000    2    1   1    1.14
68    1    0.000    2    2   0    1.42
145    2    0.028    2    1   1    0.99
78    2    0.000    1    2   0    1.39
70    1    0.028    1    1   1    3.54
137    2    -0.009    2    1   0    1.03
45    1    0.028    1    1   1    1.49
43    1    0.000    2    2   0    0.84
4    1    0.009    1    1   1    2.28
26    1    -0.028    2    2   1    0.79
140    2    0.028    2    1   1    1.12
31    1    -0.028    2    2   1    1.55
88    2    0.000    1    2   0    1.11
30    1    0.028    1    1   1    2.04
8    1    0.000    2    2   0    1.85
150    2    0.028    2    1   1    0.89
65    1    0.028    1    1   1    0.76
20    1    0.028    1    1   1    1.10
132    2    -0.009    2    1   0    2.10
112    2    -0.009    1    2   1    1.04
99    2    0.009    2    1   1    0.74
60    1    0.028    2    2   0    2.66
14    1    0.009    1    1   1    1.34
71    1    -0.028    2    2   1    0.89
105    2    0.028    2    1   1    1.44
56    1    -0.028    1    1   0    2.24
34    1    0.009    2    2   0    2.19
77    2    -0.009    1    2   1    1.03
47    1    -0.009    2    2   1    0.74
149    2    0.009    2    1   1    0.92
33    1    0.000    1    1   1    1.17
50    1    0.028    2    2   0    0.69
90    2    0.028    1    2   0    1.01
12    1    -0.009    1    1   0    0.87
15    1    0.028    2    2   0    0.73
118    2    0.000    2    1   1    0.81
41    1    -0.028    1    1   0    0.67
39    1    0.009    1    1   1    2.01
100    2    0.028    2    1   1    2.19
109    2    0.009    2    1   1    1.62
94    2    0.009    2    1   1    1.10
119    2    0.009    2    1   1    2.85
72    1    -0.009    1    1   0    0.89
21    1    -0.028    2    2   1    2.18
95    2    0.028    2    1   1    1.26
16    1    -0.028    2    2   1    0.73
11    1    -0.028    2    2   1    1.26
147    2    -0.009    2    1   0    2.01
44    1    0.009    2    2   0    0.83
37    1    -0.009    1    1   0    1.73
25    1    0.028    2    2   0    0.95
127    2    -0.009    2    1   0    0.74
84    2    0.009    1    2   0    1.67
35    1    0.028    1    1   1    1.51
82    2    -0.009    1    2   1    1.44
106    2    -0.028    1    2   1    0.80
85    2    0.028    2    1   1    0.91
114    2    0.009    2    1   1    1.35
89    2    0.009    2    1   1    1.20
104    2    0.009    2    1   1    0.77
7    1    -0.009    2    2   1    1.45
6    1    -0.028    2    2   1    0.94
22    1    -0.009    2    2   1    1.14
75    2    0.028    2    1   1    0.73
63    1    0.000    2    2   0    1.31
101    2    -0.028    2    1   0    0.88
136    2    -0.028    1    2   1    0.97
129    2    0.009    2    1   1    0.69
40    1    0.028    1    1   1    1.29
141    2    -0.028    1    2   1    0.74
122    2    -0.009    1    2   1    0.76
98    2    0.000    2    1   1    0.83
97    2    -0.009    2    1   0    0.97
52    1    -0.009    2    2   1    1.69
2    1    -0.009    2    2   1    1.15
1    1    -0.028    2    2   1    0.81
110    2    0.028    2    1   1    0.81
108    2    0.000    2    1   1    1.82
73    1    0.000    2    2   0    0.99
