--------------------------------
25-Mar-2015 19:51:11 
data from observer T21 
#occlusion2 expt 
reference disparity (degrees) 0.160000 

stim order disp kresp testresp correct time
1    2    -0.074    2    1   1    3.38
2    2    0.069    1    2   1    0.80
3    2    -0.065    2    1   1    0.57
4    2    -0.060    2    1   1    0.54
5    2    0.055    1    2   1    0.50
6    2    0.051    1    2   1    0.50
7    1    -0.046    1    1   1    0.49
8    1    -0.042    1    1   1    0.45
9    2    -0.037    2    1   1    0.57
10    1    -0.032    1    1   1    0.54
11    2    -0.028    2    1   1    0.58
12    2    -0.023    2    1   1    0.63
13    2    0.018    1    2   1    0.77
14    2    -0.014    2    1   1    0.57
15    2    -0.009    2    1   1    0.49
16    2    -0.005    2    1   1    0.60
17    2    0.005    1    2   1    1.03
18    1    -0.005    1    1   1    0.63
19    1    0.005    2    2   1    0.67
20    1    -0.005    2    2   0    0.74
21    2    -0.014    2    1   1    0.59
22    2    -0.014    2    1   1    0.63
23    2    0.009    1    2   1    0.79
24    2    0.009    1    2   1    1.01
25    1    0.005    2    2   1    1.01
26    1    0.005    2    2   1    0.61
27    1    -0.005    1    1   1    0.74
28    2    0.005    1    2   1    1.25
29    2    0.005    2    1   0    0.59
30    1    -0.014    2    2   0    0.64
31    1    0.023    2    2   1    0.59
32    1    0.023    2    2   1    0.72
33    2    -0.018    2    1   1    0.55
34    1    -0.018    1    1   1    0.64
35    2    0.014    1    2   1    0.56
36    1    0.014    2    2   1    0.62
37    1    0.009    2    2   1    1.06
38    2    0.009    1    2   1    0.68
39    1    -0.005    1    1   1    0.77
40    2    -0.005    2    1   1    0.70
41    2    0.005    1    2   1    0.84
42    2    -0.005    2    1   1    0.56
43    2    0.005    2    1   0    0.59
44    2    -0.014    2    1   1    0.63
45    2    -0.014    2    1   1    0.57
46    2    -0.009    2    1   1    0.66
47    1    -0.009    1    1   1    0.67
48    1    -0.005    1    1   1    0.67
49    2    0.005    2    1   0    0.53
50    1    -0.014    1    1   1    0.62
-------------------------
Final staircase threshold estimate (mean) is 0.0083
-------------------------
129    2    0.009    1    2   0    5.69
70    1    0.023    2    2   0    0.55
26    1    -0.023    1    1   0    0.54
132    2    -0.009    2    1   0    0.70
63    1    0.000    1    1   1    0.94
14    1    0.009    2    2   0    1.22
64    1    0.009    1    1   1    0.75
85    2    0.023    1    2   0    0.60
136    2    -0.023    2    1   0    0.85
8    1    0.000    2    2   0    0.77
30    1    0.023    2    2   0    0.63
131    2    -0.023    2    1   0    0.78
137    2    -0.009    2    1   0    1.36
50    1    0.023    2    2   0    0.62
55    1    0.023    2    2   0    0.54
150    2    0.023    1    2   0    0.53
138    2    0.000    2    1   1    0.61
40    1    0.023    2    2   0    0.68
65    1    0.023    2    2   0    0.68
120    2    0.023    1    2   0    1.51
61    1    -0.023    1    1   0    0.58
18    1    0.000    2    2   0    0.52
99    2    0.009    2    1   1    0.54
135    2    0.023    1    2   0    0.75
81    2    -0.023    2    1   0    0.65
128    2    0.000    2    1   1    0.68
98    2    0.000    1    2   0    2.92
39    1    0.009    2    2   0    0.73
11    1    -0.023    1    1   0    0.56
33    1    0.000    2    2   0    0.56
48    1    0.000    2    2   0    0.59
122    2    -0.009    2    1   0    0.63
42    1    -0.009    1    1   0    0.61
13    1    0.000    1    1   1    1.23
36    1    -0.023    1    1   0    0.57
43    1    0.000    1    1   1    1.40
111    2    -0.023    2    1   0    0.55
107    2    -0.009    1    2   1    0.47
15    1    0.023    2    2   0    0.60
7    1    -0.009    1    1   0    1.07
32    1    -0.009    1    1   0    0.82
126    2    -0.023    2    1   0    0.55
103    2    0.000    1    2   0    0.93
124    2    0.009    1    2   0    0.61
47    1    -0.009    1    1   0    0.75
31    1    -0.023    1    1   0    0.57
72    1    -0.009    1    1   0    0.84
21    1    -0.023    1    1   0    0.63
62    1    -0.009    1    1   0    1.06
147    2    -0.009    2    1   0    0.90
58    1    0.000    1    1   1    0.55
17    1    -0.009    1    1   0    0.60
130    2    0.023    1    2   0    0.72
121    2    -0.023    2    1   0    0.69
145    2    0.023    1    2   0    0.92
118    2    0.000    2    1   1    1.13
119    2    0.009    1    2   0    0.67
149    2    0.009    1    2   0    0.75
57    1    -0.009    2    2   1    0.75
83    2    0.000    2    1   1    1.11
143    2    0.000    2    1   1    0.74
96    2    -0.023    2    1   0    0.54
133    2    0.000    2    1   1    0.79
75    2    0.023    1    2   0    0.93
94    2    0.009    1    2   0    0.63
82    2    -0.009    2    1   0    0.85
114    2    0.009    1    2   0    1.22
142    2    -0.009    2    1   0    0.42
148    2    0.000    1    2   0    0.60
41    1    -0.023    1    1   0    0.79
60    1    0.023    2    2   0    0.64
87    2    -0.009    2    1   0    0.57
27    1    -0.009    1    1   0    0.78
2    1    -0.009    2    2   1    1.07
35    1    0.023    2    2   0    0.61
117    2    -0.009    2    1   0    0.86
9    1    0.009    2    2   0    0.56
110    2    0.023    1    2   0    0.62
19    1    0.009    2    2   0    0.56
140    2    0.023    1    2   0    0.49
10    1    0.023    2    2   0    0.43
109    2    0.009    1    2   0    0.56
69    1    0.009    2    2   0    0.51
139    2    0.009    1    2   0    0.52
105    2    0.023    1    2   0    0.75
34    1    0.009    2    2   0    0.71
45    1    0.023    2    2   0    0.63
125    2    0.023    1    2   0    0.53
141    2    -0.023    2    1   0    0.55
146    2    -0.023    2    1   0    0.60
12    1    -0.009    1    1   0    0.63
51    1    -0.023    1    1   0    0.61
4    1    0.009    2    2   0    0.52
71    1    -0.023    1    1   0    0.58
6    1    -0.023    1    1   0    0.44
112    2    -0.009    2    1   0    0.69
88    2    0.000    1    2   0    0.58
78    2    0.000    2    1   1    0.55
66    1    -0.023    1    1   0    0.72
20    1    0.023    2    2   0    0.48
1    1    -0.023    1    1   0    0.55
97    2    -0.009    2    1   0    0.47
52    1    -0.009    1    1   0    0.50
116    2    -0.023    2    1   0    0.48
28    1    0.000    1    1   1    0.35
49    1    0.009    2    2   0    0.50
5    1    0.023    2    2   0    0.60
67    1    -0.009    1    1   0    0.50
56    1    -0.023    1    1   0    0.58
3    1    0.000    1    1   1    1.62
16    1    -0.023    1    1   0    0.66
95    2    0.023    1    2   0    0.58
68    1    0.000    2    2   0    0.64
73    1    0.000    2    2   0    0.68
89    2    0.009    1    2   0    0.67
79    2    0.009    1    2   0    0.53
54    1    0.009    2    2   0    0.60
144    2    0.009    1    2   0    0.76
127    2    -0.009    2    1   0    0.56
123    2    0.000    1    2   0    0.54
86    2    -0.023    2    1   0    0.47
77    2    -0.009    2    1   0    0.58
46    1    -0.023    1    1   0    0.51
134    2    0.009    1    2   0    0.96
106    2    -0.023    2    1   0    0.46
115    2    0.023    1    2   0    0.57
29    1    0.009    2    2   0    0.54
23    1    0.000    2    2   0    0.68
74    1    0.009    2    2   0    0.96
59    1    0.009    2    2   0    0.81
93    2    0.000    2    1   1    1.04
90    2    0.023    1    2   0    0.74
104    2    0.009    1    2   0    0.76
91    2    -0.023    2    1   0    0.55
37    1    -0.009    1    1   0    0.93
53    1    0.000    2    2   0    0.67
102    2    -0.009    2    1   0    1.17
108    2    0.000    2    1   1    0.93
24    1    0.009    2    2   0    0.59
25    1    0.023    2    2   0    0.59
113    2    0.000    2    1   1    0.70
100    2    0.023    1    2   0    0.58
84    2    0.009    1    2   0    0.74
38    1    0.000    1    1   1    1.17
80    2    0.023    1    2   0    0.66
101    2    -0.023    2    1   0    0.48
92    2    -0.009    2    1   0    0.80
44    1    0.009    2    2   0    0.94
22    1    -0.009    2    2   1    0.95
76    2    -0.023    2    1   0    0.58
