--------------------------------
25-Mar-2015 19:56:51 
data from observer T21 
#occlusion2 expt 
reference disparity (degrees) 0.160000 

stim order disp kresp testresp correct time
1    2    0.074    1    2   1    1.69
2    2    -0.069    2    1   1    0.59
3    1    0.065    2    2   1    0.55
4    2    -0.060    2    1   1    0.55
5    1    0.055    2    2   1    0.54
6    2    0.051    1    2   1    0.56
7    1    -0.046    1    1   1    0.49
8    2    -0.042    2    1   1    0.60
9    1    0.037    2    2   1    0.59
10    2    0.032    1    2   1    0.63
11    2    0.028    1    2   1    0.57
12    2    0.023    1    2   1    0.57
13    1    -0.018    1    1   1    0.58
14    2    0.014    1    2   1    0.59
15    1    -0.009    1    1   1    0.52
16    2    -0.005    2    1   1    0.94
17    1    0.005    1    1   0    0.56
18    1    0.014    2    2   1    0.58
19    2    0.014    1    2   1    0.56
20    2    -0.009    2    1   1    0.62
21    2    -0.009    2    1   1    0.68
22    1    0.005    2    2   1    0.72
23    1    -0.005    1    1   1    0.75
24    1    0.005    2    2   1    0.49
25    2    0.005    1    2   1    0.56
26    1    -0.005    1    1   1    1.24
27    2    -0.005    2    1   1    0.75
28    1    -0.005    2    2   0    0.93
29    2    -0.014    2    1   1    0.66
30    1    0.014    2    2   1    0.72
31    2    -0.009    2    1   1    0.70
32    1    0.009    2    2   1    0.51
33    1    -0.005    2    2   0    0.69
34    1    0.014    2    2   1    0.55
35    1    -0.014    1    1   1    0.61
36    1    0.009    1    1   0    0.57
37    1    -0.018    1    1   1    0.67
38    2    0.018    1    2   1    0.71
39    2    -0.014    2    1   1    0.61
40    2    -0.014    2    1   1    0.77
41    2    -0.009    2    1   1    0.90
42    1    -0.009    1    1   1    1.00
43    2    0.005    1    2   1    0.81
44    2    0.005    1    2   1    0.68
45    2    -0.005    2    1   1    0.75
46    1    -0.005    1    1   1    0.81
47    2    0.005    1    2   1    0.57
48    1    -0.005    1    1   1    0.94
49    1    0.005    2    2   1    0.63
50    2    0.005    1    2   1    0.64
-------------------------
Final staircase threshold estimate (mean) is 0.0055
-------------------------
121    2    -0.014    2    1   0    2.91
32    1    -0.005    1    1   0    0.56
92    2    -0.005    1    2   1    0.64
9    1    0.005    2    2   0    0.65
2    1    -0.005    2    2   1    0.73
15    1    0.014    2    2   0    0.67
19    1    0.005    2    2   0    0.60
49    1    0.005    2    2   0    0.83
44    1    0.005    2    2   0    0.85
100    2    0.014    1    2   0    0.74
16    1    -0.014    1    1   0    0.66
12    1    -0.005    2    2   1    0.73
140    2    0.014    1    2   0    0.54
134    2    0.005    2    1   1    1.43
101    2    -0.014    2    1   0    0.74
136    2    -0.014    2    1   0    0.71
95    2    0.014    1    2   0    0.72
112    2    -0.005    2    1   0    1.07
88    2    0.000    2    1   1    0.73
105    2    0.014    1    2   0    0.66
139    2    0.005    1    2   0    0.88
81    2    -0.014    2    1   0    0.64
26    1    -0.014    1    1   0    0.61
33    1    0.000    2    2   0    0.70
126    2    -0.014    2    1   0    0.82
35    1    0.014    2    2   0    0.65
117    2    -0.005    1    2   1    0.73
68    1    0.000    1    1   1    0.80
18    1    0.000    1    1   1    0.73
127    2    -0.005    2    1   0    0.61
31    1    -0.014    1    1   0    0.58
7    1    -0.005    1    1   0    0.81
102    2    -0.005    1    2   1    0.63
116    2    -0.014    2    1   0    1.20
41    1    -0.014    1    1   0    0.79
119    2    0.005    1    2   0    0.61
150    2    0.014    1    2   0    0.95
94    2    0.005    1    2   0    0.82
131    2    -0.014    1    2   1    0.82
118    2    0.000    1    2   0    0.62
59    1    0.005    2    2   0    0.88
79    2    0.005    1    2   0    0.62
51    1    -0.014    1    1   0    0.62
6    1    -0.014    1    1   0    0.82
53    1    0.000    1    1   1    1.38
114    2    0.005    1    2   0    0.68
146    2    -0.014    1    2   1    0.59
104    2    0.005    1    2   0    0.65
42    1    -0.005    1    1   0    2.01
20    1    0.014    1    1   1    0.76
30    1    0.014    2    2   0    0.79
25    1    0.014    2    2   0    0.78
47    1    -0.005    2    2   1    0.57
17    1    -0.005    1    1   0    0.59
91    2    -0.014    1    2   1    0.84
132    2    -0.005    1    2   1    0.63
82    2    -0.005    2    1   0    1.78
120    2    0.014    1    2   0    0.62
28    1    0.000    1    1   1    0.78
54    1    0.005    1    1   1    0.62
130    2    0.014    1    2   0    0.90
48    1    0.000    1    1   1    0.81
23    1    0.000    1    1   1    0.66
36    1    -0.014    1    1   0    0.63
107    2    -0.005    1    2   1    1.16
10    1    0.014    1    1   1    0.65
113    2    0.000    1    2   0    0.64
133    2    0.000    1    2   0    0.90
97    2    -0.005    1    2   1    0.57
141    2    -0.014    1    2   1    0.62
56    1    -0.014    1    1   0    0.65
148    2    0.000    1    2   0    0.61
71    1    -0.014    1    1   0    0.55
3    1    0.000    1    1   1    0.75
8    1    0.000    2    2   0    0.79
24    1    0.005    2    2   0    0.70
57    1    -0.005    2    2   1    0.65
85    2    0.014    1    2   0    0.92
98    2    0.000    2    1   1    1.02
73    1    0.000    2    2   0    0.77
125    2    0.014    1    2   0    1.27
27    1    -0.005    1    1   0    0.93
34    1    0.005    2    2   0    0.95
96    2    -0.014    2    1   0    1.69
123    2    0.000    1    2   0    0.71
111    2    -0.014    2    1   0    1.26
106    2    -0.014    2    1   0    0.86
145    2    0.014    1    2   0    0.59
143    2    0.000    1    2   0    0.83
11    1    -0.014    1    1   0    0.66
22    1    -0.005    1    1   0    0.60
29    1    0.005    2    2   0    0.86
90    2    0.014    1    2   0    0.66
149    2    0.005    1    2   0    0.81
103    2    0.000    1    2   0    0.63
65    1    0.014    2    2   0    0.73
122    2    -0.005    1    2   1    0.83
109    2    0.005    1    2   0    0.95
87    2    -0.005    1    2   1    0.71
58    1    0.000    1    1   1    1.05
13    1    0.000    2    2   0    0.82
75    2    0.014    1    2   0    0.65
89    2    0.005    2    1   1    0.86
74    1    0.005    2    2   0    0.79
108    2    0.000    1    2   0    0.75
46    1    -0.014    1    1   0    0.62
64    1    0.005    2    2   0    0.70
77    2    -0.005    2    1   0    0.87
115    2    0.014    1    2   0    0.72
78    2    0.000    1    2   0    0.88
4    1    0.005    2    2   0    0.75
62    1    -0.005    2    2   1    0.82
67    1    -0.005    1    1   0    0.67
5    1    0.014    2    2   0    0.62
83    2    0.000    2    1   1    0.98
1    1    -0.014    1    1   0    0.63
129    2    0.005    2    1   1    0.66
45    1    0.014    2    2   0    0.78
147    2    -0.005    2    1   0    0.68
135    2    0.014    1    2   0    0.63
60    1    0.014    2    2   0    0.61
38    1    0.000    2    2   0    1.12
84    2    0.005    2    1   1    0.86
50    1    0.014    2    2   0    0.88
43    1    0.000    2    2   0    0.90
69    1    0.005    2    2   0    0.76
40    1    0.014    2    2   0    1.24
55    1    0.014    2    2   0    0.92
21    1    -0.014    1    1   0    0.84
80    2    0.014    1    2   0    0.87
14    1    0.005    2    2   0    0.77
138    2    0.000    2    1   1    0.94
142    2    -0.005    2    1   0    1.02
137    2    -0.005    2    1   0    0.95
99    2    0.005    1    2   0    1.01
52    1    -0.005    1    1   0    0.61
124    2    0.005    1    2   0    0.98
37    1    -0.005    2    2   1    1.02
66    1    -0.014    2    2   1    0.69
93    2    0.000    2    1   1    0.67
72    1    -0.005    2    2   1    0.68
63    1    0.000    1    1   1    0.64
110    2    0.014    1    2   0    0.60
76    2    -0.014    2    1   0    0.74
144    2    0.005    1    2   0    0.77
70    1    0.014    2    2   0    0.71
39    1    0.005    2    2   0    0.79
128    2    0.000    2    1   1    0.84
61    1    -0.014    1    1   0    0.69
86    2    -0.014    2    1   0    0.86
