--------------------------------
25-Mar-2015 18:26:01 
data from observer T21 
#occlusion2 expt 
reference disparity (degrees) 0.160000 

stim order disp kresp testresp correct time
1    1    0.074    1    1   1    1.48
2    2    -0.069    1    2   1    0.80
3    2    0.065    2    1   1    0.55
4    2    -0.060    1    2   1    0.56
5    2    -0.055    1    2   1    0.51
6    1    -0.051    2    2   1    0.51
7    1    0.046    1    1   1    0.93
8    1    0.042    1    1   1    0.52
9    2    0.037    2    1   1    0.52
10    1    0.032    1    1   1    0.72
11    1    -0.028    2    2   1    0.62
12    1    0.023    1    1   1    1.05
13    2    -0.018    1    2   1    1.39
14    2    0.014    2    1   1    0.55
15    1    -0.009    2    2   1    0.72
16    2    -0.005    2    1   0    1.74
17    1    0.014    1    1   1    0.63
18    2    0.014    2    1   1    0.67
19    1    0.009    1    1   1    1.25
20    2    0.009    2    1   1    0.58
21    1    -0.005    2    2   1    0.55
22    2    0.005    2    1   1    0.63
23    2    -0.005    1    2   1    1.14
24    2    -0.005    1    2   1    1.31
25    2    0.005    2    1   1    0.66
26    1    -0.005    1    1   0    2.00
27    2    -0.014    1    2   1    0.79
28    2    -0.014    1    2   1    0.80
29    1    0.009    1    1   1    0.84
30    2    0.009    2    1   1    0.70
31    1    0.005    1    1   1    1.76
32    1    0.005    2    2   0    0.71
33    2    -0.014    1    2   1    0.75
34    1    0.014    1    1   1    1.45
35    1    -0.009    2    2   1    0.95
36    1    0.009    1    1   1    0.89
37    2    0.005    2    1   1    0.74
38    2    0.005    2    1   1    0.72
39    2    0.005    2    1   1    0.89
40    2    -0.005    1    2   1    1.43
41    2    0.005    2    1   1    0.59
42    1    0.005    1    1   1    1.32
43    2    0.005    2    1   1    0.90
44    1    -0.005    2    2   1    0.79
45    1    0.005    1    1   1    1.93
46    1    -0.005    2    2   1    0.84
47    2    0.005    2    1   1    1.12
48    1    0.005    2    2   0    1.30
49    2    0.014    2    1   1    0.76
50    1    -0.014    2    2   1    0.60
-------------------------
Final staircase threshold estimate (mean) is 0.0065
-------------------------
131    2    -0.014    1    2   1    4.05
36    1    -0.014    2    2   1    0.59
97    2    -0.005    2    1   0    0.60
124    2    0.005    2    1   1    0.62
111    2    -0.014    1    2   1    0.75
134    2    0.005    2    1   1    0.64
39    1    0.005    1    1   1    0.73
3    1    0.000    2    2   0    0.67
110    2    0.018    2    1   1    0.71
81    2    -0.014    1    2   1    0.89
51    1    -0.014    2    2   1    1.21
20    1    0.018    1    1   1    0.60
95    2    0.018    2    1   1    0.57
32    1    -0.005    2    2   1    0.83
87    2    -0.005    1    2   1    0.92
116    2    -0.014    1    2   1    0.66
122    2    -0.005    2    1   0    1.04
90    2    0.018    2    1   1    0.60
60    1    0.018    1    1   1    0.62
127    2    -0.005    2    1   0    0.59
89    2    0.005    2    1   1    0.68
101    2    -0.014    1    2   1    0.60
65    1    0.018    1    1   1    0.78
125    2    0.018    2    1   1    0.69
27    1    -0.005    2    2   1    1.42
135    2    0.018    2    1   1    0.59
45    1    0.018    1    1   1    0.60
149    2    0.005    2    1   1    0.65
133    2    0.000    1    2   0    0.66
4    1    0.005    1    1   1    0.69
144    2    0.005    2    1   1    0.64
37    1    -0.005    1    1   0    1.12
123    2    0.000    2    1   1    0.62
76    2    -0.014    1    2   1    0.62
102    2    -0.005    1    2   1    0.66
86    2    -0.014    1    2   1    0.68
33    1    0.000    2    2   0    0.71
66    1    -0.014    2    2   1    1.19
5    1    0.018    1    1   1    0.82
69    1    0.005    1    1   1    1.20
54    1    0.005    1    1   1    0.87
63    1    0.000    2    2   0    0.75
8    1    0.000    2    2   0    1.41
22    1    -0.005    2    2   1    0.75
141    2    -0.014    1    2   1    0.78
62    1    -0.005    2    2   1    0.77
17    1    -0.005    2    2   1    0.81
23    1    0.000    2    2   0    1.01
139    2    0.005    2    1   1    0.91
1    1    -0.014    2    2   1    1.44
10    1    0.018    1    1   1    0.76
96    2    -0.014    1    2   1    1.61
34    1    0.005    1    1   1    1.11
16    1    -0.014    2    2   1    0.78
118    2    0.000    2    1   1    0.85
31    1    -0.014    2    2   1    0.80
7    1    -0.005    2    2   1    1.17
12    1    -0.005    2    2   1    0.71
145    2    0.018    2    1   1    0.58
46    1    -0.014    2    2   1    0.59
9    1    0.005    2    2   0    0.68
91    2    -0.014    1    2   1    0.60
143    2    0.000    2    1   1    0.99
15    1    0.018    1    1   1    0.76
11    1    -0.014    2    2   1    0.70
98    2    0.000    2    1   1    1.83
114    2    0.005    2    1   1    0.75
30    1    0.018    1    1   1    0.69
79    2    0.005    2    1   1    1.01
53    1    0.000    1    1   1    1.44
85    2    0.018    2    1   1    0.72
82    2    -0.005    2    1   0    1.59
18    1    0.000    2    2   0    1.17
84    2    0.005    2    1   1    1.84
56    1    -0.014    2    2   1    1.38
43    1    0.000    1    1   1    1.21
75    2    0.018    2    1   1    1.16
21    1    -0.014    2    2   1    0.86
68    1    0.000    1    1   1    1.74
136    2    -0.014    1    2   1    0.63
92    2    -0.005    1    2   1    0.63
115    2    0.018    2    1   1    0.65
29    1    0.005    1    1   1    1.42
94    2    0.005    2    1   1    0.69
71    1    -0.014    2    2   1    0.71
150    2    0.018    2    1   1    0.80
121    2    -0.014    1    2   1    0.73
105    2    0.018    2    1   1    0.73
142    2    -0.005    1    2   1    1.34
47    1    -0.005    2    2   1    1.07
52    1    -0.005    1    1   0    1.63
146    2    -0.014    1    2   1    1.06
113    2    0.000    1    2   0    2.07
67    1    -0.005    2    2   1    0.65
41    1    -0.014    2    2   1    0.72
74    1    0.005    2    2   0    0.75
88    2    0.000    2    1   1    0.75
64    1    0.005    2    2   0    0.83
48    1    0.000    1    1   1    0.68
77    2    -0.005    2    1   0    1.09
57    1    -0.005    2    2   1    0.94
107    2    -0.005    2    1   0    3.53
59    1    0.005    2    2   0    2.46
38    1    0.000    1    1   1    1.57
26    1    -0.014    2    2   1    0.82
140    2    0.018    2    1   1    0.76
148    2    0.000    2    1   1    0.94
112    2    -0.005    2    1   0    0.76
55    1    0.018    1    1   1    0.77
72    1    -0.005    2    2   1    2.81
24    1    0.005    1    1   1    0.88
6    1    -0.014    2    2   1    0.57
42    1    -0.005    2    2   1    0.63
137    2    -0.005    2    1   0    0.89
104    2    0.005    2    1   1    0.81
138    2    0.000    2    1   1    0.97
40    1    0.018    1    1   1    0.91
132    2    -0.005    1    2   1    0.83
35    1    0.018    1    1   1    0.70
58    1    0.000    1    1   1    0.83
2    1    -0.005    2    2   1    0.87
117    2    -0.005    2    1   0    0.80
147    2    -0.005    1    2   1    0.72
25    1    0.018    1    1   1    0.90
120    2    0.018    2    1   1    1.60
106    2    -0.014    1    2   1    1.51
19    1    0.005    2    2   0    1.63
78    2    0.000    2    1   1    0.81
128    2    0.000    2    1   1    0.95
129    2    0.005    2    1   1    0.83
73    1    0.000    2    2   0    1.88
126    2    -0.014    1    2   1    2.43
130    2    0.018    2    1   1    1.08
50    1    0.018    1    1   1    0.80
119    2    0.005    2    1   1    1.60
80    2    0.018    2    1   1    2.02
83    2    0.000    2    1   1    2.51
49    1    0.005    2    2   0    2.06
108    2    0.000    1    2   0    2.09
13    1    0.000    1    1   1    3.94
14    1    0.005    2    2   0    0.68
99    2    0.005    2    1   1    0.75
61    1    -0.014    2    2   1    1.04
93    2    0.000    2    1   1    1.40
103    2    0.000    2    1   1    1.20
109    2    0.005    2    1   1    0.72
70    1    0.018    1    1   1    0.81
28    1    0.000    2    2   0    0.80
100    2    0.018    2    1   1    0.60
44    1    0.005    2    2   0    0.91
