--------------------------------
25-Mar-2015 19:39:08 
data from observer T21 
#occlusion2 expt 
reference disparity (degrees) 0.160000 

stim order disp kresp testresp correct time
1    1    -0.074    1    1   1    2.74
2    1    -0.069    1    1   1    0.57
3    2    0.065    1    2   1    0.55
4    1    -0.060    1    1   1    0.43
5    1    0.055    2    2   1    0.61
6    1    -0.051    1    1   1    0.63
7    1    0.046    2    2   1    0.47
8    2    -0.042    2    1   1    0.56
9    2    0.037    1    2   1    0.54
10    1    -0.032    1    1   1    0.57
11    2    -0.028    2    1   1    0.56
12    1    -0.023    1    1   1    0.50
13    2    -0.018    2    1   1    0.47
14    1    -0.014    1    1   1    0.67
15    1    0.009    2    2   1    0.58
16    1    -0.005    1    1   1    1.25
17    2    0.005    1    2   1    0.61
18    1    0.005    2    2   1    0.59
19    2    0.005    1    2   1    0.77
20    2    0.005    2    1   0    0.91
21    1    -0.014    1    1   1    0.74
22    1    -0.014    1    1   1    0.77
23    2    -0.009    2    1   1    0.78
24    1    0.009    2    2   1    1.36
25    1    0.005    2    2   1    2.87
26    1    0.005    2    2   1    1.12
27    2    0.005    1    2   1    0.61
28    1    0.005    2    2   1    0.87
29    2    0.005    1    2   1    0.73
30    1    -0.005    2    2   0    0.58
31    2    -0.014    2    1   1    0.61
32    1    -0.014    1    1   1    0.88
33    1    -0.009    1    1   1    0.93
34    1    -0.009    1    1   1    0.69
35    1    -0.005    1    1   1    0.91
36    1    0.005    2    2   1    0.70
37    1    -0.005    1    1   1    0.95
38    1    -0.005    2    2   0    0.92
39    2    0.014    1    2   1    0.93
40    2    0.014    1    2   1    0.69
41    1    0.009    2    2   1    0.73
42    1    -0.009    1    1   1    0.95
43    1    0.005    2    2   1    0.63
44    1    0.005    2    2   1    0.91
45    1    0.005    2    2   1    0.67
46    1    -0.005    1    1   1    0.76
47    2    -0.005    2    1   1    0.94
48    2    0.005    2    1   0    0.64
49    1    0.014    2    2   1    0.66
50    1    -0.014    1    1   1    0.75
-------------------------
Final staircase threshold estimate (mean) is 0.0074
-------------------------
8    1    0.000    2    2   0    5.36
132    2    -0.009    2    1   0    0.71
19    1    0.009    2    2   0    0.61
128    2    0.000    1    2   0    0.85
55    1    0.018    2    2   0    0.68
71    1    -0.018    1    1   0    0.62
150    2    0.018    1    2   0    0.52
119    2    0.009    1    2   0    0.65
103    2    0.000    2    1   1    0.64
53    1    0.000    2    2   0    1.00
85    2    0.018    1    2   0    0.48
123    2    0.000    2    1   1    0.59
20    1    0.018    2    2   0    0.57
72    1    -0.009    1    1   0    0.77
75    2    0.018    1    2   0    0.80
88    2    0.000    1    2   0    0.83
125    2    0.018    1    2   0    0.67
116    2    -0.018    2    1   0    0.59
62    1    -0.009    1    1   0    0.69
64    1    0.009    2    2   0    0.76
22    1    -0.009    1    1   0    0.60
13    1    0.000    2    2   0    0.71
47    1    -0.009    1    1   0    0.74
37    1    -0.009    1    1   0    0.63
5    1    0.018    2    2   0    0.64
97    2    -0.009    2    1   0    0.78
35    1    0.018    2    2   0    0.66
58    1    0.000    1    1   1    1.03
95    2    0.018    1    2   0    0.62
146    2    -0.018    2    1   0    0.54
12    1    -0.009    1    1   0    0.56
25    1    0.018    2    2   0    0.65
7    1    -0.009    1    1   0    0.63
43    1    0.000    2    2   0    0.77
117    2    -0.009    2    1   0    0.60
94    2    0.009    1    2   0    0.86
31    1    -0.018    1    1   0    0.64
14    1    0.009    2    2   0    0.67
79    2    0.009    1    2   0    0.64
111    2    -0.018    2    1   0    0.49
49    1    0.009    2    2   0    0.55
42    1    -0.009    1    1   0    0.97
102    2    -0.009    2    1   0    0.66
18    1    0.000    1    1   1    0.59
73    1    0.000    2    2   0    0.48
56    1    -0.018    1    1   0    0.57
44    1    0.009    2    2   0    0.71
126    2    -0.018    2    1   0    0.52
83    2    0.000    1    2   0    0.66
118    2    0.000    2    1   1    0.65
86    2    -0.018    2    1   0    0.51
63    1    0.000    2    2   0    0.73
131    2    -0.018    2    1   0    0.57
134    2    0.009    1    2   0    0.63
3    1    0.000    1    1   1    0.65
34    1    0.009    2    2   0    0.63
78    2    0.000    2    1   1    0.79
45    1    0.018    2    2   0    0.59
81    2    -0.018    2    1   0    0.77
26    1    -0.018    1    1   0    0.75
4    1    0.009    2    2   0    0.58
98    2    0.000    1    2   0    0.55
90    2    0.018    1    2   0    0.52
127    2    -0.009    2    1   0    0.53
145    2    0.018    1    2   0    0.70
137    2    -0.009    2    1   0    0.55
101    2    -0.018    2    1   0    0.61
17    1    -0.009    1    1   0    0.87
110    2    0.018    1    2   0    0.87
93    2    0.000    1    2   0    0.60
66    1    -0.018    1    1   0    0.63
51    1    -0.018    1    1   0    0.92
113    2    0.000    1    2   0    0.70
57    1    -0.009    1    1   0    0.69
65    1    0.018    2    2   0    0.64
87    2    -0.009    1    2   1    0.80
130    2    0.018    1    2   0    0.59
60    1    0.018    2    2   0    0.69
108    2    0.000    1    2   0    0.95
30    1    0.018    2    2   0    0.69
104    2    0.009    1    2   0    0.43
36    1    -0.018    1    1   0    0.56
41    1    -0.018    1    1   0    0.54
68    1    0.000    2    2   0    0.57
141    2    -0.018    2    1   0    0.73
109    2    0.009    1    2   0    0.52
74    1    0.009    2    2   0    0.59
105    2    0.018    1    2   0    0.77
33    1    0.000    2    2   0    0.61
138    2    0.000    1    2   0    0.83
96    2    -0.018    1    2   1    0.58
115    2    0.018    1    2   0    0.60
32    1    -0.009    1    1   0    0.67
54    1    0.009    2    2   0    0.71
76    2    -0.018    2    1   0    0.68
107    2    -0.009    2    1   0    1.87
59    1    0.009    1    1   1    0.61
15    1    0.018    2    2   0    0.49
129    2    0.009    1    2   0    0.72
92    2    -0.009    2    1   0    0.57
99    2    0.009    1    2   0    0.58
114    2    0.009    1    2   0    0.61
24    1    0.009    2    2   0    0.78
77    2    -0.009    2    1   0    0.86
82    2    -0.009    2    1   0    0.75
133    2    0.000    1    2   0    0.65
124    2    0.009    1    2   0    0.79
39    1    0.009    1    1   1    0.77
100    2    0.018    1    2   0    0.57
23    1    0.000    1    1   1    0.84
120    2    0.018    1    2   0    0.72
70    1    0.018    2    2   0    0.89
143    2    0.000    1    2   0    0.58
1    1    -0.018    1    1   0    0.58
28    1    0.000    1    1   1    0.55
29    1    0.009    2    2   0    0.60
61    1    -0.018    1    1   0    0.63
121    2    -0.018    2    1   0    0.72
11    1    -0.018    1    1   0    0.58
27    1    -0.009    1    1   0    0.53
106    2    -0.018    2    1   0    0.69
84    2    0.009    1    2   0    0.59
136    2    -0.018    2    1   0    0.51
69    1    0.009    2    2   0    0.65
112    2    -0.009    2    1   0    0.50
48    1    0.000    2    2   0    1.08
67    1    -0.009    1    1   0    0.59
6    1    -0.018    1    1   0    0.58
149    2    0.009    1    2   0    0.67
21    1    -0.018    1    1   0    0.59
147    2    -0.009    2    1   0    0.57
80    2    0.018    1    2   0    0.60
38    1    0.000    1    1   1    0.61
2    1    -0.009    1    1   0    0.59
50    1    0.018    2    2   0    0.51
142    2    -0.009    2    1   0    0.58
40    1    0.018    2    2   0    0.42
140    2    0.018    1    2   0    0.52
16    1    -0.018    1    1   0    0.54
9    1    0.009    2    2   0    0.57
89    2    0.009    1    2   0    0.55
91    2    -0.018    2    1   0    0.62
139    2    0.009    1    2   0    0.55
148    2    0.000    2    1   1    0.50
10    1    0.018    2    2   0    0.75
122    2    -0.009    2    1   0    0.59
144    2    0.009    1    2   0    0.48
135    2    0.018    1    2   0    0.54
52    1    -0.009    1    1   0    0.84
46    1    -0.018    1    1   0    1.53
