--------------------------------
25-Mar-2015 19:44:40 
data from observer T21 
#occlusion2 expt 
reference disparity (degrees) 0.160000 

stim order disp kresp testresp correct time
1    2    -0.074    2    1   1    2.87
2    1    0.069    2    2   1    0.74
3    1    -0.065    1    1   1    1.64
4    2    -0.060    2    1   1    0.68
5    2    -0.055    2    1   1    0.56
6    1    0.051    2    2   1    0.70
7    2    0.046    1    2   1    0.95
8    2    -0.042    2    1   1    0.86
9    1    0.037    2    2   1    0.84
10    1    0.032    2    2   1    0.78
11    1    0.028    2    2   1    1.42
12    2    -0.023    2    1   1    0.98
13    2    0.018    1    2   1    1.65
14    1    -0.014    1    1   1    0.75
15    1    -0.009    1    1   1    2.08
16    1    0.005    1    1   0    1.09
17    2    -0.014    2    1   1    0.91
18    1    0.014    2    2   1    1.12
19    2    -0.009    2    1   1    1.96
20    1    -0.009    2    2   0    0.79
21    2    0.018    2    1   0    0.71
22    1    0.028    2    2   1    0.98
23    2    -0.028    1    2   0    1.90
24    2    0.037    2    1   0    1.11
25    2    0.046    1    2   1    1.07
26    2    0.046    2    1   0    1.02
27    1    -0.055    2    2   0    0.76
28    2    0.065    2    1   0    0.93
29    2    -0.074    1    2   0    1.04
30    2    0.083    2    1   0    2.17
31    2    -0.092    2    1   1    2.03
32    1    -0.092    2    2   0    0.83
33    1    0.102    1    1   0    2.52
34    1    0.111    1    1   0    2.72
35    2    -0.120    2    1   1    1.64
36    2    0.120    2    1   0    1.20
37    1    -0.129    2    2   0    0.86
38    1    0.139    1    1   0    2.66
39    2    0.148    2    1   0    0.90
40    1    0.148    1    1   0    0.92
41    2    0.148    2    1   0    1.47
42    2    0.148    2    1   0    0.69
43    2    0.148    2    1   0    1.54
44    1    -0.148    2    2   0    1.03
45    1    0.148    1    1   0    0.66
46    2    0.148    2    1   0    0.66
47    1    -0.148    2    2   0    0.66
48    1    -0.148    2    2   0    0.73
49    1    0.148    1    1   0    0.76
50    2    -0.148    1    2   0    0.67
-------------------------
Final staircase threshold estimate (mean) is 0.1478
-------------------------
122    2    -0.143    1    2   1    2.55
130    2    0.148    2    1   1    0.59
141    2    -0.148    1    2   1    0.72
27    1    -0.143    2    2   1    0.73
45    1    0.148    1    1   1    0.95
46    1    -0.148    2    2   1    0.59
129    2    0.143    2    1   1    0.62
34    1    0.143    1    1   1    0.59
95    2    0.148    2    1   1    0.57
101    2    -0.148    2    1   0    1.37
146    2    -0.148    1    2   1    0.61
116    2    -0.148    1    2   1    0.85
128    2    0.000    2    1   1    0.87
43    1    0.000    2    2   0    1.07
92    2    -0.143    1    2   1    0.58
113    2    0.000    2    1   1    0.65
73    1    0.000    2    2   0    0.98
119    2    0.143    2    1   1    0.69
83    2    0.000    2    1   1    1.01
125    2    0.148    2    1   1    0.70
126    2    -0.148    2    1   0    0.69
103    2    0.000    2    1   1    0.92
9    1    0.143    2    2   0    0.90
76    2    -0.148    2    1   0    1.15
16    1    -0.148    1    1   0    1.05
21    1    -0.148    2    2   1    0.98
69    1    0.143    2    2   0    1.10
121    2    -0.148    1    2   1    0.92
82    2    -0.143    1    2   1    0.92
145    2    0.148    2    1   1    0.63
68    1    0.000    1    1   1    0.97
6    1    -0.148    1    1   0    0.68
37    1    -0.143    2    2   1    1.51
89    2    0.143    2    1   1    0.77
62    1    -0.143    2    2   1    1.48
50    1    0.148    2    2   0    0.83
147    2    -0.143    1    2   1    1.49
80    2    0.148    2    1   1    0.84
148    2    0.000    2    1   1    0.77
81    2    -0.148    2    1   0    0.64
132    2    -0.143    2    1   0    0.92
26    1    -0.148    2    2   1    2.42
139    2    0.143    2    1   1    0.68
8    1    0.000    2    2   0    0.80
143    2    0.000    2    1   1    0.60
137    2    -0.143    1    2   1    0.67
118    2    0.000    1    2   0    0.81
72    1    -0.143    2    2   1    0.64
108    2    0.000    2    1   1    0.48
44    1    0.143    1    1   1    0.86
114    2    0.143    2    1   1    1.76
14    1    0.143    2    2   0    0.94
25    1    0.148    1    1   1    0.81
98    2    0.000    2    1   1    0.61
134    2    0.143    2    1   1    0.69
36    1    -0.148    2    2   1    1.47
10    1    0.148    1    1   1    0.86
28    1    0.000    2    2   0    0.92
70    1    0.148    1    1   1    0.97
55    1    0.148    1    1   1    0.91
41    1    -0.148    2    2   1    0.69
3    1    0.000    2    2   0    0.83
17    1    -0.143    2    2   1    0.55
13    1    0.000    2    2   0    0.59
106    2    -0.148    1    2   1    0.90
48    1    0.000    1    1   1    0.90
78    2    0.000    2    1   1    1.64
33    1    0.000    1    1   1    3.11
107    2    -0.143    2    1   0    1.36
133    2    0.000    2    1   1    2.14
115    2    0.148    2    1   1    3.32
58    1    0.000    2    2   0    3.35
87    2    -0.143    2    1   0    0.94
40    1    0.148    2    2   0    0.81
49    1    0.143    2    2   0    0.69
131    2    -0.148    2    1   0    0.88
99    2    0.143    1    2   0    1.90
18    1    0.000    1    1   1    1.42
150    2    0.148    1    2   0    0.74
23    1    0.000    2    2   0    1.43
32    1    -0.143    1    1   0    0.72
63    1    0.000    1    1   1    1.19
54    1    0.143    2    2   0    0.97
66    1    -0.148    1    1   0    2.31
149    2    0.143    1    2   0    0.80
52    1    -0.143    1    1   0    0.88
135    2    0.148    1    2   0    0.73
136    2    -0.148    2    1   0    0.80
64    1    0.143    2    2   0    0.61
61    1    -0.148    1    1   0    0.85
47    1    -0.143    1    1   0    0.69
30    1    0.148    2    2   0    0.70
24    1    0.143    2    2   0    0.80
35    1    0.148    2    2   0    0.80
140    2    0.148    1    2   0    1.24
20    1    0.148    2    2   0    0.59
77    2    -0.143    2    1   0    0.58
124    2    0.143    1    2   0    1.04
51    1    -0.148    1    1   0    0.62
85    2    0.148    1    2   0    0.71
90    2    0.148    1    2   0    0.67
110    2    0.148    1    2   0    0.65
94    2    0.143    1    2   0    0.62
117    2    -0.143    2    1   0    0.68
53    1    0.000    2    2   0    1.68
56    1    -0.148    1    1   0    1.09
11    1    -0.148    1    1   0    0.71
38    1    0.000    2    2   0    1.15
74    1    0.143    2    2   0    1.16
4    1    0.143    2    2   0    0.74
15    1    0.148    2    2   0    0.72
59    1    0.143    2    2   0    0.71
2    1    -0.143    1    1   0    1.06
86    2    -0.148    2    1   0    0.57
100    2    0.148    1    2   0    0.70
29    1    0.143    2    2   0    0.77
88    2    0.000    2    1   1    1.89
104    2    0.143    1    2   0    0.92
105    2    0.148    1    2   0    1.16
91    2    -0.148    2    1   0    0.76
19    1    0.143    2    2   0    0.71
142    2    -0.143    2    1   0    1.54
79    2    0.143    1    2   0    0.74
102    2    -0.143    2    1   0    0.61
123    2    0.000    1    2   0    1.30
71    1    -0.148    1    1   0    0.86
39    1    0.143    2    2   0    0.66
127    2    -0.143    2    1   0    0.65
75    2    0.148    1    2   0    0.92
65    1    0.148    2    2   0    0.53
7    1    -0.143    1    1   0    0.84
12    1    -0.143    1    1   0    0.64
144    2    0.143    1    2   0    0.59
109    2    0.143    1    2   0    0.55
22    1    -0.143    1    1   0    0.56
42    1    -0.143    1    1   0    0.53
120    2    0.148    1    2   0    0.60
96    2    -0.148    2    1   0    0.66
67    1    -0.143    1    1   0    0.58
138    2    0.000    2    1   1    0.92
84    2    0.143    1    2   0    0.68
97    2    -0.143    2    1   0    0.59
93    2    0.000    2    1   1    0.98
112    2    -0.143    2    1   0    0.63
5    1    0.148    2    2   0    0.64
1    1    -0.148    1    1   0    0.58
57    1    -0.143    1    1   0    0.60
111    2    -0.148    2    1   0    0.61
60    1    0.148    2    2   0    0.63
31    1    -0.148    1    1   0    0.71
