--------------------------------
26-Mar-2015 14:08:32 
data from observer T22 
#occlusion2 expt 
reference disparity (degrees) 0.160000 

stim order disp kresp testresp correct time
1    2    -0.074    1    2   1    2.39
2    2    -0.069    1    2   1    0.72
3    1    0.065    1    1   1    0.52
4    1    -0.060    2    2   1    0.92
5    2    -0.055    1    2   1    0.61
6    2    0.051    2    1   1    0.58
7    1    0.046    1    1   1    0.59
8    1    -0.042    2    2   1    0.49
9    2    0.037    2    1   1    0.51
10    1    0.032    1    1   1    0.59
11    1    0.028    1    1   1    0.82
12    1    0.023    1    1   1    0.83
13    2    -0.018    1    2   1    0.51
14    2    -0.014    2    1   0    0.59
15    2    0.023    2    1   1    0.89
16    1    -0.023    2    2   1    1.57
17    1    0.018    1    1   1    0.63
18    2    -0.018    1    2   1    0.69
19    1    0.014    1    1   1    0.87
20    2    -0.014    1    2   1    0.61
21    1    -0.009    2    2   1    0.59
22    1    -0.009    2    2   1    0.76
23    2    0.005    2    1   1    0.66
24    1    0.005    1    1   1    0.77
25    2    0.005    2    1   1    0.62
26    1    -0.005    2    2   1    0.64
27    2    0.005    2    1   1    0.81
28    1    0.005    1    1   1    0.79
29    2    -0.005    2    1   0    0.92
30    1    0.014    1    1   1    0.82
31    2    0.014    2    1   1    0.69
32    1    0.009    1    1   1    0.87
33    1    -0.009    2    2   1    1.02
34    1    -0.005    1    1   0    4.51
35    1    0.014    1    1   1    0.64
36    2    0.014    2    1   1    0.99
37    1    -0.009    2    2   1    0.67
38    1    -0.009    2    2   1    1.07
39    1    0.005    1    1   1    0.64
40    1    -0.005    1    1   0    1.43
41    2    -0.014    1    2   1    0.63
42    2    0.014    2    1   1    1.02
43    1    0.009    1    1   1    1.20
44    1    -0.009    2    2   1    0.71
45    2    -0.005    1    2   1    0.68
46    2    0.005    1    2   0    1.33
47    1    0.014    1    1   1    0.63
48    1    -0.014    2    2   1    1.71
49    2    -0.009    1    2   1    0.71
50    1    0.009    1    1   1    0.61
-------------------------
Final staircase threshold estimate (mean) is 0.0102
-------------------------
150    2    0.028    2    1   1    2.58
24    1    0.009    1    1   1    0.65
105    2    0.028    2    1   1    0.51
122    2    -0.009    1    2   1    0.63
103    2    0.000    1    2   0    0.64
58    1    0.000    1    1   1    0.59
140    2    0.028    2    1   1    0.51
120    2    0.028    2    1   1    1.47
36    1    -0.023    2    2   1    1.42
8    1    0.000    1    1   1    1.69
13    1    0.000    1    1   1    0.95
139    2    0.009    2    1   1    1.08
119    2    0.009    2    1   1    1.31
43    1    0.000    1    1   1    1.88
114    2    0.009    2    1   1    0.63
30    1    0.028    1    1   1    0.59
102    2    -0.009    1    2   1    0.70
39    1    0.009    1    1   1    0.71
81    2    -0.023    1    2   1    0.67
45    1    0.028    1    1   1    0.60
106    2    -0.023    1    2   1    0.60
124    2    0.009    2    1   1    0.83
14    1    0.009    1    1   1    1.17
32    1    -0.009    2    2   1    1.12
57    1    -0.009    2    2   1    0.64
136    2    -0.023    1    2   1    0.55
2    1    -0.009    2    2   1    0.86
93    2    0.000    1    2   0    0.77
98    2    0.000    1    2   0    1.14
121    2    -0.023    1    2   1    0.52
42    1    -0.009    1    1   0    0.46
12    1    -0.009    1    1   0    0.96
22    1    -0.009    2    2   1    0.71
44    1    0.009    1    1   1    0.81
86    2    -0.023    1    2   1    0.59
138    2    0.000    1    2   0    1.77
49    1    0.009    1    1   1    0.67
68    1    0.000    1    1   1    0.84
134    2    0.009    1    2   0    1.01
97    2    -0.009    1    2   1    0.63
92    2    -0.009    1    2   1    0.63
38    1    0.000    1    1   1    1.16
113    2    0.000    1    2   0    3.36
1    1    -0.023    2    2   1    0.67
25    1    0.028    1    1   1    0.63
69    1    0.009    1    1   1    0.70
89    2    0.009    2    1   1    0.57
16    1    -0.023    2    2   1    0.59
130    2    0.028    2    1   1    0.58
7    1    -0.009    2    2   1    1.99
131    2    -0.023    1    2   1    0.62
46    1    -0.023    2    2   1    0.43
28    1    0.000    1    1   1    1.03
64    1    0.009    1    1   1    0.77
91    2    -0.023    1    2   1    0.54
59    1    0.009    1    1   1    0.75
35    1    0.028    1    1   1    0.51
10    1    0.028    1    1   1    0.38
21    1    -0.023    1    1   0    0.54
128    2    0.000    1    2   0    0.90
61    1    -0.023    2    2   1    0.66
55    1    0.028    1    1   1    0.59
17    1    -0.009    2    2   1    0.45
79    2    0.009    1    2   0    0.36
148    2    0.000    1    2   0    1.44
99    2    0.009    2    1   1    0.86
33    1    0.000    1    1   1    1.70
50    1    0.028    1    1   1    0.60
80    2    0.028    2    1   1    0.56
146    2    -0.023    1    2   1    0.76
100    2    0.028    2    1   1    0.52
74    1    0.009    1    1   1    0.55
4    1    0.009    1    1   1    0.87
41    1    -0.023    2    2   1    0.97
76    2    -0.023    1    2   1    0.70
72    1    -0.009    2    2   1    0.69
112    2    -0.009    1    2   1    1.04
77    2    -0.009    1    2   1    0.53
133    2    0.000    1    2   0    0.99
108    2    0.000    2    1   1    1.20
48    1    0.000    1    1   1    0.89
95    2    0.028    2    1   1    0.56
109    2    0.009    1    2   0    0.61
52    1    -0.009    2    2   1    0.68
37    1    -0.009    2    2   1    2.97
83    2    0.000    1    2   0    2.29
127    2    -0.009    1    2   1    0.80
11    1    -0.023    2    2   1    0.60
27    1    -0.009    2    2   1    4.66
63    1    0.000    1    1   1    0.87
53    1    0.000    1    1   1    1.24
104    2    0.009    2    1   1    0.89
125    2    0.028    2    1   1    0.63
118    2    0.000    1    2   0    1.03
26    1    -0.023    2    2   1    0.57
23    1    0.000    1    1   1    0.63
84    2    0.009    2    1   1    1.04
18    1    0.000    1    1   1    0.65
5    1    0.028    1    1   1    0.56
94    2    0.009    1    2   0    0.83
51    1    -0.023    2    2   1    0.79
107    2    -0.009    1    2   1    0.64
40    1    0.028    1    1   1    0.55
71    1    -0.023    1    1   0    1.22
123    2    0.000    1    2   0    0.96
90    2    0.028    2    1   1    1.33
135    2    0.028    2    1   1    0.98
31    1    -0.023    2    2   1    0.73
143    2    0.000    2    1   1    1.79
3    1    0.000    1    1   1    1.03
56    1    -0.023    2    2   1    0.70
144    2    0.009    2    1   1    0.55
82    2    -0.009    1    2   1    0.59
20    1    0.028    1    1   1    0.87
78    2    0.000    2    1   1    0.81
141    2    -0.023    1    2   1    1.37
70    1    0.028    1    1   1    0.81
132    2    -0.009    1    2   1    3.02
101    2    -0.023    2    1   0    0.19
147    2    -0.009    1    2   1    0.77
126    2    -0.023    1    2   1    0.68
9    1    0.009    1    1   1    0.52
111    2    -0.023    1    2   1    0.48
85    2    0.028    2    1   1    0.73
110    2    0.028    2    1   1    0.67
60    1    0.028    1    1   1    0.60
19    1    0.009    1    1   1    0.48
142    2    -0.009    1    2   1    0.55
129    2    0.009    2    1   1    0.60
15    1    0.028    1    1   1    1.14
96    2    -0.023    1    2   1    0.60
34    1    0.009    1    1   1    0.70
67    1    -0.009    2    2   1    1.57
87    2    -0.009    1    2   1    0.70
54    1    0.009    1    1   1    1.06
115    2    0.028    2    1   1    0.69
66    1    -0.023    2    2   1    0.53
88    2    0.000    1    2   0    0.84
137    2    -0.009    1    2   1    0.64
65    1    0.028    1    1   1    0.60
117    2    -0.009    1    2   1    0.90
149    2    0.009    2    1   1    0.59
47    1    -0.009    1    1   0    0.54
145    2    0.028    2    1   1    1.06
6    1    -0.023    2    2   1    0.64
73    1    0.000    1    1   1    4.49
116    2    -0.023    1    2   1    2.41
62    1    -0.009    2    2   1    4.95
29    1    0.009    1    1   1    0.65
75    2    0.028    2    1   1    0.58
