--------------------------------
26-Mar-2015 14:51:17 
data from observer T22 
#occlusion2 expt 
reference disparity (degrees) 0.160000 

stim order disp kresp testresp correct time
1    2    0.074    1    2   1    2.67
2    1    -0.069    1    1   1    0.59
3    2    -0.065    2    1   1    0.62
4    1    -0.060    1    1   1    0.58
5    2    0.055    1    2   1    0.54
6    2    0.051    1    2   1    0.58
7    2    0.046    1    2   1    0.44
8    1    -0.042    1    1   1    0.45
9    1    0.037    2    2   1    0.72
10    1    -0.032    1    1   1    0.64
11    2    0.028    1    2   1    1.56
12    2    -0.023    2    1   1    0.49
13    1    0.018    2    2   1    0.80
14    2    0.014    1    2   1    0.57
15    1    -0.009    2    2   0    0.81
16    1    0.018    2    2   1    0.62
17    1    0.018    2    2   1    0.65
18    1    0.014    2    2   1    0.69
19    1    -0.014    1    1   1    0.60
20    1    -0.009    1    1   1    0.73
21    2    0.009    1    2   1    0.84
22    1    0.005    2    2   1    0.76
23    1    -0.005    2    2   0    0.63
24    2    -0.014    2    1   1    0.50
25    1    0.014    2    2   1    0.44
26    2    -0.009    2    1   1    0.50
27    2    -0.009    2    1   1    0.41
28    2    -0.005    2    1   1    1.33
29    1    0.005    2    2   1    2.00
30    2    -0.005    2    1   1    0.95
31    1    0.005    2    2   1    0.80
32    2    0.005    2    1   0    0.69
33    1    -0.014    1    1   1    0.65
34    1    -0.014    1    1   1    2.41
35    2    0.009    1    2   1    0.58
36    1    -0.009    1    1   1    0.63
37    1    -0.005    1    1   1    0.55
38    2    -0.005    1    2   0    1.43
39    1    -0.014    1    1   1    0.69
40    1    -0.014    1    1   1    0.47
41    1    -0.009    1    1   1    0.58
42    2    -0.009    1    2   0    0.39
43    2    -0.018    2    1   1    0.80
44    2    -0.018    2    1   1    0.66
45    2    -0.014    2    1   1    1.95
46    1    -0.014    1    1   1    2.15
47    1    0.009    2    2   1    0.73
48    1    0.009    2    2   1    0.79
49    1    0.005    2    2   1    0.47
50    2    0.005    1    2   1    0.66
-------------------------
Final staircase threshold estimate (mean) is 0.0111
-------------------------
58    1    0.000    1    1   1    5.26
23    1    0.000    1    1   1    0.77
7    1    -0.009    1    1   0    0.96
147    2    -0.009    2    1   0    1.00
135    2    0.028    1    2   0    1.55
24    1    0.009    2    2   0    1.16
48    1    0.000    1    1   1    0.57
86    2    -0.028    2    1   0    0.62
9    1    0.009    2    2   0    0.80
59    1    0.009    2    2   0    0.75
40    1    0.028    2    2   0    0.71
73    1    0.000    2    2   0    0.79
131    2    -0.028    2    1   0    0.70
140    2    0.028    1    2   0    1.16
119    2    0.009    1    2   0    2.66
15    1    0.028    2    2   0    0.56
42    1    -0.009    1    1   0    0.68
52    1    -0.009    1    1   0    0.66
120    2    0.028    1    2   0    0.51
85    2    0.028    1    2   0    0.59
16    1    -0.028    1    1   0    0.57
92    2    -0.009    1    2   1    0.47
144    2    0.009    1    2   0    1.31
49    1    0.009    1    1   1    0.52
96    2    -0.028    2    1   0    0.66
53    1    0.000    2    2   0    1.76
117    2    -0.009    2    1   0    1.52
93    2    0.000    2    1   1    1.52
146    2    -0.028    2    1   0    1.04
102    2    -0.009    2    1   0    0.72
105    2    0.028    1    2   0    0.94
75    2    0.028    1    2   0    0.59
61    1    -0.028    1    1   0    0.49
46    1    -0.028    1    1   0    0.63
56    1    -0.028    1    1   0    0.60
44    1    0.009    2    2   0    0.77
17    1    -0.009    1    1   0    2.19
2    1    -0.009    1    1   0    0.67
14    1    0.009    2    2   0    0.61
138    2    0.000    2    1   1    0.63
80    2    0.028    1    2   0    0.51
10    1    0.028    2    2   0    0.82
30    1    0.028    2    2   0    0.70
51    1    -0.028    1    1   0    0.64
55    1    0.028    2    2   0    0.69
72    1    -0.009    1    1   0    2.03
60    1    0.028    2    2   0    0.58
82    2    -0.009    2    1   0    0.49
114    2    0.009    1    2   0    0.62
29    1    0.009    2    2   0    1.08
74    1    0.009    2    2   0    0.72
115    2    0.028    1    2   0    0.59
70    1    0.028    2    2   0    0.80
33    1    0.000    2    2   0    3.24
19    1    0.009    2    2   0    0.64
25    1    0.028    2    2   0    0.66
113    2    0.000    2    1   1    1.54
37    1    -0.009    2    2   1    1.46
20    1    0.028    2    2   0    1.21
35    1    0.028    2    2   0    0.67
134    2    0.009    1    2   0    2.76
78    2    0.000    1    2   0    0.73
133    2    0.000    1    2   0    0.72
18    1    0.000    2    2   0    1.00
123    2    0.000    1    2   0    0.69
69    1    0.009    1    1   1    0.68
22    1    -0.009    1    1   0    0.59
38    1    0.000    1    1   1    0.59
109    2    0.009    1    2   0    0.48
95    2    0.028    1    2   0    0.54
36    1    -0.028    1    1   0    0.50
150    2    0.028    2    1   1    0.00
108    2    0.000    1    2   0    1.88
81    2    -0.028    2    1   0    0.82
130    2    0.028    1    2   0    0.85
11    1    -0.028    1    1   0    0.75
118    2    0.000    1    2   0    0.48
43    1    0.000    2    2   0    2.03
129    2    0.009    2    1   1    1.46
136    2    -0.028    2    1   0    0.73
125    2    0.028    1    2   0    0.76
103    2    0.000    1    2   0    1.68
67    1    -0.009    1    1   0    1.48
87    2    -0.009    2    1   0    2.74
101    2    -0.028    2    1   0    0.66
143    2    0.000    1    2   0    1.41
27    1    -0.009    1    1   0    0.67
65    1    0.028    2    2   0    0.76
13    1    0.000    2    2   0    1.38
66    1    -0.028    2    2   1    0.58
45    1    0.028    2    2   0    0.58
71    1    -0.028    2    2   1    0.43
148    2    0.000    1    2   0    1.50
149    2    0.009    1    2   0    0.67
21    1    -0.028    1    1   0    0.51
128    2    0.000    1    2   0    0.88
79    2    0.009    1    2   0    0.68
50    1    0.028    2    2   0    0.80
111    2    -0.028    2    1   0    0.58
122    2    -0.009    2    1   0    0.68
76    2    -0.028    2    1   0    0.58
126    2    -0.028    2    1   0    0.45
57    1    -0.009    2    2   1    1.54
62    1    -0.009    2    2   1    0.61
39    1    0.009    2    2   0    0.57
63    1    0.000    2    2   0    0.53
124    2    0.009    2    1   1    1.01
106    2    -0.028    2    1   0    0.68
116    2    -0.028    2    1   0    0.64
90    2    0.028    1    2   0    1.03
97    2    -0.009    1    2   1    0.53
41    1    -0.028    1    1   0    0.94
84    2    0.009    1    2   0    0.83
139    2    0.009    2    1   1    0.50
88    2    0.000    1    2   0    0.71
142    2    -0.009    2    1   0    2.54
141    2    -0.028    2    1   0    0.66
5    1    0.028    2    2   0    1.08
77    2    -0.009    2    1   0    0.56
127    2    -0.009    2    1   0    1.07
32    1    -0.009    2    2   1    2.01
99    2    0.009    1    2   0    1.00
112    2    -0.009    1    2   1    0.91
83    2    0.000    2    1   1    0.85
89    2    0.009    1    2   0    3.21
100    2    0.028    1    2   0    3.71
104    2    0.009    1    2   0    1.19
64    1    0.009    1    1   1    0.96
68    1    0.000    1    1   1    0.87
107    2    -0.009    1    2   1    0.75
31    1    -0.028    1    1   0    0.57
94    2    0.009    1    2   0    0.60
34    1    0.009    2    2   0    0.98
98    2    0.000    1    2   0    0.80
91    2    -0.028    2    1   0    0.67
3    1    0.000    2    2   0    2.16
4    1    0.009    1    1   1    0.74
6    1    -0.028    1    1   0    0.78
28    1    0.000    2    2   0    1.83
132    2    -0.009    1    2   1    0.81
145    2    0.028    1    2   0    0.58
110    2    0.028    1    2   0    1.32
121    2    -0.028    2    1   0    0.61
1    1    -0.028    1    1   0    0.61
47    1    -0.009    1    1   0    0.64
54    1    0.009    2    2   0    1.39
8    1    0.000    2    2   0    0.62
137    2    -0.009    2    1   0    1.26
12    1    -0.009    2    2   1    2.59
26    1    -0.028    1    1   0    0.92
