--------------------------------
26-Mar-2015 14:01:48 
data from observer T22 
#occlusion2 expt 
reference disparity (degrees) 0.160000 

stim order disp kresp testresp correct time
1    1    0.074    1    1   1    7.71
2    1    -0.069    2    2   1    0.61
3    1    -0.065    2    2   1    0.62
4    2    0.060    2    1   1    0.45
5    2    -0.055    1    2   1    0.50
6    2    0.051    2    1   1    0.47
7    2    -0.046    1    2   1    0.49
8    1    -0.042    2    2   1    0.46
9    1    -0.037    2    2   1    0.69
10    2    0.032    2    1   1    0.50
11    1    0.028    1    1   1    0.50
12    1    -0.023    2    2   1    0.42
13    2    0.018    2    1   1    0.54
14    2    0.014    2    1   1    0.96
15    2    0.009    2    1   1    3.44
16    1    0.005    1    1   1    0.72
17    2    -0.005    1    2   1    0.64
18    1    -0.005    1    1   0    3.91
19    1    -0.014    2    2   1    2.16
20    2    0.014    2    1   1    2.46
21    1    0.009    1    1   1    0.63
22    1    -0.009    2    2   1    1.34
23    1    0.005    1    1   1    0.74
24    2    -0.005    1    2   1    2.19
25    2    0.005    1    2   0    0.97
26    1    -0.014    2    2   1    0.60
27    2    -0.014    1    2   1    0.59
28    2    0.009    2    1   1    0.80
29    2    -0.009    2    1   0    0.57
30    2    0.018    2    1   1    0.52
31    2    -0.018    1    2   1    0.55
32    1    0.014    1    1   1    0.60
33    2    -0.014    1    2   1    0.54
34    1    -0.009    2    2   1    1.39
35    2    0.009    2    1   1    0.67
36    2    -0.005    1    2   1    0.61
37    1    0.005    1    1   1    0.71
38    2    0.005    1    2   0    2.17
39    2    -0.014    1    2   1    0.61
40    1    -0.014    2    2   1    1.03
41    2    -0.009    1    2   1    1.36
42    2    0.009    2    1   1    1.09
43    2    0.005    2    1   1    2.03
44    2    -0.005    2    1   0    3.41
45    2    -0.014    1    2   1    0.64
46    2    -0.014    1    2   1    0.72
47    2    0.009    2    1   1    4.00
48    1    0.009    1    1   1    1.19
49    2    -0.005    1    2   1    1.17
50    2    0.005    1    2   0    2.15
-------------------------
Final staircase threshold estimate (mean) is 0.0083
-------------------------
130    2    0.023    2    1   1    2.13
112    2    -0.009    1    2   1    0.74
44    1    0.009    1    1   1    0.72
8    1    0.000    1    1   1    0.71
123    2    0.000    1    2   0    2.39
31    1    -0.023    2    2   1    0.55
58    1    0.000    2    2   0    1.37
149    2    0.009    2    1   1    0.68
85    2    0.023    2    1   1    0.56
110    2    0.023    2    1   1    0.40
64    1    0.009    2    2   0    0.40
61    1    -0.023    2    2   1    0.69
35    1    0.023    1    1   1    0.60
52    1    -0.009    2    2   1    0.75
128    2    0.000    1    2   0    2.39
14    1    0.009    1    1   1    2.07
134    2    0.009    2    1   1    0.70
136    2    -0.023    1    2   1    0.51
22    1    -0.009    2    2   1    0.69
94    2    0.009    2    1   1    0.80
147    2    -0.009    1    2   1    0.66
3    1    0.000    2    2   0    1.36
115    2    0.023    2    1   1    0.69
25    1    0.023    1    1   1    0.72
114    2    0.009    2    1   1    0.70
145    2    0.023    2    1   1    1.13
116    2    -0.023    1    2   1    1.75
43    1    0.000    1    1   1    2.63
6    1    -0.023    2    2   1    0.54
84    2    0.009    2    1   1    0.67
118    2    0.000    1    2   0    0.99
65    1    0.023    1    1   1    0.70
108    2    0.000    2    1   1    1.40
39    1    0.009    1    1   1    1.45
29    1    0.009    1    1   1    0.77
67    1    -0.009    2    2   1    0.67
46    1    -0.023    2    2   1    0.64
66    1    -0.023    2    2   1    0.56
41    1    -0.023    2    2   1    0.60
86    2    -0.023    1    2   1    0.81
42    1    -0.009    2    2   1    0.57
119    2    0.009    2    1   1    1.90
129    2    0.009    2    1   1    0.60
9    1    0.009    1    1   1    0.92
11    1    -0.023    2    2   1    0.69
26    1    -0.023    2    2   1    1.36
78    2    0.000    1    2   0    0.58
150    2    0.023    2    1   1    0.58
99    2    0.009    2    1   1    0.61
135    2    0.023    2    1   1    0.61
40    1    0.023    1    1   1    0.51
13    1    0.000    2    2   0    1.44
97    2    -0.009    1    2   1    0.77
23    1    0.000    1    1   1    1.24
101    2    -0.023    1    2   1    0.78
63    1    0.000    2    2   0    1.91
34    1    0.009    1    1   1    1.67
33    1    0.000    1    1   1    1.69
36    1    -0.023    2    2   1    1.62
56    1    -0.023    2    2   1    0.56
32    1    -0.009    2    2   1    0.66
90    2    0.023    2    1   1    1.19
95    2    0.023    2    1   1    0.73
124    2    0.009    2    1   1    0.64
80    2    0.023    2    1   1    0.67
45    1    0.023    1    1   1    0.57
89    2    0.009    2    1   1    2.21
111    2    -0.023    1    2   1    0.70
98    2    0.000    1    2   0    1.66
103    2    0.000    1    2   0    1.59
4    1    0.009    1    1   1    0.65
137    2    -0.009    1    2   1    0.57
121    2    -0.023    1    2   1    0.63
96    2    -0.023    1    2   1    1.67
1    1    -0.023    2    2   1    0.74
21    1    -0.023    2    2   1    0.74
106    2    -0.023    1    2   1    0.81
48    1    0.000    1    1   1    2.53
10    1    0.023    1    1   1    0.65
5    1    0.023    1    1   1    0.53
70    1    0.023    1    1   1    0.45
2    1    -0.009    2    2   1    0.66
71    1    -0.023    2    2   1    0.66
88    2    0.000    1    2   0    2.55
126    2    -0.023    1    2   1    0.59
77    2    -0.009    1    2   1    0.61
125    2    0.023    2    1   1    0.59
146    2    -0.023    1    2   1    0.57
51    1    -0.023    2    2   1    0.46
54    1    0.009    1    1   1    1.71
75    2    0.023    2    1   1    0.47
81    2    -0.023    1    2   1    0.49
12    1    -0.009    2    2   1    0.75
57    1    -0.009    2    2   1    1.59
37    1    -0.009    2    2   1    0.58
7    1    -0.009    2    2   1    0.60
144    2    0.009    2    1   1    0.92
72    1    -0.009    2    2   1    0.73
139    2    0.009    2    1   1    0.77
74    1    0.009    1    1   1    1.83
141    2    -0.023    1    2   1    1.70
16    1    -0.023    2    2   1    0.75
60    1    0.023    1    1   1    0.64
92    2    -0.009    1    2   1    1.16
93    2    0.000    2    1   1    0.85
17    1    -0.009    2    2   1    0.57
18    1    0.000    1    1   1    1.16
83    2    0.000    2    1   1    2.36
140    2    0.023    2    1   1    1.96
117    2    -0.009    1    2   1    0.70
62    1    -0.009    2    2   1    0.99
68    1    0.000    2    2   0    3.43
102    2    -0.009    1    2   1    0.68
82    2    -0.009    1    2   1    1.02
104    2    0.009    2    1   1    0.61
142    2    -0.009    1    2   1    1.05
19    1    0.009    1    1   1    0.82
133    2    0.000    2    1   1    0.63
69    1    0.009    1    1   1    0.59
132    2    -0.009    1    2   1    0.54
120    2    0.023    2    1   1    0.59
91    2    -0.023    1    2   1    0.72
100    2    0.023    2    1   1    0.56
28    1    0.000    2    2   0    1.82
113    2    0.000    1    2   0    0.83
138    2    0.000    1    2   0    1.79
24    1    0.009    1    1   1    0.63
127    2    -0.009    1    2   1    0.55
20    1    0.023    1    1   1    0.61
143    2    0.000    2    1   1    0.97
87    2    -0.009    1    2   1    0.54
47    1    -0.009    2    2   1    0.63
109    2    0.009    1    2   0    0.59
55    1    0.023    1    1   1    0.62
107    2    -0.009    1    2   1    0.92
148    2    0.000    1    2   0    1.11
76    2    -0.023    1    2   1    0.74
122    2    -0.009    1    2   1    0.93
15    1    0.023    1    1   1    0.73
49    1    0.009    1    1   1    0.84
59    1    0.009    1    1   1    0.57
53    1    0.000    1    1   1    0.67
105    2    0.023    2    1   1    0.56
131    2    -0.023    1    2   1    0.55
79    2    0.009    2    1   1    0.48
27    1    -0.009    2    2   1    0.73
50    1    0.023    1    1   1    0.64
73    1    0.000    1    1   1    1.49
38    1    0.000    2    2   0    0.60
30    1    0.023    1    1   1    0.61
