--------------------------------
26-Mar-2015 14:43:18 
data from observer T22 
#occlusion2 expt 
reference disparity (degrees) 0.160000 

stim order disp kresp testresp correct time
1    2    0.074    1    2   1    0.00
2    1    0.069    2    2   1    6.53
3    1    0.065    2    2   1    1.98
4    2    -0.060    2    1   1    1.49
5    1    -0.055    1    1   1    3.63
6    2    -0.051    2    1   1    0.77
7    1    -0.046    1    1   1    0.89
8    1    0.042    1    1   0    0.81
9    2    0.051    1    2   1    4.40
10    1    0.051    2    2   1    3.32
11    1    -0.046    1    1   1    0.61
12    2    0.046    1    2   1    1.31
13    2    0.042    1    2   1    1.46
14    1    -0.042    1    1   1    0.80
15    2    -0.037    2    1   1    0.64
16    1    0.037    2    2   1    1.41
17    1    0.032    2    2   1    1.33
18    2    -0.032    2    1   1    1.22
19    2    -0.028    2    1   1    1.48
20    1    -0.028    1    1   1    5.77
21    1    0.023    2    2   1    1.58
22    2    0.023    1    2   1    3.08
23    1    0.018    2    2   1    1.65
24    1    0.018    2    2   1    2.27
25    1    -0.014    1    1   1    1.10
26    2    0.014    1    2   1    0.65
27    1    -0.009    1    1   1    1.04
28    2    0.009    1    2   1    0.77
29    1    -0.005    1    1   1    0.76
30    2    -0.005    1    2   0    0.77
31    1    0.014    2    2   1    1.12
32    2    -0.014    2    1   1    1.25
33    1    0.009    2    2   1    0.63
34    1    0.009    2    2   1    1.31
35    1    -0.005    2    2   0    1.38
36    1    0.014    2    2   1    0.77
37    2    -0.014    2    1   1    2.34
38    2    -0.009    2    1   1    1.28
39    2    -0.009    2    1   1    1.59
40    1    0.005    1    1   0    0.75
41    2    0.014    1    2   1    1.79
42    1    0.014    2    2   1    0.90
43    1    0.009    1    1   0    3.42
44    1    -0.018    1    1   1    4.95
45    2    -0.018    2    1   1    2.28
46    2    0.014    1    2   1    1.15
47    1    0.014    2    2   1    7.13
48    1    -0.009    1    1   1    2.30
49    2    -0.009    2    1   1    3.02
50    2    -0.005    2    1   1    5.43
-------------------------
Final staircase threshold estimate (mean) is 0.0125
-------------------------
80    2    0.032    1    2   0    3.44
123    2    0.000    1    2   0    0.91
68    1    0.000    2    2   0    2.54
53    1    0.000    2    2   0    2.86
144    2    0.014    1    2   0    1.33
150    2    0.032    1    2   0    0.76
110    2    0.032    1    2   0    0.69
126    2    -0.032    2    1   0    0.71
30    1    0.032    2    2   0    0.87
66    1    -0.032    1    1   0    0.64
85    2    0.032    1    2   0    1.90
135    2    0.032    1    2   0    0.66
3    1    0.000    1    1   1    1.10
50    1    0.032    2    2   0    0.77
56    1    -0.032    1    1   0    0.73
145    2    0.032    1    2   0    0.78
18    1    0.000    2    2   0    3.56
21    1    -0.032    1    1   0    0.78
51    1    -0.032    1    1   0    0.75
92    2    -0.014    2    1   0    1.34
127    2    -0.014    2    1   0    0.77
111    2    -0.032    2    1   0    0.95
132    2    -0.014    2    1   0    0.81
62    1    -0.014    2    2   1    0.69
38    1    0.000    2    2   0    2.75
87    2    -0.014    2    1   0    0.85
23    1    0.000    1    1   1    1.10
12    1    -0.014    1    1   0    0.90
43    1    0.000    1    1   1    5.02
65    1    0.032    2    2   0    1.03
109    2    0.014    1    2   0    0.82
93    2    0.000    1    2   0    1.13
22    1    -0.014    1    1   0    0.92
28    1    0.000    1    1   1    0.98
91    2    -0.032    2    1   0    0.71
72    1    -0.014    1    1   0    2.38
88    2    0.000    1    2   0    0.88
134    2    0.014    1    2   0    0.78
81    2    -0.032    2    1   0    0.61
45    1    0.032    2    2   0    1.88
36    1    -0.032    1    1   0    0.69
4    1    0.014    2    2   0    1.80
125    2    0.032    1    2   0    0.83
40    1    0.032    2    2   0    0.81
130    2    0.032    1    2   0    0.81
60    1    0.032    2    2   0    0.76
90    2    0.032    1    2   0    0.73
19    1    0.014    2    2   0    1.70
106    2    -0.032    2    1   0    0.63
105    2    0.032    1    2   0    0.81
112    2    -0.014    2    1   0    0.86
103    2    0.000    1    2   0    0.93
25    1    0.032    1    1   1    0.65
86    2    -0.032    2    1   0    0.54
58    1    0.000    2    2   0    1.62
33    1    0.000    2    2   0    2.98
101    2    -0.032    2    1   0    0.68
95    2    0.032    1    2   0    0.93
147    2    -0.014    2    1   0    0.56
148    2    0.000    2    1   1    1.95
2    1    -0.014    1    1   0    0.58
117    2    -0.014    2    1   0    0.64
98    2    0.000    1    2   0    0.65
83    2    0.000    2    1   1    1.49
82    2    -0.014    2    1   0    0.65
121    2    -0.032    2    1   0    1.60
142    2    -0.014    2    1   0    1.34
20    1    0.032    2    2   0    1.75
128    2    0.000    1    2   0    2.65
119    2    0.014    1    2   0    0.87
57    1    -0.014    1    1   0    0.81
108    2    0.000    2    1   1    2.89
48    1    0.000    2    2   0    3.93
13    1    0.000    1    1   1    0.79
140    2    0.032    1    2   0    0.74
27    1    -0.014    1    1   0    0.68
67    1    -0.014    1    1   0    1.03
34    1    0.014    1    1   1    0.61
79    2    0.014    1    2   0    0.92
7    1    -0.014    1    1   0    1.50
31    1    -0.032    1    1   0    0.78
73    1    0.000    2    2   0    2.33
9    1    0.014    2    2   0    0.86
16    1    -0.032    1    1   0    0.59
149    2    0.014    2    1   1    3.67
99    2    0.014    2    1   1    0.82
76    2    -0.032    2    1   0    0.85
14    1    0.014    2    2   0    1.93
102    2    -0.014    2    1   0    1.32
96    2    -0.032    2    1   0    0.73
24    1    0.014    2    2   0    2.84
115    2    0.032    1    2   0    0.60
137    2    -0.014    2    1   0    0.67
29    1    0.014    2    2   0    1.36
118    2    0.000    2    1   1    0.53
71    1    -0.032    1    1   0    0.69
89    2    0.014    1    2   0    0.84
54    1    0.014    2    2   0    0.82
133    2    0.000    1    2   0    0.64
146    2    -0.032    2    1   0    0.78
11    1    -0.032    1    1   0    0.51
59    1    0.014    2    2   0    0.63
46    1    -0.032    1    1   0    0.51
114    2    0.014    1    2   0    0.73
131    2    -0.032    2    1   0    0.82
26    1    -0.032    1    1   0    0.61
5    1    0.032    2    2   0    1.26
77    2    -0.014    2    1   0    0.65
42    1    -0.014    1    1   0    1.45
47    1    -0.014    1    1   0    0.86
55    1    0.032    2    2   0    0.96
94    2    0.014    1    2   0    1.53
120    2    0.032    1    2   0    0.95
61    1    -0.032    1    1   0    0.58
69    1    0.014    2    2   0    1.95
1    1    -0.032    1    1   0    1.35
37    1    -0.014    1    1   0    0.90
78    2    0.000    1    2   0    0.72
116    2    -0.032    2    1   0    0.91
41    1    -0.032    1    1   0    1.61
136    2    -0.032    2    1   0    0.61
52    1    -0.014    1    1   0    1.39
122    2    -0.014    1    2   1    1.54
63    1    0.000    1    1   1    6.54
15    1    0.032    2    2   0    2.11
84    2    0.014    2    1   1    1.38
39    1    0.014    2    2   0    2.04
104    2    0.014    1    2   0    2.69
129    2    0.014    1    2   0    0.65
143    2    0.000    1    2   0    0.88
75    2    0.032    2    1   1    1.32
141    2    -0.032    2    1   0    1.64
107    2    -0.014    2    1   0    0.64
70    1    0.032    2    2   0    0.66
49    1    0.014    2    2   0    0.53
64    1    0.014    2    2   0    0.69
35    1    0.032    2    2   0    0.59
97    2    -0.014    2    1   0    1.03
6    1    -0.032    1    1   0    1.52
8    1    0.000    1    1   1    0.75
74    1    0.014    2    2   0    1.98
138    2    0.000    2    1   1    3.78
113    2    0.000    2    1   1    2.59
100    2    0.032    1    2   0    1.03
44    1    0.014    2    2   0    0.86
139    2    0.014    1    2   0    0.98
10    1    0.032    2    2   0    0.52
32    1    -0.014    1    1   0    0.62
124    2    0.014    2    1   1    3.35
17    1    -0.014    1    1   0    1.65
