--------------------------------
26-Mar-2015 13:47:46 
data from observer T22 
#occlusion2 expt 
reference disparity (degrees) 0.160000 

stim order disp kresp testresp correct time
1    2    -0.074    1    2   1    1.84
2    2    -0.069    1    2   1    0.59
3    2    0.065    2    1   1    0.55
4    1    0.060    1    1   1    0.48
5    2    -0.055    1    2   1    1.22
6    2    0.051    2    1   1    0.54
7    1    0.046    1    1   1    0.51
8    2    0.042    2    1   1    0.80
9    2    -0.037    1    2   1    0.51
10    2    0.032    2    1   1    0.51
11    1    0.028    1    1   1    0.47
12    1    0.023    1    1   1    0.71
13    2    -0.018    1    2   1    1.06
14    1    0.014    1    1   1    0.75
15    1    -0.009    2    2   1    0.53
16    2    -0.005    1    2   1    0.63
17    1    0.005    1    1   1    0.57
18    1    0.005    2    2   0    0.52
19    1    -0.014    2    2   1    0.52
20    1    0.014    2    2   0    0.95
21    1    0.023    1    1   1    0.55
22    2    0.023    2    1   1    0.56
23    1    -0.018    2    2   1    0.56
24    2    0.018    2    1   1    0.54
25    2    0.014    2    1   1    0.48
26    1    0.014    2    2   0    0.41
27    2    -0.023    1    2   1    0.50
28    2    0.023    2    1   1    0.94
29    2    -0.018    2    1   0    0.62
30    1    -0.028    2    2   1    0.63
31    2    0.028    2    1   1    0.53
32    1    0.023    1    1   1    0.59
33    1    -0.023    2    2   1    0.51
34    1    -0.018    2    2   1    0.60
35    1    -0.018    2    2   1    0.55
36    1    0.014    2    2   0    1.10
37    1    -0.023    2    2   1    0.53
38    2    0.023    2    1   1    0.52
39    1    0.018    1    1   1    0.55
40    1    0.018    1    1   1    1.62
41    2    0.014    1    2   0    3.57
42    2    0.023    2    1   1    0.70
43    1    0.023    1    1   1    0.75
44    2    -0.018    1    2   1    1.18
45    2    -0.018    1    2   1    0.89
46    2    0.014    2    1   1    0.54
47    1    -0.014    2    2   1    0.82
48    1    0.009    1    1   1    2.14
49    2    0.009    2    1   1    1.12
50    1    0.005    2    2   0    1.40
-------------------------
Final staircase threshold estimate (mean) is 0.0148
-------------------------
147    2    -0.014    1    2   1    4.11
16    1    -0.037    2    2   1    0.50
71    1    -0.037    2    2   1    0.48
85    2    0.037    2    1   1    0.45
7    1    -0.014    2    2   1    0.55
42    1    -0.014    2    2   1    0.72
33    1    0.000    2    2   0    0.45
40    1    0.037    1    1   1    0.53
48    1    0.000    2    2   0    0.61
100    2    0.037    2    1   1    0.52
17    1    -0.014    2    2   1    0.59
30    1    0.037    1    1   1    0.57
28    1    0.000    2    2   0    0.87
22    1    -0.014    2    2   1    0.55
129    2    0.014    2    1   1    0.59
70    1    0.037    1    1   1    0.63
64    1    0.014    1    1   1    0.59
119    2    0.014    2    1   1    0.69
26    1    -0.037    2    2   1    0.49
9    1    0.014    1    1   1    0.64
43    1    0.000    2    2   0    1.64
122    2    -0.014    1    2   1    0.70
98    2    0.000    2    1   1    0.72
20    1    0.037    1    1   1    0.57
113    2    0.000    2    1   1    0.69
24    1    0.014    1    1   1    0.67
23    1    0.000    2    2   0    0.68
59    1    0.014    2    2   0    1.25
131    2    -0.037    1    2   1    0.58
133    2    0.000    1    2   0    2.73
126    2    -0.037    1    2   1    0.79
51    1    -0.037    2    2   1    0.61
76    2    -0.037    1    2   1    0.55
73    1    0.000    2    2   0    1.00
41    1    -0.037    2    2   1    0.54
63    1    0.000    1    1   1    2.42
142    2    -0.014    1    2   1    0.85
25    1    0.037    1    1   1    0.52
34    1    0.014    1    1   1    0.56
27    1    -0.014    2    2   1    0.59
4    1    0.014    1    1   1    0.67
13    1    0.000    1    1   1    0.80
66    1    -0.037    2    2   1    0.52
89    2    0.014    2    1   1    0.76
93    2    0.000    2    1   1    1.07
111    2    -0.037    1    2   1    0.59
136    2    -0.037    1    2   1    0.58
32    1    -0.014    2    2   1    0.53
21    1    -0.037    2    2   1    0.53
101    2    -0.037    1    2   1    0.52
130    2    0.037    2    1   1    0.52
107    2    -0.014    1    2   1    0.58
56    1    -0.037    2    2   1    0.50
150    2    0.037    2    1   1    0.45
149    2    0.014    2    1   1    0.59
86    2    -0.037    1    2   1    0.62
5    1    0.037    1    1   1    0.62
121    2    -0.037    1    2   1    0.57
112    2    -0.014    1    2   1    0.58
143    2    0.000    1    2   0    0.79
57    1    -0.014    2    2   1    0.65
65    1    0.037    1    1   1    0.61
105    2    0.037    2    1   1    0.50
2    1    -0.014    2    2   1    0.59
137    2    -0.014    1    2   1    0.65
1    1    -0.037    2    2   1    0.56
61    1    -0.037    2    2   1    0.59
88    2    0.000    2    1   1    1.02
52    1    -0.014    2    2   1    0.62
37    1    -0.014    2    2   1    0.84
82    2    -0.014    1    2   1    0.80
117    2    -0.014    1    2   1    0.71
72    1    -0.014    2    2   1    0.51
58    1    0.000    2    2   0    0.93
141    2    -0.037    1    2   1    0.64
84    2    0.014    2    1   1    0.66
47    1    -0.014    2    2   1    0.57
11    1    -0.037    2    2   1    0.53
94    2    0.014    2    1   1    0.53
79    2    0.014    2    1   1    1.07
118    2    0.000    2    1   1    0.86
140    2    0.037    2    1   1    0.50
14    1    0.014    1    1   1    0.70
87    2    -0.014    1    2   1    0.57
62    1    -0.014    2    2   1    0.72
19    1    0.014    1    1   1    0.55
99    2    0.014    2    1   1    0.53
128    2    0.000    2    1   1    0.77
102    2    -0.014    1    2   1    0.66
10    1    0.037    1    1   1    0.57
97    2    -0.014    1    2   1    0.69
69    1    0.014    1    1   1    0.86
127    2    -0.014    1    2   1    0.75
148    2    0.000    2    1   1    0.67
12    1    -0.014    2    2   1    1.09
38    1    0.000    2    2   0    0.51
138    2    0.000    2    1   1    0.92
144    2    0.014    2    1   1    0.56
54    1    0.014    1    1   1    0.55
132    2    -0.014    1    2   1    0.55
44    1    0.014    1    1   1    0.71
146    2    -0.037    1    2   1    0.55
45    1    0.037    1    1   1    0.51
83    2    0.000    1    2   0    0.38
35    1    0.037    1    1   1    0.59
60    1    0.037    1    1   1    0.70
106    2    -0.037    1    2   1    0.77
124    2    0.014    2    1   1    0.60
68    1    0.000    2    2   0    2.02
114    2    0.014    2    1   1    1.17
67    1    -0.014    2    2   1    0.56
36    1    -0.037    2    2   1    0.57
50    1    0.037    1    1   1    0.58
77    2    -0.014    1    2   1    1.02
104    2    0.014    2    1   1    0.55
15    1    0.037    1    1   1    0.58
135    2    0.037    2    1   1    0.53
91    2    -0.037    1    2   1    0.61
139    2    0.014    2    1   1    0.47
55    1    0.037    1    1   1    0.49
92    2    -0.014    1    2   1    2.19
110    2    0.037    2    1   1    0.60
95    2    0.037    2    1   1    0.53
3    1    0.000    2    2   0    2.81
46    1    -0.037    2    2   1    0.54
125    2    0.037    2    1   1    0.60
115    2    0.037    2    1   1    0.49
80    2    0.037    2    1   1    0.50
29    1    0.014    1    1   1    0.92
145    2    0.037    2    1   1    0.57
39    1    0.014    1    1   1    0.70
78    2    0.000    2    1   1    0.50
134    2    0.014    2    1   1    0.60
123    2    0.000    2    1   1    1.03
120    2    0.037    2    1   1    0.50
116    2    -0.037    1    2   1    0.60
49    1    0.014    1    1   1    0.68
31    1    -0.037    2    2   1    0.54
96    2    -0.037    1    2   1    0.50
103    2    0.000    2    1   1    0.99
90    2    0.037    2    1   1    0.66
74    1    0.014    1    1   1    0.86
81    2    -0.037    1    2   1    0.64
6    1    -0.037    2    2   1    0.60
108    2    0.000    2    1   1    1.85
8    1    0.000    1    1   1    1.13
18    1    0.000    2    2   0    1.01
75    2    0.037    2    1   1    0.62
53    1    0.000    2    2   0    3.62
109    2    0.014    2    1   1    0.93
