--------------------------------
26-Mar-2015 14:57:37 
data from observer T22 
#occlusion2 expt 
reference disparity (degrees) 0.160000 

stim order disp kresp testresp correct time
1    1    -0.074    1    1   1    2.04
2    2    0.069    1    2   1    0.70
3    2    0.065    1    2   1    0.57
4    2    0.060    1    2   1    0.65
5    2    0.055    1    2   1    0.73
6    2    -0.051    2    1   1    0.55
7    2    -0.046    2    1   1    0.50
8    1    0.042    2    2   1    0.75
9    2    -0.037    2    1   1    0.47
10    2    0.032    1    2   1    0.58
11    1    0.028    2    2   1    0.50
12    1    0.023    2    2   1    0.53
13    1    0.018    2    2   1    0.86
14    2    -0.014    2    1   1    0.61
15    1    -0.009    2    2   0    0.60
16    1    -0.018    1    1   1    0.79
17    2    0.018    1    2   1    1.45
18    2    -0.014    2    1   1    0.76
19    1    0.014    2    2   1    0.99
20    1    -0.009    1    1   1    8.28
21    2    -0.009    2    1   1    1.03
22    1    -0.005    2    2   0    1.39
23    1    0.014    2    2   1    0.66
24    1    0.014    1    1   0    0.76
25    1    0.023    2    2   1    0.59
26    1    -0.023    2    2   0    0.52
27    1    0.032    2    2   1    0.77
28    1    -0.032    1    1   1    0.58
29    1    -0.028    1    1   1    0.58
30    1    -0.028    1    1   1    2.61
31    2    0.023    1    2   1    0.99
32    2    0.023    1    2   1    1.03
33    2    0.018    1    2   1    0.91
34    1    0.018    2    2   1    1.78
35    2    -0.014    2    1   1    1.25
36    1    -0.014    1    1   1    1.00
37    1    0.009    2    2   1    1.43
38    2    -0.009    2    1   1    2.48
39    1    -0.005    1    1   1    1.21
40    2    0.005    1    2   1    5.68
41    1    0.005    2    2   1    0.68
42    1    -0.005    2    2   0    0.84
43    2    0.014    1    2   1    0.96
44    2    -0.014    2    1   1    0.68
45    1    -0.009    1    1   1    0.69
46    2    -0.009    2    1   1    1.46
47    2    0.005    1    2   1    0.67
48    1    0.005    1    1   0    1.44
49    1    0.014    2    2   1    0.64
50    2    0.014    2    1   0    0.69
-------------------------
Final staircase threshold estimate (mean) is 0.0092
-------------------------
19    1    0.009    2    2   0    4.40
7    1    -0.009    1    1   0    2.18
51    1    -0.023    1    1   0    0.86
33    1    0.000    1    1   1    0.83
67    1    -0.009    1    1   0    0.61
93    2    0.000    2    1   1    1.01
142    2    -0.009    2    1   0    0.51
50    1    0.023    2    2   0    0.65
61    1    -0.023    1    1   0    0.90
40    1    0.023    2    2   0    0.95
150    2    0.023    1    2   0    0.99
12    1    -0.009    1    1   0    0.75
64    1    0.009    2    2   0    0.75
14    1    0.009    1    1   1    0.55
98    2    0.000    2    1   1    0.61
26    1    -0.023    1    1   0    0.55
131    2    -0.023    2    1   0    0.65
75    2    0.023    1    2   0    0.51
55    1    0.023    2    2   0    0.49
46    1    -0.023    1    1   0    0.73
144    2    0.009    1    2   0    0.60
62    1    -0.009    2    2   1    0.66
68    1    0.000    2    2   0    0.69
42    1    -0.009    1    1   0    0.75
9    1    0.009    2    2   0    0.75
11    1    -0.023    1    1   0    0.50
84    2    0.009    2    1   1    3.26
86    2    -0.023    2    1   0    0.69
119    2    0.009    1    2   0    0.83
35    1    0.023    2    2   0    0.70
72    1    -0.009    1    1   0    0.83
30    1    0.023    2    2   0    0.64
82    2    -0.009    2    1   0    1.37
134    2    0.009    2    1   1    1.54
87    2    -0.009    2    1   0    0.56
18    1    0.000    2    2   0    1.90
4    1    0.009    2    2   0    0.77
66    1    -0.023    1    1   0    1.02
122    2    -0.009    2    1   0    0.64
70    1    0.023    2    2   0    0.67
81    2    -0.023    2    1   0    0.57
74    1    0.009    2    2   0    0.61
23    1    0.000    2    2   0    0.58
17    1    -0.009    2    2   1    1.37
1    1    -0.023    1    1   0    0.89
5    1    0.023    2    2   0    0.92
123    2    0.000    2    1   1    2.11
31    1    -0.023    1    1   0    1.05
56    1    -0.023    1    1   0    0.71
116    2    -0.023    2    1   0    1.03
38    1    0.000    2    2   0    1.29
113    2    0.000    2    1   1    3.24
43    1    0.000    1    1   1    0.64
136    2    -0.023    2    1   0    0.73
65    1    0.023    2    2   0    0.62
85    2    0.023    2    1   1    0.62
97    2    -0.009    2    1   0    0.54
34    1    0.009    2    2   0    0.62
143    2    0.000    2    1   1    0.69
59    1    0.009    2    2   0    0.83
69    1    0.009    2    2   0    1.43
88    2    0.000    2    1   1    2.37
102    2    -0.009    2    1   0    0.82
117    2    -0.009    2    1   0    0.78
80    2    0.023    1    2   0    2.04
78    2    0.000    1    2   0    1.38
53    1    0.000    2    2   0    0.69
129    2    0.009    1    2   0    0.98
96    2    -0.023    2    1   0    0.66
149    2    0.009    1    2   0    0.60
54    1    0.009    2    2   0    0.70
36    1    -0.023    1    1   0    0.76
52    1    -0.009    1    1   0    4.07
20    1    0.023    2    2   0    0.85
107    2    -0.009    2    1   0    0.81
132    2    -0.009    2    1   0    0.71
47    1    -0.009    2    2   1    0.76
39    1    0.009    2    2   0    0.64
146    2    -0.023    2    1   0    0.55
115    2    0.023    2    1   1    0.65
135    2    0.023    1    2   0    1.01
32    1    -0.009    2    2   1    0.59
91    2    -0.023    2    1   0    0.73
76    2    -0.023    2    1   0    1.03
141    2    -0.023    2    1   0    0.66
94    2    0.009    1    2   0    0.52
27    1    -0.009    1    1   0    0.85
104    2    0.009    2    1   1    3.07
92    2    -0.009    1    2   1    0.84
24    1    0.009    1    1   1    1.27
109    2    0.009    1    2   0    0.75
13    1    0.000    1    1   1    0.71
127    2    -0.009    1    2   1    0.99
110    2    0.023    1    2   0    0.83
106    2    -0.023    1    2   1    0.73
148    2    0.000    2    1   1    1.29
99    2    0.009    1    2   0    0.84
103    2    0.000    1    2   0    2.38
44    1    0.009    2    2   0    1.48
3    1    0.000    2    2   0    0.84
138    2    0.000    2    1   1    1.52
101    2    -0.023    2    1   0    0.65
118    2    0.000    1    2   0    1.00
29    1    0.009    2    2   0    0.70
8    1    0.000    2    2   0    0.61
71    1    -0.023    1    1   0    0.70
111    2    -0.023    2    1   0    0.42
49    1    0.009    2    2   0    0.65
114    2    0.009    1    2   0    0.61
133    2    0.000    1    2   0    0.98
22    1    -0.009    2    2   1    0.70
2    1    -0.009    2    2   1    0.66
58    1    0.000    2    2   0    0.56
105    2    0.023    1    2   0    0.62
45    1    0.023    2    2   0    0.65
25    1    0.023    2    2   0    1.21
125    2    0.023    2    1   1    0.55
77    2    -0.009    1    2   1    0.68
126    2    -0.023    2    1   0    0.45
15    1    0.023    2    2   0    0.56
137    2    -0.009    2    1   0    0.56
37    1    -0.009    1    1   0    0.60
128    2    0.000    1    2   0    0.65
10    1    0.023    2    2   0    0.49
130    2    0.023    1    2   0    0.60
112    2    -0.009    2    1   0    0.35
28    1    0.000    1    1   1    0.59
57    1    -0.009    2    2   1    0.47
147    2    -0.009    1    2   1    0.28
95    2    0.023    2    1   1    0.28
16    1    -0.023    1    1   0    0.57
60    1    0.023    2    2   0    0.85
6    1    -0.023    1    1   0    0.87
41    1    -0.023    1    1   0    0.65
90    2    0.023    1    2   0    1.03
140    2    0.023    1    2   0    0.61
108    2    0.000    2    1   1    0.94
63    1    0.000    1    1   1    1.59
73    1    0.000    1    1   1    0.62
83    2    0.000    1    2   0    0.65
121    2    -0.023    2    1   0    0.59
120    2    0.023    2    1   1    0.69
139    2    0.009    2    1   1    0.61
21    1    -0.023    2    2   1    0.78
100    2    0.023    1    2   0    0.79
48    1    0.000    1    1   1    0.68
145    2    0.023    1    2   0    0.63
79    2    0.009    2    1   1    0.25
124    2    0.009    1    2   0    0.32
89    2    0.009    2    1   1    0.33
