--------------------------------
26-Mar-2015 13:54:15 
data from observer T22 
#occlusion2 expt 
reference disparity (degrees) 0.160000 

stim order disp kresp testresp correct time
1    2    0.074    2    1   1    2.33
2    1    0.069    1    1   1    0.97
3    1    0.065    1    1   1    0.58
4    1    -0.060    2    2   1    0.66
5    2    0.055    2    1   1    0.64
6    1    -0.051    2    2   1    0.62
7    2    0.046    2    1   1    0.48
8    1    -0.042    2    2   1    0.44
9    2    -0.037    1    2   1    0.66
10    2    0.032    2    1   1    0.55
11    1    -0.028    2    2   1    0.79
12    2    -0.023    1    2   1    0.60
13    2    -0.018    1    2   1    0.82
14    1    0.014    1    1   1    0.71
15    2    -0.009    1    2   1    0.57
16    2    -0.005    1    2   1    0.70
17    1    0.005    1    1   1    2.20
18    1    -0.005    1    1   0    2.32
19    2    0.014    2    1   1    1.48
20    1    0.014    1    1   1    1.01
21    1    0.009    1    1   1    0.85
22    2    0.009    2    1   1    1.12
23    2    0.005    2    1   1    2.23
24    2    0.005    2    1   1    3.62
25    1    -0.005    2    2   1    1.20
26    2    0.005    2    1   1    5.08
27    1    0.005    1    1   1    0.70
28    1    -0.005    1    1   0    1.42
29    1    0.014    1    1   1    1.19
30    1    -0.014    2    2   1    1.37
31    1    -0.009    1    1   0    1.55
32    1    -0.018    2    2   1    0.72
33    2    -0.018    1    2   1    0.59
34    1    0.014    1    1   1    0.65
35    2    0.014    2    1   1    0.66
36    2    -0.009    1    2   1    1.66
37    1    0.009    1    1   1    0.62
38    2    0.005    2    1   1    0.82
39    2    -0.005    1    2   1    0.54
40    2    0.005    2    1   1    1.05
41    1    -0.005    2    2   1    1.49
42    2    -0.005    1    2   1    0.77
43    2    -0.005    2    1   0    0.73
44    1    0.014    1    1   1    0.67
45    2    -0.014    1    2   1    0.57
46    1    0.009    1    1   1    0.64
47    2    -0.009    1    2   1    0.60
48    2    0.005    2    1   1    1.19
49    1    -0.005    1    1   0    1.05
50    1    -0.014    2    2   1    0.67
-------------------------
Final staircase threshold estimate (mean) is 0.0083
-------------------------
51    1    -0.023    2    2   1    2.76
52    1    -0.009    1    1   0    1.18
18    1    0.000    2    2   0    1.22
118    2    0.000    2    1   1    0.90
111    2    -0.023    1    2   1    0.67
101    2    -0.023    1    2   1    0.62
55    1    0.023    1    1   1    1.11
136    2    -0.023    1    2   1    0.66
115    2    0.023    2    1   1    0.57
147    2    -0.009    1    2   1    1.68
139    2    0.009    2    1   1    0.97
22    1    -0.009    2    2   1    0.59
88    2    0.000    1    2   0    3.76
31    1    -0.023    2    2   1    0.65
9    1    0.009    1    1   1    1.10
73    1    0.000    1    1   1    0.97
134    2    0.009    2    1   1    0.62
87    2    -0.009    1    2   1    0.73
53    1    0.000    1    1   1    2.20
122    2    -0.009    1    2   1    2.78
114    2    0.009    2    1   1    0.98
12    1    -0.009    2    2   1    1.00
64    1    0.009    2    2   0    1.41
95    2    0.023    2    1   1    0.67
129    2    0.009    2    1   1    0.94
120    2    0.023    2    1   1    0.69
17    1    -0.009    2    2   1    1.00
24    1    0.009    1    1   1    1.80
32    1    -0.009    2    2   1    0.76
14    1    0.009    1    1   1    4.50
5    1    0.023    1    1   1    0.70
4    1    0.009    1    1   1    0.64
86    2    -0.023    1    2   1    0.65
103    2    0.000    2    1   1    0.95
90    2    0.023    2    1   1    0.48
131    2    -0.023    1    2   1    0.79
109    2    0.009    2    1   1    3.95
117    2    -0.009    1    2   1    1.04
27    1    -0.009    2    2   1    1.99
54    1    0.009    1    1   1    1.58
74    1    0.009    1    1   1    0.95
148    2    0.000    1    2   0    2.34
60    1    0.023    1    1   1    0.68
42    1    -0.009    2    2   1    0.78
142    2    -0.009    1    2   1    1.44
61    1    -0.023    2    2   1    0.66
63    1    0.000    2    2   0    0.54
57    1    -0.009    2    2   1    1.15
123    2    0.000    2    1   1    0.58
3    1    0.000    1    1   1    1.53
44    1    0.009    1    1   1    0.90
67    1    -0.009    2    2   1    1.98
96    2    -0.023    1    2   1    1.11
21    1    -0.023    2    2   1    0.55
56    1    -0.023    2    2   1    0.59
37    1    -0.009    2    2   1    0.75
110    2    0.023    2    1   1    0.62
128    2    0.000    1    2   0    1.42
7    1    -0.009    2    2   1    1.37
108    2    0.000    1    2   0    2.38
79    2    0.009    2    1   1    1.82
75    2    0.023    2    1   1    1.03
70    1    0.023    1    1   1    1.06
83    2    0.000    1    2   0    4.90
81    2    -0.023    1    2   1    0.75
78    2    0.000    1    2   0    1.39
71    1    -0.023    2    2   1    0.64
100    2    0.023    2    1   1    0.60
85    2    0.023    2    1   1    0.71
150    2    0.023    2    1   1    0.57
84    2    0.009    2    1   1    0.82
36    1    -0.023    2    2   1    0.73
65    1    0.023    1    1   1    0.93
6    1    -0.023    2    2   1    0.75
41    1    -0.023    2    2   1    0.83
104    2    0.009    2    1   1    0.64
26    1    -0.023    2    2   1    0.56
58    1    0.000    1    1   1    1.07
16    1    -0.023    2    2   1    0.53
140    2    0.023    2    1   1    1.05
45    1    0.023    1    1   1    0.78
2    1    -0.009    1    1   0    4.38
125    2    0.023    2    1   1    0.63
23    1    0.000    1    1   1    2.77
76    2    -0.023    1    2   1    0.59
107    2    -0.009    1    2   1    0.70
124    2    0.009    1    2   0    3.44
144    2    0.009    2    1   1    2.10
15    1    0.023    1    1   1    0.70
106    2    -0.023    1    2   1    0.62
112    2    -0.009    1    2   1    0.66
38    1    0.000    1    1   1    1.99
102    2    -0.009    1    2   1    0.74
69    1    0.009    1    1   1    0.80
98    2    0.000    1    2   0    1.10
127    2    -0.009    1    2   1    0.75
132    2    -0.009    1    2   1    0.73
149    2    0.009    2    1   1    0.90
126    2    -0.023    1    2   1    0.71
40    1    0.023    1    1   1    0.67
11    1    -0.023    2    2   1    0.61
68    1    0.000    2    2   0    0.86
34    1    0.009    1    1   1    0.87
43    1    0.000    1    1   1    1.03
92    2    -0.009    1    2   1    0.86
105    2    0.023    2    1   1    0.63
25    1    0.023    2    2   0    2.06
33    1    0.000    1    1   1    2.43
8    1    0.000    2    2   0    3.96
80    2    0.023    2    1   1    0.65
130    2    0.023    2    1   1    0.54
29    1    0.009    1    1   1    0.97
20    1    0.023    1    1   1    0.66
19    1    0.009    1    1   1    1.07
35    1    0.023    1    1   1    0.49
145    2    0.023    2    1   1    0.60
146    2    -0.023    1    2   1    0.58
143    2    0.000    2    1   1    0.73
119    2    0.009    2    1   1    0.57
50    1    0.023    1    1   1    0.57
137    2    -0.009    1    2   1    0.55
138    2    0.000    2    1   1    1.61
47    1    -0.009    2    2   1    2.07
10    1    0.023    1    1   1    0.67
39    1    0.009    1    1   1    0.91
1    1    -0.023    2    2   1    0.65
66    1    -0.023    2    2   1    0.64
133    2    0.000    2    1   1    0.59
13    1    0.000    2    2   0    1.12
62    1    -0.009    2    2   1    0.77
82    2    -0.009    2    1   0    2.05
91    2    -0.023    1    2   1    0.71
93    2    0.000    1    2   0    1.61
77    2    -0.009    1    2   1    0.75
121    2    -0.023    1    2   1    0.59
116    2    -0.023    1    2   1    1.07
30    1    0.023    1    1   1    0.79
46    1    -0.023    2    2   1    0.72
89    2    0.009    2    1   1    0.92
99    2    0.009    2    1   1    0.85
48    1    0.000    1    1   1    2.17
28    1    0.000    1    1   1    2.65
59    1    0.009    1    1   1    0.69
94    2    0.009    2    1   1    0.74
49    1    0.009    1    1   1    1.33
141    2    -0.023    1    2   1    0.64
72    1    -0.009    2    2   1    1.30
113    2    0.000    1    2   0    4.49
135    2    0.023    2    1   1    0.92
97    2    -0.009    1    2   1    0.67
