--------------------------------
26-Mar-2015 14:37:07 
data from observer T22 
#occlusion2 expt 
reference disparity (degrees) 0.160000 

stim order disp kresp testresp correct time
1    2    0.074    1    2   1    2.24
2    1    -0.069    1    1   1    0.59
3    1    -0.065    1    1   1    1.58
4    2    0.060    1    2   1    0.45
5    1    -0.055    1    1   1    0.55
6    1    0.051    2    2   1    0.59
7    2    0.046    1    2   1    0.54
8    2    -0.042    2    1   1    0.50
9    1    -0.037    1    1   1    0.63
10    2    -0.032    2    1   1    0.58
11    1    0.028    2    2   1    1.93
12    1    0.023    2    2   1    0.78
13    1    0.018    2    2   1    1.00
14    1    -0.014    1    1   1    2.49
15    1    0.009    2    2   1    0.88
16    1    0.005    2    2   1    0.85
17    1    0.005    2    2   1    0.99
18    2    -0.005    2    1   1    1.22
19    2    -0.005    2    1   1    1.87
20    1    0.005    1    1   0    0.58
21    2    0.014    1    2   1    1.16
22    1    0.014    2    2   1    0.79
23    2    -0.009    2    1   1    0.82
24    1    -0.009    1    1   1    0.67
25    1    0.005    1    1   0    0.65
26    2    0.014    1    2   1    0.67
27    1    -0.014    1    1   1    0.70
28    1    0.009    2    2   1    1.18
29    1    0.009    2    2   1    1.73
30    1    0.005    1    1   0    2.56
31    1    0.014    2    2   1    1.02
32    2    0.014    1    2   1    0.55
33    1    0.009    2    2   1    1.21
34    1    0.009    2    2   1    0.86
35    2    -0.005    2    1   1    1.33
36    2    0.005    1    2   1    0.63
37    2    0.005    2    1   0    0.55
38    2    -0.014    2    1   1    0.83
39    1    -0.014    1    1   1    0.73
40    2    0.009    1    2   1    1.72
41    2    0.009    1    2   1    0.77
42    2    0.005    2    1   0    1.21
43    1    0.014    2    2   1    1.46
44    1    -0.014    1    1   1    0.54
45    1    -0.009    2    2   0    0.64
46    2    0.018    1    2   1    0.84
47    1    -0.018    1    1   1    0.73
48    2    0.014    1    2   1    1.32
49    1    0.014    2    2   1    0.81
50    1    0.009    2    2   1    0.81
-------------------------
Final staircase threshold estimate (mean) is 0.0125
-------------------------
10    1    0.032    2    2   0    3.25
128    2    0.000    1    2   0    0.87
138    2    0.000    2    1   1    1.75
142    2    -0.014    2    1   0    0.74
31    1    -0.032    1    1   0    0.78
114    2    0.014    1    2   0    0.76
41    1    -0.032    1    1   0    0.69
36    1    -0.032    1    1   0    0.71
79    2    0.014    1    2   0    1.93
50    1    0.032    2    2   0    0.84
80    2    0.032    1    2   0    0.50
25    1    0.032    2    2   0    0.54
139    2    0.014    1    2   0    0.62
60    1    0.032    2    2   0    0.68
5    1    0.032    2    2   0    0.73
62    1    -0.014    1    1   0    0.57
111    2    -0.032    2    1   0    0.53
77    2    -0.014    2    1   0    0.51
106    2    -0.032    2    1   0    0.48
78    2    0.000    2    1   1    1.61
118    2    0.000    2    1   1    0.51
63    1    0.000    2    2   0    0.63
143    2    0.000    2    1   1    3.50
67    1    -0.014    1    1   0    0.58
113    2    0.000    2    1   1    0.94
61    1    -0.032    1    1   0    0.62
100    2    0.032    1    2   0    0.53
53    1    0.000    2    2   0    0.82
112    2    -0.014    2    1   0    0.62
32    1    -0.014    1    1   0    0.69
27    1    -0.014    1    1   0    0.75
75    2    0.032    1    2   0    0.53
54    1    0.014    2    2   0    0.89
26    1    -0.032    1    1   0    0.57
9    1    0.014    2    2   0    0.55
116    2    -0.032    2    1   0    0.63
122    2    -0.014    2    1   0    0.62
90    2    0.032    1    2   0    0.54
8    1    0.000    2    2   0    1.14
115    2    0.032    1    2   0    0.48
22    1    -0.014    1    1   0    0.76
7    1    -0.014    1    1   0    0.70
137    2    -0.014    2    1   0    0.87
103    2    0.000    1    2   0    0.51
72    1    -0.014    1    1   0    0.71
141    2    -0.032    2    1   0    0.79
42    1    -0.014    1    1   0    0.69
135    2    0.032    1    2   0    0.61
14    1    0.014    2    2   0    0.67
95    2    0.032    1    2   0    0.50
140    2    0.032    1    2   0    0.67
20    1    0.032    2    2   0    0.65
35    1    0.032    2    2   0    0.51
1    1    -0.032    1    1   0    0.63
117    2    -0.014    2    1   0    0.56
123    2    0.000    2    1   1    2.33
6    1    -0.032    1    1   0    0.60
66    1    -0.032    1    1   0    0.67
45    1    0.032    2    2   0    0.61
34    1    0.014    2    2   0    0.96
121    2    -0.032    2    1   0    0.49
68    1    0.000    1    1   1    1.22
124    2    0.014    1    2   0    0.57
70    1    0.032    2    2   0    0.61
38    1    0.000    2    2   0    1.12
82    2    -0.014    2    1   0    0.65
109    2    0.014    1    2   0    0.65
144    2    0.014    1    2   0    0.79
12    1    -0.014    1    1   0    0.53
148    2    0.000    2    1   1    1.07
105    2    0.032    1    2   0    0.53
33    1    0.000    2    2   0    1.89
76    2    -0.032    2    1   0    0.56
126    2    -0.032    2    1   0    0.60
96    2    -0.032    2    1   0    0.74
120    2    0.032    1    2   0    0.99
21    1    -0.032    1    1   0    0.52
132    2    -0.014    2    1   0    0.86
107    2    -0.014    2    1   0    0.77
40    1    0.032    2    2   0    0.52
52    1    -0.014    1    1   0    0.54
47    1    -0.014    1    1   0    0.89
98    2    0.000    2    1   1    1.14
13    1    0.000    2    2   0    1.69
59    1    0.014    2    2   0    0.65
57    1    -0.014    1    1   0    1.40
4    1    0.014    2    2   0    0.61
129    2    0.014    1    2   0    0.62
110    2    0.032    1    2   0    0.61
56    1    -0.032    1    1   0    0.67
127    2    -0.014    2    1   0    1.16
46    1    -0.032    1    1   0    0.64
28    1    0.000    2    2   0    4.02
81    2    -0.032    2    1   0    0.56
104    2    0.014    1    2   0    0.65
83    2    0.000    1    2   0    2.97
65    1    0.032    2    2   0    0.61
73    1    0.000    2    2   0    0.97
131    2    -0.032    2    1   0    0.57
18    1    0.000    1    1   1    1.39
64    1    0.014    2    2   0    0.78
39    1    0.014    2    2   0    0.83
146    2    -0.032    2    1   0    0.55
92    2    -0.014    2    1   0    1.08
55    1    0.032    2    2   0    0.57
147    2    -0.014    2    1   0    0.60
23    1    0.000    2    2   0    1.94
91    2    -0.032    2    1   0    0.52
29    1    0.014    2    2   0    0.50
19    1    0.014    2    2   0    0.90
89    2    0.014    1    2   0    0.67
94    2    0.014    1    2   0    0.55
102    2    -0.014    2    1   0    0.62
71    1    -0.032    1    1   0    0.49
37    1    -0.014    1    1   0    0.64
85    2    0.032    1    2   0    0.65
145    2    0.032    1    2   0    0.66
97    2    -0.014    2    1   0    0.91
93    2    0.000    1    2   0    1.80
130    2    0.032    1    2   0    0.59
24    1    0.014    2    2   0    0.61
87    2    -0.014    2    1   0    1.01
136    2    -0.032    2    1   0    0.52
69    1    0.014    2    2   0    1.14
133    2    0.000    1    2   0    3.78
48    1    0.000    1    1   1    1.66
30    1    0.032    2    2   0    0.95
84    2    0.014    1    2   0    0.86
74    1    0.014    2    2   0    1.71
51    1    -0.032    1    1   0    0.62
11    1    -0.032    1    1   0    0.99
101    2    -0.032    2    1   0    0.67
149    2    0.014    1    2   0    0.78
125    2    0.032    1    2   0    1.01
3    1    0.000    1    1   1    0.57
44    1    0.014    2    2   0    1.13
2    1    -0.014    1    1   0    0.61
88    2    0.000    1    2   0    0.87
99    2    0.014    1    2   0    0.62
49    1    0.014    2    2   0    1.23
134    2    0.014    1    2   0    0.60
17    1    -0.014    1    1   0    0.65
43    1    0.000    2    2   0    0.91
58    1    0.000    1    1   1    0.66
108    2    0.000    2    1   1    0.98
86    2    -0.032    2    1   0    0.59
16    1    -0.032    1    1   0    0.55
150    2    0.032    1    2   0    0.53
15    1    0.032    2    2   0    0.50
119    2    0.014    1    2   0    1.15
