--------------------------------
26-Mar-2015 16:17:42 
data from observer T23 
#occlusion2 expt 
reference disparity (degrees) 0.160000 

stim order disp kresp testresp correct time
1    1    -0.074    1    1   1    3.11
2    1    0.069    2    2   1    0.77
3    1    0.065    2    2   1    0.98
4    1    0.060    2    2   1    1.43
5    1    -0.055    1    1   1    0.75
6    2    -0.051    2    1   1    2.71
7    2    -0.046    2    1   1    0.65
8    2    0.042    1    2   1    0.82
9    1    0.037    2    2   1    1.46
10    1    0.032    2    2   1    0.83
11    1    0.028    1    1   0    1.49
12    1    0.037    2    2   1    0.72
13    1    0.037    2    2   1    1.67
14    2    -0.032    2    1   1    0.84
15    2    0.032    1    2   1    1.08
16    2    -0.028    2    1   1    0.82
17    1    0.028    2    2   1    2.37
18    2    -0.023    2    1   1    1.00
19    2    0.023    1    2   1    0.90
20    2    0.018    2    1   0    2.46
21    1    0.028    2    2   1    2.23
22    1    -0.028    1    1   1    3.95
23    1    0.023    2    2   1    2.35
24    2    -0.023    2    1   1    1.68
25    1    -0.018    1    1   1    1.12
26    2    -0.018    2    1   1    0.69
27    1    -0.014    1    1   1    4.26
28    1    0.014    2    2   1    1.04
29    2    -0.009    2    1   1    1.18
30    1    0.009    2    2   1    1.42
31    1    0.005    2    2   1    1.21
32    1    0.005    2    2   1    2.12
33    2    0.005    1    2   1    0.93
34    2    -0.005    1    2   0    1.86
35    1    -0.014    2    2   0    1.42
36    1    0.023    2    2   1    1.02
37    1    -0.023    2    2   0    0.86
38    1    0.032    1    1   0    0.82
39    2    0.042    1    2   1    2.63
40    1    0.042    2    2   1    5.06
41    2    0.037    1    2   1    1.07
42    2    0.037    1    2   1    4.71
43    2    -0.032    2    1   1    0.78
44    1    -0.032    1    1   1    0.64
45    2    0.028    1    2   1    2.15
46    2    0.028    2    1   0    0.53
47    2    -0.037    2    1   1    0.56
48    1    -0.037    1    1   1    0.56
49    2    -0.032    2    1   1    0.66
50    1    0.032    2    2   1    0.75
-------------------------
Final staircase threshold estimate (mean) is 0.0332
-------------------------
72    1    -0.032    1    1   0    3.38
52    1    -0.032    1    1   0    1.33
2    1    -0.032    1    1   0    1.01
62    1    -0.032    1    1   0    0.82
114    2    0.032    2    1   1    0.88
147    2    -0.032    2    1   0    1.39
47    1    -0.032    1    1   0    0.65
135    2    0.083    1    2   0    0.67
129    2    0.032    1    2   0    1.39
120    2    0.083    1    2   0    0.75
132    2    -0.032    1    2   1    3.86
89    2    0.032    1    2   0    2.56
35    1    0.083    2    2   0    0.65
125    2    0.083    1    2   0    0.68
21    1    -0.083    1    1   0    1.39
24    1    0.032    1    1   1    2.33
123    2    0.000    1    2   0    1.86
82    2    -0.032    2    1   0    0.63
83    2    0.000    2    1   1    1.32
33    1    0.000    2    2   0    0.48
100    2    0.083    1    2   0    0.60
140    2    0.083    1    2   0    1.43
145    2    0.083    1    2   0    0.66
65    1    0.083    2    2   0    0.62
141    2    -0.083    2    1   0    0.77
9    1    0.032    2    2   0    0.80
25    1    0.083    2    2   0    1.59
73    1    0.000    2    2   0    0.62
143    2    0.000    2    1   1    2.17
27    1    -0.032    1    1   0    0.44
49    1    0.032    1    1   1    0.87
116    2    -0.083    1    2   1    3.02
150    2    0.083    1    2   0    0.76
41    1    -0.083    1    1   0    1.61
102    2    -0.032    2    1   0    1.51
146    2    -0.083    2    1   0    0.60
126    2    -0.083    2    1   0    1.21
136    2    -0.083    2    1   0    0.68
124    2    0.032    1    2   0    0.54
90    2    0.083    1    2   0    1.05
16    1    -0.083    1    1   0    0.65
70    1    0.083    2    2   0    0.97
101    2    -0.083    2    1   0    2.32
85    2    0.083    1    2   0    0.81
26    1    -0.083    1    1   0    0.78
109    2    0.032    1    2   0    0.69
137    2    -0.032    2    1   0    2.29
60    1    0.083    2    2   0    1.11
76    2    -0.083    2    1   0    1.26
133    2    0.000    1    2   0    4.30
51    1    -0.083    1    1   0    0.68
84    2    0.032    1    2   0    0.71
40    1    0.083    2    2   0    0.51
42    1    -0.032    1    1   0    0.65
37    1    -0.032    1    1   0    0.86
74    1    0.032    2    2   0    0.54
59    1    0.032    2    2   0    0.72
122    2    -0.032    2    1   0    1.46
50    1    0.083    2    2   0    0.75
48    1    0.000    2    2   0    0.70
78    2    0.000    2    1   1    1.41
8    1    0.000    1    1   1    1.04
45    1    0.083    2    2   0    0.43
142    2    -0.032    2    1   0    0.56
95    2    0.083    1    2   0    0.84
103    2    0.000    2    1   1    1.37
56    1    -0.083    1    1   0    0.71
7    1    -0.032    1    1   0    0.87
81    2    -0.083    2    1   0    1.81
43    1    0.000    2    2   0    0.50
67    1    -0.032    1    1   0    0.64
11    1    -0.083    2    2   1    0.46
6    1    -0.083    1    1   0    0.63
23    1    0.000    2    2   0    2.48
104    2    0.032    1    2   0    1.09
87    2    -0.032    2    1   0    1.43
108    2    0.000    1    2   0    1.20
139    2    0.032    1    2   0    0.94
34    1    0.032    2    2   0    0.80
121    2    -0.083    2    1   0    0.59
44    1    0.032    2    2   0    2.63
94    2    0.032    1    2   0    0.82
92    2    -0.032    2    1   0    0.53
71    1    -0.083    1    1   0    2.87
14    1    0.032    2    2   0    3.17
77    2    -0.032    2    1   0    0.66
88    2    0.000    1    2   0    0.85
107    2    -0.032    2    1   0    1.39
17    1    -0.032    1    1   0    0.63
97    2    -0.032    2    1   0    0.67
5    1    0.083    2    2   0    0.54
115    2    0.083    1    2   0    0.70
64    1    0.032    2    2   0    0.78
111    2    -0.083    2    1   0    0.84
15    1    0.083    2    2   0    0.94
57    1    -0.032    1    1   0    0.78
58    1    0.000    2    2   0    0.54
31    1    -0.083    1    1   0    1.14
54    1    0.032    2    2   0    0.54
53    1    0.000    1    1   1    1.00
61    1    -0.083    1    1   0    0.75
110    2    0.083    1    2   0    0.72
134    2    0.032    1    2   0    2.19
149    2    0.032    1    2   0    1.06
39    1    0.032    2    2   0    0.83
13    1    0.000    1    1   1    0.94
28    1    0.000    1    1   1    0.87
79    2    0.032    1    2   0    0.69
46    1    -0.083    1    1   0    1.09
99    2    0.032    1    2   0    0.65
75    2    0.083    1    2   0    0.88
112    2    -0.032    2    1   0    1.40
106    2    -0.083    2    1   0    1.32
91    2    -0.083    2    1   0    0.88
32    1    -0.032    2    2   1    3.61
128    2    0.000    2    1   1    0.46
36    1    -0.083    1    1   0    0.67
38    1    0.000    1    1   1    3.99
55    1    0.083    2    2   0    0.47
138    2    0.000    2    1   1    2.85
105    2    0.083    1    2   0    0.60
119    2    0.032    1    2   0    1.90
30    1    0.083    2    2   0    0.57
12    1    -0.032    1    1   0    0.85
117    2    -0.032    2    1   0    0.69
18    1    0.000    2    2   0    2.94
113    2    0.000    2    1   1    0.93
10    1    0.083    1    1   1    0.41
29    1    0.032    1    1   1    0.64
148    2    0.000    2    1   1    1.96
86    2    -0.083    2    1   0    0.53
4    1    0.032    2    2   0    0.75
19    1    0.032    2    2   0    2.36
118    2    0.000    1    2   0    3.62
131    2    -0.083    2    1   0    0.56
68    1    0.000    2    2   0    2.13
127    2    -0.032    2    1   0    0.59
66    1    -0.083    1    1   0    0.57
93    2    0.000    2    1   1    0.65
63    1    0.000    2    2   0    0.73
98    2    0.000    2    1   1    0.67
144    2    0.032    1    2   0    0.90
3    1    0.000    1    1   1    2.04
22    1    -0.032    1    1   0    0.62
20    1    0.083    2    2   0    0.39
1    1    -0.083    1    1   0    0.49
96    2    -0.083    2    1   0    0.80
130    2    0.083    1    2   0    1.49
69    1    0.032    1    1   1    0.49
80    2    0.083    1    2   0    0.69
