--------------------------------
26-Mar-2015 16:36:15 
data from observer T23 
#occlusion2 expt 
reference disparity (degrees) 0.160000 

stim order disp kresp testresp correct time
1    2    0.074    2    1   1    3.78
2    2    0.069    2    1   1    0.85
3    2    -0.065    1    2   1    0.88
4    2    0.060    2    1   1    0.82
5    1    -0.055    2    2   1    2.96
6    1    0.051    1    1   1    0.96
7    2    -0.046    1    2   1    0.82
8    1    0.042    1    1   1    1.58
9    2    -0.037    1    2   1    0.96
10    1    -0.032    2    2   1    0.70
11    1    0.028    1    1   1    1.10
12    2    0.023    2    1   1    0.68
13    1    -0.018    2    2   1    0.60
14    2    -0.014    1    2   1    2.29
15    2    -0.009    2    1   0    0.74
16    2    0.018    2    1   1    0.64
17    2    -0.018    1    2   1    1.03
18    2    0.014    2    1   1    0.93
19    1    -0.014    2    2   1    1.32
20    2    -0.009    1    2   1    1.53
21    2    0.009    2    1   1    1.42
22    1    0.005    1    1   1    0.84
23    2    0.005    2    1   1    0.79
24    1    -0.005    2    2   1    1.72
25    2    -0.005    1    2   1    1.20
26    1    0.005    1    1   1    1.04
27    2    -0.005    1    2   1    1.77
28    1    0.005    1    1   1    1.22
29    2    0.005    1    2   0    2.38
30    2    0.014    2    1   1    1.82
31    1    -0.014    2    2   1    2.73
32    2    0.009    2    1   1    1.67
33    2    -0.009    2    1   0    0.80
34    2    0.018    1    2   0    0.75
35    2    0.028    1    2   0    0.80
36    2    0.037    2    1   1    1.53
37    2    -0.037    1    2   1    2.05
38    2    0.032    2    1   1    0.99
39    2    -0.032    1    2   1    0.63
40    2    -0.028    1    2   1    0.89
41    2    0.028    2    1   1    1.14
42    1    0.023    1    1   1    1.15
43    2    0.023    1    2   0    0.72
44    1    -0.032    2    2   1    1.04
45    1    -0.032    2    2   1    1.04
46    2    -0.028    1    2   1    1.29
47    1    -0.028    2    2   1    0.91
48    2    -0.023    1    2   1    0.83
49    1    0.023    1    1   1    1.02
50    1    -0.018    2    2   1    0.77
-------------------------
Final staircase threshold estimate (mean) is 0.0259
-------------------------
118    2    0.000    2    1   1    3.78
13    1    0.000    2    2   0    1.23
66    1    -0.065    2    2   1    0.66
26    1    -0.065    2    2   1    1.20
104    2    0.028    2    1   1    0.88
143    2    0.000    1    2   0    2.11
30    1    0.065    1    1   1    1.08
115    2    0.065    2    1   1    0.56
120    2    0.065    2    1   1    1.75
77    2    -0.028    1    2   1    1.00
111    2    -0.065    1    2   1    1.19
61    1    -0.065    2    2   1    0.70
65    1    0.065    1    1   1    0.74
58    1    0.000    1    1   1    2.05
127    2    -0.028    1    2   1    0.79
145    2    0.065    2    1   1    0.62
36    1    -0.065    2    2   1    0.64
141    2    -0.065    1    2   1    1.83
80    2    0.065    2    1   1    2.67
24    1    0.028    1    1   1    1.38
57    1    -0.028    2    2   1    0.54
114    2    0.028    2    1   1    1.35
5    1    0.065    1    1   1    0.75
29    1    0.028    1    1   1    2.17
75    2    0.065    2    1   1    0.59
88    2    0.000    2    1   1    1.05
126    2    -0.065    1    2   1    1.21
85    2    0.065    2    1   1    0.60
73    1    0.000    2    2   0    2.47
140    2    0.065    2    1   1    0.60
128    2    0.000    2    1   1    0.57
14    1    0.028    1    1   1    0.68
119    2    0.028    2    1   1    0.66
62    1    -0.028    2    2   1    1.60
53    1    0.000    2    2   0    0.42
135    2    0.065    2    1   1    0.55
87    2    -0.028    1    2   1    1.94
83    2    0.000    2    1   1    0.55
95    2    0.065    2    1   1    0.58
59    1    0.028    1    1   1    1.15
134    2    0.028    2    1   1    0.75
67    1    -0.028    2    2   1    0.63
103    2    0.000    2    1   1    3.20
41    1    -0.065    2    2   1    0.60
78    2    0.000    1    2   0    2.75
89    2    0.028    2    1   1    0.46
139    2    0.028    2    1   1    1.85
142    2    -0.028    1    2   1    0.97
44    1    0.028    2    2   0    0.41
108    2    0.000    2    1   1    0.85
144    2    0.028    2    1   1    0.86
4    1    0.028    1    1   1    0.73
105    2    0.065    2    1   1    0.61
23    1    0.000    2    2   0    2.86
121    2    -0.065    1    2   1    0.63
113    2    0.000    2    1   1    1.13
21    1    -0.065    2    2   1    0.76
63    1    0.000    2    2   0    2.58
1    1    -0.065    2    2   1    0.88
122    2    -0.028    1    2   1    1.85
45    1    0.065    1    1   1    0.94
52    1    -0.028    1    1   0    1.02
101    2    -0.065    1    2   1    0.84
32    1    -0.028    2    2   1    1.07
97    2    -0.028    1    2   1    1.64
48    1    0.000    2    2   0    0.59
40    1    0.065    1    1   1    0.63
94    2    0.028    2    1   1    0.55
15    1    0.065    1    1   1    1.10
124    2    0.028    2    1   1    0.53
31    1    -0.065    2    2   1    0.60
25    1    0.065    1    1   1    0.81
19    1    0.028    1    1   1    1.33
9    1    0.028    1    1   1    0.63
56    1    -0.065    2    2   1    0.53
82    2    -0.028    1    2   1    1.90
55    1    0.065    1    1   1    0.62
12    1    -0.028    2    2   1    0.48
37    1    -0.028    2    2   1    0.68
7    1    -0.028    2    2   1    0.54
136    2    -0.065    1    2   1    0.52
131    2    -0.065    1    2   1    0.55
149    2    0.028    2    1   1    0.46
27    1    -0.028    2    2   1    0.85
46    1    -0.065    2    2   1    1.65
146    2    -0.065    1    2   1    0.87
130    2    0.065    2    1   1    0.56
84    2    0.028    2    1   1    0.62
129    2    0.028    2    1   1    0.71
49    1    0.028    1    1   1    0.60
72    1    -0.028    2    2   1    0.49
3    1    0.000    2    2   0    0.96
18    1    0.000    2    2   0    0.70
110    2    0.065    2    1   1    1.47
99    2    0.028    2    1   1    1.24
64    1    0.028    1    1   1    0.68
2    1    -0.028    2    2   1    0.63
132    2    -0.028    1    2   1    0.74
71    1    -0.065    2    2   1    0.58
22    1    -0.028    2    2   1    0.65
91    2    -0.065    1    2   1    1.44
34    1    0.028    1    1   1    0.47
39    1    0.028    1    1   1    1.78
112    2    -0.028    1    2   1    0.59
86    2    -0.065    1    2   1    0.80
123    2    0.000    2    1   1    1.65
74    1    0.028    1    1   1    0.56
137    2    -0.028    1    2   1    0.96
70    1    0.065    1    1   1    2.40
35    1    0.065    1    1   1    1.68
47    1    -0.028    2    2   1    0.95
98    2    0.000    2    1   1    1.87
81    2    -0.065    1    2   1    0.66
92    2    -0.028    1    2   1    2.82
43    1    0.000    2    2   0    1.26
150    2    0.065    2    1   1    0.98
133    2    0.000    2    1   1    2.20
11    1    -0.065    2    2   1    0.52
116    2    -0.065    1    2   1    2.51
107    2    -0.028    1    2   1    1.02
20    1    0.065    1    1   1    1.52
106    2    -0.065    1    2   1    0.61
54    1    0.028    1    1   1    2.34
79    2    0.028    2    1   1    0.57
96    2    -0.065    1    2   1    2.05
51    1    -0.065    2    2   1    2.83
100    2    0.065    2    1   1    1.25
125    2    0.065    2    1   1    0.81
147    2    -0.028    1    2   1    2.36
117    2    -0.028    1    2   1    1.68
16    1    -0.065    2    2   1    1.77
76    2    -0.065    1    2   1    0.51
148    2    0.000    1    2   0    1.76
69    1    0.028    1    1   1    0.63
138    2    0.000    1    2   0    1.65
17    1    -0.028    2    2   1    0.84
109    2    0.028    2    1   1    0.91
38    1    0.000    2    2   0    3.66
10    1    0.065    1    1   1    0.90
90    2    0.065    2    1   1    2.00
6    1    -0.065    2    2   1    1.52
8    1    0.000    2    2   0    5.58
68    1    0.000    2    2   0    4.62
28    1    0.000    1    1   1    1.57
33    1    0.000    1    1   1    0.85
50    1    0.065    1    1   1    0.84
93    2    0.000    2    1   1    0.58
60    1    0.065    1    1   1    0.75
42    1    -0.028    2    2   1    0.86
102    2    -0.028    1    2   1    0.97
