--------------------------------
26-Mar-2015 16:43:34 
data from observer T23 
#occlusion2 expt 
reference disparity (degrees) 0.160000 

stim order disp kresp testresp correct time
1    1    -0.074    1    1   1    2.24
2    2    0.069    1    2   1    1.20
3    2    0.065    1    2   1    2.60
4    2    0.060    1    2   1    1.22
5    1    0.055    2    2   1    0.65
6    2    0.051    1    2   1    1.61
7    1    -0.046    1    1   1    1.21
8    1    -0.042    1    1   1    0.76
9    1    -0.037    1    1   1    0.74
10    1    -0.032    1    1   1    1.25
11    1    0.028    2    2   1    0.63
12    1    0.023    2    2   1    0.50
13    1    0.018    2    2   1    0.68
14    2    -0.014    2    1   1    0.61
15    1    -0.009    2    2   0    0.62
16    2    -0.018    2    1   1    1.56
17    1    -0.018    1    1   1    1.90
18    1    -0.014    2    2   0    0.62
19    1    0.023    1    1   0    0.52
20    2    0.032    1    2   1    0.73
21    2    0.032    1    2   1    0.76
22    2    -0.028    2    1   1    0.67
23    2    0.028    2    1   0    0.55
24    2    -0.037    2    1   1    0.55
25    1    0.037    2    2   1    0.76
26    2    -0.032    2    1   1    0.73
27    2    -0.032    2    1   1    0.73
28    2    0.028    2    1   0    1.11
29    2    -0.037    2    1   1    0.54
30    1    0.037    2    2   1    0.64
31    2    0.032    1    2   1    0.72
32    1    0.032    2    2   1    0.57
33    2    -0.028    2    1   1    0.67
34    2    -0.028    2    1   1    0.69
35    2    0.023    1    2   1    1.25
36    1    0.023    2    2   1    0.74
37    2    -0.018    2    1   1    0.48
38    1    0.018    2    2   1    0.69
39    2    -0.014    2    1   1    1.15
40    1    -0.014    2    2   0    0.77
41    1    0.023    2    2   1    0.81
42    2    0.023    1    2   1    0.67
43    1    0.018    1    1   0    0.83
44    2    0.028    1    2   1    1.37
45    2    0.028    1    2   1    0.83
46    2    -0.023    2    1   1    0.72
47    1    0.023    2    2   1    1.23
48    2    0.018    1    2   1    1.11
49    1    -0.018    2    2   0    0.48
50    1    0.028    1    1   0    0.50
-------------------------
Final staircase threshold estimate (mean) is 0.0231
-------------------------
49    1    0.023    2    2   0    1.78
28    1    0.000    1    1   1    4.00
129    2    0.023    1    2   0    0.95
62    1    -0.023    2    2   1    0.80
76    2    -0.055    2    1   0    0.62
142    2    -0.023    2    1   0    0.78
29    1    0.023    2    2   0    0.79
2    1    -0.023    1    1   0    0.67
103    2    0.000    1    2   0    1.40
93    2    0.000    2    1   1    1.83
150    2    0.055    1    2   0    1.03
139    2    0.023    1    2   0    0.82
12    1    -0.023    1    1   0    0.58
101    2    -0.055    2    1   0    0.50
71    1    -0.055    1    1   0    0.69
56    1    -0.055    1    1   0    0.67
118    2    0.000    2    1   1    2.60
30    1    0.055    2    2   0    0.65
32    1    -0.023    2    2   1    0.42
41    1    -0.055    1    1   0    1.07
60    1    0.055    2    2   0    0.64
116    2    -0.055    2    1   0    0.67
61    1    -0.055    1    1   0    1.12
79    2    0.023    2    1   1    0.82
20    1    0.055    2    2   0    1.56
114    2    0.023    1    2   0    0.75
106    2    -0.055    2    1   0    0.54
133    2    0.000    2    1   1    0.55
87    2    -0.023    2    1   0    0.81
137    2    -0.023    2    1   0    0.49
96    2    -0.055    2    1   0    0.48
82    2    -0.023    2    1   0    0.58
10    1    0.055    2    2   0    0.56
27    1    -0.023    2    2   1    0.51
134    2    0.023    1    2   0    0.89
54    1    0.023    2    2   0    0.73
104    2    0.023    2    1   1    3.63
146    2    -0.055    2    1   0    0.88
51    1    -0.055    1    1   0    0.71
113    2    0.000    2    1   1    0.84
107    2    -0.023    2    1   0    0.80
15    1    0.055    2    2   0    0.64
126    2    -0.055    2    1   0    0.71
37    1    -0.023    1    1   0    1.58
21    1    -0.055    1    1   0    0.77
122    2    -0.023    2    1   0    1.06
90    2    0.055    1    2   0    1.53
57    1    -0.023    1    1   0    1.03
65    1    0.055    2    2   0    0.66
117    2    -0.023    2    1   0    0.76
119    2    0.023    1    2   0    1.00
64    1    0.023    2    2   0    0.53
33    1    0.000    1    1   1    1.21
78    2    0.000    1    2   0    2.98
123    2    0.000    2    1   1    0.65
35    1    0.055    2    2   0    0.44
95    2    0.055    1    2   0    0.56
6    1    -0.055    1    1   0    0.76
140    2    0.055    1    2   0    0.60
74    1    0.023    2    2   0    0.69
83    2    0.000    2    1   1    2.61
16    1    -0.055    1    1   0    1.16
94    2    0.023    1    2   0    1.21
43    1    0.000    2    2   0    3.19
24    1    0.023    2    2   0    0.74
63    1    0.000    1    1   1    0.77
45    1    0.055    2    2   0    0.79
85    2    0.055    1    2   0    0.61
145    2    0.055    1    2   0    0.57
58    1    0.000    2    2   0    0.65
130    2    0.055    1    2   0    0.69
39    1    0.023    2    2   0    0.62
11    1    -0.055    1    1   0    0.58
69    1    0.023    2    2   0    1.07
47    1    -0.023    1    1   0    0.57
92    2    -0.023    2    1   0    1.25
124    2    0.023    1    2   0    0.64
84    2    0.023    1    2   0    0.70
9    1    0.023    2    2   0    0.70
105    2    0.055    1    2   0    0.59
91    2    -0.055    2    1   0    0.47
36    1    -0.055    1    1   0    0.58
14    1    0.023    2    2   0    0.67
121    2    -0.055    2    1   0    0.88
53    1    0.000    2    2   0    1.91
99    2    0.023    2    1   1    0.57
131    2    -0.055    2    1   0    0.50
111    2    -0.055    2    1   0    0.42
109    2    0.023    1    2   0    0.79
48    1    0.000    2    2   0    1.10
81    2    -0.055    2    1   0    0.54
59    1    0.023    2    2   0    0.45
38    1    0.000    2    2   0    2.75
77    2    -0.023    2    1   0    0.57
50    1    0.055    2    2   0    0.55
147    2    -0.023    1    2   1    0.52
127    2    -0.023    2    1   0    0.89
86    2    -0.055    2    1   0    0.46
149    2    0.023    2    1   1    0.98
115    2    0.055    1    2   0    0.81
5    1    0.055    2    2   0    0.56
98    2    0.000    1    2   0    0.49
66    1    -0.055    1    1   0    0.74
18    1    0.000    2    2   0    1.55
75    2    0.055    1    2   0    0.64
80    2    0.055    1    2   0    0.78
72    1    -0.023    1    1   0    0.74
26    1    -0.055    1    1   0    0.84
25    1    0.055    2    2   0    0.62
52    1    -0.023    1    1   0    0.70
141    2    -0.055    2    1   0    0.48
100    2    0.055    1    2   0    1.16
34    1    0.023    2    2   0    0.81
40    1    0.055    2    2   0    0.57
7    1    -0.023    1    1   0    0.75
73    1    0.000    1    1   1    3.30
23    1    0.000    2    2   0    0.62
67    1    -0.023    1    1   0    0.54
19    1    0.023    2    2   0    0.58
136    2    -0.055    2    1   0    0.88
125    2    0.055    1    2   0    1.08
44    1    0.023    2    2   0    0.48
1    1    -0.055    1    1   0    0.78
46    1    -0.055    2    2   1    0.46
22    1    -0.023    1    1   0    0.66
55    1    0.055    2    2   0    0.74
31    1    -0.055    2    2   1    0.43
97    2    -0.023    1    2   1    0.48
112    2    -0.023    1    2   1    0.69
110    2    0.055    1    2   0    0.47
89    2    0.023    1    2   0    1.15
70    1    0.055    2    2   0    0.47
132    2    -0.023    2    1   0    0.50
3    1    0.000    1    1   1    0.56
143    2    0.000    1    2   0    1.12
108    2    0.000    2    1   1    1.22
68    1    0.000    2    2   0    0.74
120    2    0.055    1    2   0    0.51
13    1    0.000    2    2   0    0.63
144    2    0.023    1    2   0    0.94
8    1    0.000    2    2   0    0.86
148    2    0.000    1    2   0    0.71
102    2    -0.023    2    1   0    0.52
88    2    0.000    2    1   1    1.50
135    2    0.055    1    2   0    0.68
138    2    0.000    1    2   0    1.14
17    1    -0.023    2    2   1    0.59
42    1    -0.023    1    1   0    0.72
4    1    0.023    2    2   0    0.89
128    2    0.000    1    2   0    0.86
