--------------------------------
26-Mar-2015 16:10:01 
data from observer T23 
#occlusion2 expt 
reference disparity (degrees) 0.160000 

stim order disp kresp testresp correct time
1    1    -0.074    1    1   1    2.75
2    2    0.069    1    2   1    2.80
3    1    -0.065    1    1   1    1.40
4    1    -0.060    1    1   1    1.37
5    1    0.055    2    2   1    0.98
6    1    0.051    2    2   1    2.43
7    1    0.046    2    2   1    1.17
8    1    0.042    2    2   1    1.41
9    1    0.037    2    2   1    1.58
10    1    -0.032    1    1   1    1.37
11    2    -0.028    2    1   1    1.33
12    1    -0.023    1    1   1    2.09
13    2    -0.018    2    1   1    2.20
14    1    0.014    2    2   1    0.62
15    1    0.009    2    2   1    0.92
16    1    0.005    2    2   1    2.75
17    2    0.005    2    1   0    2.68
18    1    0.014    2    2   1    0.97
19    1    0.014    2    2   1    1.15
20    2    0.009    1    2   1    0.98
21    2    -0.009    2    1   1    2.57
22    2    0.005    2    1   0    2.45
23    1    0.014    2    2   1    1.50
24    2    -0.014    2    1   1    0.78
25    1    -0.009    1    1   1    1.93
26    1    0.009    2    2   1    0.80
27    1    0.005    2    2   1    2.77
28    1    -0.005    2    2   0    2.18
29    2    -0.014    2    1   1    0.76
30    2    -0.014    2    1   1    2.41
31    2    0.009    1    2   1    0.82
32    1    0.009    2    2   1    3.68
33    1    0.005    2    2   1    0.91
34    2    0.005    1    2   1    3.23
35    2    0.005    1    2   1    3.48
36    1    0.005    2    2   1    3.70
37    1    0.005    2    2   1    0.83
38    2    -0.005    2    1   1    1.37
39    1    0.005    2    2   1    1.87
40    1    -0.005    2    2   0    4.06
41    2    -0.014    2    1   1    0.86
42    2    0.014    2    1   0    0.55
43    1    -0.023    1    1   1    1.48
44    2    -0.023    2    1   1    0.61
45    1    -0.018    1    1   1    1.12
46    1    -0.018    2    2   0    0.50
47    1    0.028    2    2   1    2.24
48    2    0.028    1    2   1    1.07
49    2    0.023    2    1   0    0.61
50    2    0.032    1    2   1    0.97
-------------------------
Final staircase threshold estimate (mean) is 0.0222
-------------------------
41    1    -0.055    1    1   0    3.26
61    1    -0.055    1    1   0    0.70
24    1    0.023    2    2   0    2.68
95    2    0.055    1    2   0    0.65
74    1    0.023    2    2   0    2.39
72    1    -0.023    1    1   0    0.72
120    2    0.055    1    2   0    0.78
89    2    0.023    1    2   0    0.75
145    2    0.055    1    2   0    0.67
67    1    -0.023    2    2   1    0.50
65    1    0.055    2    2   0    0.63
10    1    0.055    2    2   0    0.52
20    1    0.055    2    2   0    0.60
28    1    0.000    1    1   1    2.55
111    2    -0.055    2    1   0    0.43
132    2    -0.023    2    1   0    0.62
40    1    0.055    2    2   0    0.58
113    2    0.000    2    1   1    1.83
81    2    -0.055    2    1   0    0.56
76    2    -0.055    2    1   0    0.49
44    1    0.023    2    2   0    0.63
34    1    0.023    2    2   0    0.54
108    2    0.000    2    1   1    2.10
71    1    -0.055    1    1   0    0.72
70    1    0.055    2    2   0    0.72
137    2    -0.023    2    1   0    1.48
133    2    0.000    2    1   1    0.63
38    1    0.000    2    2   0    3.12
1    1    -0.055    1    1   0    0.63
23    1    0.000    2    2   0    1.44
19    1    0.023    2    2   0    0.71
118    2    0.000    2    1   1    1.15
29    1    0.023    2    2   0    0.59
115    2    0.055    1    2   0    0.91
21    1    -0.055    1    1   0    0.66
14    1    0.023    2    2   0    3.19
43    1    0.000    1    1   1    0.76
36    1    -0.055    1    1   0    0.77
13    1    0.000    1    1   1    2.31
86    2    -0.055    2    1   0    2.29
54    1    0.023    2    2   0    1.62
51    1    -0.055    1    1   0    0.81
57    1    -0.023    1    1   0    2.04
91    2    -0.055    2    1   0    0.51
97    2    -0.023    2    1   0    0.90
49    1    0.023    2    2   0    0.59
3    1    0.000    1    1   1    1.36
22    1    -0.023    1    1   0    0.65
39    1    0.023    2    2   0    0.71
75    2    0.055    1    2   0    1.00
94    2    0.023    1    2   0    2.37
16    1    -0.055    1    1   0    0.62
56    1    -0.055    1    1   0    0.66
141    2    -0.055    2    1   0    0.51
2    1    -0.023    1    1   0    0.69
102    2    -0.023    2    1   0    0.43
58    1    0.000    2    2   0    1.66
42    1    -0.023    1    1   0    0.71
37    1    -0.023    1    1   0    0.68
135    2    0.055    1    2   0    1.17
18    1    0.000    1    1   1    0.64
143    2    0.000    1    2   0    2.03
25    1    0.055    2    2   0    0.52
5    1    0.055    2    2   0    1.06
131    2    -0.055    2    1   0    0.77
50    1    0.055    2    2   0    0.87
109    2    0.023    1    2   0    3.40
117    2    -0.023    2    1   0    2.10
15    1    0.055    2    2   0    0.55
146    2    -0.055    2    1   0    1.00
55    1    0.055    2    2   0    0.58
17    1    -0.023    1    1   0    1.44
90    2    0.055    1    2   0    1.98
114    2    0.023    1    2   0    2.50
78    2    0.000    1    2   0    2.39
99    2    0.023    1    2   0    0.87
7    1    -0.023    1    1   0    3.40
84    2    0.023    1    2   0    0.69
77    2    -0.023    2    1   0    0.79
105    2    0.055    2    1   1    0.54
48    1    0.000    1    1   1    1.54
103    2    0.000    1    2   0    1.89
110    2    0.055    1    2   0    1.08
6    1    -0.055    1    1   0    0.76
35    1    0.055    2    2   0    0.68
88    2    0.000    2    1   1    4.94
119    2    0.023    1    2   0    0.59
124    2    0.023    1    2   0    0.64
92    2    -0.023    2    1   0    1.15
127    2    -0.023    2    1   0    1.46
129    2    0.023    2    1   1    0.50
121    2    -0.055    2    1   0    2.30
80    2    0.055    1    2   0    0.96
104    2    0.023    1    2   0    1.31
68    1    0.000    2    2   0    1.06
45    1    0.055    2    2   0    0.61
62    1    -0.023    1    1   0    0.65
136    2    -0.055    2    1   0    0.49
134    2    0.023    1    2   0    2.09
150    2    0.055    1    2   0    1.93
11    1    -0.055    1    1   0    0.59
116    2    -0.055    2    1   0    0.61
149    2    0.023    1    2   0    0.97
64    1    0.023    2    2   0    0.82
142    2    -0.023    2    1   0    1.83
27    1    -0.023    1    1   0    1.57
83    2    0.000    2    1   1    2.18
98    2    0.000    1    2   0    0.65
125    2    0.055    2    1   1    0.46
140    2    0.055    1    2   0    0.70
52    1    -0.023    1    1   0    0.69
147    2    -0.023    2    1   0    0.48
139    2    0.023    1    2   0    0.52
66    1    -0.055    1    1   0    0.61
47    1    -0.023    1    1   0    1.28
46    1    -0.055    1    1   0    0.75
31    1    -0.055    2    2   1    1.95
123    2    0.000    1    2   0    2.23
107    2    -0.023    2    1   0    3.16
106    2    -0.055    2    1   0    0.92
96    2    -0.055    2    1   0    0.53
101    2    -0.055    2    1   0    0.61
12    1    -0.023    1    1   0    0.54
112    2    -0.023    2    1   0    0.52
63    1    0.000    2    2   0    2.48
30    1    0.055    2    2   0    2.12
9    1    0.023    2    2   0    1.60
8    1    0.000    2    2   0    1.33
85    2    0.055    1    2   0    0.72
32    1    -0.023    1    1   0    0.78
73    1    0.000    2    2   0    1.34
69    1    0.023    2    2   0    0.97
122    2    -0.023    2    1   0    0.55
100    2    0.055    1    2   0    0.59
130    2    0.055    1    2   0    0.57
126    2    -0.055    2    1   0    0.59
79    2    0.023    2    1   1    0.74
59    1    0.023    2    2   0    0.68
87    2    -0.023    2    1   0    1.12
26    1    -0.055    1    1   0    0.65
82    2    -0.023    2    1   0    3.24
128    2    0.000    1    2   0    1.43
53    1    0.000    2    2   0    0.43
4    1    0.023    2    2   0    0.64
138    2    0.000    1    2   0    3.97
33    1    0.000    2    2   0    0.50
148    2    0.000    2    1   1    0.75
60    1    0.055    2    2   0    0.86
93    2    0.000    2    1   1    4.03
144    2    0.023    1    2   0    2.04
