--------------------------------
26-Mar-2015 15:17:15 
data from observer T22 
#occlusion2 expt 
reference disparity (degrees) 0.160000 

stim order disp kresp testresp correct time
1    1    0.074    1    1   1    2.74
2    2    -0.069    1    2   1    1.38
3    2    -0.065    1    2   1    1.42
4    2    -0.060    1    2   1    2.08
5    2    0.055    2    1   1    0.76
6    1    -0.051    2    2   1    0.89
7    1    0.046    2    2   0    1.44
8    1    -0.055    2    2   1    1.33
9    1    -0.055    2    2   1    1.12
10    1    0.051    2    2   0    1.76
11    2    -0.060    2    1   0    1.40
12    1    0.069    1    1   1    1.80
13    2    -0.069    1    2   1    1.60
14    1    -0.065    2    2   1    1.48
15    1    0.065    1    1   1    0.83
16    1    -0.060    2    2   1    1.26
17    2    -0.060    1    2   1    0.93
18    2    -0.055    2    1   0    0.88
19    2    -0.065    1    2   1    0.80
20    2    0.065    2    1   1    1.03
21    2    0.060    2    1   1    0.67
22    1    0.060    1    1   1    1.39
23    1    -0.055    2    2   1    0.61
24    1    -0.055    2    2   1    1.13
25    2    0.051    2    1   1    0.73
26    1    -0.051    2    2   1    0.77
27    2    0.046    2    1   1    0.60
28    1    -0.046    2    2   1    1.87
29    1    0.042    1    1   1    3.16
30    1    -0.042    2    2   1    1.71
31    2    0.037    2    1   1    1.91
32    1    -0.037    2    2   1    1.88
33    1    0.032    1    1   1    1.09
34    1    0.032    1    1   1    1.83
35    2    0.028    2    1   1    0.72
36    1    -0.028    2    2   1    0.58
37    2    0.023    1    2   0    1.24
38    2    -0.032    2    1   0    2.40
39    1    -0.042    2    2   1    1.63
40    1    -0.042    2    2   1    0.91
41    1    0.037    1    1   1    2.26
42    1    -0.037    2    2   1    1.02
43    1    -0.032    2    2   1    1.97
44    1    -0.032    2    2   1    2.29
45    1    -0.028    1    1   0    1.56
46    1    0.037    1    1   1    1.62
47    1    0.037    2    2   0    2.05
48    2    0.046    2    1   1    0.64
49    1    -0.046    2    2   1    1.00
50    2    0.042    2    1   1    2.12
-------------------------
Final staircase threshold estimate (mean) is 0.0374
-------------------------
79    2    0.037    2    1   1    3.01
141    2    -0.092    2    1   0    2.29
2    1    -0.037    2    2   1    1.63
64    1    0.037    2    2   0    1.32
24    1    0.037    2    2   0    1.67
83    2    0.000    1    2   0    1.55
133    2    0.000    1    2   0    2.38
19    1    0.037    1    1   1    1.70
49    1    0.037    1    1   1    2.02
82    2    -0.037    1    2   1    2.72
121    2    -0.092    2    1   0    0.65
22    1    -0.037    2    2   1    1.05
73    1    0.000    1    1   1    1.56
23    1    0.000    2    2   0    2.51
39    1    0.037    1    1   1    2.21
131    2    -0.092    2    1   0    1.04
67    1    -0.037    2    2   1    1.76
108    2    0.000    1    2   0    2.24
47    1    -0.037    2    2   1    2.03
21    1    -0.092    2    2   1    1.42
33    1    0.000    1    1   1    1.61
8    1    0.000    1    1   1    2.62
99    2    0.037    2    1   1    0.64
45    1    0.092    1    1   1    2.12
80    2    0.092    2    1   1    0.86
115    2    0.092    2    1   1    0.95
70    1    0.092    1    1   1    2.60
55    1    0.092    1    1   1    2.27
69    1    0.037    2    2   0    1.26
9    1    0.037    1    1   1    1.82
112    2    -0.037    2    1   0    1.67
98    2    0.000    1    2   0    3.02
5    1    0.092    1    1   1    1.71
91    2    -0.092    2    1   0    1.47
119    2    0.037    2    1   1    2.73
56    1    -0.092    2    2   1    1.81
86    2    -0.092    1    2   1    2.29
58    1    0.000    2    2   0    2.65
144    2    0.037    2    1   1    1.71
104    2    0.037    2    1   1    1.82
145    2    0.092    1    2   0    0.67
92    2    -0.037    2    1   0    3.26
4    1    0.037    1    1   1    1.95
96    2    -0.092    2    1   0    2.42
1    1    -0.092    1    1   0    1.76
123    2    0.000    2    1   1    1.69
60    1    0.092    2    2   0    1.62
111    2    -0.092    1    2   1    0.66
149    2    0.037    1    2   0    1.90
3    1    0.000    2    2   0    1.63
41    1    -0.092    2    2   1    2.16
13    1    0.000    2    2   0    2.21
44    1    0.037    2    2   0    1.94
148    2    0.000    2    1   1    1.91
30    1    0.092    1    1   1    2.39
17    1    -0.037    2    2   1    2.46
48    1    0.000    2    2   0    3.07
85    2    0.092    2    1   1    1.21
65    1    0.092    1    1   1    1.66
6    1    -0.092    2    2   1    1.83
63    1    0.000    2    2   0    1.87
114    2    0.037    2    1   1    1.90
150    2    0.092    2    1   1    2.07
74    1    0.037    2    2   0    1.82
89    2    0.037    2    1   1    1.81
51    1    -0.092    1    1   0    2.17
132    2    -0.037    1    2   1    0.76
36    1    -0.092    2    2   1    1.57
66    1    -0.092    2    2   1    1.54
105    2    0.092    2    1   1    2.04
126    2    -0.092    1    2   1    3.35
90    2    0.092    2    1   1    2.78
134    2    0.037    2    1   1    2.34
11    1    -0.092    1    1   0    3.02
143    2    0.000    2    1   1    2.05
113    2    0.000    2    1   1    2.20
42    1    -0.037    1    1   0    3.42
38    1    0.000    2    2   0    1.43
106    2    -0.092    2    1   0    2.36
77    2    -0.037    2    1   0    1.97
146    2    -0.092    2    1   0    3.87
117    2    -0.037    1    2   1    3.01
138    2    0.000    2    1   1    2.95
120    2    0.092    1    2   0    2.57
57    1    -0.037    2    2   1    2.09
10    1    0.092    1    1   1    1.21
32    1    -0.037    2    2   1    3.15
122    2    -0.037    2    1   0    1.01
71    1    -0.092    2    2   1    1.11
72    1    -0.037    2    2   1    1.79
142    2    -0.037    1    2   1    3.14
26    1    -0.092    2    2   1    2.19
109    2    0.037    2    1   1    2.58
7    1    -0.037    2    2   1    1.24
53    1    0.000    2    2   0    0.67
127    2    -0.037    1    2   1    1.51
54    1    0.037    1    1   1    1.68
140    2    0.092    2    1   1    0.77
84    2    0.037    2    1   1    0.63
136    2    -0.092    1    2   1    0.87
130    2    0.092    2    1   1    0.70
97    2    -0.037    1    2   1    0.84
75    2    0.092    2    1   1    1.11
40    1    0.092    1    1   1    0.72
43    1    0.000    2    2   0    1.94
28    1    0.000    2    2   0    3.08
129    2    0.037    2    1   1    0.77
20    1    0.092    1    1   1    1.18
110    2    0.092    2    1   1    0.67
135    2    0.092    2    1   1    1.18
35    1    0.092    1    1   1    1.29
118    2    0.000    2    1   1    2.46
88    2    0.000    2    1   1    1.67
124    2    0.037    2    1   1    2.31
100    2    0.092    2    1   1    0.80
78    2    0.000    2    1   1    3.06
37    1    -0.037    2    2   1    1.51
18    1    0.000    1    1   1    0.60
128    2    0.000    1    2   0    1.68
12    1    -0.037    1    1   0    0.71
29    1    0.037    2    2   0    0.61
125    2    0.092    2    1   1    0.58
102    2    -0.037    1    2   1    1.17
27    1    -0.037    2    2   1    0.65
16    1    -0.092    2    2   1    2.62
139    2    0.037    2    1   1    0.70
95    2    0.092    1    2   0    0.81
14    1    0.037    1    1   1    0.92
34    1    0.037    1    1   1    0.71
62    1    -0.037    2    2   1    0.46
103    2    0.000    1    2   0    0.68
31    1    -0.092    2    2   1    0.61
93    2    0.000    1    2   0    1.10
116    2    -0.092    1    2   1    1.00
81    2    -0.092    1    2   1    1.34
87    2    -0.037    1    2   1    1.28
101    2    -0.092    2    1   0    1.17
15    1    0.092    1    1   1    0.77
147    2    -0.037    1    2   1    0.84
94    2    0.037    2    1   1    0.77
50    1    0.092    1    1   1    1.02
107    2    -0.037    1    2   1    3.80
59    1    0.037    1    1   1    1.11
61    1    -0.092    2    2   1    0.57
25    1    0.092    1    1   1    0.92
68    1    0.000    2    2   0    0.68
137    2    -0.037    1    2   1    1.87
52    1    -0.037    2    2   1    1.27
46    1    -0.092    2    2   1    1.45
76    2    -0.092    2    1   0    1.60
