--------------------------------
26-Mar-2015 15:34:25 
data from observer T23 
#occlusion2 expt 
reference disparity (degrees) 0.160000 

stim order disp kresp testresp correct time
1    2    -0.074    1    2   1    3.09
2    2    0.069    2    1   1    0.76
3    2    0.065    2    1   1    0.68
4    1    -0.060    2    2   1    0.85
5    2    -0.055    1    2   1    0.97
6    2    -0.051    1    2   1    1.09
7    2    -0.046    1    2   1    1.66
8    2    0.042    2    1   1    0.50
9    1    -0.037    2    2   1    0.90
10    2    0.032    2    1   1    1.68
11    2    0.028    2    1   1    1.23
12    1    -0.023    1    1   0    0.54
13    1    0.032    1    1   1    0.68
14    2    -0.032    2    1   0    1.29
15    2    -0.042    2    1   0    1.17
16    2    0.051    2    1   1    2.62
17    2    -0.051    1    2   1    1.00
18    2    -0.046    1    2   1    1.49
19    1    -0.046    2    2   1    1.43
20    1    0.042    1    1   1    1.27
21    1    -0.042    2    2   1    0.92
22    2    -0.037    1    2   1    1.39
23    1    0.037    2    2   0    1.23
24    2    -0.046    2    1   0    2.30
25    1    -0.055    2    2   1    1.17
26    2    0.055    2    1   1    2.24
27    1    -0.051    2    2   1    1.68
28    2    0.051    1    2   0    1.75
29    2    -0.060    2    1   0    1.04
30    2    -0.069    1    2   1    3.11
31    2    -0.069    1    2   1    1.41
32    1    0.065    1    1   1    2.46
33    2    0.065    2    1   1    0.63
34    2    -0.060    1    2   1    3.16
35    1    -0.060    2    2   1    0.82
36    1    0.055    1    1   1    1.28
37    1    0.055    1    1   1    1.54
38    1    -0.051    2    2   1    0.65
39    1    -0.051    2    2   1    2.18
40    2    0.046    2    1   1    0.97
41    1    0.046    1    1   1    1.73
42    2    -0.042    1    2   1    0.74
43    1    -0.042    2    2   1    0.63
44    1    0.037    1    1   1    1.51
45    1    -0.037    2    2   1    0.98
46    2    0.032    2    1   1    1.35
47    1    -0.032    2    2   1    1.11
48    2    -0.028    1    2   1    1.10
49    1    -0.028    2    2   1    0.66
50    1    -0.023    2    2   1    3.11
-------------------------
Final staircase threshold estimate (mean) is 0.0346
-------------------------
41    1    -0.088    2    2   1    3.89
14    1    0.032    2    2   0    0.69
55    1    0.088    1    1   1    0.91
11    1    -0.088    2    2   1    0.73
8    1    0.000    1    1   1    1.89
28    1    0.000    2    2   0    1.20
64    1    0.032    1    1   1    2.58
3    1    0.000    1    1   1    0.74
45    1    0.088    1    1   1    1.68
2    1    -0.032    2    2   1    0.67
70    1    0.088    1    1   1    0.65
69    1    0.032    2    2   0    1.35
93    2    0.000    2    1   1    0.91
150    2    0.088    2    1   1    0.76
49    1    0.032    2    2   0    4.55
23    1    0.000    1    1   1    0.53
62    1    -0.032    2    2   1    0.69
75    2    0.088    2    1   1    0.95
104    2    0.032    2    1   1    1.33
138    2    0.000    1    2   0    0.93
50    1    0.088    1    1   1    0.54
90    2    0.088    2    1   1    1.33
128    2    0.000    1    2   0    1.56
81    2    -0.088    2    1   0    0.61
63    1    0.000    1    1   1    1.09
134    2    0.032    2    1   1    0.85
79    2    0.032    2    1   1    1.10
118    2    0.000    2    1   1    1.26
12    1    -0.032    2    2   1    1.36
92    2    -0.032    1    2   1    0.46
65    1    0.088    2    2   0    1.11
80    2    0.088    2    1   1    2.28
136    2    -0.088    2    1   0    1.18
84    2    0.032    1    2   0    1.17
114    2    0.032    2    1   1    1.97
94    2    0.032    2    1   1    1.52
98    2    0.000    1    2   0    1.96
86    2    -0.088    1    2   1    1.16
99    2    0.032    2    1   1    1.66
47    1    -0.032    2    2   1    1.64
61    1    -0.088    2    2   1    2.44
102    2    -0.032    2    1   0    4.57
52    1    -0.032    1    1   0    0.73
116    2    -0.088    1    2   1    0.97
144    2    0.032    2    1   1    0.83
1    1    -0.088    1    1   0    0.66
31    1    -0.088    2    2   1    0.69
101    2    -0.088    1    2   1    2.08
74    1    0.032    2    2   0    3.09
22    1    -0.032    1    1   0    0.86
107    2    -0.032    1    2   1    0.79
106    2    -0.088    1    2   1    1.28
113    2    0.000    2    1   1    0.96
27    1    -0.032    2    2   1    1.42
6    1    -0.088    1    1   0    0.67
7    1    -0.032    2    2   1    3.12
30    1    0.088    1    1   1    0.98
29    1    0.032    1    1   1    1.69
9    1    0.032    1    1   1    0.91
26    1    -0.088    2    2   1    1.74
123    2    0.000    2    1   1    1.80
127    2    -0.032    1    2   1    1.15
77    2    -0.032    1    2   1    2.28
34    1    0.032    1    1   1    1.61
143    2    0.000    2    1   1    3.50
48    1    0.000    1    1   1    0.75
132    2    -0.032    1    2   1    1.76
87    2    -0.032    1    2   1    2.16
97    2    -0.032    1    2   1    3.68
57    1    -0.032    2    2   1    3.01
121    2    -0.088    1    2   1    1.65
15    1    0.088    1    1   1    1.19
76    2    -0.088    1    2   1    1.60
129    2    0.032    2    1   1    1.01
133    2    0.000    1    2   0    0.64
53    1    0.000    1    1   1    0.68
18    1    0.000    2    2   0    1.22
72    1    -0.032    2    2   1    0.91
54    1    0.032    1    1   1    3.26
95    2    0.088    2    1   1    0.94
44    1    0.032    1    1   1    0.97
109    2    0.032    2    1   1    0.62
46    1    -0.088    2    2   1    0.93
20    1    0.088    1    1   1    1.63
59    1    0.032    1    1   1    2.29
42    1    -0.032    2    2   1    0.71
4    1    0.032    1    1   1    0.50
141    2    -0.088    1    2   1    0.64
89    2    0.032    2    1   1    0.61
112    2    -0.032    1    2   1    0.69
139    2    0.032    1    2   0    0.60
36    1    -0.088    2    2   1    1.71
122    2    -0.032    1    2   1    1.45
35    1    0.088    1    1   1    1.30
115    2    0.088    2    1   1    0.55
91    2    -0.088    1    2   1    0.63
110    2    0.088    2    1   1    0.63
149    2    0.032    2    1   1    2.16
125    2    0.088    2    1   1    2.03
33    1    0.000    2    2   0    4.89
105    2    0.088    2    1   1    0.57
85    2    0.088    2    1   1    1.41
96    2    -0.088    1    2   1    0.81
137    2    -0.032    1    2   1    1.85
131    2    -0.088    2    1   0    2.78
142    2    -0.032    1    2   1    1.47
24    1    0.032    1    1   1    3.52
135    2    0.088    2    1   1    0.67
39    1    0.032    1    1   1    2.31
148    2    0.000    1    2   0    3.57
147    2    -0.032    1    2   1    1.03
25    1    0.088    1    1   1    1.17
83    2    0.000    2    1   1    3.44
38    1    0.000    1    1   1    0.80
67    1    -0.032    2    2   1    3.06
126    2    -0.088    1    2   1    1.05
140    2    0.088    2    1   1    2.50
21    1    -0.088    2    2   1    0.94
73    1    0.000    1    1   1    3.01
119    2    0.032    2    1   1    0.64
51    1    -0.088    2    2   1    0.81
108    2    0.000    2    1   1    1.34
13    1    0.000    2    2   0    0.68
16    1    -0.088    2    2   1    1.33
5    1    0.088    1    1   1    2.59
19    1    0.032    1    1   1    1.57
111    2    -0.088    1    2   1    0.67
130    2    0.088    2    1   1    0.55
10    1    0.088    1    1   1    0.59
66    1    -0.088    2    2   1    0.96
60    1    0.088    1    1   1    2.43
56    1    -0.088    2    2   1    0.59
40    1    0.088    1    1   1    1.37
100    2    0.088    2    1   1    1.14
103    2    0.000    2    1   1    3.19
17    1    -0.032    1    1   0    0.62
32    1    -0.032    2    2   1    1.41
78    2    0.000    2    1   1    3.37
120    2    0.088    2    1   1    1.81
68    1    0.000    2    2   0    2.65
88    2    0.000    2    1   1    1.75
82    2    -0.032    1    2   1    0.79
146    2    -0.088    1    2   1    0.72
124    2    0.032    2    1   1    0.77
43    1    0.000    1    1   1    2.23
117    2    -0.032    1    2   1    0.68
71    1    -0.088    2    2   1    1.42
145    2    0.088    2    1   1    0.88
58    1    0.000    1    1   1    2.32
37    1    -0.032    2    2   1    0.83
