--------------------------------
26-Mar-2015 16:25:03 
data from observer T23 
#occlusion2 expt 
reference disparity (degrees) 0.160000 

stim order disp kresp testresp correct time
1    2    -0.074    1    2   0    4.62
2    1    -0.083    2    2   0    1.06
3    1    0.092    1    1   0    4.81
4    2    -0.102    2    1   1    1.35
5    2    0.097    2    1   0    1.49
6    2    0.106    2    1   0    0.00
7    2    -0.115    2    1   1    1.76
8    1    0.115    2    2   1    4.14
9    2    0.111    2    1   0    1.48
10    1    0.120    2    2   1    5.10
11    1    0.120    2    2   1    1.63
12    1    0.115    2    2   1    2.20
13    2    0.115    1    2   1    1.13
14    1    0.111    2    2   1    1.18
15    2    -0.111    2    1   1    1.09
16    2    -0.106    1    2   0    3.15
17    2    -0.115    1    2   0    2.46
18    1    0.125    1    1   0    4.42
19    1    -0.134    2    2   0    0.79
20    1    -0.143    1    1   1    1.73
21    2    -0.143    2    1   1    0.66
22    1    -0.139    1    1   1    0.69
23    1    0.139    2    2   1    0.82
24    1    -0.134    1    1   1    2.18
25    1    0.134    1    1   0    0.78
26    1    -0.143    1    1   1    1.03
27    2    -0.143    2    1   1    1.06
28    2    0.139    1    2   1    1.74
29    2    0.139    1    2   1    0.62
30    2    -0.134    1    2   0    0.56
31    2    -0.143    1    2   0    1.00
32    1    -0.148    1    1   1    0.78
33    1    0.148    2    2   1    4.17
34    1    0.143    2    2   1    0.75
35    2    -0.143    2    1   1    0.71
36    1    0.139    1    1   0    0.57
37    1    0.148    1    1   0    1.46
38    2    -0.148    2    1   1    0.52
39    1    -0.148    1    1   1    3.12
40    2    -0.143    2    1   1    0.79
41    2    -0.143    2    1   1    0.54
42    2    0.139    1    2   1    2.11
43    1    -0.139    1    1   1    0.81
44    2    -0.134    2    1   1    0.63
45    1    0.134    2    2   1    3.84
46    2    0.129    1    2   1    0.56
47    1    -0.129    1    1   1    0.72
48    2    0.125    1    2   1    1.07
49    1    0.125    2    2   1    0.61
50    1    -0.120    1    1   1    0.97
-------------------------
Final staircase threshold estimate (mean) is 0.1316
-------------------------
48    1    0.000    2    2   0    1.18
142    2    -0.134    1    2   1    4.55
134    2    0.134    1    2   0    1.26
38    1    0.000    2    2   0    1.13
25    1    0.148    2    2   0    0.72
118    2    0.000    2    1   1    1.14
56    1    -0.148    1    1   0    0.81
65    1    0.148    2    2   0    0.66
18    1    0.000    1    1   1    0.69
128    2    0.000    1    2   0    0.83
10    1    0.148    2    2   0    0.92
37    1    -0.134    1    1   0    0.73
148    2    0.000    2    1   1    1.42
71    1    -0.148    1    1   0    0.84
107    2    -0.134    2    1   0    0.71
24    1    0.134    2    2   0    2.79
114    2    0.134    1    2   0    0.85
60    1    0.148    2    2   0    0.95
13    1    0.000    1    1   1    2.05
62    1    -0.134    1    1   0    0.84
79    2    0.134    1    2   0    1.09
129    2    0.134    1    2   0    1.05
61    1    -0.148    1    1   0    0.74
70    1    0.148    2    2   0    0.91
75    2    0.148    1    2   0    0.59
90    2    0.148    1    2   0    1.99
105    2    0.148    2    1   1    0.54
73    1    0.000    2    2   0    5.75
136    2    -0.148    1    2   1    0.63
121    2    -0.148    2    1   0    0.83
113    2    0.000    1    2   0    1.62
77    2    -0.134    2    1   0    0.69
68    1    0.000    1    1   1    0.60
97    2    -0.134    2    1   0    0.49
139    2    0.134    1    2   0    1.35
127    2    -0.134    2    1   0    0.43
30    1    0.148    2    2   0    1.04
67    1    -0.134    1    1   0    0.97
123    2    0.000    1    2   0    0.59
141    2    -0.148    1    2   1    2.15
9    1    0.134    2    2   0    1.44
133    2    0.000    1    2   0    1.56
27    1    -0.134    1    1   0    2.25
138    2    0.000    1    2   0    2.21
55    1    0.148    2    2   0    0.89
46    1    -0.148    1    1   0    0.99
102    2    -0.134    2    1   0    1.70
14    1    0.134    2    2   0    0.63
45    1    0.148    2    2   0    1.40
99    2    0.134    1    2   0    0.55
59    1    0.134    2    2   0    1.97
74    1    0.134    2    2   0    0.89
147    2    -0.134    2    1   0    0.86
98    2    0.000    1    2   0    0.58
51    1    -0.148    1    1   0    1.16
26    1    -0.148    1    1   0    0.54
49    1    0.134    2    2   0    1.67
87    2    -0.134    2    1   0    1.22
80    2    0.148    1    2   0    0.68
72    1    -0.134    1    1   0    3.67
106    2    -0.148    2    1   0    0.55
82    2    -0.134    2    1   0    1.25
47    1    -0.134    2    2   1    4.42
110    2    0.148    1    2   0    0.53
115    2    0.148    1    2   0    0.65
15    1    0.148    2    2   0    0.62
92    2    -0.134    2    1   0    0.66
126    2    -0.148    2    1   0    0.64
93    2    0.000    1    2   0    0.64
140    2    0.148    1    2   0    0.72
86    2    -0.148    2    1   0    0.41
125    2    0.148    2    1   1    0.45
44    1    0.134    1    1   1    0.49
33    1    0.000    1    1   1    0.79
2    1    -0.134    1    1   0    0.72
78    2    0.000    1    2   0    0.56
36    1    -0.148    1    1   0    0.75
85    2    0.148    2    1   1    0.64
135    2    0.148    2    1   1    2.02
4    1    0.134    1    1   1    1.36
20    1    0.148    1    1   1    1.69
21    1    -0.148    2    2   1    1.30
22    1    -0.134    2    2   1    1.63
66    1    -0.148    1    1   0    4.59
53    1    0.000    1    1   1    4.74
63    1    0.000    1    1   1    0.76
17    1    -0.134    2    2   1    0.56
23    1    0.000    1    1   1    0.66
104    2    0.134    2    1   1    1.78
52    1    -0.134    1    1   0    0.79
124    2    0.134    1    2   0    2.45
89    2    0.134    1    2   0    0.78
84    2    0.134    1    2   0    0.60
130    2    0.148    1    2   0    0.88
32    1    -0.134    1    1   0    2.03
35    1    0.148    2    2   0    0.68
95    2    0.148    1    2   0    1.98
150    2    0.148    1    2   0    0.80
111    2    -0.148    2    1   0    0.54
11    1    -0.148    2    2   1    1.67
28    1    0.000    1    1   1    2.10
108    2    0.000    1    2   0    2.01
16    1    -0.148    1    1   0    1.28
131    2    -0.148    2    1   0    0.75
50    1    0.148    1    1   1    2.21
112    2    -0.134    2    1   0    3.20
96    2    -0.148    1    2   1    2.00
69    1    0.134    2    2   0    1.08
40    1    0.148    2    2   0    1.46
149    2    0.134    2    1   1    1.27
8    1    0.000    1    1   1    0.47
1    1    -0.148    2    2   1    0.52
6    1    -0.148    2    2   1    2.59
109    2    0.134    1    2   0    0.50
94    2    0.134    1    2   0    0.68
31    1    -0.148    2    2   1    0.92
43    1    0.000    2    2   0    0.34
12    1    -0.134    1    1   0    0.73
88    2    0.000    1    2   0    0.97
81    2    -0.148    2    1   0    0.60
100    2    0.148    1    2   0    0.57
146    2    -0.148    1    2   1    2.07
64    1    0.134    2    2   0    1.46
132    2    -0.134    2    1   0    0.91
57    1    -0.134    1    1   0    0.95
83    2    0.000    2    1   1    3.86
117    2    -0.134    1    2   1    0.62
3    1    0.000    1    1   1    1.00
76    2    -0.148    2    1   0    0.84
58    1    0.000    1    1   1    0.61
41    1    -0.148    1    1   0    1.05
120    2    0.148    1    2   0    0.96
42    1    -0.134    1    1   0    1.04
144    2    0.134    1    2   0    1.97
34    1    0.134    2    2   0    1.19
137    2    -0.134    2    1   0    0.65
119    2    0.134    1    2   0    0.81
7    1    -0.134    1    1   0    0.77
145    2    0.148    1    2   0    0.97
39    1    0.134    2    2   0    0.67
5    1    0.148    2    2   0    1.15
19    1    0.134    2    2   0    1.42
101    2    -0.148    2    1   0    1.51
103    2    0.000    2    1   1    1.45
143    2    0.000    1    2   0    1.22
54    1    0.134    1    1   1    1.59
122    2    -0.134    1    2   1    0.72
29    1    0.134    2    2   0    0.34
91    2    -0.148    1    2   1    1.14
116    2    -0.148    1    2   1    0.85
