--------------------------------
26-Mar-2015 15:27:46 
data from observer T23 
#occlusion2 expt 
reference disparity (degrees) 0.160000 

stim order disp kresp testresp correct time
1    2    0.074    2    1   1    3.85
2    2    -0.069    2    1   0    1.00
3    1    -0.079    2    2   1    1.00
4    2    0.079    2    1   1    0.80
5    2    0.074    2    1   1    1.17
6    2    0.074    2    1   1    0.99
7    2    -0.069    1    2   1    1.29
8    2    -0.069    2    1   0    0.64
9    2    0.079    2    1   1    0.64
10    2    -0.079    2    1   0    2.10
11    2    -0.088    2    1   0    1.30
12    2    0.097    2    1   1    0.61
13    1    0.097    1    1   1    0.74
14    2    -0.092    2    1   0    0.91
15    1    0.102    1    1   1    1.78
16    1    0.102    2    2   0    1.61
17    1    -0.111    2    2   1    0.72
18    2    0.111    2    1   1    1.63
19    2    0.106    2    1   1    0.88
20    1    0.106    1    1   1    1.20
21    1    -0.102    2    2   1    0.59
22    2    0.102    2    1   1    1.29
23    1    -0.097    2    2   1    0.58
24    2    -0.097    1    2   1    1.43
25    1    -0.092    2    2   1    1.71
26    2    0.092    2    1   1    0.75
27    2    0.088    2    1   1    1.28
28    1    0.088    1    1   1    0.75
29    2    -0.083    1    2   1    1.33
30    1    0.083    1    1   1    0.69
31    1    0.079    1    1   1    1.48
32    1    0.079    1    1   1    0.85
33    1    0.074    1    1   1    0.69
34    1    -0.074    2    2   1    0.72
35    2    0.069    2    1   1    0.78
36    1    -0.069    2    2   1    0.64
37    1    0.065    1    1   1    1.52
38    2    0.065    2    1   1    0.54
39    1    -0.060    2    2   1    0.45
40    1    0.060    1    1   1    0.84
41    1    0.055    1    1   1    0.62
42    1    -0.055    2    2   1    0.49
43    2    -0.051    1    2   1    1.01
44    1    0.051    1    1   1    0.79
45    1    0.046    1    1   1    0.75
46    1    0.046    2    2   0    1.21
47    2    -0.055    1    2   1    0.59
48    1    0.055    1    1   1    0.73
49    1    0.051    2    2   0    1.01
50    1    -0.060    2    2   1    0.47
-------------------------
Final staircase threshold estimate (mean) is 0.0526
-------------------------
63    1    0.000    2    2   0    3.07
125    2    0.129    2    1   1    0.79
37    1    -0.051    2    2   1    0.52
14    1    0.051    1    1   1    1.14
96    2    -0.129    1    2   1    1.06
111    2    -0.129    1    2   1    1.50
1    1    -0.129    1    1   0    0.59
70    1    0.129    1    1   1    0.58
82    2    -0.051    2    1   0    1.01
100    2    0.129    2    1   1    0.59
44    1    0.051    1    1   1    0.66
24    1    0.051    1    1   1    0.69
118    2    0.000    2    1   1    2.05
145    2    0.129    2    1   1    0.56
136    2    -0.129    1    2   1    1.41
20    1    0.129    1    1   1    0.53
27    1    -0.051    2    2   1    0.55
121    2    -0.129    1    2   1    0.46
71    1    -0.129    2    2   1    0.54
109    2    0.051    2    1   1    0.58
43    1    0.000    2    2   0    2.10
78    2    0.000    1    2   0    0.59
128    2    0.000    2    1   1    1.23
67    1    -0.051    2    2   1    0.54
10    1    0.129    1    1   1    0.58
101    2    -0.129    1    2   1    1.19
138    2    0.000    2    1   1    2.50
51    1    -0.129    2    2   1    0.78
115    2    0.129    2    1   1    0.74
106    2    -0.129    1    2   1    0.78
2    1    -0.051    2    2   1    0.72
89    2    0.051    2    1   1    2.14
77    2    -0.051    1    2   1    1.85
3    1    0.000    2    2   0    1.77
50    1    0.129    1    1   1    0.75
18    1    0.000    2    2   0    1.22
5    1    0.129    1    1   1    0.57
137    2    -0.051    1    2   1    0.70
15    1    0.129    1    1   1    0.72
30    1    0.129    1    1   1    0.64
131    2    -0.129    1    2   1    1.52
144    2    0.051    2    1   1    0.48
105    2    0.129    2    1   1    0.64
56    1    -0.129    2    2   1    0.51
31    1    -0.129    2    2   1    0.57
147    2    -0.051    1    2   1    0.50
35    1    0.129    1    1   1    0.51
41    1    -0.129    2    2   1    0.62
74    1    0.051    1    1   1    0.81
8    1    0.000    2    2   0    1.01
81    2    -0.129    2    1   0    0.95
126    2    -0.129    1    2   1    0.67
135    2    0.129    2    1   1    0.47
130    2    0.129    2    1   1    0.98
64    1    0.051    1    1   1    0.57
88    2    0.000    2    1   1    2.56
95    2    0.129    2    1   1    0.44
104    2    0.051    2    1   1    0.54
72    1    -0.051    2    2   1    0.55
113    2    0.000    1    2   0    1.00
108    2    0.000    2    1   1    0.63
52    1    -0.051    2    2   1    1.75
69    1    0.051    1    1   1    0.85
133    2    0.000    2    1   1    0.65
23    1    0.000    2    2   0    0.76
83    2    0.000    1    2   0    0.82
65    1    0.129    1    1   1    0.65
53    1    0.000    2    2   0    2.46
34    1    0.051    1    1   1    0.58
45    1    0.129    1    1   1    0.56
73    1    0.000    2    2   0    2.64
84    2    0.051    2    1   1    0.70
46    1    -0.129    2    2   1    0.50
116    2    -0.129    1    2   1    1.12
149    2    0.051    2    1   1    0.87
40    1    0.129    1    1   1    1.04
29    1    0.051    1    1   1    1.15
103    2    0.000    2    1   1    0.74
119    2    0.051    2    1   1    1.31
33    1    0.000    2    2   0    2.61
124    2    0.051    2    1   1    0.61
13    1    0.000    2    2   0    0.81
49    1    0.051    1    1   1    0.67
85    2    0.129    2    1   1    0.56
62    1    -0.051    2    2   1    0.52
110    2    0.129    2    1   1    0.55
132    2    -0.051    1    2   1    0.97
59    1    0.051    1    1   1    1.40
143    2    0.000    2    1   1    2.50
112    2    -0.051    1    2   1    0.69
7    1    -0.051    2    2   1    0.65
38    1    0.000    2    2   0    1.92
21    1    -0.129    2    2   1    0.50
58    1    0.000    2    2   0    0.93
68    1    0.000    2    2   0    0.66
36    1    -0.129    2    2   1    1.00
6    1    -0.129    2    2   1    0.66
25    1    0.129    1    1   1    0.63
97    2    -0.051    2    1   0    0.58
117    2    -0.051    2    1   0    0.78
148    2    0.000    2    1   1    0.76
4    1    0.051    1    1   1    0.67
76    2    -0.129    1    2   1    2.66
140    2    0.129    2    1   1    0.49
66    1    -0.129    2    2   1    0.67
93    2    0.000    2    1   1    1.31
26    1    -0.129    2    2   1    0.72
19    1    0.051    1    1   1    0.60
94    2    0.051    2    1   1    0.53
80    2    0.129    2    1   1    0.59
99    2    0.051    2    1   1    1.18
150    2    0.129    2    1   1    0.58
141    2    -0.129    1    2   1    1.64
142    2    -0.051    1    2   1    1.53
32    1    -0.051    2    2   1    0.73
91    2    -0.129    1    2   1    1.16
48    1    0.000    2    2   0    2.93
122    2    -0.051    1    2   1    2.25
17    1    -0.051    2    2   1    0.53
98    2    0.000    2    1   1    2.51
47    1    -0.051    1    1   0    0.58
102    2    -0.051    1    2   1    0.66
114    2    0.051    2    1   1    0.60
79    2    0.051    2    1   1    0.48
129    2    0.051    2    1   1    0.52
120    2    0.129    2    1   1    0.52
12    1    -0.051    2    2   1    0.60
22    1    -0.051    2    2   1    0.64
61    1    -0.129    2    2   1    0.45
42    1    -0.051    2    2   1    0.89
139    2    0.051    2    1   1    1.10
86    2    -0.129    2    1   0    0.75
123    2    0.000    2    1   1    2.20
146    2    -0.129    2    1   0    0.59
60    1    0.129    1    1   1    0.59
11    1    -0.129    2    2   1    2.65
75    2    0.129    2    1   1    0.53
57    1    -0.051    2    2   1    0.55
28    1    0.000    2    2   0    3.84
134    2    0.051    2    1   1    0.55
55    1    0.129    1    1   1    0.82
92    2    -0.051    1    2   1    1.98
39    1    0.051    1    1   1    1.78
107    2    -0.051    1    2   1    2.01
127    2    -0.051    1    2   1    0.73
54    1    0.051    1    1   1    0.87
9    1    0.051    1    1   1    1.86
90    2    0.129    2    1   1    0.49
87    2    -0.051    1    2   1    0.81
16    1    -0.129    2    2   1    0.75
--------------------------------
26-Mar-2015 15:42:47 
data from observer T23 
#occlusion2 expt 
reference disparity (degrees) 0.160000 

stim order disp kresp testresp correct time
1    1    -0.074    2    2   1    1.98
2    2    -0.069    1    2   1    2.99
3    2    -0.065    2    1   0    0.56
4    1    -0.074    2    2   1    0.46
5    1    0.074    2    2   0    1.02
6    2    -0.083    1    2   1    0.61
7    2    0.083    2    1   1    0.53
8    2    0.079    2    1   1    0.66
9    1    -0.079    2    2   1    0.60
10    1    -0.074    2    2   1    0.52
11    1    0.074    1    1   1    0.79
12    2    0.069    2    1   1    0.53
13    2    -0.069    2    1   0    0.87
14    1    -0.079    2    2   1    0.51
15    1    -0.079    2    2   1    0.43
16    1    -0.074    2    2   1    0.54
17    1    0.074    2    2   0    1.57
18    2    -0.083    1    2   1    1.13
19    1    -0.083    2    2   1    0.70
20    2    -0.079    1    2   1    2.07
21    1    -0.079    2    2   1    0.44
22    1    0.074    1    1   1    1.29
23    2    0.074    2    1   1    0.50
24    2    -0.069    1    2   1    1.24
25    1    -0.069    2    2   1    0.69
26    2    -0.065    1    2   1    1.32
27    1    -0.065    2    2   1    0.61
28    1    -0.060    2    2   1    0.47
29    1    0.060    1    1   1    0.60
30    1    -0.055    2    2   1    0.51
31    1    -0.055    2    2   1    0.61
32    2    -0.051    1    2   1    1.24
33    2    0.051    2    1   1    0.46
34    2    0.046    2    1   1    0.55
35    2    0.046    2    1   1    0.58
36    1    0.042    1    1   1    0.75
37    1    0.042    1    1   1    1.06
38    1    0.037    1    1   1    0.96
39    2    0.037    2    1   1    0.54
40    1    0.032    1    1   1    1.00
41    1    0.032    1    1   1    0.68
42    2    -0.028    1    2   1    1.62
43    1    -0.028    2    2   1    0.59
44    2    0.023    2    1   1    2.76
45    2    0.023    2    1   1    2.79
46    2    -0.018    1    2   1    0.64
47    1    -0.018    2    2   1    0.65
48    1    -0.014    2    2   1    0.46
49    2    0.014    2    1   1    0.85
50    1    -0.009    2    2   1    3.37
-------------------------
Final staircase threshold estimate (mean) is 0.0208
-------------------------
116    2    -0.051    1    2   1    2.55
82    2    -0.018    1    2   1    2.97
70    1    0.051    1    1   1    0.62
32    1    -0.018    2    2   1    0.93
63    1    0.000    1    1   1    2.61
125    2    0.051    2    1   1    0.59
71    1    -0.051    2    2   1    0.41
142    2    -0.018    1    2   1    0.77
18    1    0.000    2    2   0    1.38
1    1    -0.051    2    2   1    0.43
93    2    0.000    2    1   1    0.96
26    1    -0.051    2    2   1    0.53
54    1    0.018    1    1   1    0.44
56    1    -0.051    2    2   1    0.52
134    2    0.018    2    1   1    0.79
85    2    0.051    2    1   1    0.63
2    1    -0.018    2    2   1    2.68
55    1    0.051    1    1   1    3.47
131    2    -0.051    1    2   1    0.66
27    1    -0.018    2    2   1    0.89
11    1    -0.051    2    2   1    0.83
64    1    0.018    1    1   1    0.76
130    2    0.051    2    1   1    0.55
141    2    -0.051    1    2   1    1.23
84    2    0.018    2    1   1    1.12
81    2    -0.051    1    2   1    2.35
88    2    0.000    1    2   0    0.77
140    2    0.051    2    1   1    0.51
99    2    0.018    2    1   1    0.82
150    2    0.051    2    1   1    0.56
15    1    0.051    1    1   1    0.71
87    2    -0.018    2    1   0    0.47
100    2    0.051    2    1   1    0.58
33    1    0.000    2    2   0    1.82
3    1    0.000    2    2   0    0.80
136    2    -0.051    1    2   1    0.60
68    1    0.000    2    2   0    1.67
37    1    -0.018    2    2   1    1.71
122    2    -0.018    1    2   1    0.70
106    2    -0.051    1    2   1    1.51
75    2    0.051    2    1   1    0.53
9    1    0.018    1    1   1    1.52
135    2    0.051    2    1   1    0.54
47    1    -0.018    2    2   1    0.65
5    1    0.051    1    1   1    1.63
53    1    0.000    2    2   0    3.55
51    1    -0.051    2    2   1    0.56
7    1    -0.018    2    2   1    2.55
94    2    0.018    2    1   1    1.50
124    2    0.018    2    1   1    1.44
120    2    0.051    2    1   1    1.23
137    2    -0.018    1    2   1    0.76
112    2    -0.018    1    2   1    1.52
14    1    0.018    1    1   1    3.89
39    1    0.018    1    1   1    2.55
129    2    0.018    2    1   1    0.81
114    2    0.018    2    1   1    0.70
67    1    -0.018    1    1   0    1.48
123    2    0.000    1    2   0    0.67
73    1    0.000    2    2   0    3.03
146    2    -0.051    1    2   1    0.66
28    1    0.000    1    1   1    2.37
110    2    0.051    2    1   1    0.57
118    2    0.000    2    1   1    0.82
43    1    0.000    1    1   1    3.21
13    1    0.000    2    2   0    1.34
17    1    -0.018    2    2   1    0.65
40    1    0.051    1    1   1    1.14
149    2    0.018    2    1   1    2.89
22    1    -0.018    2    2   1    0.58
31    1    -0.051    2    2   1    1.26
89    2    0.018    2    1   1    2.24
148    2    0.000    2    1   1    4.62
52    1    -0.018    2    2   1    2.17
16    1    -0.051    2    2   1    0.94
36    1    -0.051    2    2   1    1.00
139    2    0.018    2    1   1    0.79
133    2    0.000    2    1   1    3.67
104    2    0.018    2    1   1    0.86
111    2    -0.051    1    2   1    1.88
49    1    0.018    1    1   1    1.74
69    1    0.018    1    1   1    1.73
128    2    0.000    2    1   1    1.14
98    2    0.000    1    2   0    4.41
109    2    0.018    2    1   1    0.54
30    1    0.051    1    1   1    0.72
35    1    0.051    2    2   0    1.83
105    2    0.051    2    1   1    0.52
58    1    0.000    2    2   0    2.63
126    2    -0.051    1    2   1    0.70
76    2    -0.051    1    2   1    1.27
4    1    0.018    1    1   1    3.08
44    1    0.018    2    2   0    1.15
78    2    0.000    2    1   1    1.38
119    2    0.018    1    2   0    0.63
103    2    0.000    2    1   1    1.17
46    1    -0.051    2    2   1    0.70
10    1    0.051    1    1   1    0.89
25    1    0.051    1    1   1    1.18
92    2    -0.018    1    2   1    1.75
86    2    -0.051    1    2   1    0.69
48    1    0.000    1    1   1    2.95
65    1    0.051    1    1   1    1.30
91    2    -0.051    1    2   1    0.64
101    2    -0.051    1    2   1    0.75
6    1    -0.051    2    2   1    1.46
8    1    0.000    2    2   0    3.87
117    2    -0.018    1    2   1    0.81
21    1    -0.051    2    2   1    1.79
29    1    0.018    1    1   1    0.65
74    1    0.018    1    1   1    1.18
108    2    0.000    1    2   0    2.11
59    1    0.018    1    1   1    0.79
42    1    -0.018    2    2   1    0.47
23    1    0.000    2    2   0    1.35
107    2    -0.018    1    2   1    0.56
61    1    -0.051    2    2   1    1.25
41    1    -0.051    2    2   1    0.77
127    2    -0.018    1    2   1    1.70
143    2    0.000    1    2   0    1.55
96    2    -0.051    1    2   1    2.88
60    1    0.051    1    1   1    1.31
66    1    -0.051    2    2   1    0.99
24    1    0.018    1    1   1    3.59
19    1    0.018    2    2   0    2.07
97    2    -0.018    1    2   1    0.82
77    2    -0.018    1    2   1    1.96
147    2    -0.018    1    2   1    3.55
138    2    0.000    2    1   1    0.50
20    1    0.051    1    1   1    0.74
83    2    0.000    1    2   0    3.48
121    2    -0.051    1    2   1    0.58
79    2    0.018    2    1   1    1.49
145    2    0.051    2    1   1    0.72
34    1    0.018    1    1   1    3.70
72    1    -0.018    2    2   1    0.56
95    2    0.051    2    1   1    0.56
62    1    -0.018    2    2   1    0.64
12    1    -0.018    2    2   1    0.93
102    2    -0.018    1    2   1    0.72
90    2    0.051    2    1   1    0.68
38    1    0.000    2    2   0    3.49
45    1    0.051    1    1   1    0.71
115    2    0.051    2    1   1    0.75
50    1    0.051    1    1   1    0.55
144    2    0.018    2    1   1    0.72
132    2    -0.018    1    2   1    1.28
113    2    0.000    2    1   1    4.12
80    2    0.051    1    2   0    2.67
57    1    -0.018    2    2   1    1.98
