--------------------------------
27-Mar-2015 11:45:29 
data from observer T24 
#occlusion2 expt 
reference disparity (degrees) 0.160000 

stim order disp kresp testresp correct time
1    1    -0.074    1    1   1    2.78
2    2    0.069    1    2   1    0.52
3    2    -0.065    2    1   1    0.79
4    1    -0.060    2    2   0    0.62
5    2    -0.069    2    1   1    0.59
6    1    -0.069    1    1   1    0.71
7    1    0.065    2    2   1    0.57
8    1    -0.065    1    1   1    0.90
9    2    0.060    1    2   1    0.87
10    2    0.060    1    2   1    0.69
11    1    -0.055    1    1   1    0.72
12    2    0.055    1    2   1    0.51
13    1    -0.051    1    1   1    0.58
14    2    -0.051    2    1   1    0.52
15    2    -0.046    2    1   1    0.54
16    2    -0.046    2    1   1    0.71
17    2    -0.042    2    1   1    0.52
18    2    0.042    1    2   1    0.73
19    1    -0.037    2    2   0    0.55
20    2    -0.046    2    1   1    0.64
21    2    -0.046    2    1   1    0.65
22    1    0.042    2    2   1    0.44
23    1    0.042    2    2   1    0.52
24    2    -0.037    2    1   1    0.61
25    1    0.037    2    2   1    0.55
26    2    -0.032    2    1   1    1.07
27    1    0.032    2    2   1    0.65
28    1    -0.028    1    1   1    1.28
29    2    -0.028    1    2   0    0.53
30    2    0.037    2    1   0    0.52
31    2    0.046    1    2   1    0.64
32    1    -0.046    1    1   1    0.52
33    1    -0.042    1    1   1    0.49
34    1    -0.042    1    1   1    0.65
35    2    -0.037    2    1   1    0.97
36    2    -0.037    2    1   1    0.64
37    1    0.032    2    2   1    0.53
38    1    -0.032    1    1   1    1.03
39    2    0.028    1    2   1    0.79
40    1    -0.028    1    1   1    0.53
41    2    -0.023    2    1   1    0.79
42    1    0.023    2    2   1    1.03
43    2    0.018    1    2   1    0.68
44    1    -0.018    1    1   1    0.51
45    1    0.014    2    2   1    0.80
46    1    0.014    2    2   1    0.66
47    1    0.009    1    1   0    0.52
48    2    0.018    1    2   1    0.97
49    1    -0.018    1    1   1    1.20
50    1    0.014    2    2   1    0.79
-------------------------
Final staircase threshold estimate (mean) is 0.0171
-------------------------
22    1    -0.018    1    1   0    1.85
21    1    -0.042    1    1   0    0.56
44    1    0.018    2    2   0    0.73
103    2    0.000    1    2   0    0.75
134    2    0.018    1    2   0    0.99
100    2    0.042    1    2   0    0.56
63    1    0.000    1    1   1    0.63
108    2    0.000    1    2   0    0.91
109    2    0.018    1    2   0    0.57
85    2    0.042    1    2   0    0.66
123    2    0.000    1    2   0    1.14
30    1    0.042    2    2   0    0.51
106    2    -0.042    2    1   0    0.75
147    2    -0.018    2    1   0    1.35
137    2    -0.018    2    1   0    0.53
94    2    0.018    2    1   1    0.41
13    1    0.000    2    2   0    1.41
97    2    -0.018    2    1   0    0.86
2    1    -0.018    2    2   1    1.13
116    2    -0.042    2    1   0    0.69
5    1    0.042    2    2   0    1.09
142    2    -0.018    2    1   0    0.47
34    1    0.018    2    2   0    0.90
14    1    0.018    2    2   0    0.66
139    2    0.018    1    2   0    0.92
150    2    0.042    1    2   0    0.47
20    1    0.042    2    2   0    0.72
98    2    0.000    1    2   0    0.96
11    1    -0.042    1    1   0    0.62
143    2    0.000    1    2   0    1.12
78    2    0.000    1    2   0    2.54
80    2    0.042    1    2   0    0.73
124    2    0.018    1    2   0    0.55
122    2    -0.018    2    1   0    0.76
89    2    0.018    1    2   0    0.99
64    1    0.018    1    1   1    0.78
90    2    0.042    1    2   0    1.09
37    1    -0.018    1    1   0    1.04
17    1    -0.018    1    1   0    0.79
79    2    0.018    1    2   0    0.95
55    1    0.042    2    2   0    0.68
10    1    0.042    2    2   0    0.81
101    2    -0.042    2    1   0    0.77
61    1    -0.042    1    1   0    0.72
31    1    -0.042    1    1   0    0.81
93    2    0.000    2    1   1    1.25
77    2    -0.018    2    1   0    1.12
145    2    0.042    1    2   0    0.71
18    1    0.000    1    1   1    0.69
149    2    0.018    1    2   0    0.87
132    2    -0.018    2    1   0    0.58
83    2    0.000    1    2   0    1.38
39    1    0.018    2    2   0    0.66
129    2    0.018    1    2   0    0.89
3    1    0.000    2    2   0    0.73
74    1    0.018    2    2   0    0.82
26    1    -0.042    1    1   0    0.83
28    1    0.000    1    1   1    1.36
50    1    0.042    2    2   0    0.70
32    1    -0.018    1    1   0    0.61
118    2    0.000    2    1   1    0.46
35    1    0.042    1    1   1    0.65
54    1    0.018    2    2   0    0.89
66    1    -0.042    1    1   0    0.64
86    2    -0.042    2    1   0    1.76
16    1    -0.042    1    1   0    0.65
45    1    0.042    2    2   0    0.53
126    2    -0.042    2    1   0    0.59
43    1    0.000    2    2   0    0.62
9    1    0.018    2    2   0    0.68
60    1    0.042    2    2   0    0.57
40    1    0.042    2    2   0    0.80
62    1    -0.018    1    1   0    2.20
73    1    0.000    1    1   1    0.72
127    2    -0.018    2    1   0    1.05
136    2    -0.042    2    1   0    1.35
144    2    0.018    1    2   0    0.99
23    1    0.000    1    1   1    0.87
29    1    0.018    2    2   0    0.90
82    2    -0.018    2    1   0    0.79
19    1    0.018    2    2   0    0.65
119    2    0.018    1    2   0    0.83
65    1    0.042    2    2   0    0.72
27    1    -0.018    1    1   0    0.57
6    1    -0.042    1    1   0    0.72
81    2    -0.042    2    1   0    0.55
69    1    0.018    1    1   1    0.52
70    1    0.042    2    2   0    0.64
72    1    -0.018    2    2   1    0.85
96    2    -0.042    2    1   0    0.74
138    2    0.000    2    1   1    0.76
48    1    0.000    1    1   1    0.57
71    1    -0.042    1    1   0    0.77
53    1    0.000    1    1   1    0.79
57    1    -0.018    1    1   0    0.70
92    2    -0.018    2    1   0    0.83
41    1    -0.042    1    1   0    0.72
146    2    -0.042    2    1   0    0.53
117    2    -0.018    2    1   0    0.74
125    2    0.042    1    2   0    0.90
42    1    -0.018    1    1   0    1.00
12    1    -0.018    1    1   0    1.15
15    1    0.042    2    2   0    0.69
95    2    0.042    1    2   0    0.51
107    2    -0.018    2    1   0    0.70
128    2    0.000    2    1   1    0.93
99    2    0.018    1    2   0    0.99
141    2    -0.042    2    1   0    0.64
38    1    0.000    1    1   1    0.65
114    2    0.018    1    2   0    0.68
58    1    0.000    1    1   1    1.10
67    1    -0.018    1    1   0    0.95
148    2    0.000    1    2   0    0.79
111    2    -0.042    2    1   0    0.60
105    2    0.042    1    2   0    0.59
33    1    0.000    1    1   1    0.61
110    2    0.042    1    2   0    0.65
104    2    0.018    1    2   0    0.57
76    2    -0.042    2    1   0    0.61
4    1    0.018    1    1   1    0.73
75    2    0.042    1    2   0    0.74
133    2    0.000    2    1   1    0.65
131    2    -0.042    2    1   0    0.76
68    1    0.000    1    1   1    0.77
84    2    0.018    1    2   0    0.67
130    2    0.042    1    2   0    0.75
135    2    0.042    1    2   0    0.65
46    1    -0.042    1    1   0    0.80
49    1    0.018    2    2   0    1.20
51    1    -0.042    2    2   1    0.60
7    1    -0.018    1    1   0    0.76
88    2    0.000    1    2   0    1.06
59    1    0.018    1    1   1    1.29
52    1    -0.018    1    1   0    1.91
121    2    -0.042    1    2   1    0.55
87    2    -0.018    2    1   0    0.68
47    1    -0.018    1    1   0    0.75
24    1    0.018    1    1   1    1.51
140    2    0.042    1    2   0    0.75
36    1    -0.042    1    1   0    1.30
91    2    -0.042    2    1   0    0.91
120    2    0.042    1    2   0    0.73
1    1    -0.042    1    1   0    0.75
8    1    0.000    1    1   1    1.14
113    2    0.000    1    2   0    0.99
25    1    0.042    2    2   0    1.00
115    2    0.042    1    2   0    0.75
102    2    -0.018    2    1   0    1.43
112    2    -0.018    2    1   0    1.54
56    1    -0.042    1    1   0    1.44
