--------------------------------
27-Mar-2015 11:01:00 
data from observer T24 
#occlusion2 expt 
reference disparity (degrees) 0.160000 

stim order disp kresp testresp correct time
1    2    0.074    2    1   1    3.04
2    1    -0.069    2    2   1    1.07
3    1    -0.065    2    2   1    0.63
4    2    -0.060    1    2   1    1.12
5    2    0.055    2    1   1    0.93
6    1    0.051    2    2   0    1.08
7    2    0.060    2    1   1    0.59
8    2    0.060    2    1   1    0.60
9    1    0.055    1    1   1    0.60
10    1    -0.055    2    2   1    0.50
11    1    0.051    1    1   1    0.51
12    2    -0.051    1    2   1    0.74
13    2    0.046    2    1   1    0.54
14    2    -0.046    1    2   1    0.59
15    2    -0.042    1    2   1    0.86
16    2    0.042    2    1   1    0.58
17    2    0.037    2    1   1    0.89
18    2    -0.037    1    2   1    1.11
19    2    0.032    2    1   1    0.57
20    2    0.032    2    1   1    0.54
21    2    -0.028    1    2   1    0.71
22    2    0.028    2    1   1    0.91
23    2    -0.023    1    2   1    0.78
24    2    0.023    2    1   1    0.53
25    2    0.018    2    1   1    0.57
26    1    0.018    1    1   1    0.68
27    1    -0.014    2    2   1    0.97
28    1    -0.014    1    1   0    0.77
29    2    -0.023    2    1   0    0.56
30    1    0.032    1    1   1    0.81
31    2    -0.032    1    2   1    1.17
32    1    0.028    1    1   1    0.90
33    1    0.028    1    1   1    0.70
34    2    -0.023    1    2   1    0.58
35    2    0.023    1    2   0    0.48
36    1    0.032    1    1   1    0.85
37    1    -0.032    2    2   1    0.60
38    1    -0.028    2    2   1    1.49
39    1    -0.028    2    2   1    0.94
40    2    0.023    1    2   0    2.41
41    2    -0.032    1    2   1    0.61
42    2    0.032    2    1   1    0.64
43    2    0.028    1    2   0    0.55
44    2    -0.037    2    1   0    0.75
45    2    -0.046    1    2   1    0.50
46    1    -0.046    2    2   1    0.67
47    2    -0.042    1    2   1    0.89
48    2    -0.042    1    2   1    0.52
49    2    -0.037    1    2   1    0.41
50    1    -0.037    2    2   1    0.61
-------------------------
Final staircase threshold estimate (mean) is 0.0379
-------------------------
29    1    0.037    1    1   1    1.49
2    1    -0.037    2    2   1    0.78
43    1    0.000    1    1   1    0.83
148    2    0.000    1    2   0    0.65
16    1    -0.092    2    2   1    0.53
52    1    -0.037    2    2   1    0.76
33    1    0.000    1    1   1    2.22
58    1    0.000    2    2   0    0.70
57    1    -0.037    2    2   1    0.64
81    2    -0.092    1    2   1    0.69
138    2    0.000    1    2   0    1.19
37    1    -0.037    2    2   1    0.63
11    1    -0.092    2    2   1    0.86
50    1    0.092    2    2   0    0.62
63    1    0.000    2    2   0    0.66
92    2    -0.037    1    2   1    0.95
126    2    -0.092    1    2   1    0.90
38    1    0.000    1    1   1    0.81
78    2    0.000    1    2   0    1.61
116    2    -0.092    1    2   1    0.71
69    1    0.037    1    1   1    0.67
51    1    -0.092    1    1   0    0.56
122    2    -0.037    1    2   1    0.70
67    1    -0.037    2    2   1    0.75
106    2    -0.092    1    2   1    0.61
80    2    0.092    1    2   0    0.65
53    1    0.000    1    1   1    2.31
68    1    0.000    1    1   1    0.67
124    2    0.037    2    1   1    1.01
143    2    0.000    1    2   0    0.61
72    1    -0.037    2    2   1    0.65
141    2    -0.092    2    1   0    0.79
102    2    -0.037    1    2   1    0.95
82    2    -0.037    1    2   1    0.75
86    2    -0.092    1    2   1    0.88
74    1    0.037    1    1   1    0.73
87    2    -0.037    1    2   1    0.72
35    1    0.092    1    1   1    2.49
49    1    0.037    1    1   1    0.86
90    2    0.092    2    1   1    2.75
40    1    0.092    2    2   0    0.91
104    2    0.037    2    1   1    0.85
132    2    -0.037    2    1   0    1.09
19    1    0.037    2    2   0    2.47
145    2    0.092    1    2   0    0.69
89    2    0.037    2    1   1    0.68
62    1    -0.037    2    2   1    1.08
10    1    0.092    2    2   0    1.04
95    2    0.092    1    2   0    0.71
94    2    0.037    2    1   1    0.58
101    2    -0.092    1    2   1    2.35
146    2    -0.092    1    2   1    1.88
15    1    0.092    1    1   1    0.72
18    1    0.000    2    2   0    0.92
17    1    -0.037    2    2   1    0.63
150    2    0.092    1    2   0    0.84
14    1    0.037    2    2   0    0.66
111    2    -0.092    1    2   1    0.74
115    2    0.092    2    1   1    0.78
65    1    0.092    2    2   0    0.93
22    1    -0.037    2    2   1    0.85
131    2    -0.092    1    2   1    1.06
36    1    -0.092    2    2   1    1.57
120    2    0.092    2    1   1    0.51
75    2    0.092    2    1   1    0.64
85    2    0.092    2    1   1    0.80
45    1    0.092    2    2   0    0.70
109    2    0.037    2    1   1    1.79
3    1    0.000    2    2   0    1.11
144    2    0.037    2    1   1    1.01
64    1    0.037    1    1   1    1.53
117    2    -0.037    1    2   1    1.32
121    2    -0.092    2    1   0    0.97
41    1    -0.092    1    1   0    2.35
6    1    -0.092    2    2   1    0.77
60    1    0.092    2    2   0    0.91
42    1    -0.037    2    2   1    0.65
83    2    0.000    2    1   1    0.61
139    2    0.037    2    1   1    1.03
32    1    -0.037    2    2   1    1.06
97    2    -0.037    1    2   1    1.44
34    1    0.037    1    1   1    0.91
8    1    0.000    1    1   1    1.30
47    1    -0.037    1    1   0    1.81
30    1    0.092    1    1   1    1.66
129    2    0.037    2    1   1    1.03
77    2    -0.037    1    2   1    0.91
100    2    0.092    1    2   0    0.96
127    2    -0.037    1    2   1    0.99
24    1    0.037    1    1   1    2.19
110    2    0.092    2    1   1    3.44
23    1    0.000    2    2   0    0.74
103    2    0.000    1    2   0    0.69
79    2    0.037    2    1   1    0.39
98    2    0.000    2    1   1    0.73
137    2    -0.037    1    2   1    0.67
113    2    0.000    1    2   0    0.65
21    1    -0.092    2    2   1    0.98
93    2    0.000    2    1   1    0.60
73    1    0.000    2    2   0    1.23
84    2    0.037    1    2   0    0.83
125    2    0.092    2    1   1    0.71
119    2    0.037    2    1   1    0.78
130    2    0.092    1    2   0    0.62
12    1    -0.037    2    2   1    0.89
123    2    0.000    1    2   0    0.52
27    1    -0.037    1    1   0    0.72
149    2    0.037    2    1   1    1.36
136    2    -0.092    2    1   0    1.25
135    2    0.092    2    1   1    0.76
13    1    0.000    2    2   0    0.78
71    1    -0.092    2    2   1    0.60
26    1    -0.092    1    1   0    0.93
55    1    0.092    2    2   0    0.85
114    2    0.037    2    1   1    1.35
128    2    0.000    2    1   1    0.65
9    1    0.037    2    2   0    0.78
61    1    -0.092    2    2   1    0.72
107    2    -0.037    2    1   0    0.73
39    1    0.037    2    2   0    1.33
96    2    -0.092    2    1   0    0.84
142    2    -0.037    1    2   1    1.35
1    1    -0.092    1    1   0    0.72
4    1    0.037    1    1   1    1.13
7    1    -0.037    2    2   1    1.20
99    2    0.037    2    1   1    0.83
118    2    0.000    1    2   0    1.21
140    2    0.092    1    2   0    0.60
54    1    0.037    1    1   1    1.31
48    1    0.000    1    1   1    1.62
44    1    0.037    1    1   1    0.77
28    1    0.000    1    1   1    1.73
88    2    0.000    2    1   1    0.77
91    2    -0.092    2    1   0    0.75
5    1    0.092    2    2   0    0.63
20    1    0.092    1    1   1    0.93
66    1    -0.092    2    2   1    0.95
108    2    0.000    2    1   1    1.08
147    2    -0.037    1    2   1    0.90
56    1    -0.092    2    2   1    0.49
76    2    -0.092    2    1   0    0.57
70    1    0.092    1    1   1    0.51
134    2    0.037    1    2   0    0.44
112    2    -0.037    2    1   0    0.59
31    1    -0.092    2    2   1    0.56
105    2    0.092    2    1   1    0.71
59    1    0.037    1    1   1    0.83
133    2    0.000    2    1   1    0.48
46    1    -0.092    2    2   1    0.54
25    1    0.092    2    2   0    0.96
--------------------------------
27-Mar-2015 11:32:57 
data from observer T24 
#occlusion2 expt 
reference disparity (degrees) 0.160000 

stim order disp kresp testresp correct time
