--------------------------------
27-Mar-2015 11:33:15 
data from observer T24 
#occlusion2 expt 
reference disparity (degrees) 0.160000 

stim order disp kresp testresp correct time
1    2    -0.074    1    2   0    4.89
2    1    0.083    2    2   1    2.49
3    2    -0.079    2    1   1    0.71
4    2    0.079    1    2   1    0.93
5    1    -0.074    1    1   1    1.05
6    2    -0.074    2    1   1    1.00
7    1    0.069    1    1   0    0.89
8    2    -0.079    1    2   0    0.69
9    1    0.088    2    2   1    3.52
10    2    0.088    1    2   1    1.17
11    1    -0.083    1    1   1    1.02
12    2    0.083    1    2   1    2.68
13    1    0.079    1    1   0    1.05
14    2    0.088    1    2   1    2.06
15    2    0.088    1    2   1    0.70
16    1    -0.083    1    1   1    1.34
17    1    0.083    1    1   0    0.87
18    1    0.092    2    2   1    3.94
19    2    0.092    1    2   1    1.27
20    1    -0.088    2    2   0    1.15
21    1    -0.097    1    1   1    0.88
22    1    -0.097    1    1   1    0.96
23    2    0.092    1    2   1    1.83
24    1    0.092    1    1   0    1.13
25    1    0.102    2    2   1    1.13
26    1    -0.102    2    2   0    0.78
27    1    -0.111    2    2   0    0.80
28    1    0.120    2    2   1    0.84
29    1    0.120    2    2   1    1.01
30    1    0.115    2    2   1    1.31
31    2    0.115    2    1   0    0.81
32    1    -0.125    1    1   1    1.65
33    2    -0.125    2    1   1    0.65
34    2    0.120    2    1   0    1.29
35    2    -0.129    2    1   1    0.99
36    2    -0.129    2    1   1    1.01
37    2    0.125    2    1   0    1.72
38    2    -0.134    2    1   1    0.54
39    1    0.134    2    2   1    0.69
40    1    -0.129    1    1   1    0.89
41    1    0.129    2    2   1    0.56
42    2    -0.125    2    1   1    0.52
43    1    0.125    2    2   1    0.54
44    2    0.120    2    1   0    1.69
45    2    0.129    1    2   1    1.33
46    1    0.129    2    2   1    0.66
47    1    0.125    2    2   1    0.57
48    2    0.125    2    1   0    0.61
49    1    0.134    2    2   1    0.66
50    1    -0.134    1    1   1    1.16
-------------------------
Final staircase threshold estimate (mean) is 0.1275
-------------------------
85    2    0.148    1    2   0    2.02
71    1    -0.148    2    2   1    0.67
79    2    0.129    2    1   1    0.82
9    1    0.129    2    2   0    0.64
139    2    0.129    2    1   1    0.68
143    2    0.000    2    1   1    0.71
96    2    -0.148    2    1   0    0.80
65    1    0.148    2    2   0    1.34
59    1    0.129    2    2   0    0.99
120    2    0.148    1    2   0    1.29
104    2    0.129    1    2   0    3.29
27    1    -0.129    1    1   0    0.77
123    2    0.000    1    2   0    0.83
93    2    0.000    1    2   0    1.00
84    2    0.129    1    2   0    1.49
70    1    0.148    2    2   0    0.90
15    1    0.148    2    2   0    1.56
108    2    0.000    2    1   1    1.17
135    2    0.148    1    2   0    1.65
19    1    0.129    1    1   1    1.14
109    2    0.129    2    1   1    0.87
32    1    -0.129    1    1   0    0.96
63    1    0.000    1    1   1    0.72
35    1    0.148    1    1   1    0.76
83    2    0.000    1    2   0    1.15
2    1    -0.129    1    1   0    0.75
148    2    0.000    1    2   0    0.75
46    1    -0.148    1    1   0    0.73
99    2    0.129    1    2   0    2.16
137    2    -0.129    2    1   0    0.86
50    1    0.148    2    2   0    1.16
72    1    -0.129    1    1   0    1.10
68    1    0.000    2    2   0    0.97
12    1    -0.129    1    1   0    0.55
69    1    0.129    1    1   1    0.52
14    1    0.129    2    2   0    0.80
80    2    0.148    1    2   0    1.04
20    1    0.148    2    2   0    1.36
51    1    -0.148    1    1   0    0.82
60    1    0.148    2    2   0    0.80
91    2    -0.148    2    1   0    0.81
55    1    0.148    1    1   1    0.61
92    2    -0.129    2    1   0    0.72
23    1    0.000    1    1   1    1.68
131    2    -0.148    2    1   0    0.85
144    2    0.129    1    2   0    0.93
87    2    -0.129    2    1   0    0.69
90    2    0.148    1    2   0    1.25
110    2    0.148    1    2   0    0.72
95    2    0.148    1    2   0    0.83
64    1    0.129    2    2   0    1.22
40    1    0.148    2    2   0    1.15
100    2    0.148    1    2   0    0.68
24    1    0.129    1    1   1    0.73
97    2    -0.129    2    1   0    0.71
82    2    -0.129    2    1   0    0.72
124    2    0.129    1    2   0    0.75
149    2    0.129    1    2   0    1.16
141    2    -0.148    2    1   0    0.90
11    1    -0.148    1    1   0    0.96
45    1    0.148    2    2   0    0.65
111    2    -0.148    2    1   0    1.87
78    2    0.000    1    2   0    0.81
8    1    0.000    1    1   1    1.59
25    1    0.148    2    2   0    1.41
117    2    -0.129    2    1   0    0.62
7    1    -0.129    2    2   1    1.44
37    1    -0.129    2    2   1    0.65
26    1    -0.148    1    1   0    0.65
1    1    -0.148    1    1   0    1.18
67    1    -0.129    1    1   0    0.95
81    2    -0.148    2    1   0    0.72
89    2    0.129    2    1   1    0.73
77    2    -0.129    1    2   1    1.30
142    2    -0.129    2    1   0    1.20
134    2    0.129    1    2   0    0.88
116    2    -0.148    2    1   0    0.57
122    2    -0.129    2    1   0    0.63
33    1    0.000    2    2   0    1.34
133    2    0.000    1    2   0    0.91
101    2    -0.148    2    1   0    1.20
34    1    0.129    2    2   0    0.85
102    2    -0.129    2    1   0    0.80
125    2    0.148    1    2   0    1.35
66    1    -0.148    1    1   0    0.77
118    2    0.000    1    2   0    0.90
130    2    0.148    1    2   0    0.67
119    2    0.129    1    2   0    0.56
74    1    0.129    1    1   1    0.62
126    2    -0.148    1    2   1    0.69
44    1    0.129    1    1   1    1.29
76    2    -0.148    2    1   0    1.30
36    1    -0.148    1    1   0    0.57
73    1    0.000    2    2   0    0.72
30    1    0.148    2    2   0    0.82
129    2    0.129    1    2   0    0.94
112    2    -0.129    2    1   0    0.69
128    2    0.000    2    1   1    1.07
13    1    0.000    2    2   0    1.21
38    1    0.000    1    1   1    1.07
39    1    0.129    2    2   0    0.58
115    2    0.148    2    1   1    0.73
48    1    0.000    2    2   0    0.84
88    2    0.000    2    1   1    1.03
53    1    0.000    1    1   1    1.14
145    2    0.148    2    1   1    0.84
147    2    -0.129    2    1   0    0.69
107    2    -0.129    2    1   0    0.65
140    2    0.148    2    1   1    0.74
49    1    0.129    2    2   0    0.49
138    2    0.000    2    1   1    1.20
42    1    -0.129    1    1   0    0.89
10    1    0.148    2    2   0    0.87
127    2    -0.129    2    1   0    0.60
132    2    -0.129    2    1   0    0.54
114    2    0.129    2    1   1    0.93
29    1    0.129    2    2   0    0.93
94    2    0.129    1    2   0    2.03
103    2    0.000    1    2   0    0.53
86    2    -0.148    2    1   0    0.68
22    1    -0.129    1    1   0    0.82
57    1    -0.129    1    1   0    0.71
41    1    -0.148    1    1   0    0.68
136    2    -0.148    2    1   0    0.88
105    2    0.148    1    2   0    0.79
21    1    -0.148    1    1   0    0.64
113    2    0.000    1    2   0    0.84
4    1    0.129    1    1   1    0.89
56    1    -0.148    1    1   0    0.91
61    1    -0.148    1    1   0    0.68
17    1    -0.129    2    2   1    0.63
98    2    0.000    1    2   0    0.60
18    1    0.000    1    1   1    0.77
6    1    -0.148    1    1   0    0.70
54    1    0.129    2    2   0    1.47
58    1    0.000    1    1   1    0.67
150    2    0.148    1    2   0    0.66
52    1    -0.129    1    1   0    1.44
121    2    -0.148    1    2   1    0.58
146    2    -0.148    1    2   1    0.49
5    1    0.148    2    2   0    0.95
106    2    -0.148    2    1   0    0.78
75    2    0.148    1    2   0    0.65
16    1    -0.148    1    1   0    1.37
28    1    0.000    1    1   1    0.73
62    1    -0.129    1    1   0    0.57
31    1    -0.148    1    1   0    0.58
47    1    -0.129    1    1   0    0.51
43    1    0.000    2    2   0    1.43
3    1    0.000    2    2   0    0.57
