--------------------------------
27-Mar-2015 10:55:15 
data from observer T24 
#occlusion2 expt 
reference disparity (degrees) 0.160000 

stim order disp kresp testresp correct time
1    1    -0.074    2    2   1    3.14
2    2    0.069    2    1   1    0.56
3    2    0.065    2    1   1    0.81
4    2    0.060    2    1   1    0.91
5    2    -0.055    2    1   0    1.16
6    2    -0.065    2    1   0    1.91
7    2    0.074    2    1   1    1.12
8    2    -0.074    1    2   1    1.79
9    2    -0.069    1    2   1    0.77
10    2    0.069    2    1   1    0.66
11    1    0.065    2    2   0    0.90
12    2    -0.074    1    2   1    0.81
13    1    0.074    1    1   1    0.81
14    1    0.069    2    2   0    1.27
15    1    -0.079    2    2   1    0.63
16    2    0.079    2    1   1    0.94
17    2    0.074    2    1   1    0.62
18    1    0.074    2    2   0    1.68
19    1    -0.083    2    2   1    0.86
20    2    0.083    2    1   1    1.19
21    1    -0.079    2    2   1    0.68
22    2    -0.079    1    2   1    1.21
23    1    -0.074    2    2   1    0.66
24    2    0.074    2    1   1    0.58
25    2    0.069    2    1   1    0.49
26    1    0.069    1    1   1    0.70
27    2    -0.065    1    2   1    0.52
28    1    0.065    1    1   1    1.49
29    1    0.060    1    1   1    0.66
30    1    0.060    1    1   1    0.74
31    1    0.055    1    1   1    0.56
32    1    -0.055    2    2   1    0.62
33    2    0.051    2    1   1    0.57
34    1    -0.051    2    2   1    0.41
35    1    0.046    1    1   1    0.67
36    2    0.046    2    1   1    0.63
37    1    -0.042    2    2   1    0.51
38    1    0.042    2    2   0    0.35
39    1    0.051    2    2   0    0.58
40    1    -0.060    2    2   1    0.49
41    2    -0.060    1    2   1    0.79
42    1    0.055    2    2   0    0.64
43    1    0.065    1    1   1    0.65
44    1    0.065    1    1   1    0.53
45    2    -0.060    1    2   1    0.60
46    1    0.060    1    1   1    0.49
47    1    0.055    1    1   1    0.45
48    1    -0.055    2    2   1    0.79
49    1    -0.051    2    2   1    0.44
50    2    0.051    2    1   1    0.51
-------------------------
Final staircase threshold estimate (mean) is 0.0577
-------------------------
53    1    0.000    2    2   0    1.23
115    2    0.143    2    1   1    0.57
27    1    -0.055    2    2   1    0.51
4    1    0.055    2    2   0    0.51
86    2    -0.143    1    2   1    0.49
101    2    -0.143    1    2   1    0.49
60    1    0.143    1    1   1    0.58
72    1    -0.055    2    2   1    0.58
90    2    0.143    2    1   1    0.48
34    1    0.055    1    1   1    0.69
14    1    0.055    1    1   1    0.65
108    2    0.000    1    2   0    0.83
135    2    0.143    2    1   1    0.61
126    2    -0.143    2    1   0    0.39
10    1    0.143    1    1   1    0.53
17    1    -0.055    2    2   1    0.71
111    2    -0.143    1    2   1    0.64
61    1    -0.143    2    2   1    0.40
99    2    0.055    2    1   1    0.71
33    1    0.000    2    2   0    0.89
68    1    0.000    2    2   0    0.84
118    2    0.000    1    2   0    0.93
57    1    -0.055    2    2   1    0.72
91    2    -0.143    2    1   0    1.03
128    2    0.000    2    1   1    0.56
41    1    -0.143    2    2   1    0.59
105    2    0.143    2    1   1    0.51
96    2    -0.143    2    1   0    0.51
79    2    0.055    2    1   1    0.60
67    1    -0.055    2    2   1    0.56
40    1    0.143    2    2   0    1.22
8    1    0.000    1    1   1    0.83
127    2    -0.055    2    1   0    0.64
150    2    0.143    2    1   1    0.54
141    2    -0.143    2    1   0    0.62
5    1    0.143    2    2   0    0.53
20    1    0.143    2    2   0    0.66
121    2    -0.143    1    2   1    0.62
145    2    0.143    2    1   1    0.81
142    2    -0.055    1    2   1    2.15
134    2    0.055    1    2   0    1.13
95    2    0.143    1    2   0    1.23
46    1    -0.143    2    2   1    0.74
21    1    -0.143    2    2   1    1.48
137    2    -0.055    2    1   0    0.82
25    1    0.143    2    2   0    0.52
31    1    -0.143    1    1   0    0.53
64    1    0.055    1    1   1    0.96
71    1    -0.143    2    2   1    0.71
116    2    -0.143    2    1   0    0.57
125    2    0.143    1    2   0    1.80
120    2    0.143    2    1   1    1.70
54    1    0.055    1    1   1    0.99
78    2    0.000    2    1   1    1.15
85    2    0.143    1    2   0    3.40
94    2    0.055    2    1   1    0.74
62    1    -0.055    1    1   0    0.93
103    2    0.000    1    2   0    0.84
98    2    0.000    1    2   0    1.14
42    1    -0.055    1    1   0    0.61
59    1    0.055    1    1   1    0.60
123    2    0.000    2    1   1    0.66
13    1    0.000    1    1   1    0.77
73    1    0.000    1    1   1    1.08
55    1    0.143    1    1   1    1.29
43    1    0.000    1    1   1    1.10
24    1    0.055    1    1   1    0.58
35    1    0.143    1    1   1    0.56
63    1    0.000    1    1   1    0.91
74    1    0.055    1    1   1    0.52
36    1    -0.143    1    1   0    0.59
106    2    -0.143    1    2   1    0.63
139    2    0.055    1    2   0    0.66
30    1    0.143    1    1   1    0.65
19    1    0.055    1    1   1    0.52
93    2    0.000    1    2   0    0.40
109    2    0.055    1    2   0    0.47
23    1    0.000    1    1   1    1.27
114    2    0.055    2    1   1    0.84
3    1    0.000    1    1   1    1.54
39    1    0.055    1    1   1    0.66
75    2    0.143    2    1   1    1.06
52    1    -0.055    2    2   1    1.01
100    2    0.143    2    1   1    0.40
122    2    -0.055    1    2   1    0.77
49    1    0.055    2    2   0    0.79
133    2    0.000    1    2   0    1.89
102    2    -0.055    1    2   1    0.66
28    1    0.000    1    1   1    0.91
11    1    -0.143    2    2   1    0.63
48    1    0.000    2    2   0    1.30
58    1    0.000    1    1   1    1.85
26    1    -0.143    2    2   1    0.77
15    1    0.143    2    2   0    0.83
87    2    -0.055    1    2   1    1.57
107    2    -0.055    1    2   1    0.84
138    2    0.000    2    1   1    1.52
66    1    -0.143    2    2   1    0.77
130    2    0.143    2    1   1    0.58
56    1    -0.143    2    2   1    0.68
83    2    0.000    2    1   1    0.54
16    1    -0.143    2    2   1    0.57
9    1    0.055    1    1   1    0.63
84    2    0.055    2    1   1    0.50
70    1    0.143    2    2   0    0.68
89    2    0.055    2    1   1    0.58
140    2    0.143    2    1   1    0.64
131    2    -0.143    1    2   1    0.62
132    2    -0.055    1    2   1    0.58
22    1    -0.055    2    2   1    0.64
81    2    -0.143    1    2   1    0.66
143    2    0.000    1    2   0    1.11
38    1    0.000    1    1   1    0.76
112    2    -0.055    1    2   1    0.85
7    1    -0.055    2    2   1    0.64
88    2    0.000    1    2   0    1.00
37    1    -0.055    2    2   1    0.59
149    2    0.055    2    1   1    0.90
92    2    -0.055    1    2   1    0.53
104    2    0.055    2    1   1    0.79
69    1    0.055    1    1   1    0.52
119    2    0.055    2    1   1    0.74
110    2    0.143    2    1   1    0.63
2    1    -0.055    2    2   1    0.57
12    1    -0.055    2    2   1    0.48
51    1    -0.143    2    2   1    0.44
32    1    -0.055    2    2   1    0.52
129    2    0.055    2    1   1    0.38
76    2    -0.143    1    2   1    0.77
113    2    0.000    2    1   1    0.75
136    2    -0.143    1    2   1    0.62
148    2    0.000    2    1   1    0.71
50    1    0.143    2    2   0    0.96
1    1    -0.143    2    2   1    0.53
146    2    -0.143    1    2   1    0.82
65    1    0.143    2    2   0    0.43
47    1    -0.055    2    2   1    0.70
18    1    0.000    1    1   1    0.88
147    2    -0.055    1    2   1    0.59
124    2    0.055    2    1   1    0.68
45    1    0.143    2    2   0    0.81
82    2    -0.055    1    2   1    0.69
29    1    0.055    1    1   1    0.81
97    2    -0.055    1    2   1    0.51
117    2    -0.055    1    2   1    0.37
144    2    0.055    2    1   1    0.59
44    1    0.055    1    1   1    0.59
80    2    0.143    2    1   1    0.52
77    2    -0.055    1    2   1    0.64
6    1    -0.143    2    2   1    0.46
