--------------------------------
27-Mar-2015 11:39:52 
data from observer T24 
#occlusion2 expt 
reference disparity (degrees) 0.160000 

stim order disp kresp testresp correct time
1    1    0.074    2    2   1    2.27
2    2    -0.069    2    1   1    0.55
3    2    -0.065    2    1   1    0.38
4    2    -0.060    2    1   1    0.57
5    1    -0.055    1    1   1    0.67
6    1    0.051    2    2   1    0.57
7    1    -0.046    1    1   1    0.59
8    2    -0.042    2    1   1    0.56
9    1    0.037    2    2   1    0.72
10    2    0.032    1    2   1    1.00
11    1    0.028    2    2   1    0.79
12    2    -0.023    2    1   1    0.78
13    2    -0.018    2    1   1    1.10
14    2    -0.014    2    1   1    0.69
15    1    -0.009    1    1   1    0.64
16    1    -0.005    1    1   1    0.77
17    1    -0.005    1    1   1    0.63
18    1    -0.005    1    1   1    0.86
19    1    -0.005    1    1   1    0.58
20    2    -0.005    1    2   0    0.67
21    2    -0.014    2    1   1    0.88
22    2    0.014    1    2   1    0.72
23    1    -0.009    1    1   1    0.68
24    2    -0.009    1    2   0    0.53
25    1    0.018    2    2   1    0.67
26    2    -0.018    2    1   1    0.58
27    1    -0.014    1    1   1    0.98
28    2    -0.014    2    1   1    1.03
29    1    0.009    2    2   1    0.78
30    1    0.009    2    2   1    0.54
31    1    -0.005    1    1   1    0.58
32    2    -0.005    1    2   0    0.60
33    1    0.014    2    2   1    0.68
34    1    0.014    2    2   1    0.84
35    1    0.009    2    2   1    1.10
36    2    0.009    1    2   1    0.96
37    1    0.005    1    1   0    0.55
38    2    0.014    1    2   1    0.72
39    1    0.014    1    1   0    0.58
40    1    0.023    1    1   0    0.42
41    1    -0.032    1    1   1    0.67
42    2    -0.032    2    1   1    0.66
43    2    0.028    1    2   1    0.71
44    1    0.028    2    2   1    0.88
45    2    0.023    1    2   1    0.50
46    2    -0.023    2    1   1    0.83
47    1    0.018    2    2   1    0.94
48    2    -0.018    2    1   1    0.86
49    2    0.014    1    2   1    0.64
50    1    -0.014    1    1   1    0.66
-------------------------
Final staircase threshold estimate (mean) is 0.0231
-------------------------
75    2    0.060    1    2   0    1.56
36    1    -0.055    1    1   0    0.56
11    1    -0.055    1    1   0    0.60
69    1    0.023    2    2   0    0.87
90    2    0.060    1    2   0    0.60
81    2    -0.055    2    1   0    0.77
144    2    0.023    1    2   0    0.78
71    1    -0.055    1    1   0    0.57
53    1    0.000    2    2   0    0.81
138    2    0.000    2    1   1    0.82
112    2    -0.023    2    1   0    0.68
99    2    0.023    1    2   0    0.86
89    2    0.023    1    2   0    0.78
118    2    0.000    1    2   0    0.43
37    1    -0.023    1    1   0    0.57
135    2    0.060    1    2   0    0.65
120    2    0.060    1    2   0    0.53
32    1    -0.023    1    1   0    0.82
96    2    -0.055    2    1   0    0.62
92    2    -0.023    2    1   0    0.57
84    2    0.023    1    2   0    0.80
124    2    0.023    1    2   0    0.43
102    2    -0.023    2    1   0    0.86
107    2    -0.023    2    1   0    0.59
108    2    0.000    2    1   1    0.70
147    2    -0.023    2    1   0    0.59
127    2    -0.023    2    1   0    0.49
113    2    0.000    2    1   1    0.68
76    2    -0.055    2    1   0    0.71
12    1    -0.023    1    1   0    0.66
60    1    0.060    2    2   0    0.56
133    2    0.000    1    2   0    1.24
80    2    0.060    1    2   0    1.84
72    1    -0.023    1    1   0    0.81
140    2    0.060    2    1   1    0.75
145    2    0.060    1    2   0    0.68
46    1    -0.055    1    1   0    0.35
119    2    0.023    1    2   0    0.89
86    2    -0.055    2    1   0    0.63
1    1    -0.055    1    1   0    0.76
129    2    0.023    1    2   0    0.55
9    1    0.023    2    2   0    0.67
146    2    -0.055    2    1   0    0.53
15    1    0.060    2    2   0    0.60
131    2    -0.055    2    1   0    0.49
115    2    0.060    2    1   1    0.56
31    1    -0.055    1    1   0    0.63
30    1    0.060    2    2   0    0.60
100    2    0.060    1    2   0    0.59
105    2    0.060    1    2   0    0.69
103    2    0.000    2    1   1    0.48
85    2    0.060    1    2   0    0.71
104    2    0.023    1    2   0    0.86
34    1    0.023    2    2   0    0.70
141    2    -0.055    2    1   0    0.63
77    2    -0.023    2    1   0    0.67
6    1    -0.055    1    1   0    0.52
66    1    -0.055    1    1   0    0.61
95    2    0.060    2    1   1    0.66
45    1    0.060    2    2   0    0.63
94    2    0.023    1    2   0    0.98
50    1    0.060    2    2   0    0.71
125    2    0.060    1    2   0    0.71
74    1    0.023    2    2   0    0.53
19    1    0.023    2    2   0    0.61
136    2    -0.055    2    1   0    0.52
59    1    0.023    2    2   0    0.80
49    1    0.023    2    2   0    0.85
110    2    0.060    1    2   0    1.01
54    1    0.023    2    2   0    0.70
4    1    0.023    2    2   0    0.57
91    2    -0.055    2    1   0    0.54
44    1    0.023    2    2   0    0.44
42    1    -0.023    1    1   0    0.63
139    2    0.023    1    2   0    1.03
27    1    -0.023    1    1   0    0.91
3    1    0.000    2    2   0    0.55
83    2    0.000    2    1   1    0.64
150    2    0.060    1    2   0    0.73
2    1    -0.023    1    1   0    0.99
20    1    0.060    2    2   0    0.73
28    1    0.000    1    1   1    1.51
51    1    -0.055    2    2   1    0.68
114    2    0.023    1    2   0    1.22
87    2    -0.023    2    1   0    0.87
5    1    0.060    2    2   0    0.67
24    1    0.023    2    2   0    0.80
142    2    -0.023    2    1   0    0.74
117    2    -0.023    2    1   0    1.02
65    1    0.060    2    2   0    1.12
23    1    0.000    1    1   1    1.52
35    1    0.060    2    2   0    1.70
67    1    -0.023    1    1   0    0.83
62    1    -0.023    1    1   0    0.71
148    2    0.000    1    2   0    0.61
43    1    0.000    2    2   0    1.28
29    1    0.023    2    2   0    1.05
88    2    0.000    1    2   0    1.07
137    2    -0.023    2    1   0    0.74
128    2    0.000    1    2   0    0.97
57    1    -0.023    1    1   0    0.72
8    1    0.000    1    1   1    0.86
68    1    0.000    1    1   1    0.61
130    2    0.060    1    2   0    0.90
101    2    -0.055    2    1   0    0.61
134    2    0.023    1    2   0    0.79
56    1    -0.055    1    1   0    0.65
149    2    0.023    1    2   0    0.64
121    2    -0.055    2    1   0    0.70
39    1    0.023    2    2   0    0.44
78    2    0.000    2    1   1    0.59
33    1    0.000    1    1   1    0.65
41    1    -0.055    1    1   0    0.65
73    1    0.000    1    1   1    0.42
63    1    0.000    1    1   1    0.92
111    2    -0.055    2    1   0    0.54
70    1    0.060    1    1   1    0.45
18    1    0.000    1    1   1    0.93
122    2    -0.023    2    1   0    0.61
79    2    0.023    1    2   0    0.58
55    1    0.060    2    2   0    0.54
58    1    0.000    1    1   1    0.73
14    1    0.023    2    2   0    0.87
52    1    -0.023    1    1   0    0.66
26    1    -0.055    1    1   0    0.78
126    2    -0.055    2    1   0    0.52
13    1    0.000    1    1   1    1.23
64    1    0.023    2    2   0    0.65
123    2    0.000    1    2   0    0.48
16    1    -0.055    1    1   0    0.56
97    2    -0.023    1    2   1    0.48
21    1    -0.055    1    1   0    0.66
98    2    0.000    1    2   0    0.88
25    1    0.060    2    2   0    0.34
47    1    -0.023    2    2   1    0.30
48    1    0.000    2    2   0    0.86
40    1    0.060    2    2   0    0.89
106    2    -0.055    2    1   0    0.78
7    1    -0.023    1    1   0    0.80
93    2    0.000    1    2   0    0.94
17    1    -0.023    1    1   0    0.63
61    1    -0.055    1    1   0    0.60
132    2    -0.023    1    2   1    1.00
82    2    -0.023    1    2   1    0.75
116    2    -0.055    2    1   0    0.50
10    1    0.060    2    2   0    0.45
38    1    0.000    2    2   0    0.89
109    2    0.023    1    2   0    0.76
22    1    -0.023    1    1   0    0.64
143    2    0.000    1    2   0    0.59
