--------------------------------
27-Mar-2015 11:07:37 
data from observer T24 
#occlusion2 expt 
reference disparity (degrees) 0.160000 

stim order disp kresp testresp correct time
1    1    0.074    2    2   0    3.30
2    2    -0.083    2    1   0    0.89
3    2    0.092    2    1   1    0.86
4    2    0.088    2    1   1    0.66
5    1    -0.088    1    1   0    0.69
6    1    -0.097    2    2   1    0.93
7    1    0.097    1    1   1    0.78
8    2    0.092    2    1   1    0.90
9    2    -0.092    2    1   0    0.71
10    1    -0.102    2    2   1    2.33
11    1    -0.102    2    2   1    0.57
12    1    -0.097    2    2   1    0.46
13    1    0.097    2    2   0    1.43
14    2    -0.106    2    1   0    0.92
15    1    -0.115    2    2   1    0.84
16    2    -0.115    2    1   0    0.65
17    1    -0.125    2    2   1    0.95
18    1    0.125    2    2   0    0.48
19    2    0.134    2    1   1    0.54
20    2    -0.134    1    2   1    1.78
21    1    -0.129    2    2   1    0.69
22    2    -0.129    1    2   1    1.87
23    1    -0.125    2    2   1    0.99
24    1    -0.125    2    2   1    0.98
25    1    0.120    2    2   0    0.71
26    1    -0.129    2    2   1    0.86
27    1    -0.129    2    2   1    0.61
28    2    -0.125    2    1   0    0.67
29    2    0.134    2    1   1    1.06
30    2    0.134    1    2   0    0.65
31    2    0.143    2    1   1    0.68
32    1    0.143    2    2   0    0.59
33    1    0.148    2    2   0    1.65
34    1    0.148    2    2   0    0.53
35    2    0.148    2    1   1    0.54
36    1    0.148    2    2   0    0.55
37    1    0.148    1    1   1    0.76
38    2    -0.148    1    2   1    0.98
39    1    -0.143    2    2   1    0.56
40    2    0.143    2    1   1    0.65
41    2    0.139    2    1   1    0.84
42    2    -0.139    2    1   0    0.47
43    1    -0.148    2    2   1    0.54
44    1    -0.148    2    2   1    0.50
45    2    0.143    2    1   1    0.79
46    1    -0.143    2    2   1    0.52
47    1    -0.139    2    2   1    0.53
48    1    0.139    2    2   0    1.45
49    2    -0.148    1    2   1    0.89
50    1    -0.148    2    2   1    0.48
-------------------------
Final staircase threshold estimate (mean) is 0.1432
-------------------------
136    2    -0.148    1    2   1    1.91
139    2    0.143    2    1   1    0.69
96    2    -0.148    1    2   1    0.81
62    1    -0.143    2    2   1    0.51
50    1    0.148    1    1   1    0.65
12    1    -0.143    2    2   1    0.44
43    1    0.000    1    1   1    0.58
105    2    0.148    2    1   1    0.55
51    1    -0.148    2    2   1    0.59
122    2    -0.143    1    2   1    0.90
73    1    0.000    2    2   0    0.55
6    1    -0.148    2    2   1    0.52
34    1    0.143    1    1   1    0.57
36    1    -0.148    2    2   1    0.54
131    2    -0.148    1    2   1    0.61
114    2    0.143    2    1   1    0.73
65    1    0.148    1    1   1    1.00
35    1    0.148    1    1   1    0.77
111    2    -0.148    1    2   1    0.63
7    1    -0.143    2    2   1    0.64
145    2    0.148    2    1   1    0.55
44    1    0.143    1    1   1    0.89
110    2    0.148    2    1   1    0.61
121    2    -0.148    1    2   1    1.44
64    1    0.143    2    2   0    0.83
61    1    -0.148    2    2   1    1.03
68    1    0.000    1    1   1    2.60
120    2    0.148    2    1   1    0.73
79    2    0.143    2    1   1    0.73
130    2    0.148    2    1   1    0.87
67    1    -0.143    2    2   1    1.42
80    2    0.148    2    1   1    0.51
13    1    0.000    1    1   1    1.07
116    2    -0.148    1    2   1    0.64
135    2    0.148    2    1   1    2.15
48    1    0.000    1    1   1    0.99
17    1    -0.143    2    2   1    0.63
141    2    -0.148    2    1   0    0.59
102    2    -0.143    1    2   1    0.83
86    2    -0.148    1    2   1    0.55
55    1    0.148    1    1   1    0.88
143    2    0.000    1    2   0    1.17
150    2    0.148    1    2   0    0.60
115    2    0.148    2    1   1    0.42
144    2    0.143    2    1   1    0.64
27    1    -0.143    2    2   1    0.54
33    1    0.000    1    1   1    0.57
31    1    -0.148    2    2   1    0.50
74    1    0.143    2    2   0    0.52
104    2    0.143    2    1   1    0.64
133    2    0.000    1    2   0    0.61
100    2    0.148    2    1   1    0.49
117    2    -0.143    1    2   1    0.42
146    2    -0.148    1    2   1    0.69
92    2    -0.143    1    2   1    0.54
19    1    0.143    1    1   1    0.53
109    2    0.143    2    1   1    0.70
94    2    0.143    2    1   1    1.14
138    2    0.000    1    2   0    0.70
47    1    -0.143    2    2   1    0.38
103    2    0.000    2    1   1    0.64
53    1    0.000    2    2   0    0.66
126    2    -0.148    1    2   1    0.65
8    1    0.000    1    1   1    0.72
90    2    0.148    2    1   1    0.44
98    2    0.000    2    1   1    0.64
23    1    0.000    1    1   1    0.57
20    1    0.148    2    2   0    0.48
134    2    0.143    1    2   0    0.63
129    2    0.143    2    1   1    0.79
2    1    -0.143    2    2   1    0.48
11    1    -0.148    2    2   1    0.57
69    1    0.143    2    2   0    1.26
128    2    0.000    2    1   1    0.52
32    1    -0.143    2    2   1    0.45
16    1    -0.148    2    2   1    0.57
119    2    0.143    2    1   1    0.50
113    2    0.000    2    1   1    0.74
84    2    0.143    1    2   0    0.50
91    2    -0.148    2    1   0    0.86
29    1    0.143    2    2   0    1.19
49    1    0.143    2    2   0    0.60
108    2    0.000    2    1   1    0.68
78    2    0.000    2    1   1    0.63
89    2    0.143    2    1   1    0.72
10    1    0.148    2    2   0    0.97
15    1    0.148    2    2   0    0.64
85    2    0.148    2    1   1    0.62
38    1    0.000    2    2   0    0.45
106    2    -0.148    2    1   0    0.48
56    1    -0.148    2    2   1    0.49
24    1    0.143    2    2   0    0.55
58    1    0.000    1    1   1    1.97
99    2    0.143    2    1   1    0.56
132    2    -0.143    2    1   0    0.60
83    2    0.000    1    2   0    0.40
26    1    -0.148    2    2   1    0.70
5    1    0.148    2    2   0    0.52
72    1    -0.143    2    2   1    0.78
142    2    -0.143    2    1   0    0.64
149    2    0.143    2    1   1    0.53
140    2    0.148    2    1   1    0.60
66    1    -0.148    2    2   1    0.53
28    1    0.000    2    2   0    0.57
45    1    0.148    2    2   0    0.71
71    1    -0.148    2    2   1    0.74
81    2    -0.148    1    2   1    1.39
147    2    -0.143    1    2   1    0.48
97    2    -0.143    1    2   1    0.57
1    1    -0.148    1    1   0    0.76
9    1    0.143    2    2   0    0.88
54    1    0.143    2    2   0    0.69
88    2    0.000    2    1   1    0.85
39    1    0.143    2    2   0    0.67
22    1    -0.143    2    2   1    0.55
3    1    0.000    1    1   1    1.03
137    2    -0.143    2    1   0    0.54
87    2    -0.143    2    1   0    0.76
41    1    -0.148    2    2   1    0.68
21    1    -0.148    2    2   1    1.16
107    2    -0.143    2    1   0    1.30
123    2    0.000    1    2   0    1.20
76    2    -0.148    2    1   0    0.77
40    1    0.148    2    2   0    0.97
46    1    -0.148    1    1   0    0.93
4    1    0.143    1    1   1    0.61
148    2    0.000    1    2   0    1.37
77    2    -0.143    1    2   1    0.73
57    1    -0.143    2    2   1    1.27
127    2    -0.143    1    2   1    1.24
118    2    0.000    2    1   1    2.28
63    1    0.000    2    2   0    1.34
101    2    -0.148    1    2   1    0.90
59    1    0.143    1    1   1    0.73
125    2    0.148    2    1   1    0.81
14    1    0.143    1    1   1    1.12
52    1    -0.143    2    2   1    0.59
75    2    0.148    1    2   0    0.72
42    1    -0.143    2    2   1    0.55
82    2    -0.143    1    2   1    1.51
70    1    0.148    2    2   0    0.73
18    1    0.000    1    1   1    0.93
25    1    0.148    2    2   0    0.66
95    2    0.148    2    1   1    0.82
30    1    0.148    2    2   0    0.74
124    2    0.143    2    1   1    0.96
112    2    -0.143    1    2   1    0.73
93    2    0.000    2    1   1    0.75
60    1    0.148    2    2   0    0.70
37    1    -0.143    2    2   1    0.68
