--------------------------------
27-Mar-2015 10:48:09 
data from observer T24 
#occlusion2 expt 
reference disparity (degrees) 0.160000 

stim order disp kresp testresp correct time
1    1    -0.074    2    2   1    3.39
2    1    0.069    2    2   0    0.91
3    1    0.079    1    1   1    0.91
4    2    -0.079    1    2   1    1.47
5    1    -0.074    2    2   1    1.28
6    1    0.074    2    2   0    1.53
7    1    0.083    2    2   0    1.91
8    2    -0.092    1    2   1    0.96
9    1    -0.092    2    2   1    1.53
10    1    0.088    2    2   0    2.77
11    1    0.097    1    1   1    0.70
12    1    -0.097    2    2   1    0.58
13    2    -0.092    1    2   1    0.61
14    2    0.092    1    2   0    1.45
15    1    -0.102    2    2   1    0.65
16    2    -0.102    1    2   1    0.58
17    1    -0.097    2    2   1    0.99
18    2    -0.097    2    1   0    0.60
19    2    -0.106    1    2   1    0.92
20    1    0.106    1    1   1    0.91
21    1    -0.102    1    1   0    0.63
22    1    -0.111    1    1   0    0.70
23    2    -0.120    1    2   1    0.72
24    2    -0.120    1    2   1    1.37
25    1    0.115    1    1   1    0.84
26    1    -0.115    2    2   1    0.60
27    1    -0.111    2    2   1    1.12
28    2    -0.111    2    1   0    1.25
29    2    -0.120    1    2   1    1.23
30    2    -0.120    1    2   1    0.66
31    2    0.115    1    2   0    0.97
32    2    -0.125    1    2   1    0.70
33    2    0.125    1    2   0    1.82
34    2    0.134    1    2   0    0.57
35    1    -0.143    1    1   0    0.75
36    1    0.148    1    1   1    1.49
37    1    0.148    1    1   1    0.62
38    1    0.143    1    1   1    0.78
39    1    -0.143    1    1   0    0.76
40    2    -0.148    1    2   1    0.57
41    1    0.148    1    1   1    0.59
42    2    -0.143    1    2   1    0.72
43    2    -0.143    1    2   1    0.65
44    2    -0.139    1    2   1    0.54
45    2    -0.139    1    2   1    0.55
46    2    0.134    1    2   0    0.56
47    1    -0.143    2    2   1    1.38
48    1    -0.143    2    2   1    1.36
49    1    -0.139    2    2   1    1.24
50    2    0.139    2    1   1    0.43
-------------------------
Final staircase threshold estimate (mean) is 0.1408
-------------------------
61    1    -0.148    2    2   1    2.40
144    2    0.143    2    1   1    0.58
123    2    0.000    2    1   1    1.43
46    1    -0.148    2    2   1    0.57
136    2    -0.148    2    1   0    0.60
6    1    -0.148    2    2   1    0.62
65    1    0.148    2    2   0    0.57
115    2    0.148    2    1   1    1.09
1    1    -0.148    1    1   0    0.58
31    1    -0.148    1    1   0    0.65
64    1    0.143    2    2   0    0.64
103    2    0.000    2    1   1    0.62
4    1    0.143    1    1   1    0.90
55    1    0.148    1    1   1    0.70
5    1    0.148    1    1   1    0.45
21    1    -0.148    1    1   0    0.51
113    2    0.000    1    2   0    0.59
49    1    0.143    1    1   1    0.49
90    2    0.148    1    2   0    0.51
29    1    0.143    1    1   1    0.57
3    1    0.000    1    1   1    0.41
15    1    0.148    1    1   1    0.33
81    2    -0.148    2    1   0    1.78
140    2    0.148    2    1   1    0.61
27    1    -0.143    2    2   1    0.85
62    1    -0.143    2    2   1    0.80
97    2    -0.143    2    1   0    0.85
52    1    -0.143    2    2   1    0.33
37    1    -0.143    2    2   1    0.58
51    1    -0.148    2    2   1    0.55
94    2    0.143    2    1   1    0.41
80    2    0.148    2    1   1    0.58
73    1    0.000    1    1   1    1.31
101    2    -0.148    2    1   0    0.70
38    1    0.000    2    2   0    0.67
68    1    0.000    2    2   0    0.80
40    1    0.148    2    2   0    1.09
126    2    -0.148    2    1   0    0.71
86    2    -0.148    2    1   0    0.72
127    2    -0.143    2    1   0    0.81
135    2    0.148    1    2   0    1.16
74    1    0.143    1    1   1    0.65
78    2    0.000    1    2   0    0.67
105    2    0.148    2    1   1    0.69
42    1    -0.143    2    2   1    0.52
93    2    0.000    2    1   1    0.60
131    2    -0.148    2    1   0    0.54
138    2    0.000    2    1   1    0.87
23    1    0.000    2    2   0    1.29
137    2    -0.143    2    1   0    0.53
26    1    -0.148    1    1   0    0.76
130    2    0.148    2    1   1    0.98
12    1    -0.143    2    2   1    0.57
30    1    0.148    2    2   0    0.56
67    1    -0.143    2    2   1    0.64
47    1    -0.143    2    2   1    0.79
45    1    0.148    2    2   0    0.65
96    2    -0.148    2    1   0    0.68
132    2    -0.143    2    1   0    0.66
56    1    -0.148    2    2   1    0.53
71    1    -0.148    2    2   1    0.81
33    1    0.000    2    2   0    1.16
114    2    0.143    2    1   1    0.60
18    1    0.000    2    2   0    0.79
48    1    0.000    2    2   0    0.86
87    2    -0.143    2    1   0    0.64
108    2    0.000    2    1   1    1.05
72    1    -0.143    1    1   0    1.12
116    2    -0.148    2    1   0    0.78
125    2    0.148    2    1   1    0.94
95    2    0.148    2    1   1    0.70
24    1    0.143    2    2   0    0.77
20    1    0.148    1    1   1    1.13
88    2    0.000    1    2   0    1.71
59    1    0.143    1    1   1    1.18
128    2    0.000    1    2   0    1.40
99    2    0.143    2    1   1    1.02
120    2    0.148    2    1   1    0.54
102    2    -0.143    2    1   0    0.60
39    1    0.143    2    2   0    0.87
14    1    0.143    2    2   0    0.69
104    2    0.143    2    1   1    0.70
133    2    0.000    2    1   1    0.64
53    1    0.000    2    2   0    0.81
145    2    0.148    2    1   1    0.70
54    1    0.143    1    1   1    1.04
124    2    0.143    1    2   0    1.02
8    1    0.000    1    1   1    0.89
91    2    -0.148    2    1   0    0.69
35    1    0.148    1    1   1    1.16
143    2    0.000    2    1   1    0.60
109    2    0.143    1    2   0    0.84
36    1    -0.148    2    2   1    0.67
122    2    -0.143    2    1   0    0.63
66    1    -0.148    2    2   1    0.64
118    2    0.000    2    1   1    0.66
112    2    -0.143    2    1   0    0.74
79    2    0.143    2    1   1    0.63
57    1    -0.143    2    2   1    0.70
22    1    -0.143    2    2   1    1.02
25    1    0.148    2    2   0    0.68
10    1    0.148    2    2   0    0.70
111    2    -0.148    1    2   1    1.05
2    1    -0.143    2    2   1    0.80
92    2    -0.143    2    1   0    2.77
117    2    -0.143    2    1   0    0.90
17    1    -0.143    2    2   1    2.83
100    2    0.148    2    1   1    0.80
70    1    0.148    1    1   1    2.26
106    2    -0.148    1    2   1    2.10
82    2    -0.143    1    2   1    1.32
60    1    0.148    1    1   1    1.87
147    2    -0.143    1    2   1    1.48
149    2    0.143    2    1   1    1.11
146    2    -0.148    1    2   1    1.47
19    1    0.143    1    1   1    0.85
110    2    0.148    1    2   0    1.30
11    1    -0.148    2    2   1    0.79
107    2    -0.143    2    1   0    0.80
84    2    0.143    2    1   1    1.27
9    1    0.143    1    1   1    1.60
121    2    -0.148    1    2   1    1.47
77    2    -0.143    1    2   1    1.06
16    1    -0.148    2    2   1    0.98
134    2    0.143    2    1   1    1.17
141    2    -0.148    1    2   1    0.81
44    1    0.143    1    1   1    1.24
85    2    0.148    2    1   1    0.67
139    2    0.143    2    1   1    0.78
13    1    0.000    2    2   0    2.00
142    2    -0.143    1    2   1    0.87
75    2    0.148    2    1   1    0.82
148    2    0.000    1    2   0    2.03
98    2    0.000    1    2   0    0.82
63    1    0.000    2    2   0    0.69
69    1    0.143    1    1   1    0.74
83    2    0.000    2    1   1    0.93
129    2    0.143    2    1   1    0.57
76    2    -0.148    1    2   1    1.08
32    1    -0.143    2    2   1    0.44
89    2    0.143    2    1   1    0.48
41    1    -0.148    2    2   1    1.09
150    2    0.148    2    1   1    0.81
43    1    0.000    2    2   0    1.03
7    1    -0.143    2    2   1    0.80
50    1    0.148    1    1   1    1.25
119    2    0.143    2    1   1    0.59
34    1    0.143    2    2   0    1.10
28    1    0.000    1    1   1    1.66
58    1    0.000    1    1   1    1.60
