--------------------------------
27-Mar-2015 11:26:37 
data from observer T24 
#occlusion2 expt 
reference disparity (degrees) 0.160000 

stim order disp kresp testresp correct time
1    1    -0.074    2    2   0    4.42
2    1    -0.083    2    2   0    1.73
3    2    -0.092    2    1   1    0.66
4    2    -0.088    2    1   1    0.59
5    2    0.088    1    2   1    1.40
6    2    -0.083    2    1   1    0.62
7    1    0.083    2    2   1    0.73
8    1    -0.079    1    1   1    0.79
9    1    -0.079    1    1   1    0.78
10    1    -0.074    1    1   1    0.75
11    1    0.074    2    2   1    0.56
12    2    -0.069    2    1   1    0.67
13    2    -0.069    2    1   1    0.79
14    1    0.065    2    2   1    0.70
15    2    0.065    1    2   1    0.85
16    2    0.060    1    2   1    0.60
17    1    -0.060    1    1   1    0.56
18    2    0.055    1    2   1    0.87
19    2    -0.055    2    1   1    1.03
20    1    -0.051    1    1   1    0.87
21    2    -0.051    2    1   1    0.81
22    2    -0.046    2    1   1    0.56
23    2    0.046    1    2   1    0.72
24    2    0.042    1    2   1    0.80
25    1    0.042    2    2   1    0.58
26    1    -0.037    1    1   1    0.67
27    1    -0.037    1    1   1    0.75
28    1    0.032    2    2   1    0.59
29    1    0.032    2    2   1    1.09
30    1    -0.028    1    1   1    0.69
31    1    -0.028    1    1   1    0.81
32    1    0.023    2    2   1    1.01
33    1    -0.023    1    1   1    0.81
34    2    -0.018    2    1   1    1.04
35    2    0.018    1    2   1    0.65
36    2    0.014    1    2   1    0.90
37    2    -0.014    2    1   1    2.33
38    2    0.009    1    2   1    0.66
39    1    -0.009    1    1   1    0.79
40    1    -0.005    1    1   1    0.90
41    2    -0.005    1    2   0    1.03
42    2    0.014    1    2   1    0.66
43    2    0.014    1    2   1    0.77
44    1    0.009    2    2   1    0.46
45    1    -0.009    1    1   1    0.56
46    2    0.005    1    2   1    2.02
47    1    0.005    1    1   0    0.89
48    1    -0.014    1    1   1    0.60
49    1    -0.014    2    2   0    0.89
50    1    0.023    2    2   1    0.69
-------------------------
Final staircase threshold estimate (mean) is 0.0111
-------------------------
10    1    0.028    2    2   0    1.45
30    1    0.028    2    2   0    0.63
64    1    0.009    2    2   0    1.47
43    1    0.000    1    1   1    0.73
128    2    0.000    1    2   0    1.17
41    1    -0.028    1    1   0    0.63
142    2    -0.009    2    1   0    0.79
89    2    0.009    2    1   1    0.46
58    1    0.000    1    1   1    0.64
114    2    0.009    1    2   0    0.77
36    1    -0.028    2    2   1    0.52
34    1    0.009    2    2   0    1.14
80    2    0.028    1    2   0    0.96
121    2    -0.028    2    1   0    0.58
101    2    -0.028    2    1   0    0.60
9    1    0.009    2    2   0    1.68
82    2    -0.009    2    1   0    1.06
50    1    0.028    2    2   0    0.71
45    1    0.028    2    2   0    0.70
13    1    0.000    1    1   1    1.04
3    1    0.000    2    2   0    0.79
77    2    -0.009    2    1   0    0.89
40    1    0.028    2    2   0    0.74
129    2    0.009    1    2   0    1.56
133    2    0.000    1    2   0    0.77
39    1    0.009    2    2   0    1.11
106    2    -0.028    2    1   0    0.63
102    2    -0.009    2    1   0    0.82
7    1    -0.009    1    1   0    0.83
124    2    0.009    1    2   0    0.76
122    2    -0.009    2    1   0    0.56
87    2    -0.009    2    1   0    1.44
84    2    0.009    1    2   0    1.59
146    2    -0.028    2    1   0    0.87
147    2    -0.009    2    1   0    0.93
135    2    0.028    1    2   0    0.85
12    1    -0.009    1    1   0    0.91
5    1    0.028    2    2   0    0.58
55    1    0.028    2    2   0    0.82
23    1    0.000    1    1   1    1.21
20    1    0.028    2    2   0    0.79
26    1    -0.028    1    1   0    0.75
60    1    0.028    2    2   0    0.61
66    1    -0.028    1    1   0    0.75
139    2    0.009    1    2   0    0.76
18    1    0.000    1    1   1    0.76
134    2    0.009    1    2   0    0.47
8    1    0.000    2    2   0    0.48
143    2    0.000    1    2   0    1.21
44    1    0.009    1    1   1    0.61
63    1    0.000    1    1   1    0.71
136    2    -0.028    2    1   0    0.79
25    1    0.028    1    1   1    0.53
110    2    0.028    1    2   0    0.87
71    1    -0.028    1    1   0    0.73
27    1    -0.009    1    1   0    0.69
149    2    0.009    1    2   0    0.96
130    2    0.028    1    2   0    0.76
11    1    -0.028    1    1   0    0.85
6    1    -0.028    1    1   0    0.63
104    2    0.009    2    1   1    0.57
112    2    -0.009    2    1   0    0.92
100    2    0.028    1    2   0    1.09
19    1    0.009    2    2   0    1.36
78    2    0.000    2    1   1    0.81
86    2    -0.028    2    1   0    0.79
115    2    0.028    1    2   0    1.89
24    1    0.009    2    2   0    0.93
59    1    0.009    1    1   1    0.83
83    2    0.000    2    1   1    1.10
47    1    -0.009    2    2   1    0.95
68    1    0.000    1    1   1    0.64
53    1    0.000    2    2   0    0.54
125    2    0.028    1    2   0    0.78
46    1    -0.028    1    1   0    0.67
74    1    0.009    2    2   0    0.60
17    1    -0.009    2    2   1    0.99
72    1    -0.009    1    1   0    0.78
79    2    0.009    1    2   0    0.83
4    1    0.009    2    2   0    1.06
57    1    -0.009    1    1   0    1.14
88    2    0.000    2    1   1    0.69
93    2    0.000    2    1   1    1.30
61    1    -0.028    1    1   0    0.89
123    2    0.000    2    1   1    0.60
96    2    -0.028    2    1   0    0.62
138    2    0.000    1    2   0    2.38
98    2    0.000    2    1   1    0.63
90    2    0.028    1    2   0    1.20
49    1    0.009    2    2   0    0.81
73    1    0.000    1    1   1    0.52
37    1    -0.009    2    2   1    0.92
14    1    0.009    2    2   0    0.91
31    1    -0.028    1    1   0    1.00
105    2    0.028    1    2   0    0.88
132    2    -0.009    2    1   0    0.83
141    2    -0.028    2    1   0    0.96
103    2    0.000    2    1   1    1.74
119    2    0.009    1    2   0    1.03
85    2    0.028    1    2   0    1.30
118    2    0.000    1    2   0    0.58
33    1    0.000    1    1   1    1.44
120    2    0.028    1    2   0    1.37
111    2    -0.028    2    1   0    0.65
140    2    0.028    1    2   0    0.73
127    2    -0.009    2    1   0    1.12
52    1    -0.009    1    1   0    2.38
67    1    -0.009    2    2   1    1.50
94    2    0.009    1    2   0    1.02
109    2    0.009    1    2   0    1.13
21    1    -0.028    1    1   0    0.86
116    2    -0.028    2    1   0    0.65
108    2    0.000    1    2   0    1.35
35    1    0.028    2    2   0    0.87
16    1    -0.028    1    1   0    0.81
15    1    0.028    2    2   0    0.60
92    2    -0.009    2    1   0    1.01
76    2    -0.028    2    1   0    0.79
75    2    0.028    2    1   1    0.93
65    1    0.028    2    2   0    0.73
70    1    0.028    2    2   0    0.62
148    2    0.000    2    1   1    0.49
81    2    -0.028    2    1   0    0.50
32    1    -0.009    2    2   1    0.72
126    2    -0.028    2    1   0    1.19
54    1    0.009    2    2   0    1.04
1    1    -0.028    2    2   1    1.26
42    1    -0.009    1    1   0    1.49
38    1    0.000    2    2   0    1.16
91    2    -0.028    2    1   0    0.69
69    1    0.009    2    2   0    1.95
99    2    0.009    1    2   0    1.35
95    2    0.028    1    2   0    0.70
48    1    0.000    1    1   1    0.92
28    1    0.000    1    1   1    0.53
137    2    -0.009    2    1   0    0.73
56    1    -0.028    1    1   0    0.86
150    2    0.028    1    2   0    0.90
51    1    -0.028    1    1   0    0.96
97    2    -0.009    1    2   1    1.13
131    2    -0.028    1    2   1    0.69
145    2    0.028    1    2   0    0.93
22    1    -0.009    1    1   0    0.72
107    2    -0.009    2    1   0    1.35
2    1    -0.009    1    1   0    0.72
144    2    0.009    1    2   0    0.58
117    2    -0.009    1    2   1    1.34
29    1    0.009    1    1   1    0.87
62    1    -0.009    1    1   0    0.71
113    2    0.000    1    2   0    2.72
