--------------------------------
27-Mar-2015 10:30:16 
data from observer T25 
#occlusion2 expt 
reference disparity (degrees) 0.160000 

stim order disp kresp testresp correct time
1    2    -0.074    2    1   1    1.40
2    1    0.069    2    2   1    0.64
3    2    0.065    1    2   1    0.75
4    1    0.060    2    2   1    0.55
5    2    0.055    1    2   1    0.57
6    2    -0.051    2    1   1    0.54
7    1    -0.046    1    1   1    0.62
8    2    -0.042    2    1   1    0.49
9    1    -0.037    1    1   1    0.56
10    1    -0.032    1    1   1    0.64
11    1    0.028    2    2   1    0.55
12    1    0.023    2    2   1    0.51
13    2    0.018    1    2   1    0.53
14    1    0.014    2    2   1    0.58
15    2    -0.009    2    1   1    0.60
16    2    -0.005    2    1   1    1.10
17    2    0.005    1    2   1    0.65
18    1    0.005    2    2   1    1.17
19    2    -0.005    1    2   0    1.04
20    1    -0.014    1    1   1    0.68
21    2    0.014    1    2   1    0.76
22    1    0.009    2    2   1    0.83
23    1    -0.009    1    1   1    0.73
24    1    -0.005    1    1   1    0.87
25    1    0.005    2    2   1    0.58
26    1    -0.005    1    1   1    0.92
27    1    0.005    2    2   1    1.15
28    2    0.005    1    2   1    1.33
29    2    0.005    1    2   1    1.19
30    1    -0.005    1    1   1    1.38
31    2    -0.005    2    1   1    0.71
32    1    -0.005    1    1   1    0.76
33    2    0.005    1    2   1    0.87
34    1    -0.005    1    1   1    0.88
35    1    0.005    2    2   1    0.59
36    1    0.005    2    2   1    0.78
37    2    0.005    1    2   1    0.56
38    1    0.005    2    2   1    1.10
39    1    0.005    2    2   1    0.69
40    1    0.005    2    2   1    0.64
41    2    0.005    1    2   1    0.55
42    1    -0.005    2    2   0    0.54
43    1    0.014    1    1   0    0.59
44    2    -0.023    2    1   1    0.62
45    1    0.023    2    2   1    0.52
46    1    -0.018    1    1   1    0.58
47    1    -0.018    1    1   1    0.61
48    1    -0.014    1    1   1    1.01
49    2    0.014    1    2   1    0.71
50    1    0.009    2    2   1    0.55
-------------------------
Final staircase threshold estimate (mean) is 0.0143
-------------------------
46    1    -0.037    2    2   1    1.80
11    1    -0.037    1    1   0    0.70
135    2    0.037    1    2   0    0.74
123    2    0.000    2    1   1    0.92
12    1    -0.014    1    1   0    0.56
36    1    -0.037    1    1   0    0.57
74    1    0.014    2    2   0    0.68
47    1    -0.014    1    1   0    0.65
148    2    0.000    1    2   0    0.70
28    1    0.000    2    2   0    0.62
61    1    -0.037    1    1   0    0.65
119    2    0.014    1    2   0    0.77
128    2    0.000    2    1   1    1.11
107    2    -0.014    2    1   0    0.65
144    2    0.014    1    2   0    0.70
147    2    -0.014    2    1   0    0.65
3    1    0.000    1    1   1    0.72
30    1    0.037    2    2   0    0.52
40    1    0.037    2    2   0    0.52
108    2    0.000    2    1   1    0.63
73    1    0.000    2    2   0    0.78
4    1    0.014    2    2   0    1.12
80    2    0.037    1    2   0    0.64
132    2    -0.014    2    1   0    0.89
37    1    -0.014    1    1   0    0.58
84    2    0.014    1    2   0    0.49
41    1    -0.037    2    2   1    0.82
105    2    0.037    1    2   0    0.70
81    2    -0.037    2    1   0    0.60
134    2    0.014    1    2   0    0.49
90    2    0.037    1    2   0    0.48
93    2    0.000    1    2   0    0.72
63    1    0.000    2    2   0    0.67
49    1    0.014    2    2   0    0.63
34    1    0.014    1    1   1    0.92
44    1    0.014    2    2   0    0.58
32    1    -0.014    1    1   0    0.75
5    1    0.037    2    2   0    0.61
2    1    -0.014    1    1   0    0.57
126    2    -0.037    2    1   0    0.72
68    1    0.000    1    1   1    0.77
149    2    0.014    1    2   0    0.89
18    1    0.000    1    1   1    0.77
39    1    0.014    2    2   0    0.71
43    1    0.000    1    1   1    1.27
60    1    0.037    2    2   0    0.65
48    1    0.000    2    2   0    1.01
70    1    0.037    2    2   0    0.77
102    2    -0.014    2    1   0    0.85
17    1    -0.014    1    1   0    0.90
145    2    0.037    1    2   0    1.29
62    1    -0.014    1    1   0    0.69
103    2    0.000    2    1   1    0.53
58    1    0.000    2    2   0    1.13
21    1    -0.037    1    1   0    0.67
7    1    -0.014    1    1   0    0.77
13    1    0.000    1    1   1    1.33
101    2    -0.037    2    1   0    0.62
141    2    -0.037    2    1   0    0.78
25    1    0.037    2    2   0    0.73
8    1    0.000    1    1   1    1.21
23    1    0.000    2    2   0    0.75
143    2    0.000    2    1   1    1.01
122    2    -0.014    1    2   1    0.88
66    1    -0.037    1    1   0    0.55
121    2    -0.037    2    1   0    0.49
6    1    -0.037    2    2   1    1.39
111    2    -0.037    2    1   0    0.58
57    1    -0.014    1    1   0    0.65
10    1    0.037    2    2   0    0.60
26    1    -0.037    1    1   0    0.50
97    2    -0.014    2    1   0    0.78
83    2    0.000    2    1   1    0.92
24    1    0.014    2    2   0    0.65
138    2    0.000    1    2   0    0.98
96    2    -0.037    2    1   0    0.67
69    1    0.014    2    2   0    0.65
118    2    0.000    2    1   1    0.95
106    2    -0.037    2    1   0    0.62
31    1    -0.037    1    1   0    0.60
117    2    -0.014    2    1   0    0.60
124    2    0.014    1    2   0    0.68
113    2    0.000    2    1   1    0.85
91    2    -0.037    2    1   0    0.57
55    1    0.037    2    2   0    0.60
75    2    0.037    1    2   0    0.64
89    2    0.014    1    2   0    0.62
131    2    -0.037    2    1   0    0.55
15    1    0.037    2    2   0    0.61
146    2    -0.037    2    1   0    0.54
53    1    0.000    1    1   1    0.57
1    1    -0.037    1    1   0    0.51
54    1    0.014    2    2   0    0.61
33    1    0.000    1    1   1    0.58
59    1    0.014    2    2   0    0.59
139    2    0.014    1    2   0    0.67
142    2    -0.014    2    1   0    0.66
136    2    -0.037    2    1   0    0.54
137    2    -0.014    2    1   0    0.76
9    1    0.014    2    2   0    0.65
116    2    -0.037    2    1   0    0.65
67    1    -0.014    1    1   0    0.89
38    1    0.000    1    1   1    0.85
99    2    0.014    1    2   0    0.82
110    2    0.037    1    2   0    0.63
64    1    0.014    2    2   0    0.64
114    2    0.014    1    2   0    0.62
45    1    0.037    2    2   0    0.58
150    2    0.037    1    2   0    0.62
50    1    0.037    2    2   0    0.80
27    1    -0.014    1    1   0    0.49
51    1    -0.037    1    1   0    0.76
112    2    -0.014    2    1   0    0.77
94    2    0.014    1    2   0    0.47
104    2    0.014    1    2   0    0.67
78    2    0.000    1    2   0    0.86
140    2    0.037    1    2   0    0.61
85    2    0.037    1    2   0    0.72
29    1    0.014    2    2   0    0.70
72    1    -0.014    1    1   0    0.71
127    2    -0.014    2    1   0    0.91
76    2    -0.037    2    1   0    0.55
130    2    0.037    1    2   0    0.66
129    2    0.014    1    2   0    0.98
65    1    0.037    2    2   0    0.71
115    2    0.037    1    2   0    0.60
20    1    0.037    2    2   0    0.81
87    2    -0.014    2    1   0    0.60
100    2    0.037    1    2   0    0.56
71    1    -0.037    1    1   0    0.60
77    2    -0.014    2    1   0    0.57
88    2    0.000    1    2   0    0.50
92    2    -0.014    2    1   0    0.55
52    1    -0.014    1    1   0    0.43
56    1    -0.037    1    1   0    0.51
95    2    0.037    1    2   0    0.60
19    1    0.014    2    2   0    0.76
82    2    -0.014    2    1   0    1.26
22    1    -0.014    1    1   0    0.53
86    2    -0.037    2    1   0    0.62
79    2    0.014    1    2   0    0.63
16    1    -0.037    1    1   0    0.80
120    2    0.037    1    2   0    0.64
133    2    0.000    2    1   1    0.91
98    2    0.000    2    1   1    1.23
109    2    0.014    1    2   0    0.65
35    1    0.037    2    2   0    0.60
42    1    -0.014    1    1   0    0.59
125    2    0.037    1    2   0    0.90
14    1    0.014    2    2   0    0.85
