--------------------------------
27-Mar-2015 09:49:45 
data from observer T25 
#occlusion2 expt 
reference disparity (degrees) 0.160000 

stim order disp kresp testresp correct time
1    2    -0.074    1    2   1    3.20
2    2    0.069    2    1   1    1.15
3    2    0.065    2    1   1    1.19
4    1    -0.060    2    2   1    1.25
5    2    0.055    2    1   1    1.55
6    1    0.051    1    1   1    1.32
7    1    -0.046    2    2   1    1.12
8    2    0.042    2    1   1    1.17
9    2    0.037    2    1   1    1.25
10    1    0.032    1    1   1    0.88
11    2    0.028    2    1   1    0.91
12    1    0.023    1    1   1    0.86
13    2    -0.018    1    2   1    0.96
14    1    0.014    1    1   1    1.05
15    2    -0.009    1    2   1    1.57
16    2    0.005    2    1   1    1.89
17    2    0.005    1    2   0    2.11
18    1    0.014    1    1   1    0.68
19    2    -0.014    1    2   1    0.87
20    2    -0.009    1    2   1    0.82
21    1    0.009    2    2   0    0.73
22    2    -0.018    1    2   1    0.80
23    1    0.018    1    1   1    0.61
24    2    0.014    2    1   1    1.24
25    1    -0.014    2    2   1    0.61
26    1    -0.009    2    2   1    1.13
27    1    -0.009    2    2   1    0.86
28    1    0.005    1    1   1    0.76
29    1    -0.005    2    2   1    1.07
30    1    0.005    1    1   1    0.65
31    2    -0.005    1    2   1    0.94
32    1    0.005    1    1   1    0.77
33    2    0.005    1    2   0    1.13
34    2    -0.014    1    2   1    0.65
35    1    -0.014    2    2   1    0.61
36    1    -0.009    2    2   1    1.09
37    2    0.009    2    1   1    0.93
38    2    0.005    2    1   1    1.05
39    2    -0.005    1    2   1    0.72
40    1    -0.005    2    2   1    1.75
41    2    -0.005    1    2   1    0.63
42    1    0.005    1    1   1    0.85
43    1    -0.005    1    1   0    0.93
44    2    0.014    2    1   1    0.84
45    2    -0.014    1    2   1    0.61
46    2    0.009    2    1   1    1.27
47    1    -0.009    1    1   0    0.57
48    1    0.018    1    1   1    0.62
49    2    0.018    2    1   1    0.63
50    1    -0.014    2    2   1    0.92
-------------------------
Final staircase threshold estimate (mean) is 0.0111
-------------------------
123    2    0.000    1    2   0    2.64
105    2    0.028    2    1   1    0.63
37    1    -0.009    2    2   1    0.58
1    1    -0.028    2    2   1    0.61
116    2    -0.028    1    2   1    0.65
24    1    0.009    1    1   1    0.59
51    1    -0.028    2    2   1    0.60
142    2    -0.009    1    2   1    0.49
78    2    0.000    1    2   0    0.75
103    2    0.000    1    2   0    1.35
57    1    -0.009    2    2   1    0.99
54    1    0.009    1    1   1    0.65
28    1    0.000    1    1   1    1.01
45    1    0.028    1    1   1    0.81
121    2    -0.028    1    2   1    1.00
7    1    -0.009    2    2   1    1.70
127    2    -0.009    1    2   1    1.13
150    2    0.028    2    1   1    0.95
129    2    0.009    2    1   1    2.47
15    1    0.028    1    1   1    0.61
87    2    -0.009    1    2   1    0.60
140    2    0.028    2    1   1    0.63
108    2    0.000    1    2   0    1.52
18    1    0.000    1    1   1    1.22
107    2    -0.009    1    2   1    0.95
138    2    0.000    1    2   0    1.28
109    2    0.009    2    1   1    0.61
36    1    -0.028    2    2   1    0.76
77    2    -0.009    1    2   1    0.83
111    2    -0.028    1    2   1    0.88
58    1    0.000    1    1   1    1.05
101    2    -0.028    1    2   1    0.81
32    1    -0.009    2    2   1    1.37
22    1    -0.009    2    2   1    1.26
60    1    0.028    1    1   1    0.66
148    2    0.000    2    1   1    1.46
39    1    0.009    1    1   1    0.98
59    1    0.009    1    1   1    1.12
34    1    0.009    1    1   1    1.15
79    2    0.009    2    1   1    0.98
35    1    0.028    1    1   1    0.63
112    2    -0.009    1    2   1    1.01
122    2    -0.009    1    2   1    0.85
2    1    -0.009    2    2   1    0.76
4    1    0.009    1    1   1    0.72
19    1    0.009    1    1   1    0.87
71    1    -0.028    2    2   1    0.81
143    2    0.000    1    2   0    1.04
92    2    -0.009    1    2   1    1.06
128    2    0.000    2    1   1    1.59
33    1    0.000    1    1   1    1.32
6    1    -0.028    2    2   1    0.72
90    2    0.028    2    1   1    0.54
16    1    -0.028    2    2   1    0.67
94    2    0.009    1    2   0    1.40
56    1    -0.028    2    2   1    0.59
27    1    -0.009    2    2   1    1.06
26    1    -0.028    2    2   1    0.70
29    1    0.009    1    1   1    0.94
49    1    0.009    1    1   1    1.11
25    1    0.028    1    1   1    0.83
83    2    0.000    2    1   1    0.78
88    2    0.000    1    2   0    1.35
117    2    -0.009    1    2   1    1.01
73    1    0.000    2    2   0    0.87
38    1    0.000    2    2   0    0.85
82    2    -0.009    1    2   1    1.03
104    2    0.009    1    2   0    0.91
145    2    0.028    2    1   1    2.26
91    2    -0.028    2    1   0    0.71
96    2    -0.028    1    2   1    1.46
130    2    0.028    2    1   1    0.80
114    2    0.009    2    1   1    0.86
89    2    0.009    2    1   1    0.84
14    1    0.009    1    1   1    1.28
99    2    0.009    2    1   1    2.44
41    1    -0.028    2    2   1    1.03
147    2    -0.009    1    2   1    1.02
3    1    0.000    2    2   0    1.22
63    1    0.000    2    2   0    1.98
64    1    0.009    1    1   1    1.57
81    2    -0.028    1    2   1    0.82
119    2    0.009    2    1   1    0.84
70    1    0.028    1    1   1    0.81
118    2    0.000    2    1   1    0.54
139    2    0.009    2    1   1    0.86
144    2    0.009    2    1   1    0.66
44    1    0.009    1    1   1    0.60
47    1    -0.009    2    2   1    0.62
68    1    0.000    1    1   1    1.05
74    1    0.009    2    2   0    1.26
5    1    0.028    1    1   1    0.86
50    1    0.028    1    1   1    0.60
30    1    0.028    1    1   1    1.01
137    2    -0.009    1    2   1    1.48
65    1    0.028    1    1   1    1.43
132    2    -0.009    1    2   1    1.59
67    1    -0.009    2    2   1    0.87
134    2    0.009    2    1   1    0.96
9    1    0.009    1    1   1    0.74
53    1    0.000    1    1   1    0.95
85    2    0.028    2    1   1    0.54
86    2    -0.028    1    2   1    0.55
10    1    0.028    1    1   1    0.71
11    1    -0.028    2    2   1    0.61
76    2    -0.028    1    2   1    1.11
133    2    0.000    1    2   0    1.08
110    2    0.028    2    1   1    0.64
55    1    0.028    1    1   1    0.66
61    1    -0.028    2    2   1    0.56
149    2    0.009    1    2   0    0.78
95    2    0.028    2    1   1    0.66
75    2    0.028    2    1   1    0.63
97    2    -0.009    1    2   1    0.60
135    2    0.028    2    1   1    0.59
12    1    -0.009    2    2   1    1.04
126    2    -0.028    1    2   1    0.62
62    1    -0.009    2    2   1    0.69
125    2    0.028    2    1   1    0.56
113    2    0.000    1    2   0    0.63
84    2    0.009    2    1   1    0.68
93    2    0.000    1    2   0    0.93
146    2    -0.028    1    2   1    0.78
21    1    -0.028    2    2   1    0.87
106    2    -0.028    1    2   1    0.61
131    2    -0.028    1    2   1    0.62
17    1    -0.009    2    2   1    1.31
120    2    0.028    2    1   1    1.04
13    1    0.000    1    1   1    1.30
136    2    -0.028    1    2   1    0.75
80    2    0.028    2    1   1    1.40
40    1    0.028    1    1   1    0.66
102    2    -0.009    1    2   1    1.23
48    1    0.000    1    1   1    0.95
100    2    0.028    2    1   1    0.73
141    2    -0.028    1    2   1    0.56
69    1    0.009    1    1   1    0.66
115    2    0.028    2    1   1    0.50
8    1    0.000    1    1   1    1.05
42    1    -0.009    1    1   0    0.93
52    1    -0.009    2    2   1    0.95
46    1    -0.028    2    2   1    0.73
98    2    0.000    2    1   1    1.23
124    2    0.009    2    1   1    0.97
72    1    -0.009    2    2   1    1.11
20    1    0.028    1    1   1    0.87
43    1    0.000    1    1   1    1.01
66    1    -0.028    2    2   1    0.67
31    1    -0.028    2    2   1    0.73
23    1    0.000    1    1   1    0.78
