--------------------------------
27-Mar-2015 10:35:54 
data from observer T25 
#occlusion2 expt 
reference disparity (degrees) 0.160000 

stim order disp kresp testresp correct time
1    2    0.074    1    2   1    1.02
2    2    0.069    1    2   1    0.77
3    1    -0.065    1    1   1    0.56
4    1    -0.060    1    1   1    0.45
5    2    -0.055    2    1   1    0.52
6    1    -0.051    1    1   1    0.44
7    2    0.046    1    2   1    0.45
8    2    -0.042    2    1   1    0.47
9    2    -0.037    2    1   1    0.51
10    2    0.032    1    2   1    0.57
11    1    -0.028    1    1   1    0.50
12    1    0.023    2    2   1    0.52
13    1    -0.018    1    1   1    0.51
14    2    -0.014    2    1   1    0.53
15    1    0.009    2    2   1    0.81
16    2    -0.005    1    2   0    0.72
17    1    -0.014    1    1   1    0.61
18    1    -0.014    1    1   1    0.60
19    1    -0.009    1    1   1    0.55
20    2    -0.009    1    2   0    0.51
21    2    0.018    1    2   1    0.50
22    2    0.018    1    2   1    0.43
23    1    0.014    2    2   1    0.90
24    2    0.014    1    2   1    0.66
25    1    -0.009    1    1   1    0.54
26    1    0.009    2    2   1    0.65
27    1    0.005    1    1   0    0.47
28    2    0.014    1    2   1    0.54
29    2    -0.014    2    1   1    0.96
30    2    -0.009    2    1   1    0.83
31    2    -0.009    1    2   0    0.98
32    1    -0.018    1    1   1    0.61
33    1    -0.018    1    1   1    0.55
34    2    0.014    1    2   1    0.62
35    1    -0.014    1    1   1    0.66
36    1    -0.009    1    1   1    0.75
37    2    0.009    1    2   1    1.04
38    2    0.005    1    2   1    1.44
39    1    -0.005    1    1   1    1.40
40    2    -0.005    1    2   0    1.59
41    1    -0.014    1    1   1    1.59
42    1    0.014    2    2   1    0.95
43    1    0.009    2    2   1    1.29
44    2    0.009    1    2   1    0.60
45    2    -0.005    1    2   0    1.29
46    2    -0.014    2    1   1    0.73
47    2    0.014    1    2   1    0.78
48    1    0.009    2    2   1    1.05
49    2    -0.009    2    1   1    1.13
50    1    0.005    1    1   0    1.41
-------------------------
Final staircase threshold estimate (mean) is 0.0102
-------------------------
5    1    0.028    2    2   0    1.16
37    1    -0.009    1    1   0    0.61
19    1    0.009    2    2   0    0.98
53    1    0.000    1    1   1    0.93
79    2    0.009    1    2   0    0.76
128    2    0.000    1    2   0    0.79
36    1    -0.023    1    1   0    0.58
47    1    -0.009    1    1   0    0.87
26    1    -0.023    1    1   0    0.82
136    2    -0.023    2    1   0    0.53
50    1    0.028    2    2   0    0.67
84    2    0.009    1    2   0    0.66
12    1    -0.009    1    1   0    0.66
117    2    -0.009    2    1   0    0.76
61    1    -0.023    1    1   0    0.59
139    2    0.009    1    2   0    0.80
41    1    -0.023    1    1   0    0.57
32    1    -0.009    1    1   0    1.06
130    2    0.028    1    2   0    0.48
48    1    0.000    1    1   1    0.64
145    2    0.028    1    2   0    0.78
54    1    0.009    2    2   0    0.72
28    1    0.000    1    1   1    1.32
70    1    0.028    2    2   0    0.63
72    1    -0.009    1    1   0    0.71
105    2    0.028    1    2   0    0.66
21    1    -0.023    1    1   0    0.64
58    1    0.000    1    1   1    0.87
16    1    -0.023    1    1   0    0.68
68    1    0.000    1    1   1    0.61
120    2    0.028    1    2   0    0.66
146    2    -0.023    2    1   0    0.60
73    1    0.000    2    2   0    1.35
4    1    0.009    2    2   0    0.67
147    2    -0.009    2    1   0    0.64
52    1    -0.009    1    1   0    0.53
108    2    0.000    1    2   0    0.96
56    1    -0.023    1    1   0    0.57
67    1    -0.009    1    1   0    0.64
60    1    0.028    2    2   0    0.52
9    1    0.009    2    2   0    0.62
3    1    0.000    1    1   1    0.54
109    2    0.009    1    2   0    0.78
17    1    -0.009    1    1   0    0.69
42    1    -0.009    1    1   0    1.57
102    2    -0.009    2    1   0    1.03
24    1    0.009    2    2   0    0.75
99    2    0.009    1    2   0    0.76
29    1    0.009    2    2   0    0.68
122    2    -0.009    1    2   1    0.68
51    1    -0.023    1    1   0    0.90
71    1    -0.023    1    1   0    0.51
140    2    0.028    1    2   0    0.63
83    2    0.000    1    2   0    0.88
20    1    0.028    2    2   0    0.57
129    2    0.009    1    2   0    0.58
150    2    0.028    1    2   0    0.60
45    1    0.028    2    2   0    0.74
55    1    0.028    2    2   0    0.62
74    1    0.009    1    1   1    0.42
88    2    0.000    1    2   0    0.75
103    2    0.000    2    1   1    0.91
66    1    -0.023    1    1   0    0.49
144    2    0.009    1    2   0    0.64
64    1    0.009    2    2   0    0.93
39    1    0.009    2    2   0    0.81
115    2    0.028    1    2   0    0.58
82    2    -0.009    2    1   0    1.13
135    2    0.028    1    2   0    0.56
40    1    0.028    2    2   0    0.54
22    1    -0.009    1    1   0    0.51
38    1    0.000    1    1   1    0.69
6    1    -0.023    1    1   0    0.59
93    2    0.000    2    1   1    0.75
118    2    0.000    1    2   0    0.75
33    1    0.000    2    2   0    1.04
25    1    0.028    2    2   0    0.62
132    2    -0.009    2    1   0    0.94
101    2    -0.023    2    1   0    0.74
148    2    0.000    1    2   0    0.96
121    2    -0.023    2    1   0    0.67
142    2    -0.009    2    1   0    0.73
143    2    0.000    1    2   0    0.68
18    1    0.000    1    1   1    1.00
77    2    -0.009    1    2   1    1.46
62    1    -0.009    1    1   0    0.74
149    2    0.009    1    2   0    0.71
127    2    -0.009    2    1   0    0.77
80    2    0.028    1    2   0    0.51
13    1    0.000    1    1   1    0.94
90    2    0.028    1    2   0    0.59
78    2    0.000    1    2   0    0.76
10    1    0.028    2    2   0    0.53
95    2    0.028    1    2   0    0.48
138    2    0.000    1    2   0    0.62
113    2    0.000    1    2   0    0.81
96    2    -0.023    2    1   0    0.56
92    2    -0.009    2    1   0    0.61
134    2    0.009    1    2   0    0.61
85    2    0.028    1    2   0    0.84
89    2    0.009    1    2   0    0.71
30    1    0.028    2    2   0    0.53
124    2    0.009    1    2   0    0.63
87    2    -0.009    2    1   0    0.76
104    2    0.009    1    2   0    0.71
15    1    0.028    2    2   0    0.62
57    1    -0.009    1    1   0    0.62
97    2    -0.009    2    1   0    0.60
35    1    0.028    2    2   0    0.66
100    2    0.028    1    2   0    0.50
119    2    0.009    1    2   0    0.54
8    1    0.000    1    1   1    0.51
44    1    0.009    2    2   0    0.83
91    2    -0.023    2    1   0    0.61
31    1    -0.023    1    1   0    0.56
11    1    -0.023    2    2   1    0.56
111    2    -0.023    2    1   0    0.53
63    1    0.000    1    1   1    0.67
112    2    -0.009    1    2   1    0.71
1    1    -0.023    1    1   0    0.49
123    2    0.000    1    2   0    0.57
23    1    0.000    1    1   1    0.73
114    2    0.009    2    1   1    1.56
116    2    -0.023    2    1   0    0.83
98    2    0.000    1    2   0    0.69
14    1    0.009    2    2   0    0.94
43    1    0.000    1    1   1    0.65
141    2    -0.023    2    1   0    0.60
133    2    0.000    1    2   0    0.98
81    2    -0.023    2    1   0    0.72
2    1    -0.009    1    1   0    0.79
46    1    -0.023    1    1   0    1.21
27    1    -0.009    1    1   0    1.01
76    2    -0.023    2    1   0    0.76
126    2    -0.023    2    1   0    0.48
94    2    0.009    1    2   0    1.58
49    1    0.009    2    2   0    0.57
59    1    0.009    2    2   0    1.11
69    1    0.009    1    1   1    0.73
137    2    -0.009    2    1   0    0.72
107    2    -0.009    2    1   0    0.95
106    2    -0.023    2    1   0    0.62
125    2    0.028    1    2   0    0.57
7    1    -0.009    1    1   0    0.78
86    2    -0.023    2    1   0    0.65
34    1    0.009    1    1   1    0.88
131    2    -0.023    2    1   0    0.65
65    1    0.028    2    2   0    0.59
110    2    0.028    1    2   0    0.63
75    2    0.028    1    2   0    0.78
