--------------------------------
27-Mar-2015 10:24:28 
data from observer T25 
#occlusion2 expt 
reference disparity (degrees) 0.160000 

stim order disp kresp testresp correct time
1    1    -0.074    1    1   1    1.72
2    1    -0.069    1    1   1    0.68
3    1    0.065    2    2   1    0.55
4    1    0.060    2    2   1    0.56
5    2    0.055    1    2   1    0.51
6    2    0.051    1    2   1    0.55
7    2    0.046    1    2   1    0.47
8    1    0.042    2    2   1    0.55
9    2    -0.037    2    1   1    0.52
10    2    -0.032    2    1   1    0.53
11    1    -0.028    1    1   1    0.58
12    1    -0.023    1    1   1    0.57
13    2    0.018    1    2   1    0.79
14    2    -0.014    2    1   1    0.89
15    1    0.009    2    2   1    0.63
16    1    0.005    1    1   0    0.83
17    1    -0.014    1    1   1    0.58
18    2    -0.014    1    2   0    0.46
19    2    -0.023    2    1   1    0.78
20    2    -0.023    2    1   1    0.61
21    2    0.018    1    2   1    0.50
22    1    0.018    2    2   1    0.72
23    2    -0.014    1    2   0    0.56
24    1    -0.023    1    1   1    0.77
25    2    0.023    1    2   1    0.82
26    1    0.018    2    2   1    0.79
27    1    -0.018    1    1   1    0.54
28    2    -0.014    2    1   1    0.84
29    1    -0.014    1    1   1    0.53
30    2    0.009    1    2   1    1.18
31    2    0.009    1    2   1    0.56
32    1    0.005    1    1   0    0.69
33    2    0.014    1    2   1    0.65
34    1    -0.014    1    1   1    0.80
35    1    0.009    2    2   1    0.88
36    1    -0.009    1    1   1    0.51
37    2    -0.005    2    1   1    0.70
38    2    0.005    1    2   1    0.62
39    2    0.005    1    2   1    0.59
40    2    0.005    1    2   1    0.49
41    1    -0.005    1    1   1    0.51
42    1    -0.005    1    1   1    0.50
43    2    0.005    1    2   1    0.47
44    2    -0.005    1    2   0    0.52
45    1    -0.014    1    1   1    0.51
46    1    0.014    2    2   1    0.66
47    1    -0.009    1    1   1    0.55
48    2    0.009    1    2   1    0.59
49    2    0.005    1    2   1    0.61
50    2    0.005    1    2   1    0.60
-------------------------
Final staircase threshold estimate (mean) is 0.0074
-------------------------
66    1    -0.018    1    1   0    1.63
109    2    0.009    1    2   0    0.56
54    1    0.009    2    2   0    0.82
39    1    0.009    2    2   0    0.67
130    2    0.018    1    2   0    0.47
136    2    -0.018    2    1   0    0.60
96    2    -0.018    2    1   0    0.62
112    2    -0.009    2    1   0    0.59
16    1    -0.018    1    1   0    0.54
52    1    -0.009    1    1   0    0.54
138    2    0.000    1    2   0    0.65
71    1    -0.018    1    1   0    0.51
141    2    -0.018    2    1   0    0.54
146    2    -0.018    2    1   0    0.57
121    2    -0.018    2    1   0    0.64
36    1    -0.018    1    1   0    0.57
42    1    -0.009    1    1   0    0.58
131    2    -0.018    2    1   0    0.68
4    1    0.009    1    1   1    0.46
7    1    -0.009    1    1   0    0.53
37    1    -0.009    1    1   0    0.46
78    2    0.000    1    2   0    0.55
113    2    0.000    1    2   0    0.63
97    2    -0.009    2    1   0    0.60
118    2    0.000    1    2   0    0.62
48    1    0.000    1    1   1    0.58
24    1    0.009    2    2   0    0.81
73    1    0.000    1    1   1    0.71
9    1    0.009    2    2   0    0.66
29    1    0.009    1    1   1    0.51
51    1    -0.018    1    1   0    0.56
95    2    0.018    1    2   0    0.73
145    2    0.018    1    2   0    0.60
79    2    0.009    1    2   0    0.58
8    1    0.000    2    2   0    0.88
14    1    0.009    2    2   0    0.62
77    2    -0.009    2    1   0    0.96
58    1    0.000    1    1   1    0.72
74    1    0.009    2    2   0    0.98
120    2    0.018    1    2   0    0.64
67    1    -0.009    1    1   0    0.55
31    1    -0.018    1    1   0    0.63
22    1    -0.009    1    1   0    0.71
111    2    -0.018    2    1   0    0.61
26    1    -0.018    1    1   0    0.63
116    2    -0.018    1    2   1    0.58
46    1    -0.018    1    1   0    0.57
76    2    -0.018    2    1   0    0.74
5    1    0.018    1    1   1    0.69
92    2    -0.009    1    2   1    1.22
91    2    -0.018    2    1   0    0.69
98    2    0.000    1    2   0    0.59
89    2    0.009    1    2   0    0.66
11    1    -0.018    1    1   0    0.62
72    1    -0.009    1    1   0    0.74
44    1    0.009    2    2   0    0.59
19    1    0.009    1    1   1    0.70
87    2    -0.009    2    1   0    0.70
81    2    -0.018    2    1   0    0.69
137    2    -0.009    2    1   0    1.02
133    2    0.000    1    2   0    0.60
134    2    0.009    1    2   0    0.48
142    2    -0.009    1    2   1    0.54
103    2    0.000    1    2   0    0.78
84    2    0.009    1    2   0    0.61
143    2    0.000    1    2   0    0.69
69    1    0.009    2    2   0    0.77
68    1    0.000    1    1   1    0.59
107    2    -0.009    1    2   1    0.78
147    2    -0.009    1    2   1    0.76
128    2    0.000    1    2   0    0.68
6    1    -0.018    1    1   0    0.59
114    2    0.009    1    2   0    0.54
105    2    0.018    1    2   0    0.55
43    1    0.000    1    1   1    0.74
94    2    0.009    1    2   0    0.80
34    1    0.009    2    2   0    0.68
140    2    0.018    1    2   0    0.65
126    2    -0.018    2    1   0    0.60
13    1    0.000    1    1   1    0.59
53    1    0.000    1    1   1    0.99
20    1    0.018    2    2   0    0.64
65    1    0.018    2    2   0    0.92
17    1    -0.009    1    1   0    0.73
59    1    0.009    2    2   0    0.57
2    1    -0.009    1    1   0    0.58
135    2    0.018    1    2   0    0.62
85    2    0.018    1    2   0    0.59
62    1    -0.009    1    1   0    0.62
149    2    0.009    1    2   0    0.56
144    2    0.009    1    2   0    0.64
88    2    0.000    1    2   0    0.67
82    2    -0.009    2    1   0    0.60
10    1    0.018    2    2   0    0.62
101    2    -0.018    2    1   0    0.78
123    2    0.000    1    2   0    1.02
15    1    0.018    2    2   0    0.68
139    2    0.009    1    2   0    0.79
104    2    0.009    1    2   0    1.00
57    1    -0.009    1    1   0    0.68
75    2    0.018    1    2   0    0.87
40    1    0.018    2    2   0    0.89
148    2    0.000    2    1   1    1.11
119    2    0.009    1    2   0    0.70
132    2    -0.009    2    1   0    0.90
45    1    0.018    2    2   0    0.85
32    1    -0.009    1    1   0    0.59
100    2    0.018    1    2   0    0.69
117    2    -0.009    2    1   0    0.75
12    1    -0.009    1    1   0    0.64
63    1    0.000    1    1   1    0.80
28    1    0.000    1    1   1    1.06
33    1    0.000    1    1   1    0.86
41    1    -0.018    1    1   0    0.69
80    2    0.018    1    2   0    0.70
106    2    -0.018    2    1   0    0.54
47    1    -0.009    1    1   0    0.62
55    1    0.018    2    2   0    0.55
23    1    0.000    2    2   0    0.56
64    1    0.009    1    1   1    0.62
102    2    -0.009    2    1   0    0.60
27    1    -0.009    1    1   0    0.53
122    2    -0.009    1    2   1    1.11
38    1    0.000    1    1   1    0.53
108    2    0.000    1    2   0    0.82
49    1    0.009    2    2   0    1.41
1    1    -0.018    1    1   0    0.65
70    1    0.018    2    2   0    0.99
25    1    0.018    2    2   0    0.99
90    2    0.018    1    2   0    0.58
115    2    0.018    1    2   0    0.72
129    2    0.009    2    1   1    0.55
61    1    -0.018    1    1   0    0.53
150    2    0.018    1    2   0    0.61
127    2    -0.009    2    1   0    0.94
93    2    0.000    1    2   0    0.57
56    1    -0.018    1    1   0    0.73
35    1    0.018    2    2   0    1.05
50    1    0.018    2    2   0    0.66
21    1    -0.018    1    1   0    0.62
83    2    0.000    1    2   0    1.05
60    1    0.018    2    2   0    0.89
124    2    0.009    1    2   0    0.65
99    2    0.009    1    2   0    1.09
86    2    -0.018    2    1   0    0.61
30    1    0.018    2    2   0    0.67
125    2    0.018    1    2   0    0.73
18    1    0.000    1    1   1    0.92
110    2    0.018    1    2   0    0.83
3    1    0.000    1    1   1    0.70
