--------------------------------
27-Mar-2015 09:43:54 
data from observer T25 
#occlusion2 expt 
reference disparity (degrees) 0.160000 

stim order disp kresp testresp correct time
1    1    -0.074    2    2   1    2.14
2    1    -0.069    2    2   1    0.81
3    1    -0.065    2    2   1    0.78
4    1    0.060    1    1   1    0.66
5    1    -0.055    2    2   1    0.51
6    2    0.051    2    1   1    0.57
7    1    -0.046    2    2   1    0.63
8    2    0.042    2    1   1    0.56
9    2    0.037    2    1   1    0.63
10    2    -0.032    1    2   1    0.72
11    1    0.028    1    1   1    0.52
12    2    0.023    2    1   1    0.51
13    2    -0.018    1    2   1    0.67
14    2    0.014    2    1   1    0.54
15    2    0.009    2    1   1    1.12
16    1    -0.005    1    1   0    0.81
17    1    -0.014    2    2   1    1.13
18    2    0.014    2    1   1    0.75
19    1    -0.009    2    2   1    0.64
20    1    -0.009    2    2   1    0.92
21    1    0.005    1    1   1    0.63
22    1    0.005    1    1   1    0.60
23    1    0.005    1    1   1    0.83
24    2    -0.005    1    2   1    0.81
25    2    0.005    1    2   0    0.58
26    2    -0.014    1    2   1    0.67
27    2    -0.014    1    2   1    0.57
28    1    -0.009    2    2   1    0.85
29    2    -0.009    1    2   1    0.63
30    1    -0.005    2    2   1    1.27
31    1    -0.005    1    1   0    0.87
32    1    0.014    1    1   1    0.66
33    2    -0.014    1    2   1    0.60
34    1    0.009    1    1   1    0.70
35    1    0.009    1    1   1    0.56
36    1    -0.005    1    1   0    1.18
37    2    0.014    2    1   1    0.75
38    2    0.014    2    1   1    0.67
39    2    0.009    1    2   0    0.99
40    2    -0.018    1    2   1    0.57
41    1    0.018    1    1   1    0.62
42    2    0.014    2    1   1    0.77
43    1    -0.014    2    2   1    0.61
44    1    0.009    1    1   1    0.52
45    2    -0.009    1    2   1    0.60
46    2    0.005    2    1   1    0.87
47    2    0.005    1    2   0    0.67
48    1    -0.014    2    2   1    0.63
49    2    -0.014    1    2   1    0.54
50    1    0.009    1    1   1    0.66
-------------------------
Final staircase threshold estimate (mean) is 0.0111
-------------------------
45    1    0.028    1    1   1    1.66
46    1    -0.028    2    2   1    0.54
12    1    -0.009    2    2   1    0.77
112    2    -0.009    1    2   1    0.61
105    2    0.028    2    1   1    0.51
95    2    0.028    2    1   1    0.67
49    1    0.009    1    1   1    0.47
130    2    0.028    2    1   1    0.52
109    2    0.009    2    1   1    0.55
141    2    -0.028    1    2   1    0.51
133    2    0.000    1    2   0    0.75
16    1    -0.028    2    2   1    0.50
82    2    -0.009    1    2   1    0.52
25    1    0.028    1    1   1    0.48
3    1    0.000    1    1   1    1.05
67    1    -0.009    2    2   1    0.57
128    2    0.000    1    2   0    0.53
81    2    -0.028    1    2   1    0.68
47    1    -0.009    2    2   1    0.55
116    2    -0.028    1    2   1    0.58
108    2    0.000    1    2   0    0.89
6    1    -0.028    2    2   1    0.56
58    1    0.000    1    1   1    1.04
89    2    0.009    2    1   1    0.56
123    2    0.000    2    1   1    0.91
114    2    0.009    2    1   1    0.91
11    1    -0.028    2    2   1    0.64
18    1    0.000    1    1   1    0.92
26    1    -0.028    2    2   1    0.57
8    1    0.000    1    1   1    0.93
80    2    0.028    2    1   1    0.63
97    2    -0.009    1    2   1    0.60
84    2    0.009    2    1   1    1.28
125    2    0.028    2    1   1    0.56
103    2    0.000    1    2   0    1.02
111    2    -0.028    1    2   1    0.64
21    1    -0.028    2    2   1    0.54
149    2    0.009    2    1   1    0.61
48    1    0.000    1    1   1    0.72
68    1    0.000    1    1   1    0.81
142    2    -0.009    1    2   1    0.61
54    1    0.009    1    1   1    0.90
36    1    -0.028    2    2   1    0.54
148    2    0.000    1    2   0    0.92
136    2    -0.028    1    2   1    0.62
55    1    0.028    1    1   1    0.54
57    1    -0.009    2    2   1    0.82
51    1    -0.028    2    2   1    0.67
117    2    -0.009    1    2   1    0.54
38    1    0.000    2    2   0    0.79
61    1    -0.028    2    2   1    0.60
90    2    0.028    2    1   1    0.58
15    1    0.028    1    1   1    0.46
50    1    0.028    1    1   1    0.40
31    1    -0.028    2    2   1    0.57
104    2    0.009    2    1   1    0.57
122    2    -0.009    1    2   1    0.48
1    1    -0.028    2    2   1    0.51
102    2    -0.009    1    2   1    0.54
73    1    0.000    1    1   1    0.65
69    1    0.009    1    1   1    0.68
64    1    0.009    1    1   1    0.51
77    2    -0.009    1    2   1    0.55
75    2    0.028    2    1   1    0.52
72    1    -0.009    2    2   1    0.89
65    1    0.028    1    1   1    0.60
94    2    0.009    2    1   1    0.85
79    2    0.009    2    1   1    0.85
144    2    0.009    2    1   1    1.53
78    2    0.000    2    1   1    1.59
30    1    0.028    1    1   1    0.61
59    1    0.009    1    1   1    0.73
35    1    0.028    1    1   1    0.89
98    2    0.000    1    2   0    1.36
20    1    0.028    2    2   0    0.70
52    1    -0.009    2    2   1    0.70
10    1    0.028    2    2   0    0.79
134    2    0.009    2    1   1    1.11
39    1    0.009    2    2   0    0.89
147    2    -0.009    1    2   1    1.39
119    2    0.009    2    1   1    0.73
17    1    -0.009    2    2   1    0.83
70    1    0.028    2    2   0    1.71
101    2    -0.028    1    2   1    1.09
118    2    0.000    2    1   1    1.52
138    2    0.000    2    1   1    0.70
9    1    0.009    1    1   1    1.05
100    2    0.028    2    1   1    0.61
106    2    -0.028    2    1   0    0.76
32    1    -0.009    2    2   1    0.83
96    2    -0.028    1    2   1    1.12
63    1    0.000    1    1   1    1.13
92    2    -0.009    1    2   1    1.24
121    2    -0.028    1    2   1    0.95
126    2    -0.028    1    2   1    0.78
143    2    0.000    1    2   0    1.09
120    2    0.028    2    1   1    0.58
34    1    0.009    2    2   0    0.74
5    1    0.028    1    1   1    0.89
62    1    -0.009    2    2   1    0.62
28    1    0.000    2    2   0    1.05
37    1    -0.009    1    1   0    0.76
86    2    -0.028    1    2   1    0.87
99    2    0.009    2    1   1    0.98
19    1    0.009    1    1   1    1.26
27    1    -0.009    2    2   1    0.70
2    1    -0.009    2    2   1    1.14
74    1    0.009    2    2   0    1.37
146    2    -0.028    1    2   1    1.30
124    2    0.009    2    1   1    1.56
23    1    0.000    2    2   0    0.98
14    1    0.009    1    1   1    0.76
13    1    0.000    2    2   0    0.77
29    1    0.009    1    1   1    0.66
139    2    0.009    1    2   0    1.26
140    2    0.028    1    2   0    1.41
137    2    -0.009    1    2   1    0.72
113    2    0.000    1    2   0    1.49
44    1    0.009    2    2   0    0.87
131    2    -0.028    1    2   1    0.59
132    2    -0.009    1    2   1    0.85
41    1    -0.028    2    2   1    0.95
4    1    0.009    1    1   1    0.87
33    1    0.000    1    1   1    2.23
60    1    0.028    1    1   1    1.69
127    2    -0.009    1    2   1    1.21
7    1    -0.009    2    2   1    0.77
56    1    -0.028    2    2   1    0.68
76    2    -0.028    1    2   1    0.96
85    2    0.028    2    1   1    0.89
87    2    -0.009    1    2   1    0.90
71    1    -0.028    2    2   1    0.75
115    2    0.028    2    1   1    0.61
110    2    0.028    2    1   1    0.76
150    2    0.028    2    1   1    1.23
24    1    0.009    1    1   1    0.97
40    1    0.028    1    1   1    1.09
83    2    0.000    1    2   0    1.34
93    2    0.000    1    2   0    1.47
42    1    -0.009    2    2   1    0.74
22    1    -0.009    2    2   1    0.80
53    1    0.000    1    1   1    0.82
88    2    0.000    1    2   0    1.00
43    1    0.000    2    2   0    1.22
135    2    0.028    2    1   1    0.70
66    1    -0.028    2    2   1    0.70
107    2    -0.009    1    2   1    0.68
129    2    0.009    2    1   1    0.99
145    2    0.028    2    1   1    0.95
91    2    -0.028    1    2   1    0.72
