--------------------------------
27-Mar-2015 09:56:16 
data from observer T25 
#occlusion2 expt 
reference disparity (degrees) 0.160000 

stim order disp kresp testresp correct time
1    2    0.074    2    1   1    2.99
2    2    0.069    2    1   1    0.66
3    1    -0.065    2    2   1    0.71
4    1    0.060    1    1   1    0.71
5    2    0.055    2    1   1    0.63
6    2    -0.051    2    1   0    0.80
7    2    0.060    2    1   1    0.56
8    1    0.060    1    1   1    0.60
9    2    -0.055    1    2   1    0.50
10    1    0.055    1    1   1    0.56
11    2    -0.051    1    2   1    0.49
12    2    -0.051    1    2   1    0.48
13    2    0.046    2    1   1    0.64
14    1    -0.046    2    2   1    0.59
15    2    0.042    2    1   1    0.49
16    1    -0.042    2    2   1    0.51
17    2    0.037    2    1   1    0.66
18    2    -0.037    1    2   1    0.44
19    1    -0.032    2    2   1    0.66
20    1    0.032    1    1   1    0.52
21    1    0.028    1    1   1    0.51
22    2    0.028    2    1   1    0.58
23    1    0.023    1    1   1    0.52
24    1    -0.023    2    2   1    0.68
25    2    0.018    2    1   1    0.63
26    2    0.018    2    1   1    0.64
27    1    0.014    1    1   1    0.42
28    1    -0.014    2    2   1    0.71
29    1    -0.009    2    2   1    0.75
30    2    0.009    1    2   0    0.61
31    2    0.018    2    1   1    0.94
32    1    0.018    1    1   1    0.63
33    2    -0.014    1    2   1    0.77
34    1    0.014    1    1   1    0.66
35    1    0.009    1    1   1    0.54
36    1    -0.009    2    2   1    0.51
37    1    -0.005    1    1   0    0.53
38    2    0.014    2    1   1    0.67
39    2    0.014    2    1   1    0.59
40    2    0.009    1    2   0    1.02
41    1    -0.018    2    2   1    0.77
42    2    -0.018    1    2   1    0.56
43    1    0.014    1    1   1    0.57
44    2    0.014    2    1   1    0.71
45    1    0.009    1    1   1    0.55
46    1    0.009    1    1   1    0.63
47    2    -0.005    1    2   1    0.59
48    1    0.005    1    1   1    0.55
49    1    0.005    1    1   1    0.68
50    1    0.005    1    1   1    0.79
-------------------------
Final staircase threshold estimate (mean) is 0.0102
-------------------------
143    2    0.000    1    2   0    1.89
17    1    -0.009    2    2   1    0.85
98    2    0.000    1    2   0    0.84
115    2    0.028    2    1   1    0.64
96    2    -0.028    1    2   1    0.72
51    1    -0.028    2    2   1    0.67
133    2    0.000    1    2   0    0.78
113    2    0.000    1    2   0    0.98
29    1    0.009    1    1   1    0.83
1    1    -0.028    2    2   1    0.68
6    1    -0.028    2    2   1    0.73
132    2    -0.009    1    2   1    0.58
112    2    -0.009    1    2   1    0.64
36    1    -0.028    1    1   0    0.47
107    2    -0.009    1    2   1    0.53
23    1    0.000    1    1   1    0.91
95    2    0.028    2    1   1    0.51
32    1    -0.009    2    2   1    0.96
74    1    0.009    1    1   1    0.60
38    1    0.000    1    1   1    0.53
99    2    0.009    2    1   1    0.56
117    2    -0.009    1    2   1    0.50
7    1    -0.009    2    2   1    0.55
25    1    0.028    1    1   1    0.59
50    1    0.028    1    1   1    0.76
149    2    0.009    2    1   1    0.56
129    2    0.009    2    1   1    0.79
86    2    -0.028    1    2   1    0.68
91    2    -0.028    1    2   1    0.66
114    2    0.009    2    1   1    0.52
35    1    0.028    1    1   1    0.60
5    1    0.028    1    1   1    0.62
15    1    0.028    1    1   1    0.60
37    1    -0.009    2    2   1    0.66
79    2    0.009    2    1   1    0.73
131    2    -0.028    1    2   1    0.73
42    1    -0.009    2    2   1    0.66
61    1    -0.028    2    2   1    0.76
127    2    -0.009    1    2   1    0.83
90    2    0.028    2    1   1    0.72
85    2    0.028    2    1   1    0.62
31    1    -0.028    2    2   1    0.57
106    2    -0.028    1    2   1    0.55
18    1    0.000    1    1   1    0.76
62    1    -0.009    2    2   1    0.61
82    2    -0.009    1    2   1    0.64
148    2    0.000    1    2   0    0.57
9    1    0.009    1    1   1    0.53
123    2    0.000    1    2   0    0.74
124    2    0.009    2    1   1    0.57
39    1    0.009    1    1   1    0.60
21    1    -0.028    2    2   1    0.58
57    1    -0.009    2    2   1    0.62
84    2    0.009    2    1   1    0.94
52    1    -0.009    2    2   1    0.79
146    2    -0.028    1    2   1    1.03
28    1    0.000    1    1   1    0.98
3    1    0.000    1    1   1    0.84
14    1    0.009    1    1   1    0.88
121    2    -0.028    1    2   1    0.91
54    1    0.009    1    1   1    0.93
48    1    0.000    1    1   1    0.77
10    1    0.028    1    1   1    1.02
72    1    -0.009    2    2   1    0.84
141    2    -0.028    1    2   1    0.74
92    2    -0.009    1    2   1    0.79
26    1    -0.028    2    2   1    0.63
43    1    0.000    1    1   1    0.73
73    1    0.000    1    1   1    1.30
139    2    0.009    2    1   1    0.90
93    2    0.000    1    2   0    0.81
67    1    -0.009    1    1   0    0.79
34    1    0.009    1    1   1    0.64
69    1    0.009    1    1   1    0.82
65    1    0.028    1    1   1    0.76
105    2    0.028    2    1   1    0.59
70    1    0.028    1    1   1    0.59
126    2    -0.028    1    2   1    0.69
101    2    -0.028    1    2   1    0.60
41    1    -0.028    2    2   1    0.58
88    2    0.000    1    2   0    0.65
102    2    -0.009    1    2   1    0.60
45    1    0.028    1    1   1    0.58
30    1    0.028    1    1   1    0.54
147    2    -0.009    1    2   1    0.74
76    2    -0.028    1    2   1    0.55
120    2    0.028    2    1   1    0.62
145    2    0.028    2    1   1    0.52
4    1    0.009    1    1   1    0.57
20    1    0.028    1    1   1    0.58
56    1    -0.028    2    2   1    0.51
46    1    -0.028    2    2   1    0.66
97    2    -0.009    1    2   1    0.60
118    2    0.000    2    1   1    0.91
111    2    -0.028    1    2   1    0.55
19    1    0.009    1    1   1    0.81
16    1    -0.028    2    2   1    0.65
77    2    -0.009    1    2   1    0.53
11    1    -0.028    2    2   1    0.68
87    2    -0.009    1    2   1    0.73
150    2    0.028    2    1   1    0.66
44    1    0.009    1    1   1    0.60
100    2    0.028    2    1   1    0.70
33    1    0.000    1    1   1    1.00
64    1    0.009    1    1   1    0.62
116    2    -0.028    1    2   1    0.63
83    2    0.000    1    2   0    1.00
128    2    0.000    1    2   0    0.98
24    1    0.009    1    1   1    1.08
136    2    -0.028    1    2   1    0.93
49    1    0.009    1    1   1    0.61
137    2    -0.009    1    2   1    0.65
75    2    0.028    2    1   1    0.89
13    1    0.000    1    1   1    0.58
71    1    -0.028    2    2   1    0.60
134    2    0.009    2    1   1    0.86
63    1    0.000    2    2   0    1.06
125    2    0.028    2    1   1    0.69
94    2    0.009    2    1   1    0.83
140    2    0.028    2    1   1    0.60
119    2    0.009    1    2   0    0.92
2    1    -0.009    2    2   1    0.56
104    2    0.009    2    1   1    0.73
78    2    0.000    1    2   0    0.87
103    2    0.000    1    2   0    0.83
53    1    0.000    1    1   1    0.79
12    1    -0.009    2    2   1    0.65
135    2    0.028    2    1   1    0.63
122    2    -0.009    1    2   1    0.64
8    1    0.000    1    1   1    0.78
89    2    0.009    2    1   1    0.60
27    1    -0.009    2    2   1    0.76
60    1    0.028    1    1   1    0.78
80    2    0.028    2    1   1    0.61
47    1    -0.009    2    2   1    0.63
108    2    0.000    1    2   0    0.74
59    1    0.009    1    1   1    0.67
81    2    -0.028    2    1   0    0.68
130    2    0.028    2    1   1    0.57
58    1    0.000    2    2   0    0.78
110    2    0.028    2    1   1    0.72
142    2    -0.009    1    2   1    0.64
40    1    0.028    1    1   1    0.54
138    2    0.000    2    1   1    0.64
66    1    -0.028    2    2   1    0.56
109    2    0.009    2    1   1    0.64
55    1    0.028    1    1   1    0.58
144    2    0.009    2    1   1    0.62
22    1    -0.009    2    2   1    0.73
68    1    0.000    2    2   0    0.87
