--------------------------------
27-Mar-2015 09:37:33 
data from observer T25 
#occlusion2 expt 
reference disparity (degrees) 0.160000 

stim order disp kresp testresp correct time
1    2    0.074    2    1   1    1.32
2    2    0.069    2    1   1    0.59
3    2    -0.065    1    2   1    0.53
4    1    -0.060    2    2   1    0.49
5    2    0.055    2    1   1    0.61
6    1    0.051    1    1   1    0.56
7    2    -0.046    1    2   1    0.56
8    1    -0.042    2    2   1    0.50
9    2    0.037    2    1   1    0.51
10    1    -0.032    2    2   1    0.57
11    1    0.028    1    1   1    0.48
12    1    -0.023    2    2   1    0.40
13    2    -0.018    1    2   1    0.53
14    1    0.014    1    1   1    0.66
15    2    -0.009    1    2   1    0.54
16    2    -0.005    1    2   1    0.91
17    2    0.005    2    1   1    0.99
18    2    0.005    2    1   1    0.80
19    1    -0.005    2    2   1    1.31
20    1    0.005    1    1   1    0.81
21    1    0.005    1    1   1    1.59
22    2    0.005    2    1   1    0.80
23    1    -0.005    2    2   1    0.79
24    1    -0.005    2    2   1    1.30
25    2    0.005    2    1   1    0.96
26    2    -0.005    1    2   1    0.80
27    2    0.005    2    1   1    1.25
28    2    -0.005    1    2   1    1.00
29    2    -0.005    1    2   1    0.81
30    1    -0.005    2    2   1    0.72
31    2    -0.005    1    2   1    1.12
32    2    -0.005    1    2   1    1.01
33    1    0.005    1    1   1    0.76
34    2    0.005    2    1   1    1.67
35    1    -0.005    2    2   1    0.95
36    2    -0.005    1    2   1    0.69
37    1    -0.005    1    1   0    1.09
38    1    -0.014    2    2   1    0.68
39    2    0.014    2    1   1    0.93
40    2    -0.009    1    2   1    0.61
41    2    -0.009    1    2   1    0.71
42    1    0.005    1    1   1    0.70
43    2    0.005    2    1   1    0.69
44    2    -0.005    1    2   1    0.63
45    1    0.005    1    1   1    0.70
46    1    -0.005    2    2   1    1.04
47    2    0.005    2    1   1    1.25
48    1    -0.005    1    1   0    0.89
49    2    -0.014    1    2   1    0.60
50    1    0.014    1    1   1    0.61
-------------------------
Final staircase threshold estimate (mean) is 0.0069
-------------------------
145    2    0.018    2    1   1    1.44
14    1    0.009    1    1   1    0.54
69    1    0.009    1    1   1    0.64
83    2    0.000    2    1   1    0.80
5    1    0.018    1    1   1    0.63
40    1    0.018    1    1   1    0.59
31    1    -0.018    2    2   1    0.61
38    1    0.000    2    2   0    0.57
46    1    -0.018    2    2   1    0.62
98    2    0.000    1    2   0    0.81
15    1    0.018    1    1   1    0.71
28    1    0.000    2    2   0    0.80
149    2    0.009    2    1   1    0.61
26    1    -0.018    2    2   1    0.53
20    1    0.018    1    1   1    0.63
127    2    -0.009    1    2   1    0.82
68    1    0.000    2    2   0    1.54
62    1    -0.009    2    2   1    0.58
117    2    -0.009    1    2   1    0.56
24    1    0.009    1    1   1    0.59
7    1    -0.009    2    2   1    0.72
41    1    -0.018    2    2   1    0.67
120    2    0.018    2    1   1    0.63
96    2    -0.018    1    2   1    0.58
18    1    0.000    1    1   1    0.67
111    2    -0.018    1    2   1    0.60
22    1    -0.009    2    2   1    0.64
21    1    -0.018    2    2   1    0.63
57    1    -0.009    2    2   1    0.65
129    2    0.009    2    1   1    0.86
131    2    -0.018    1    2   1    0.65
124    2    0.009    2    1   1    0.98
49    1    0.009    1    1   1    0.66
74    1    0.009    1    1   1    0.84
71    1    -0.018    2    2   1    0.71
39    1    0.009    1    1   1    0.60
61    1    -0.018    2    2   1    0.66
140    2    0.018    2    1   1    0.65
23    1    0.000    1    1   1    1.05
32    1    -0.009    2    2   1    0.64
25    1    0.018    1    1   1    0.63
2    1    -0.009    2    2   1    0.59
11    1    -0.018    2    2   1    0.60
64    1    0.009    1    1   1    0.58
87    2    -0.009    1    2   1    0.76
91    2    -0.018    1    2   1    0.66
109    2    0.009    2    1   1    0.66
134    2    0.009    2    1   1    0.72
30    1    0.018    1    1   1    0.69
19    1    0.009    1    1   1    0.87
99    2    0.009    2    1   1    0.72
128    2    0.000    1    2   0    1.70
105    2    0.018    2    1   1    0.54
54    1    0.009    1    1   1    0.62
148    2    0.000    1    2   0    0.98
147    2    -0.009    1    2   1    0.83
84    2    0.009    2    1   1    1.25
3    1    0.000    1    1   1    0.92
119    2    0.009    2    1   1    0.72
110    2    0.018    2    1   1    0.67
141    2    -0.018    1    2   1    0.64
55    1    0.018    1    1   1    0.60
63    1    0.000    2    2   0    0.95
103    2    0.000    2    1   1    1.20
135    2    0.018    2    1   1    0.81
59    1    0.009    1    1   1    0.78
86    2    -0.018    1    2   1    0.60
50    1    0.018    1    1   1    0.59
35    1    0.018    1    1   1    1.00
80    2    0.018    2    1   1    0.68
115    2    0.018    2    1   1    0.89
70    1    0.018    1    1   1    0.63
56    1    -0.018    2    2   1    0.62
139    2    0.009    2    1   1    0.95
82    2    -0.009    1    2   1    0.64
45    1    0.018    1    1   1    0.64
9    1    0.009    1    1   1    0.87
92    2    -0.009    1    2   1    0.86
77    2    -0.009    1    2   1    0.93
116    2    -0.018    1    2   1    1.08
138    2    0.000    1    2   0    1.21
12    1    -0.009    2    2   1    1.08
85    2    0.018    2    1   1    0.88
60    1    0.018    1    1   1    1.01
17    1    -0.009    2    2   1    0.88
97    2    -0.009    1    2   1    0.66
126    2    -0.018    1    2   1    0.74
100    2    0.018    2    1   1    0.58
8    1    0.000    2    2   0    1.09
95    2    0.018    2    1   1    0.79
67    1    -0.009    2    2   1    0.86
125    2    0.018    2    1   1    0.85
146    2    -0.018    1    2   1    1.16
10    1    0.018    1    1   1    0.86
36    1    -0.018    2    2   1    0.82
136    2    -0.018    1    2   1    0.70
142    2    -0.009    1    2   1    1.01
52    1    -0.009    2    2   1    0.69
130    2    0.018    2    1   1    0.76
42    1    -0.009    2    2   1    0.92
144    2    0.009    2    1   1    0.92
43    1    0.000    2    2   0    1.30
81    2    -0.018    1    2   1    0.67
33    1    0.000    1    1   1    1.02
58    1    0.000    1    1   1    0.66
104    2    0.009    2    1   1    0.95
122    2    -0.009    1    2   1    0.68
66    1    -0.018    2    2   1    0.56
112    2    -0.009    1    2   1    0.62
65    1    0.018    1    1   1    1.54
34    1    0.009    1    1   1    1.04
48    1    0.000    1    1   1    1.21
75    2    0.018    2    1   1    0.74
102    2    -0.009    1    2   1    1.14
13    1    0.000    2    2   0    1.75
150    2    0.018    2    1   1    0.79
133    2    0.000    2    1   1    1.57
89    2    0.009    2    1   1    1.23
137    2    -0.009    1    2   1    0.67
53    1    0.000    1    1   1    1.20
90    2    0.018    2    1   1    0.78
108    2    0.000    2    1   1    1.21
93    2    0.000    2    1   1    1.51
1    1    -0.018    2    2   1    0.58
44    1    0.009    1    1   1    0.67
123    2    0.000    1    2   0    1.28
113    2    0.000    2    1   1    1.02
78    2    0.000    2    1   1    1.05
27    1    -0.009    2    2   1    0.60
143    2    0.000    2    1   1    1.01
37    1    -0.009    2    2   1    0.98
76    2    -0.018    1    2   1    0.54
132    2    -0.009    1    2   1    0.88
121    2    -0.018    1    2   1    0.68
118    2    0.000    1    2   0    0.66
114    2    0.009    2    1   1    0.97
47    1    -0.009    2    2   1    0.81
29    1    0.009    1    1   1    0.92
94    2    0.009    2    1   1    0.65
101    2    -0.018    1    2   1    0.84
88    2    0.000    2    1   1    0.97
72    1    -0.009    2    2   1    0.73
79    2    0.009    2    1   1    0.61
4    1    0.009    2    2   0    0.58
106    2    -0.018    1    2   1    1.32
6    1    -0.018    2    2   1    0.55
16    1    -0.018    2    2   1    0.58
73    1    0.000    2    2   0    0.85
51    1    -0.018    2    2   1    1.13
107    2    -0.009    2    1   0    1.06
