--------------------------------
27-Mar-2015 10:18:19 
data from observer T25 
#occlusion2 expt 
reference disparity (degrees) 0.160000 

stim order disp kresp testresp correct time
1    1    -0.074    1    1   1    4.35
2    1    -0.069    1    1   1    1.07
3    2    0.065    1    2   1    1.10
4    1    -0.060    1    1   1    0.90
5    1    -0.055    1    1   1    1.08
6    1    -0.051    1    1   1    1.15
7    2    -0.046    1    2   0    1.75
8    1    0.055    1    1   0    1.63
9    1    0.065    2    2   1    1.48
10    2    0.065    1    2   1    1.70
11    2    0.060    1    2   1    1.03
12    1    -0.060    1    1   1    1.06
13    1    0.055    2    2   1    1.70
14    1    -0.055    1    1   1    1.08
15    2    0.051    1    2   1    0.90
16    2    -0.051    2    1   1    1.17
17    2    -0.046    1    2   0    0.61
18    2    0.055    1    2   1    0.80
19    1    -0.055    1    1   1    0.80
20    2    -0.051    2    1   1    1.15
21    1    -0.051    1    1   1    0.66
22    1    -0.046    1    1   1    0.74
23    2    0.046    1    2   1    0.74
24    2    -0.042    2    1   1    0.95
25    1    0.042    2    2   1    0.86
26    1    -0.037    1    1   1    0.77
27    2    0.037    1    2   1    0.72
28    1    0.032    2    2   1    0.77
29    2    -0.032    2    1   1    0.80
30    2    -0.028    2    1   1    0.94
31    2    0.028    1    2   1    0.52
32    2    0.023    2    1   0    1.21
33    1    -0.032    1    1   1    0.56
34    2    0.032    2    1   0    0.57
35    1    0.042    1    1   0    0.53
36    1    0.051    2    2   1    0.81
37    2    0.051    1    2   1    0.69
38    1    -0.046    1    1   1    0.76
39    1    -0.046    2    2   0    0.58
40    1    0.055    2    2   1    0.88
41    2    0.055    1    2   1    0.74
42    1    0.051    2    2   1    0.87
43    2    0.051    1    2   1    0.60
44    1    0.046    2    2   1    0.74
45    2    -0.046    2    1   1    0.52
46    2    0.042    1    2   1    0.98
47    1    0.042    2    2   1    0.63
48    2    0.037    1    2   1    1.08
49    2    0.037    1    2   1    0.74
50    1    -0.032    2    2   0    0.91
-------------------------
Final staircase threshold estimate (mean) is 0.0439
-------------------------
116    2    -0.111    2    1   0    2.77
126    2    -0.111    2    1   0    2.92
130    2    0.111    1    2   0    1.00
19    1    0.042    2    2   0    0.66
102    2    -0.042    2    1   0    0.80
29    1    0.042    2    2   0    0.80
24    1    0.042    2    2   0    0.88
67    1    -0.042    1    1   0    0.65
38    1    0.000    1    1   1    0.89
68    1    0.000    2    2   0    1.35
13    1    0.000    1    1   1    0.89
127    2    -0.042    2    1   0    0.59
48    1    0.000    2    2   0    0.82
50    1    0.111    1    1   1    0.64
99    2    0.042    1    2   0    0.61
65    1    0.111    2    2   0    0.55
94    2    0.042    1    2   0    0.71
66    1    -0.111    2    2   1    0.87
106    2    -0.111    2    1   0    0.61
51    1    -0.111    1    1   0    0.75
131    2    -0.111    2    1   0    0.60
55    1    0.111    2    2   0    0.96
101    2    -0.111    2    1   0    0.58
49    1    0.042    2    2   0    0.85
88    2    0.000    1    2   0    1.30
41    1    -0.111    2    2   1    1.08
100    2    0.111    2    1   1    1.38
20    1    0.111    2    2   0    0.71
15    1    0.111    2    2   0    0.64
63    1    0.000    1    1   1    0.91
42    1    -0.042    2    2   1    0.87
14    1    0.042    2    2   0    0.59
104    2    0.042    1    2   0    0.89
110    2    0.111    1    2   0    0.82
78    2    0.000    2    1   1    0.56
103    2    0.000    2    1   1    1.24
10    1    0.111    2    2   0    0.60
146    2    -0.111    2    1   0    0.81
125    2    0.111    1    2   0    0.77
91    2    -0.111    2    1   0    0.49
60    1    0.111    2    2   0    0.56
129    2    0.042    1    2   0    0.83
30    1    0.111    2    2   0    0.51
150    2    0.111    1    2   0    0.52
123    2    0.000    2    1   1    0.82
2    1    -0.042    1    1   0    0.87
83    2    0.000    2    1   1    0.60
128    2    0.000    1    2   0    0.71
8    1    0.000    2    2   0    0.87
23    1    0.000    1    1   1    1.16
105    2    0.111    2    1   1    1.38
111    2    -0.111    2    1   0    0.98
54    1    0.042    1    1   1    1.56
33    1    0.000    2    2   0    1.01
22    1    -0.042    1    1   0    0.77
142    2    -0.042    2    1   0    0.60
109    2    0.042    1    2   0    0.94
56    1    -0.111    1    1   0    1.30
112    2    -0.042    2    1   0    0.47
58    1    0.000    2    2   0    0.56
26    1    -0.111    1    1   0    1.44
70    1    0.111    2    2   0    0.61
97    2    -0.042    2    1   0    0.50
132    2    -0.042    2    1   0    0.64
136    2    -0.111    2    1   0    1.29
140    2    0.111    1    2   0    0.65
93    2    0.000    2    1   1    0.49
21    1    -0.111    1    1   0    0.54
64    1    0.042    2    2   0    0.46
114    2    0.042    2    1   1    0.49
84    2    0.042    1    2   0    0.75
108    2    0.000    1    2   0    0.89
9    1    0.042    2    2   0    0.62
120    2    0.111    1    2   0    0.56
95    2    0.111    1    2   0    0.76
28    1    0.000    1    1   1    1.68
144    2    0.042    1    2   0    0.67
40    1    0.111    2    2   0    0.54
35    1    0.111    2    2   0    0.60
86    2    -0.111    2    1   0    0.54
1    1    -0.111    1    1   0    0.52
47    1    -0.042    1    1   0    0.74
45    1    0.111    2    2   0    0.46
117    2    -0.042    2    1   0    0.53
98    2    0.000    2    1   1    0.73
44    1    0.042    1    1   1    0.72
148    2    0.000    1    2   0    0.80
143    2    0.000    2    1   1    0.49
115    2    0.111    1    2   0    0.54
34    1    0.042    2    2   0    0.47
16    1    -0.111    1    1   0    0.48
69    1    0.042    2    2   0    0.56
92    2    -0.042    2    1   0    0.54
71    1    -0.111    1    1   0    0.49
53    1    0.000    1    1   1    0.64
61    1    -0.111    1    1   0    0.58
149    2    0.042    1    2   0    0.51
119    2    0.042    1    2   0    0.61
147    2    -0.042    2    1   0    0.49
6    1    -0.111    1    1   0    0.50
52    1    -0.042    1    1   0    0.48
27    1    -0.042    1    1   0    0.45
134    2    0.042    1    2   0    0.56
80    2    0.111    1    2   0    0.48
43    1    0.000    2    2   0    0.67
135    2    0.111    1    2   0    0.58
11    1    -0.111    1    1   0    0.67
79    2    0.042    1    2   0    1.26
17    1    -0.042    1    1   0    1.22
7    1    -0.042    1    1   0    1.82
77    2    -0.042    2    1   0    0.55
82    2    -0.042    2    1   0    0.84
90    2    0.111    1    2   0    0.75
59    1    0.042    2    2   0    0.67
25    1    0.111    2    2   0    1.07
73    1    0.000    2    2   0    1.28
133    2    0.000    1    2   0    1.25
85    2    0.111    1    2   0    0.72
81    2    -0.111    2    1   0    0.56
118    2    0.000    2    1   1    1.24
12    1    -0.042    1    1   0    0.75
75    2    0.111    1    2   0    1.12
124    2    0.042    1    2   0    0.74
57    1    -0.042    1    1   0    0.60
121    2    -0.111    2    1   0    0.58
36    1    -0.111    1    1   0    0.68
18    1    0.000    2    2   0    1.02
145    2    0.111    1    2   0    0.62
72    1    -0.042    1    1   0    0.73
62    1    -0.042    1    1   0    0.71
39    1    0.042    2    2   0    0.99
141    2    -0.111    2    1   0    0.64
89    2    0.042    1    2   0    0.88
137    2    -0.042    2    1   0    0.68
113    2    0.000    1    2   0    0.75
32    1    -0.042    1    1   0    0.59
139    2    0.042    1    2   0    0.93
76    2    -0.111    2    1   0    0.62
87    2    -0.042    2    1   0    0.54
37    1    -0.042    1    1   0    0.49
122    2    -0.042    2    1   0    0.67
5    1    0.111    2    2   0    0.70
31    1    -0.111    1    1   0    0.50
46    1    -0.111    1    1   0    0.51
96    2    -0.111    2    1   0    0.48
74    1    0.042    2    2   0    1.01
4    1    0.042    1    1   1    0.86
138    2    0.000    1    2   0    1.54
3    1    0.000    2    2   0    0.87
107    2    -0.042    1    2   1    0.82
