--------------------------------
31-Mar-2015 17:24:55 
data from observer T27 
#occlusion2 expt 
reference disparity (degrees) 0.160000 

stim order disp kresp testresp correct time
1    2    0.074    1    2   1    2.57
2    1    -0.069    1    1   1    0.79
3    2    0.065    1    2   1    0.71
4    2    0.060    1    2   1    0.55
5    1    0.055    2    2   1    0.74
6    1    -0.051    1    1   1    0.67
7    2    0.046    1    2   1    0.74
8    2    0.042    1    2   1    0.73
9    1    -0.037    1    1   1    0.83
10    1    0.032    2    2   1    0.85
11    2    0.028    1    2   1    0.97
12    1    0.023    2    2   1    0.71
13    2    -0.018    2    1   1    0.72
14    1    -0.014    1    1   1    2.05
15    1    0.009    2    2   1    0.83
16    2    -0.005    2    1   1    0.88
17    1    -0.005    1    1   1    2.06
18    1    0.005    2    2   1    0.70
19    2    -0.005    2    1   1    0.68
20    2    -0.005    2    1   1    0.93
21    1    -0.005    2    2   0    1.72
22    2    -0.014    2    1   1    0.63
23    2    -0.014    2    1   1    0.78
24    2    0.009    2    1   0    3.16
25    1    -0.018    1    1   1    0.69
26    1    0.018    2    2   1    0.76
27    2    0.014    1    2   1    0.55
28    1    -0.014    1    1   1    1.45
29    2    0.009    2    1   0    2.61
30    1    0.018    2    2   1    0.92
31    1    0.018    2    2   1    0.83
32    1    -0.014    1    1   1    1.27
33    1    0.014    2    2   1    0.82
34    1    -0.009    1    1   1    0.94
35    2    -0.009    2    1   1    1.00
36    2    -0.005    2    1   1    1.20
37    1    -0.005    1    1   1    1.16
38    1    -0.005    2    2   0    3.24
39    1    -0.014    2    2   0    2.15
40    1    0.023    2    2   1    0.81
41    2    -0.023    2    1   1    1.67
42    1    -0.018    1    1   1    0.74
43    1    0.018    2    2   1    0.73
44    2    0.014    1    2   1    0.96
45    2    -0.014    2    1   1    1.23
46    1    0.009    2    2   1    1.28
47    2    0.009    1    2   1    1.04
48    1    0.005    2    2   1    1.00
49    2    -0.005    2    1   1    1.87
50    1    -0.005    1    1   1    3.98
-------------------------
Final staircase threshold estimate (mean) is 0.0120
-------------------------
25    1    0.032    2    2   0    3.06
80    2    0.032    1    2   0    0.52
94    2    0.014    1    2   0    0.73
16    1    -0.032    1    1   0    0.87
51    1    -0.032    1    1   0    0.83
42    1    -0.014    1    1   0    1.06
49    1    0.014    2    2   0    0.89
57    1    -0.014    2    2   1    1.98
109    2    0.014    2    1   1    1.48
26    1    -0.032    1    1   0    0.99
39    1    0.014    2    2   0    0.82
37    1    -0.014    1    1   0    1.18
31    1    -0.032    1    1   0    0.72
138    2    0.000    1    2   0    0.94
79    2    0.014    1    2   0    1.79
4    1    0.014    2    2   0    0.61
6    1    -0.032    1    1   0    1.02
73    1    0.000    2    2   0    0.57
128    2    0.000    2    1   1    0.96
35    1    0.032    2    2   0    0.71
18    1    0.000    2    2   0    2.21
52    1    -0.014    1    1   0    2.93
131    2    -0.032    2    1   0    0.81
107    2    -0.014    2    1   0    0.96
29    1    0.014    2    2   0    1.59
122    2    -0.014    2    1   0    1.14
33    1    0.000    2    2   0    1.40
32    1    -0.014    1    1   0    1.40
68    1    0.000    2    2   0    2.79
140    2    0.032    1    2   0    0.84
2    1    -0.014    1    1   0    1.49
142    2    -0.014    2    1   0    0.81
135    2    0.032    1    2   0    1.42
60    1    0.032    2    2   0    0.67
85    2    0.032    1    2   0    0.62
82    2    -0.014    2    1   0    0.67
50    1    0.032    2    2   0    0.82
72    1    -0.014    1    1   0    1.25
34    1    0.014    2    2   0    0.57
43    1    0.000    2    2   0    1.70
36    1    -0.032    1    1   0    0.82
13    1    0.000    2    2   0    1.16
22    1    -0.014    1    1   0    2.15
75    2    0.032    1    2   0    0.77
8    1    0.000    2    2   0    0.80
98    2    0.000    2    1   1    0.71
102    2    -0.014    2    1   0    0.92
120    2    0.032    1    2   0    0.69
145    2    0.032    1    2   0    0.78
41    1    -0.032    1    1   0    0.87
30    1    0.032    2    2   0    0.86
110    2    0.032    1    2   0    0.49
139    2    0.014    1    2   0    1.50
116    2    -0.032    2    1   0    0.80
65    1    0.032    2    2   0    0.71
95    2    0.032    1    2   0    0.72
14    1    0.014    2    2   0    0.56
130    2    0.032    1    2   0    0.87
121    2    -0.032    2    1   0    0.73
66    1    -0.032    1    1   0    0.57
74    1    0.014    2    2   0    0.60
114    2    0.014    1    2   0    1.04
11    1    -0.032    1    1   0    1.34
146    2    -0.032    2    1   0    0.60
10    1    0.032    2    2   0    0.67
70    1    0.032    2    2   0    0.67
97    2    -0.014    2    1   0    1.28
61    1    -0.032    1    1   0    0.70
46    1    -0.032    1    1   0    0.63
91    2    -0.032    2    1   0    0.63
126    2    -0.032    2    1   0    0.81
81    2    -0.032    2    1   0    0.68
67    1    -0.014    2    2   1    0.52
150    2    0.032    1    2   0    1.01
93    2    0.000    1    2   0    1.24
56    1    -0.032    1    1   0    1.44
20    1    0.032    2    2   0    1.45
7    1    -0.014    2    2   1    1.68
103    2    0.000    1    2   0    1.64
88    2    0.000    2    1   1    1.34
127    2    -0.014    2    1   0    1.82
149    2    0.014    1    2   0    1.62
23    1    0.000    2    2   0    1.62
96    2    -0.032    2    1   0    0.84
71    1    -0.032    1    1   0    0.96
28    1    0.000    2    2   0    2.59
108    2    0.000    2    1   1    2.61
137    2    -0.014    2    1   0    1.10
111    2    -0.032    2    1   0    0.72
19    1    0.014    2    2   0    1.02
106    2    -0.032    2    1   0    0.89
78    2    0.000    2    1   1    2.95
136    2    -0.032    2    1   0    1.03
21    1    -0.032    1    1   0    0.74
47    1    -0.014    1    1   0    0.80
147    2    -0.014    2    1   0    1.08
63    1    0.000    1    1   1    1.98
141    2    -0.032    2    1   0    0.80
53    1    0.000    2    2   0    4.27
54    1    0.014    2    2   0    0.87
92    2    -0.014    2    1   0    0.98
3    1    0.000    2    2   0    1.37
44    1    0.014    2    2   0    1.01
69    1    0.014    2    2   0    1.05
115    2    0.032    1    2   0    0.79
133    2    0.000    2    1   1    2.49
77    2    -0.014    2    1   0    4.10
123    2    0.000    1    2   0    1.21
76    2    -0.032    2    1   0    0.98
45    1    0.032    2    2   0    0.82
59    1    0.014    2    2   0    1.07
86    2    -0.032    2    1   0    0.69
9    1    0.014    2    2   0    1.57
113    2    0.000    1    2   0    1.33
24    1    0.014    2    2   0    1.11
144    2    0.014    1    2   0    0.76
100    2    0.032    1    2   0    0.68
148    2    0.000    1    2   0    0.62
5    1    0.032    2    2   0    0.70
64    1    0.014    2    2   0    0.55
101    2    -0.032    2    1   0    0.80
1    1    -0.032    1    1   0    0.56
119    2    0.014    1    2   0    0.67
104    2    0.014    1    2   0    0.66
12    1    -0.014    1    1   0    1.98
55    1    0.032    2    2   0    0.71
134    2    0.014    1    2   0    0.84
124    2    0.014    1    2   0    0.76
89    2    0.014    1    2   0    1.22
38    1    0.000    2    2   0    1.80
48    1    0.000    2    2   0    2.63
87    2    -0.014    2    1   0    0.69
143    2    0.000    1    2   0    1.01
132    2    -0.014    2    1   0    1.49
129    2    0.014    1    2   0    0.66
125    2    0.032    1    2   0    0.65
58    1    0.000    2    2   0    2.30
40    1    0.032    2    2   0    0.87
105    2    0.032    1    2   0    0.68
112    2    -0.014    2    1   0    0.63
99    2    0.014    1    2   0    0.66
83    2    0.000    2    1   1    0.80
90    2    0.032    1    2   0    0.76
15    1    0.032    2    2   0    0.74
117    2    -0.014    2    1   0    0.74
17    1    -0.014    1    1   0    0.90
27    1    -0.014    1    1   0    1.09
84    2    0.014    1    2   0    0.62
62    1    -0.014    1    1   0    0.84
118    2    0.000    1    2   0    1.87
