--------------------------------
31-Mar-2015 18:59:58 
data from observer T27 
#occlusion2 expt 
reference disparity (degrees) 0.160000 

stim order disp kresp testresp correct time
1    2    -0.074    1    2   1    2.43
2    2    -0.069    1    2   1    1.33
3    2    -0.065    1    2   1    0.76
4    1    -0.060    2    2   1    0.69
5    1    -0.055    2    2   1    0.58
6    2    -0.051    1    2   1    0.54
7    1    -0.046    2    2   1    0.45
8    2    -0.042    1    2   1    0.53
9    2    0.037    2    1   1    0.51
10    1    -0.032    2    2   1    0.63
11    1    0.028    1    1   1    0.79
12    1    0.023    1    1   1    1.11
13    2    0.018    2    1   1    0.69
14    2    -0.014    2    1   0    1.01
15    2    0.023    2    1   1    0.69
16    1    -0.023    2    2   1    1.34
17    2    0.018    2    1   1    0.72
18    2    -0.018    1    2   1    1.50
19    2    -0.014    2    1   0    1.64
20    1    -0.023    2    2   1    0.58
21    1    0.023    1    1   1    0.58
22    2    -0.018    1    2   1    0.78
23    2    0.018    2    1   1    0.64
24    2    -0.014    1    2   1    0.63
25    1    0.014    1    1   1    1.18
26    1    -0.009    2    2   1    0.57
27    2    0.009    2    1   1    0.56
28    2    0.005    2    1   1    0.63
29    1    0.005    2    2   0    0.73
30    2    -0.014    1    2   1    0.72
31    2    -0.014    1    2   1    0.72
32    2    -0.009    2    1   0    1.78
33    2    0.018    2    1   1    0.62
34    2    0.018    2    1   1    0.66
35    2    -0.014    2    1   0    1.41
36    2    0.023    2    1   1    0.80
37    1    0.023    1    1   1    0.58
38    2    0.018    2    1   1    0.69
39    2    0.018    2    1   1    0.64
40    1    -0.014    2    2   1    0.72
41    1    -0.014    2    2   1    0.76
42    2    0.009    2    1   1    0.58
43    2    -0.009    1    2   1    1.12
44    2    -0.005    1    2   1    1.53
45    2    0.005    2    1   1    0.96
46    1    -0.005    2    2   1    0.96
47    1    0.005    2    2   0    3.33
48    2    0.014    2    1   1    1.08
49    1    0.014    1    1   1    1.03
50    2    0.009    2    1   1    1.28
-------------------------
Final staircase threshold estimate (mean) is 0.0088
-------------------------
21    1    -0.023    2    2   1    3.67
139    2    0.009    2    1   1    1.00
149    2    0.009    2    1   1    0.73
42    1    -0.009    2    2   1    0.78
125    2    0.023    2    1   1    0.63
52    1    -0.009    2    2   1    0.53
47    1    -0.009    2    2   1    0.44
90    2    0.023    2    1   1    0.53
61    1    -0.023    2    2   1    0.50
91    2    -0.023    1    2   1    0.53
36    1    -0.023    2    2   1    0.55
150    2    0.023    2    1   1    0.53
71    1    -0.023    2    2   1    0.68
16    1    -0.023    2    2   1    0.60
73    1    0.000    2    2   0    2.79
122    2    -0.009    2    1   0    2.92
88    2    0.000    1    2   0    1.19
117    2    -0.009    2    1   0    2.44
89    2    0.009    2    1   1    1.41
129    2    0.009    2    1   1    2.21
74    1    0.009    1    1   1    1.48
78    2    0.000    2    1   1    1.38
124    2    0.009    2    1   1    1.37
72    1    -0.009    2    2   1    1.76
111    2    -0.023    1    2   1    0.75
64    1    0.009    1    1   1    3.06
123    2    0.000    2    1   1    1.10
43    1    0.000    2    2   0    1.40
38    1    0.000    1    1   1    2.43
86    2    -0.023    1    2   1    1.05
65    1    0.023    1    1   1    1.62
37    1    -0.009    2    2   1    0.78
20    1    0.023    1    1   1    0.75
127    2    -0.009    1    2   1    0.80
5    1    0.023    2    2   0    1.51
133    2    0.000    2    1   1    1.49
101    2    -0.023    1    2   1    0.76
8    1    0.000    2    2   0    1.33
19    1    0.009    1    1   1    1.32
126    2    -0.023    1    2   1    0.81
33    1    0.000    2    2   0    0.75
18    1    0.000    2    2   0    1.29
148    2    0.000    1    2   0    0.93
114    2    0.009    2    1   1    0.71
83    2    0.000    2    1   1    1.71
53    1    0.000    2    2   0    1.82
146    2    -0.023    1    2   1    1.00
25    1    0.023    1    1   1    1.23
106    2    -0.023    1    2   1    0.81
3    1    0.000    2    2   0    1.44
31    1    -0.023    2    2   1    0.95
46    1    -0.023    2    2   1    0.90
12    1    -0.009    2    2   1    1.18
128    2    0.000    2    1   1    0.67
134    2    0.009    2    1   1    0.92
17    1    -0.009    2    2   1    2.05
77    2    -0.009    1    2   1    1.08
56    1    -0.023    2    2   1    0.67
45    1    0.023    1    1   1    0.48
132    2    -0.009    1    2   1    0.85
79    2    0.009    2    1   1    0.66
135    2    0.023    2    1   1    0.66
81    2    -0.023    1    2   1    0.55
49    1    0.009    2    2   0    1.52
93    2    0.000    2    1   1    3.10
120    2    0.023    2    1   1    0.69
23    1    0.000    2    2   0    1.16
116    2    -0.023    1    2   1    0.54
44    1    0.009    1    1   1    1.05
87    2    -0.009    2    1   0    1.60
137    2    -0.009    2    1   0    1.04
107    2    -0.009    1    2   1    0.71
6    1    -0.023    2    2   1    0.64
131    2    -0.023    1    2   1    0.57
2    1    -0.009    2    2   1    0.55
32    1    -0.009    2    2   1    1.10
143    2    0.000    1    2   0    1.50
10    1    0.023    1    1   1    0.89
118    2    0.000    2    1   1    0.85
51    1    -0.023    2    2   1    0.69
63    1    0.000    1    1   1    1.01
58    1    0.000    2    2   0    1.82
109    2    0.009    1    2   0    1.38
24    1    0.009    1    1   1    2.36
70    1    0.023    2    2   0    1.81
68    1    0.000    2    2   0    0.88
15    1    0.023    1    1   1    1.90
140    2    0.023    2    1   1    0.76
121    2    -0.023    1    2   1    0.73
67    1    -0.009    2    2   1    0.60
138    2    0.000    2    1   1    1.17
57    1    -0.009    2    2   1    0.64
39    1    0.009    1    1   1    0.67
92    2    -0.009    1    2   1    2.17
115    2    0.023    2    1   1    0.73
94    2    0.009    2    1   1    1.13
76    2    -0.023    1    2   1    0.92
84    2    0.009    2    1   1    0.65
142    2    -0.009    1    2   1    0.84
1    1    -0.023    2    2   1    0.79
29    1    0.009    1    1   1    0.83
75    2    0.023    2    1   1    0.57
50    1    0.023    1    1   1    0.60
103    2    0.000    2    1   1    0.80
66    1    -0.023    2    2   1    0.89
34    1    0.009    1    1   1    0.58
102    2    -0.009    1    2   1    0.82
40    1    0.023    1    1   1    1.03
30    1    0.023    1    1   1    2.71
100    2    0.023    2    1   1    0.68
7    1    -0.009    2    2   1    0.66
105    2    0.023    2    1   1    0.71
113    2    0.000    1    2   0    0.76
82    2    -0.009    2    1   0    1.29
48    1    0.000    2    2   0    1.90
96    2    -0.023    1    2   1    2.88
108    2    0.000    2    1   1    1.42
104    2    0.009    2    1   1    1.39
141    2    -0.023    1    2   1    0.59
35    1    0.023    1    1   1    1.10
98    2    0.000    2    1   1    1.05
147    2    -0.009    1    2   1    0.97
80    2    0.023    2    1   1    0.68
144    2    0.009    2    1   1    0.95
59    1    0.009    1    1   1    3.97
41    1    -0.023    2    2   1    0.71
9    1    0.009    2    2   0    4.97
95    2    0.023    2    1   1    1.27
85    2    0.023    2    1   1    0.69
62    1    -0.009    2    2   1    1.02
22    1    -0.009    2    2   1    0.99
112    2    -0.009    1    2   1    1.29
11    1    -0.023    2    2   1    0.80
136    2    -0.023    1    2   1    0.99
14    1    0.009    2    2   0    0.91
55    1    0.023    1    1   1    1.15
4    1    0.009    2    2   0    1.48
13    1    0.000    1    1   1    1.36
99    2    0.009    2    1   1    0.96
110    2    0.023    2    1   1    1.16
60    1    0.023    1    1   1    0.88
145    2    0.023    2    1   1    0.54
28    1    0.000    1    1   1    0.96
54    1    0.009    2    2   0    1.31
69    1    0.009    1    1   1    0.88
119    2    0.009    2    1   1    0.62
97    2    -0.009    2    1   0    1.95
27    1    -0.009    2    2   1    0.71
26    1    -0.023    2    2   1    0.64
130    2    0.023    2    1   1    0.95
