--------------------------------
31-Mar-2015 19:20:26 
data from observer T27 
#occlusion2 expt 
reference disparity (degrees) 0.160000 

stim order disp kresp testresp correct time
1    1    0.074    1    1   1    3.52
2    2    -0.069    1    2   1    0.67
3    1    0.065    1    1   1    0.58
4    1    -0.060    2    2   1    0.74
5    2    0.055    2    1   1    0.71
6    2    0.051    2    1   1    0.49
7    2    -0.046    1    2   1    0.59
8    1    -0.042    2    2   1    0.55
9    1    -0.037    2    2   1    0.55
10    2    -0.032    1    2   1    0.62
11    2    0.028    2    1   1    0.40
12    2    -0.023    1    2   1    0.55
13    2    -0.018    1    2   1    0.71
14    2    -0.014    1    2   1    0.93
15    1    0.009    2    2   0    1.08
16    2    0.018    2    1   1    0.73
17    2    -0.018    1    2   1    0.80
18    1    -0.014    2    2   1    0.45
19    1    0.014    1    1   1    0.51
20    2    -0.009    1    2   1    0.98
21    2    0.009    2    1   1    0.44
22    1    -0.005    2    2   1    0.50
23    1    -0.005    2    2   1    0.42
24    2    -0.005    1    2   1    0.94
25    2    0.005    2    1   1    0.51
26    1    0.005    2    2   0    0.80
27    1    -0.014    2    2   1    0.90
28    1    -0.014    2    2   1    0.67
29    1    -0.009    2    2   1    0.94
30    2    -0.009    1    2   1    0.97
31    2    0.005    2    1   1    2.61
32    1    0.005    1    1   1    0.75
33    2    -0.005    1    2   1    1.50
34    1    -0.005    2    2   1    0.78
35    1    -0.005    2    2   1    0.77
36    1    -0.005    2    2   1    1.31
37    1    -0.005    2    2   1    0.81
38    1    -0.005    2    2   1    0.63
39    1    0.005    1    1   1    0.80
40    1    0.005    2    2   0    0.57
41    2    -0.014    1    2   1    0.56
42    2    0.014    2    1   1    0.50
43    1    0.009    2    2   0    0.39
44    1    -0.018    2    2   1    0.68
45    2    -0.018    1    2   1    0.54
46    2    0.014    2    1   1    0.45
47    1    -0.014    2    2   1    0.65
48    1    -0.009    2    2   1    0.60
49    1    0.009    2    2   0    1.23
50    2    0.018    2    1   1    0.76
-------------------------
Final staircase threshold estimate (mean) is 0.0139
-------------------------
27    1    -0.014    2    2   1    2.22
15    1    0.037    1    1   1    0.66
59    1    0.014    1    1   1    2.49
41    1    -0.037    2    2   1    0.61
75    2    0.037    2    1   1    0.54
101    2    -0.037    1    2   1    0.58
150    2    0.037    2    1   1    0.44
58    1    0.000    2    2   0    1.30
69    1    0.014    1    1   1    0.71
48    1    0.000    2    2   0    0.47
20    1    0.037    1    1   1    0.63
72    1    -0.014    2    2   1    0.47
22    1    -0.014    2    2   1    0.83
106    2    -0.037    1    2   1    0.79
34    1    0.014    2    2   0    1.36
139    2    0.014    2    1   1    0.94
83    2    0.000    2    1   1    1.61
63    1    0.000    1    1   1    0.74
54    1    0.014    1    1   1    1.41
70    1    0.037    1    1   1    0.93
76    2    -0.037    1    2   1    0.91
50    1    0.037    1    1   1    2.16
17    1    -0.014    2    2   1    0.50
19    1    0.014    1    1   1    0.87
92    2    -0.014    1    2   1    1.84
94    2    0.014    2    1   1    0.59
127    2    -0.014    1    2   1    0.95
43    1    0.000    2    2   0    0.57
2    1    -0.014    1    1   0    0.54
80    2    0.037    2    1   1    0.85
38    1    0.000    2    2   0    1.55
90    2    0.037    2    1   1    0.54
142    2    -0.014    1    2   1    0.80
95    2    0.037    2    1   1    0.57
26    1    -0.037    2    2   1    0.55
12    1    -0.014    1    1   0    0.48
74    1    0.014    1    1   1    0.84
130    2    0.037    2    1   1    0.67
78    2    0.000    2    1   1    0.67
89    2    0.014    2    1   1    0.83
82    2    -0.014    1    2   1    0.69
31    1    -0.037    2    2   1    0.54
25    1    0.037    1    1   1    0.57
9    1    0.014    1    1   1    1.07
13    1    0.000    2    2   0    2.54
131    2    -0.037    1    2   1    0.88
1    1    -0.037    2    2   1    0.48
39    1    0.014    1    1   1    0.68
64    1    0.014    1    1   1    1.68
124    2    0.014    2    1   1    0.46
46    1    -0.037    2    2   1    0.52
121    2    -0.037    1    2   1    0.52
51    1    -0.037    2    2   1    0.40
144    2    0.014    2    1   1    0.58
73    1    0.000    2    2   0    0.62
93    2    0.000    1    2   0    1.69
105    2    0.037    2    1   1    0.54
42    1    -0.014    2    2   1    0.53
67    1    -0.014    2    2   1    1.11
77    2    -0.014    1    2   1    0.66
96    2    -0.037    1    2   1    0.57
110    2    0.037    2    1   1    0.56
125    2    0.037    2    1   1    0.49
88    2    0.000    1    2   0    0.47
86    2    -0.037    1    2   1    0.76
61    1    -0.037    2    2   1    0.58
137    2    -0.014    1    2   1    0.60
104    2    0.014    2    1   1    0.75
62    1    -0.014    2    2   1    1.12
44    1    0.014    1    1   1    0.95
60    1    0.037    1    1   1    0.65
28    1    0.000    2    2   0    1.09
115    2    0.037    2    1   1    0.72
140    2    0.037    2    1   1    1.11
55    1    0.037    1    1   1    0.59
47    1    -0.014    2    2   1    0.51
123    2    0.000    2    1   1    1.93
143    2    0.000    2    1   1    0.86
40    1    0.037    1    1   1    0.75
99    2    0.014    2    1   1    0.75
84    2    0.014    2    1   1    0.92
149    2    0.014    2    1   1    0.59
102    2    -0.014    1    2   1    0.78
35    1    0.037    1    1   1    0.92
112    2    -0.014    1    2   1    2.35
100    2    0.037    2    1   1    0.61
32    1    -0.014    2    2   1    0.88
117    2    -0.014    1    2   1    0.92
21    1    -0.037    2    2   1    0.51
135    2    0.037    2    1   1    0.66
118    2    0.000    1    2   0    0.55
114    2    0.014    2    1   1    0.57
107    2    -0.014    1    2   1    1.05
111    2    -0.037    1    2   1    0.62
52    1    -0.014    2    2   1    1.24
11    1    -0.037    2    2   1    0.61
146    2    -0.037    1    2   1    0.49
109    2    0.014    2    1   1    0.78
126    2    -0.037    1    2   1    0.71
37    1    -0.014    2    2   1    0.64
16    1    -0.037    2    2   1    0.50
79    2    0.014    2    1   1    0.76
119    2    0.014    2    1   1    1.21
57    1    -0.014    2    2   1    1.00
122    2    -0.014    1    2   1    0.83
141    2    -0.037    2    1   0    1.66
30    1    0.037    1    1   1    1.60
10    1    0.037    1    1   1    3.31
66    1    -0.037    2    2   1    0.80
113    2    0.000    2    1   1    1.14
53    1    0.000    2    2   0    4.59
7    1    -0.014    2    2   1    1.53
33    1    0.000    1    1   1    0.67
133    2    0.000    1    2   0    1.31
85    2    0.037    2    1   1    0.80
5    1    0.037    2    2   0    1.07
134    2    0.014    2    1   1    1.21
23    1    0.000    1    1   1    1.50
145    2    0.037    2    1   1    0.90
45    1    0.037    1    1   1    0.63
136    2    -0.037    1    2   1    0.56
18    1    0.000    2    2   0    1.88
138    2    0.000    1    2   0    0.84
8    1    0.000    1    1   1    1.37
4    1    0.014    1    1   1    1.31
120    2    0.037    2    1   1    1.04
36    1    -0.037    2    2   1    1.00
65    1    0.037    1    1   1    0.75
103    2    0.000    1    2   0    1.00
6    1    -0.037    2    2   1    0.57
24    1    0.014    1    1   1    0.59
68    1    0.000    2    2   0    0.95
14    1    0.014    1    1   1    0.75
49    1    0.014    1    1   1    1.14
98    2    0.000    2    1   1    1.86
148    2    0.000    1    2   0    2.01
116    2    -0.037    1    2   1    0.63
71    1    -0.037    2    2   1    0.61
81    2    -0.037    1    2   1    0.62
91    2    -0.037    1    2   1    0.84
129    2    0.014    2    1   1    0.63
128    2    0.000    2    1   1    1.74
147    2    -0.014    1    2   1    3.01
3    1    0.000    2    2   0    0.60
29    1    0.014    2    2   0    1.55
108    2    0.000    2    1   1    1.99
56    1    -0.037    2    2   1    0.95
87    2    -0.014    1    2   1    0.76
132    2    -0.014    1    2   1    1.87
97    2    -0.014    1    2   1    0.80
