--------------------------------
31-Mar-2015 18:16:20 
data from observer T27 
#occlusion2 expt 
reference disparity (degrees) 0.160000 

stim order disp kresp testresp correct time
1    2    -0.074    2    1   1    3.63
2    2    -0.069    2    1   1    0.94
3    1    -0.065    1    1   1    0.82
4    1    0.060    2    2   1    0.55
5    2    -0.055    2    1   1    0.70
6    1    -0.051    1    1   1    0.55
7    2    -0.046    2    1   1    0.52
8    1    0.042    2    2   1    0.66
9    1    -0.037    1    1   1    0.94
10    1    -0.032    1    1   1    0.55
11    2    0.028    1    2   1    0.97
12    2    -0.023    2    1   1    1.04
13    1    -0.018    1    1   1    0.80
14    2    -0.014    2    1   1    0.83
15    2    0.009    1    2   1    0.94
16    2    -0.005    2    1   1    0.71
17    2    0.005    1    2   1    1.61
18    1    -0.005    1    1   1    2.85
19    1    -0.005    1    1   1    1.13
20    1    0.005    2    2   1    0.77
21    2    0.005    1    2   1    0.85
22    2    -0.005    2    1   1    1.04
23    1    -0.005    1    1   1    2.22
24    2    -0.005    1    2   0    3.43
25    1    0.014    2    2   1    1.30
26    2    0.014    2    1   0    1.32
27    1    0.023    2    2   1    1.32
28    1    0.023    2    2   1    0.59
29    2    0.018    2    1   0    0.64
30    1    0.028    2    2   1    0.98
31    2    0.028    1    2   1    0.88
32    1    -0.023    1    1   1    0.79
33    2    0.023    1    2   1    1.40
34    1    -0.018    1    1   1    1.58
35    1    0.018    2    2   1    0.65
36    2    -0.014    2    1   1    0.58
37    1    0.014    2    2   1    0.95
38    2    -0.009    2    1   1    1.11
39    2    -0.009    2    1   1    1.65
40    1    -0.005    1    1   1    1.65
41    1    -0.005    2    2   0    4.31
42    1    -0.014    1    1   1    3.13
43    2    0.014    1    2   1    0.88
44    2    -0.009    1    2   0    1.05
45    1    -0.018    1    1   1    0.80
46    1    0.018    2    2   1    0.73
47    1    -0.014    1    1   1    0.93
48    2    0.014    1    2   1    1.64
49    2    0.009    1    2   1    1.25
50    1    0.009    2    2   1    1.81
-------------------------
Final staircase threshold estimate (mean) is 0.0125
-------------------------
136    2    -0.032    2    1   0    4.92
118    2    0.000    2    1   1    0.77
50    1    0.032    2    2   0    0.85
14    1    0.014    2    2   0    1.36
129    2    0.014    1    2   0    0.71
37    1    -0.014    1    1   0    1.50
64    1    0.014    2    2   0    0.82
91    2    -0.032    2    1   0    0.76
116    2    -0.032    2    1   0    0.76
70    1    0.032    2    2   0    0.81
67    1    -0.014    1    1   0    0.81
41    1    -0.032    1    1   0    1.14
58    1    0.000    2    2   0    0.95
134    2    0.014    2    1   1    2.98
20    1    0.032    2    2   0    0.78
140    2    0.032    1    2   0    1.08
142    2    -0.014    2    1   0    0.52
28    1    0.000    1    1   1    1.80
100    2    0.032    1    2   0    0.68
9    1    0.014    2    2   0    0.70
121    2    -0.032    2    1   0    0.58
31    1    -0.032    1    1   0    1.02
6    1    -0.032    1    1   0    0.82
120    2    0.032    1    2   0    1.23
122    2    -0.014    2    1   0    0.80
49    1    0.014    2    2   0    1.06
12    1    -0.014    1    1   0    3.85
90    2    0.032    1    2   0    1.43
124    2    0.014    1    2   0    2.09
71    1    -0.032    1    1   0    1.07
114    2    0.014    2    1   1    1.11
45    1    0.032    2    2   0    0.83
35    1    0.032    2    2   0    0.86
73    1    0.000    1    1   1    2.16
52    1    -0.014    1    1   0    0.92
72    1    -0.014    1    1   0    1.18
47    1    -0.014    1    1   0    1.85
92    2    -0.014    2    1   0    0.63
48    1    0.000    2    2   0    1.38
125    2    0.032    1    2   0    0.92
135    2    0.032    1    2   0    0.78
15    1    0.032    2    2   0    0.77
17    1    -0.014    1    1   0    0.94
32    1    -0.014    1    1   0    3.13
84    2    0.014    1    2   0    3.15
105    2    0.032    1    2   0    1.39
141    2    -0.032    2    1   0    0.72
46    1    -0.032    1    1   0    1.45
19    1    0.014    2    2   0    1.44
103    2    0.000    2    1   1    2.05
29    1    0.014    2    2   0    0.64
107    2    -0.014    2    1   0    1.13
69    1    0.014    2    2   0    0.77
40    1    0.032    2    2   0    1.00
39    1    0.014    2    2   0    1.03
42    1    -0.014    1    1   0    0.81
62    1    -0.014    2    2   1    0.70
38    1    0.000    2    2   0    0.74
96    2    -0.032    2    1   0    0.90
101    2    -0.032    2    1   0    0.90
130    2    0.032    1    2   0    0.75
86    2    -0.032    2    1   0    0.64
51    1    -0.032    1    1   0    0.54
95    2    0.032    1    2   0    0.85
117    2    -0.014    2    1   0    0.41
104    2    0.014    1    2   0    0.51
109    2    0.014    1    2   0    2.65
10    1    0.032    2    2   0    0.96
143    2    0.000    1    2   0    1.20
127    2    -0.014    2    1   0    0.93
102    2    -0.014    2    1   0    0.74
7    1    -0.014    1    1   0    1.11
27    1    -0.014    1    1   0    1.34
112    2    -0.014    2    1   0    0.81
54    1    0.014    2    2   0    0.66
16    1    -0.032    1    1   0    0.69
11    1    -0.032    1    1   0    1.10
76    2    -0.032    2    1   0    0.61
8    1    0.000    2    2   0    0.69
77    2    -0.014    2    1   0    0.57
94    2    0.014    2    1   1    0.89
5    1    0.032    2    2   0    0.77
132    2    -0.014    2    1   0    0.75
4    1    0.014    2    2   0    0.58
83    2    0.000    2    1   1    0.84
131    2    -0.032    2    1   0    0.65
57    1    -0.014    1    1   0    1.50
60    1    0.032    2    2   0    0.71
81    2    -0.032    2    1   0    0.75
87    2    -0.014    2    1   0    0.67
18    1    0.000    2    2   0    4.87
63    1    0.000    2    2   0    2.17
43    1    0.000    2    2   0    2.05
13    1    0.000    2    2   0    2.45
150    2    0.032    2    1   1    1.33
78    2    0.000    2    1   1    1.22
145    2    0.032    1    2   0    0.61
80    2    0.032    1    2   0    0.74
147    2    -0.014    2    1   0    0.71
22    1    -0.014    1    1   0    1.29
66    1    -0.032    1    1   0    0.79
98    2    0.000    2    1   1    1.51
99    2    0.014    1    2   0    0.74
23    1    0.000    2    2   0    0.58
24    1    0.014    2    2   0    0.73
89    2    0.014    1    2   0    0.72
146    2    -0.032    2    1   0    0.63
123    2    0.000    2    1   1    0.89
68    1    0.000    2    2   0    0.56
74    1    0.014    2    2   0    0.61
108    2    0.000    2    1   1    1.19
88    2    0.000    2    1   1    1.06
110    2    0.032    1    2   0    0.78
148    2    0.000    2    1   1    0.64
25    1    0.032    2    2   0    0.63
139    2    0.014    1    2   0    0.63
75    2    0.032    1    2   0    0.73
138    2    0.000    2    1   1    0.72
126    2    -0.032    2    1   0    0.65
97    2    -0.014    2    1   0    0.85
106    2    -0.032    2    1   0    0.63
34    1    0.014    2    2   0    0.70
119    2    0.014    1    2   0    0.97
144    2    0.014    1    2   0    1.08
30    1    0.032    2    2   0    0.53
133    2    0.000    1    2   0    1.54
26    1    -0.032    1    1   0    0.90
1    1    -0.032    1    1   0    0.67
149    2    0.014    1    2   0    0.95
93    2    0.000    2    1   1    0.89
53    1    0.000    2    2   0    0.68
115    2    0.032    1    2   0    0.76
61    1    -0.032    1    1   0    0.72
113    2    0.000    2    1   1    1.03
82    2    -0.014    2    1   0    0.68
2    1    -0.014    1    1   0    0.74
128    2    0.000    2    1   1    1.14
21    1    -0.032    1    1   0    0.58
55    1    0.032    2    2   0    0.67
65    1    0.032    2    2   0    0.76
59    1    0.014    2    2   0    0.63
111    2    -0.032    2    1   0    1.06
137    2    -0.014    2    1   0    0.65
85    2    0.032    1    2   0    0.66
3    1    0.000    2    2   0    0.47
33    1    0.000    2    2   0    1.11
56    1    -0.032    1    1   0    0.68
79    2    0.014    1    2   0    1.20
44    1    0.014    2    2   0    0.57
36    1    -0.032    1    1   0    0.63
