--------------------------------
31-Mar-2015 18:23:30 
data from observer T27 
#occlusion2 expt 
reference disparity (degrees) 0.160000 

stim order disp kresp testresp correct time
1    2    -0.074    2    1   1    1.70
2    2    -0.069    2    1   1    0.68
3    2    -0.065    2    1   1    0.53
4    2    -0.060    2    1   1    0.52
5    1    0.055    2    2   1    0.59
6    1    -0.051    1    1   1    0.70
7    2    -0.046    2    1   1    0.48
8    2    0.042    1    2   1    0.69
9    1    0.037    2    2   1    1.12
10    1    -0.032    1    1   1    0.59
11    2    0.028    1    2   1    0.66
12    1    0.023    2    2   1    0.53
13    1    0.018    2    2   1    0.62
14    1    0.014    2    2   1    0.56
15    2    -0.009    2    1   1    1.49
16    2    -0.005    2    1   1    1.25
17    2    0.005    2    1   0    1.69
18    1    -0.014    1    1   1    0.85
19    1    0.014    2    2   1    0.61
20    2    -0.009    2    1   1    0.66
21    1    0.009    2    2   1    0.66
22    2    -0.005    2    1   1    1.15
23    1    -0.005    1    1   1    0.84
24    1    -0.005    2    2   0    1.44
25    2    0.014    1    2   1    1.10
26    1    0.014    2    2   1    0.74
27    2    0.009    2    1   0    1.90
28    1    -0.018    1    1   1    0.76
29    2    0.018    1    2   1    0.66
30    1    0.014    2    2   1    0.87
31    2    -0.014    2    1   1    0.68
32    1    0.009    2    2   1    0.84
33    2    0.009    1    2   1    1.11
34    1    0.005    2    2   1    0.92
35    1    -0.005    1    1   1    0.97
36    1    -0.005    2    2   0    2.02
37    1    0.014    2    2   1    0.93
38    2    0.014    1    2   1    0.76
39    1    -0.009    1    1   1    0.92
40    1    -0.009    1    1   1    0.88
41    1    0.005    2    2   1    0.45
42    1    -0.005    1    1   1    1.15
43    2    -0.005    2    1   1    1.16
44    2    0.005    1    2   1    0.95
45    1    0.005    2    2   1    0.73
46    1    -0.005    1    1   1    0.96
47    2    -0.005    2    1   1    0.62
48    2    0.005    1    2   1    1.09
49    1    0.005    1    1   0    1.39
50    1    -0.014    1    1   1    1.22
-------------------------
Final staircase threshold estimate (mean) is 0.0055
-------------------------
34    1    0.005    2    2   0    4.39
4    1    0.005    2    2   0    1.54
115    2    0.014    1    2   0    0.80
132    2    -0.005    2    1   0    0.89
113    2    0.000    2    1   1    1.19
68    1    0.000    2    2   0    0.90
150    2    0.014    1    2   0    0.75
130    2    0.014    1    2   0    0.98
46    1    -0.014    1    1   0    1.25
18    1    0.000    2    2   0    1.02
23    1    0.000    2    2   0    0.89
149    2    0.005    2    1   1    0.76
129    2    0.005    2    1   1    1.03
53    1    0.000    2    2   0    0.69
124    2    0.005    2    1   1    0.91
40    1    0.014    2    2   0    1.15
112    2    -0.005    2    1   0    0.82
49    1    0.005    1    1   1    1.25
91    2    -0.014    2    1   0    0.81
55    1    0.014    2    2   0    1.30
116    2    -0.014    2    1   0    1.04
134    2    0.005    1    2   0    1.15
24    1    0.005    2    2   0    1.00
42    1    -0.005    2    2   1    1.68
67    1    -0.005    1    1   0    1.31
146    2    -0.014    2    1   0    0.73
12    1    -0.005    1    1   0    0.87
103    2    0.000    2    1   1    1.03
108    2    0.000    2    1   1    0.96
131    2    -0.014    2    1   0    0.81
52    1    -0.005    1    1   0    1.49
22    1    -0.005    2    2   1    1.35
32    1    -0.005    1    1   0    1.34
54    1    0.005    2    2   0    0.67
96    2    -0.014    2    1   0    0.86
148    2    0.000    2    1   1    1.14
59    1    0.005    2    2   0    1.27
78    2    0.000    2    1   1    1.88
144    2    0.005    2    1   1    1.67
107    2    -0.005    1    2   1    1.36
1    1    -0.014    1    1   0    0.96
102    2    -0.005    2    1   0    0.99
48    1    0.000    2    2   0    1.54
123    2    0.000    1    2   0    0.82
11    1    -0.014    1    1   0    0.90
35    1    0.014    2    2   0    0.77
79    2    0.005    1    2   0    0.74
99    2    0.005    1    2   0    1.81
9    1    0.005    2    2   0    1.52
26    1    -0.014    1    1   0    0.68
140    2    0.014    1    2   0    0.97
17    1    -0.005    2    2   1    1.27
141    2    -0.014    2    1   0    0.83
56    1    -0.014    1    1   0    0.78
7    1    -0.005    2    2   1    1.37
38    1    0.000    2    2   0    0.87
74    1    0.005    2    2   0    0.87
101    2    -0.014    2    1   0    1.15
69    1    0.005    2    2   0    1.02
45    1    0.014    2    2   0    1.31
20    1    0.014    2    2   0    1.57
31    1    -0.014    1    1   0    1.13
138    2    0.000    2    1   1    1.36
71    1    -0.014    1    1   0    0.96
65    1    0.014    2    2   0    0.70
27    1    -0.005    1    1   0    1.12
89    2    0.005    1    2   0    1.06
109    2    0.005    1    2   0    0.97
43    1    0.000    2    2   0    1.45
60    1    0.014    2    2   0    0.86
90    2    0.014    1    2   0    0.77
110    2    0.014    1    2   0    0.89
84    2    0.005    2    1   1    1.09
14    1    0.005    2    2   0    0.82
51    1    -0.014    1    1   0    0.82
86    2    -0.014    2    1   0    0.76
82    2    -0.005    2    1   0    3.53
122    2    -0.005    2    1   0    0.68
87    2    -0.005    2    1   0    1.86
143    2    0.000    2    1   1    1.38
118    2    0.000    2    1   1    0.86
58    1    0.000    2    2   0    2.30
105    2    0.014    1    2   0    0.74
119    2    0.005    2    1   1    0.85
62    1    -0.005    1    1   0    0.75
47    1    -0.005    1    1   0    1.13
93    2    0.000    2    1   1    1.61
137    2    -0.005    2    1   0    1.25
21    1    -0.014    1    1   0    0.91
37    1    -0.005    1    1   0    3.69
73    1    0.000    2    2   0    0.84
63    1    0.000    2    2   0    1.04
114    2    0.005    1    2   0    0.73
135    2    0.014    1    2   0    1.02
128    2    0.000    2    1   1    4.20
36    1    -0.014    1    1   0    0.93
33    1    0.000    2    2   0    1.78
94    2    0.005    2    1   1    4.10
28    1    0.000    2    2   0    1.56
15    1    0.014    2    2   0    0.92
104    2    0.005    1    2   0    1.35
8    1    0.000    2    2   0    1.25
61    1    -0.014    1    1   0    2.61
117    2    -0.005    2    1   0    0.85
50    1    0.014    2    2   0    0.92
81    2    -0.014    2    1   0    1.21
133    2    0.000    2    1   1    1.46
100    2    0.014    1    2   0    1.09
145    2    0.014    1    2   0    1.18
41    1    -0.014    1    1   0    1.39
13    1    0.000    1    1   1    1.34
66    1    -0.014    2    2   1    1.10
92    2    -0.005    2    1   0    0.89
2    1    -0.005    2    2   1    0.98
30    1    0.014    2    2   0    0.84
88    2    0.000    2    1   1    1.82
3    1    0.000    1    1   1    1.82
80    2    0.014    1    2   0    0.91
142    2    -0.005    2    1   0    1.44
111    2    -0.014    2    1   0    0.84
136    2    -0.014    2    1   0    0.91
19    1    0.005    2    2   0    1.79
121    2    -0.014    2    1   0    0.99
95    2    0.014    1    2   0    0.70
6    1    -0.014    1    1   0    0.85
120    2    0.014    1    2   0    0.97
70    1    0.014    2    2   0    0.55
29    1    0.005    2    2   0    1.13
139    2    0.005    1    2   0    0.54
25    1    0.014    2    2   0    0.62
106    2    -0.014    2    1   0    0.61
44    1    0.005    2    2   0    0.75
77    2    -0.005    2    1   0    0.55
97    2    -0.005    2    1   0    1.89
64    1    0.005    2    2   0    0.82
5    1    0.014    2    2   0    0.65
125    2    0.014    1    2   0    0.72
76    2    -0.014    2    1   0    0.46
98    2    0.000    1    2   0    0.76
147    2    -0.005    2    1   0    0.58
75    2    0.014    1    2   0    0.52
10    1    0.014    2    2   0    0.39
127    2    -0.005    2    1   0    0.69
57    1    -0.005    1    1   0    0.67
16    1    -0.014    2    2   1    0.51
83    2    0.000    2    1   1    1.04
126    2    -0.014    2    1   0    0.72
72    1    -0.005    1    1   0    0.61
39    1    0.005    2    2   0    0.51
85    2    0.014    1    2   0    0.71
