--------------------------------
31-Mar-2015 19:14:45 
data from observer T27 
#occlusion2 expt 
reference disparity (degrees) 0.160000 

stim order disp kresp testresp correct time
1    2    -0.074    1    2   1    2.25
2    2    0.069    2    1   1    0.66
3    1    -0.065    2    2   1    0.43
4    1    0.060    1    1   1    0.55
5    2    -0.055    1    2   1    0.49
6    2    0.051    2    1   1    0.39
7    1    -0.046    2    2   1    0.46
8    1    0.042    1    1   1    0.57
9    2    -0.037    1    2   1    0.56
10    2    0.032    2    1   1    0.43
11    2    0.028    2    1   1    0.50
12    2    -0.023    1    2   1    0.56
13    1    0.018    1    1   1    0.61
14    1    -0.014    2    2   1    0.42
15    2    -0.009    1    2   1    0.64
16    1    -0.005    2    2   1    0.60
17    2    -0.005    2    1   0    0.62
18    2    0.014    2    1   1    0.50
19    1    -0.014    2    2   1    0.56
20    1    0.009    1    1   1    0.64
21    1    0.009    1    1   1    1.79
22    2    0.005    2    1   1    0.71
23    2    -0.005    2    1   0    0.72
24    2    0.014    2    1   1    0.55
25    1    -0.014    2    2   1    0.51
26    1    0.009    1    1   1    0.94
27    1    -0.009    2    2   1    1.57
28    2    -0.005    2    1   0    0.62
29    1    -0.014    2    2   1    0.57
30    1    -0.014    2    2   1    0.56
31    2    -0.009    1    2   1    0.47
32    2    -0.009    2    1   0    1.29
33    1    0.018    1    1   1    0.98
34    1    0.018    1    1   1    0.74
35    2    -0.014    2    1   0    0.65
36    2    0.023    2    1   1    0.66
37    1    -0.023    2    2   1    0.61
38    2    0.018    2    1   1    0.65
39    1    -0.018    2    2   1    0.58
40    2    -0.014    1    2   1    0.59
41    1    -0.014    2    2   1    0.43
42    1    0.009    1    1   1    1.11
43    2    -0.009    2    1   0    0.57
44    2    -0.018    1    2   1    0.74
45    2    -0.018    1    2   1    0.72
46    2    0.014    2    1   1    0.76
47    1    -0.014    2    2   1    0.55
48    2    -0.009    1    2   1    0.69
49    2    0.009    2    1   1    0.39
50    2    -0.005    2    1   0    0.50
-------------------------
Final staircase threshold estimate (mean) is 0.0120
-------------------------
70    1    0.032    1    1   1    3.29
35    1    0.032    1    1   1    0.67
19    1    0.014    1    1   1    1.55
10    1    0.032    1    1   1    0.68
147    2    -0.014    1    2   1    1.51
36    1    -0.032    2    2   1    0.59
60    1    0.032    2    2   0    0.85
98    2    0.000    2    1   1    0.85
21    1    -0.032    2    2   1    0.66
71    1    -0.032    2    2   1    0.95
52    1    -0.014    2    2   1    0.51
85    2    0.032    2    1   1    0.48
143    2    0.000    2    1   1    0.53
131    2    -0.032    1    2   1    0.87
12    1    -0.014    2    2   1    0.49
27    1    -0.014    2    2   1    0.54
54    1    0.014    1    1   1    0.69
64    1    0.014    1    1   1    0.93
132    2    -0.014    2    1   0    0.57
97    2    -0.014    2    1   0    0.97
5    1    0.032    1    1   1    0.67
28    1    0.000    2    2   0    0.67
104    2    0.014    2    1   1    0.49
6    1    -0.032    2    2   1    0.50
61    1    -0.032    2    2   1    0.56
108    2    0.000    2    1   1    0.68
65    1    0.032    1    1   1    0.58
129    2    0.014    2    1   1    0.46
105    2    0.032    2    1   1    0.53
114    2    0.014    2    1   1    0.58
117    2    -0.014    1    2   1    0.57
2    1    -0.014    2    2   1    0.47
87    2    -0.014    1    2   1    0.71
73    1    0.000    2    2   0    0.35
58    1    0.000    2    2   0    0.60
68    1    0.000    2    2   0    0.48
56    1    -0.032    2    2   1    0.57
1    1    -0.032    2    2   1    0.52
29    1    0.014    1    1   1    0.57
14    1    0.014    1    1   1    1.29
26    1    -0.032    2    2   1    0.60
150    2    0.032    2    1   1    0.43
92    2    -0.014    1    2   1    0.61
22    1    -0.014    2    2   1    0.50
42    1    -0.014    2    2   1    0.99
63    1    0.000    1    1   1    0.86
67    1    -0.014    2    2   1    0.66
84    2    0.014    2    1   1    0.77
72    1    -0.014    2    2   1    1.48
94    2    0.014    1    2   0    1.11
126    2    -0.032    1    2   1    1.06
41    1    -0.032    2    2   1    0.64
4    1    0.014    2    2   0    0.60
86    2    -0.032    1    2   1    1.01
127    2    -0.014    1    2   1    1.75
82    2    -0.014    2    1   0    1.50
45    1    0.032    1    1   1    0.66
31    1    -0.032    2    2   1    0.52
37    1    -0.014    2    2   1    0.82
125    2    0.032    2    1   1    0.56
11    1    -0.032    2    2   1    0.54
49    1    0.014    1    1   1    1.08
32    1    -0.014    2    2   1    0.78
47    1    -0.014    2    2   1    0.62
146    2    -0.032    1    2   1    0.93
90    2    0.032    2    1   1    0.65
145    2    0.032    2    1   1    0.68
30    1    0.032    1    1   1    1.02
135    2    0.032    2    1   1    0.46
81    2    -0.032    1    2   1    0.45
34    1    0.014    2    2   0    0.62
50    1    0.032    1    1   1    1.38
121    2    -0.032    1    2   1    0.68
107    2    -0.014    1    2   1    1.22
48    1    0.000    2    2   0    0.48
120    2    0.032    2    1   1    0.60
93    2    0.000    1    2   0    1.09
142    2    -0.014    2    1   0    0.49
23    1    0.000    2    2   0    0.78
130    2    0.032    2    1   1    0.56
55    1    0.032    1    1   1    0.89
141    2    -0.032    1    2   1    1.52
148    2    0.000    2    1   1    1.74
9    1    0.014    1    1   1    0.77
137    2    -0.014    1    2   1    0.81
115    2    0.032    2    1   1    0.63
79    2    0.014    2    1   1    1.11
99    2    0.014    2    1   1    0.77
113    2    0.000    1    2   0    1.52
39    1    0.014    1    1   1    0.87
77    2    -0.014    1    2   1    1.24
25    1    0.032    1    1   1    0.80
78    2    0.000    2    1   1    0.52
57    1    -0.014    2    2   1    0.49
83    2    0.000    2    1   1    0.53
33    1    0.000    1    1   1    1.00
140    2    0.032    2    1   1    0.63
91    2    -0.032    1    2   1    0.71
62    1    -0.014    2    2   1    0.46
123    2    0.000    2    1   1    1.52
134    2    0.014    2    1   1    2.80
88    2    0.000    1    2   0    1.76
138    2    0.000    2    1   1    0.55
69    1    0.014    1    1   1    0.81
74    1    0.014    1    1   1    0.70
51    1    -0.032    2    2   1    0.59
75    2    0.032    2    1   1    0.58
136    2    -0.032    1    2   1    0.62
118    2    0.000    2    1   1    0.65
128    2    0.000    1    2   0    0.97
102    2    -0.014    1    2   1    1.53
109    2    0.014    2    1   1    0.51
53    1    0.000    2    2   0    0.63
96    2    -0.032    1    2   1    0.54
100    2    0.032    2    1   1    0.39
3    1    0.000    1    1   1    0.50
17    1    -0.014    2    2   1    0.55
89    2    0.014    2    1   1    0.70
139    2    0.014    2    1   1    0.74
44    1    0.014    1    1   1    0.71
111    2    -0.032    1    2   1    0.63
124    2    0.014    2    1   1    0.39
95    2    0.032    2    1   1    0.52
101    2    -0.032    1    2   1    0.40
112    2    -0.014    1    2   1    0.69
116    2    -0.032    1    2   1    1.07
76    2    -0.032    1    2   1    0.58
80    2    0.032    2    1   1    0.55
119    2    0.014    2    1   1    0.48
43    1    0.000    2    2   0    0.61
106    2    -0.032    1    2   1    0.77
46    1    -0.032    2    2   1    0.47
110    2    0.032    2    1   1    0.65
103    2    0.000    1    2   0    0.79
7    1    -0.014    2    2   1    0.64
15    1    0.032    1    1   1    0.62
16    1    -0.032    2    2   1    0.43
18    1    0.000    2    2   0    1.11
40    1    0.032    1    1   1    0.61
144    2    0.014    2    1   1    0.56
122    2    -0.014    1    2   1    0.77
8    1    0.000    2    2   0    0.84
133    2    0.000    2    1   1    0.79
13    1    0.000    2    2   0    0.63
59    1    0.014    1    1   1    0.82
66    1    -0.032    2    2   1    0.37
20    1    0.032    1    1   1    0.51
149    2    0.014    2    1   1    0.37
24    1    0.014    1    1   1    0.61
38    1    0.000    2    2   0    0.44
