--------------------------------
31-Mar-2015 18:10:01 
data from observer T27 
#occlusion2 expt 
reference disparity (degrees) 0.160000 

stim order disp kresp testresp correct time
1    2    0.074    1    2   1    2.30
2    2    0.069    1    2   1    0.76
3    2    0.065    1    2   1    0.97
4    2    0.060    1    2   1    0.65
5    1    0.055    2    2   1    0.81
6    2    0.051    1    2   1    0.87
7    1    0.046    2    2   1    0.62
8    2    0.042    1    2   1    0.77
9    1    0.037    2    2   1    0.60
10    1    0.032    2    2   1    0.59
11    2    -0.028    2    1   1    0.78
12    1    0.023    2    2   1    0.57
13    1    -0.018    1    1   1    0.71
14    1    0.014    2    2   1    0.58
15    2    -0.009    2    1   1    0.76
16    1    0.005    2    2   1    0.92
17    1    -0.005    1    1   1    0.95
18    2    0.005    1    2   1    0.91
19    1    0.005    2    2   1    0.73
20    2    0.005    2    1   0    0.81
21    2    -0.014    2    1   1    0.96
22    2    0.014    1    2   1    0.72
23    2    -0.009    2    1   1    0.60
24    2    0.009    1    2   1    0.75
25    2    -0.005    2    1   1    0.62
26    1    0.005    1    1   0    0.76
27    2    0.014    1    2   1    0.68
28    2    -0.014    2    1   1    0.75
29    1    0.009    2    2   1    0.76
30    2    0.009    1    2   1    1.16
31    1    -0.005    1    1   1    1.57
32    1    -0.005    1    1   1    1.01
33    1    -0.005    1    1   1    1.24
34    1    0.005    2    2   1    0.76
35    2    0.005    1    2   1    0.76
36    2    -0.005    2    1   1    0.66
37    1    0.005    2    2   1    1.03
38    2    -0.005    2    1   1    0.68
39    2    -0.005    2    1   1    0.79
40    1    -0.005    2    2   0    0.75
41    2    0.014    2    1   0    1.07
42    1    0.023    2    2   1    0.74
43    1    0.023    2    2   1    0.69
44    1    0.018    2    2   1    0.61
45    2    -0.018    2    1   1    0.90
46    1    -0.014    1    1   1    0.73
47    2    -0.014    2    1   1    0.81
48    1    -0.009    1    1   1    1.03
49    2    0.009    1    2   1    1.30
50    1    -0.005    1    1   1    3.63
-------------------------
Final staircase threshold estimate (mean) is 0.0148
-------------------------
57    1    -0.014    1    1   0    3.31
58    1    0.000    1    1   1    2.52
24    1    0.014    2    2   0    0.84
124    2    0.014    1    2   0    0.90
117    2    -0.014    2    1   0    0.99
107    2    -0.014    2    1   0    0.88
61    1    -0.037    1    1   0    0.77
142    2    -0.014    2    1   0    0.98
121    2    -0.037    2    1   0    1.00
145    2    0.037    1    2   0    0.77
28    1    0.000    2    2   0    0.85
94    2    0.014    1    2   0    1.58
37    1    -0.014    1    1   0    0.95
15    1    0.037    2    2   0    0.77
79    2    0.014    1    2   0    1.03
140    2    0.037    1    2   0    0.84
93    2    0.000    2    1   1    0.63
59    1    0.014    2    2   0    0.61
128    2    0.000    2    1   1    1.08
120    2    0.037    1    2   0    0.70
18    1    0.000    1    1   1    1.38
70    1    0.037    2    2   0    0.58
101    2    -0.037    2    1   0    0.50
135    2    0.037    1    2   0    0.53
126    2    -0.037    2    1   0    0.45
23    1    0.000    2    2   0    1.59
30    1    0.037    2    2   0    0.61
6    1    -0.037    1    1   0    0.66
38    1    0.000    2    2   0    0.85
20    1    0.037    2    2   0    0.76
11    1    -0.037    1    1   0    0.63
10    1    0.037    2    2   0    0.52
92    2    -0.014    2    1   0    0.64
109    2    0.014    1    2   0    0.53
96    2    -0.037    2    1   0    0.49
137    2    -0.014    1    2   1    0.47
115    2    0.037    1    2   0    0.77
123    2    0.000    2    1   1    0.89
33    1    0.000    1    1   1    2.10
2    1    -0.014    1    1   0    0.73
60    1    0.037    2    2   0    0.48
80    2    0.037    1    2   0    0.62
66    1    -0.037    1    1   0    0.87
48    1    0.000    2    2   0    0.93
148    2    0.000    2    1   1    1.25
67    1    -0.014    1    1   0    1.05
69    1    0.014    2    2   0    0.64
63    1    0.000    1    1   1    1.07
129    2    0.014    1    2   0    1.38
9    1    0.014    2    2   0    0.60
50    1    0.037    2    2   0    0.57
73    1    0.000    2    2   0    0.80
102    2    -0.014    2    1   0    1.27
5    1    0.037    2    2   0    1.06
27    1    -0.014    1    1   0    0.94
62    1    -0.014    1    1   0    0.73
43    1    0.000    1    1   1    1.42
116    2    -0.037    2    1   0    0.77
3    1    0.000    2    2   0    0.90
134    2    0.014    1    2   0    0.93
13    1    0.000    1    1   1    2.06
114    2    0.014    1    2   0    1.07
85    2    0.037    1    2   0    0.64
81    2    -0.037    2    1   0    0.44
76    2    -0.037    2    1   0    0.59
89    2    0.014    1    2   0    0.50
1    1    -0.037    1    1   0    0.68
87    2    -0.014    2    1   0    0.52
84    2    0.014    1    2   0    0.53
77    2    -0.014    2    1   0    0.45
106    2    -0.037    2    1   0    0.71
91    2    -0.037    2    1   0    0.71
90    2    0.037    1    2   0    0.60
42    1    -0.014    1    1   0    0.55
71    1    -0.037    1    1   0    0.64
12    1    -0.014    1    1   0    0.88
47    1    -0.014    1    1   0    0.61
110    2    0.037    1    2   0    0.78
32    1    -0.014    2    2   1    0.48
64    1    0.014    2    2   0    0.55
22    1    -0.014    1    1   0    0.80
146    2    -0.037    2    1   0    0.46
51    1    -0.037    1    1   0    0.72
8    1    0.000    2    2   0    0.82
131    2    -0.037    2    1   0    0.61
29    1    0.014    2    2   0    0.57
82    2    -0.014    2    1   0    0.69
113    2    0.000    2    1   1    1.07
130    2    0.037    1    2   0    0.63
150    2    0.037    1    2   0    0.49
21    1    -0.037    1    1   0    0.68
112    2    -0.014    2    1   0    0.68
118    2    0.000    2    1   1    0.68
44    1    0.014    2    2   0    0.87
108    2    0.000    2    1   1    2.20
75    2    0.037    1    2   0    0.71
104    2    0.014    1    2   0    0.51
133    2    0.000    2    1   1    0.82
138    2    0.000    1    2   0    1.12
132    2    -0.014    2    1   0    0.64
46    1    -0.037    1    1   0    0.61
17    1    -0.014    2    2   1    1.05
74    1    0.014    2    2   0    1.00
40    1    0.037    2    2   0    0.57
4    1    0.014    2    2   0    0.98
49    1    0.014    2    2   0    2.59
98    2    0.000    2    1   1    0.86
111    2    -0.037    2    1   0    0.54
31    1    -0.037    1    1   0    0.59
39    1    0.014    2    2   0    0.49
14    1    0.014    2    2   0    0.83
86    2    -0.037    2    1   0    0.51
136    2    -0.037    2    1   0    0.68
35    1    0.037    2    2   0    0.53
26    1    -0.037    1    1   0    0.73
25    1    0.037    2    2   0    0.47
41    1    -0.037    1    1   0    0.46
149    2    0.014    1    2   0    0.94
125    2    0.037    1    2   0    0.64
56    1    -0.037    1    1   0    0.81
143    2    0.000    1    2   0    2.19
144    2    0.014    1    2   0    0.72
53    1    0.000    2    2   0    1.49
16    1    -0.037    1    1   0    0.60
45    1    0.037    2    2   0    0.67
7    1    -0.014    1    1   0    0.68
72    1    -0.014    1    1   0    0.78
139    2    0.014    1    2   0    0.98
19    1    0.014    2    2   0    0.43
68    1    0.000    2    2   0    0.82
88    2    0.000    1    2   0    0.51
97    2    -0.014    2    1   0    0.76
99    2    0.014    1    2   0    0.59
83    2    0.000    2    1   1    0.81
127    2    -0.014    2    1   0    0.76
122    2    -0.014    2    1   0    1.02
36    1    -0.037    1    1   0    0.59
52    1    -0.014    1    1   0    0.96
95    2    0.037    1    2   0    0.86
105    2    0.037    1    2   0    0.56
54    1    0.014    2    2   0    0.57
34    1    0.014    2    2   0    0.82
65    1    0.037    2    2   0    1.31
100    2    0.037    1    2   0    0.70
55    1    0.037    2    2   0    0.38
147    2    -0.014    1    2   1    0.80
78    2    0.000    1    2   0    1.61
119    2    0.014    1    2   0    1.63
141    2    -0.037    2    1   0    0.45
103    2    0.000    2    1   1    0.97
