--------------------------------
31-Mar-2015 19:07:04 
data from observer T27 
#occlusion2 expt 
reference disparity (degrees) 0.160000 

stim order disp kresp testresp correct time
1    1    0.074    1    1   1    2.55
2    1    -0.069    2    2   1    0.73
3    1    -0.065    2    2   1    0.47
4    1    -0.060    2    2   1    0.72
5    1    -0.055    2    2   1    0.59
6    1    -0.051    2    2   1    0.44
7    1    0.046    1    1   1    0.59
8    2    -0.042    1    2   1    0.45
9    2    -0.037    1    2   1    0.58
10    2    0.032    2    1   1    0.63
11    2    -0.028    1    2   1    0.53
12    2    -0.023    1    2   1    0.81
13    2    -0.018    1    2   1    0.70
14    1    -0.014    2    2   1    0.66
15    1    -0.009    2    2   1    0.86
16    1    -0.005    1    1   0    1.24
17    1    -0.014    2    2   1    0.77
18    2    -0.014    1    2   1    0.72
19    1    -0.009    2    2   1    0.57
20    2    0.009    2    1   1    0.87
21    2    0.005    2    1   1    0.86
22    1    -0.005    2    2   1    1.12
23    1    0.005    1    1   1    0.90
24    1    0.005    2    2   0    1.74
25    1    -0.014    2    2   1    0.81
26    2    -0.014    1    2   1    1.18
27    2    0.009    2    1   1    0.72
28    1    -0.009    2    2   1    0.67
29    1    0.005    2    2   0    1.88
30    2    0.014    2    1   1    0.83
31    2    -0.014    1    2   1    0.94
32    1    -0.009    2    2   1    0.73
33    1    -0.009    2    2   1    0.61
34    1    -0.005    2    2   1    0.89
35    2    0.005    1    2   0    0.61
36    2    0.014    2    1   1    0.79
37    2    -0.014    1    2   1    0.91
38    2    -0.009    1    2   1    0.67
39    1    0.009    1    1   1    1.17
40    2    -0.005    2    1   0    0.97
41    1    -0.014    2    2   1    0.86
42    1    0.014    1    1   1    0.98
43    2    -0.009    1    2   1    0.87
44    2    -0.009    1    2   1    0.92
45    2    -0.005    2    1   0    1.92
46    1    0.014    1    1   1    1.04
47    1    0.014    1    1   1    0.71
48    2    -0.009    2    1   0    2.07
49    1    0.018    1    1   1    1.06
50    1    -0.018    2    2   1    0.71
-------------------------
Final staircase threshold estimate (mean) is 0.0125
-------------------------
92    2    -0.014    1    2   1    2.76
135    2    0.032    2    1   1    0.59
80    2    0.032    2    1   1    0.57
65    1    0.032    1    1   1    0.64
122    2    -0.014    1    2   1    0.76
138    2    0.000    2    1   1    1.07
42    1    -0.014    2    2   1    0.63
78    2    0.000    2    1   1    0.62
97    2    -0.014    1    2   1    1.00
147    2    -0.014    2    1   0    1.14
15    1    0.032    1    1   1    0.75
62    1    -0.014    2    2   1    1.30
68    1    0.000    2    2   0    1.71
30    1    0.032    1    1   1    0.78
33    1    0.000    2    2   0    0.72
63    1    0.000    2    2   0    0.57
104    2    0.014    2    1   1    0.73
139    2    0.014    2    1   1    0.55
123    2    0.000    2    1   1    0.49
144    2    0.014    2    1   1    0.53
74    1    0.014    1    1   1    1.41
50    1    0.032    1    1   1    0.61
99    2    0.014    2    1   1    0.48
35    1    0.032    1    1   1    0.44
24    1    0.014    1    1   1    1.84
55    1    0.032    1    1   1    0.54
77    2    -0.014    1    2   1    0.87
121    2    -0.032    1    2   1    0.60
5    1    0.032    1    1   1    0.90
105    2    0.032    2    1   1    0.56
34    1    0.014    1    1   1    1.08
8    1    0.000    2    2   0    2.18
40    1    0.032    1    1   1    0.69
103    2    0.000    2    1   1    0.53
84    2    0.014    2    1   1    0.77
100    2    0.032    2    1   1    0.48
146    2    -0.032    1    2   1    0.63
93    2    0.000    2    1   1    0.40
57    1    -0.014    2    2   1    0.46
48    1    0.000    2    2   0    0.55
16    1    -0.032    2    2   1    0.47
3    1    0.000    2    2   0    0.71
137    2    -0.014    1    2   1    0.61
52    1    -0.014    2    2   1    0.86
142    2    -0.014    1    2   1    0.44
72    1    -0.014    2    2   1    0.65
102    2    -0.014    1    2   1    0.63
31    1    -0.032    2    2   1    0.59
118    2    0.000    1    2   0    0.87
117    2    -0.014    2    1   0    0.58
124    2    0.014    2    1   1    0.65
115    2    0.032    2    1   1    0.66
37    1    -0.014    1    1   0    0.71
98    2    0.000    2    1   1    1.19
70    1    0.032    1    1   1    0.48
10    1    0.032    1    1   1    0.65
45    1    0.032    1    1   1    0.59
113    2    0.000    2    1   1    0.56
107    2    -0.014    1    2   1    0.59
14    1    0.014    2    2   0    1.09
7    1    -0.014    2    2   1    0.95
129    2    0.014    2    1   1    0.69
110    2    0.032    2    1   1    0.46
95    2    0.032    2    1   1    0.47
94    2    0.014    2    1   1    1.79
133    2    0.000    1    2   0    1.98
32    1    -0.014    2    2   1    0.90
140    2    0.032    2    1   1    0.99
131    2    -0.032    1    2   1    0.75
69    1    0.014    1    1   1    1.29
120    2    0.032    2    1   1    0.59
60    1    0.032    1    1   1    0.55
11    1    -0.032    2    2   1    0.56
25    1    0.032    1    1   1    0.39
39    1    0.014    1    1   1    0.58
79    2    0.014    2    1   1    0.84
46    1    -0.032    1    1   0    1.33
91    2    -0.032    1    2   1    0.82
19    1    0.014    1    1   1    1.73
43    1    0.000    2    2   0    0.46
85    2    0.032    2    1   1    0.55
21    1    -0.032    2    2   1    0.54
28    1    0.000    2    2   0    2.72
111    2    -0.032    1    2   1    0.63
88    2    0.000    2    1   1    0.57
26    1    -0.032    2    2   1    0.50
1    1    -0.032    2    2   1    0.54
114    2    0.014    2    1   1    0.95
108    2    0.000    2    1   1    2.23
36    1    -0.032    2    2   1    0.54
127    2    -0.014    1    2   1    0.80
149    2    0.014    2    1   1    0.50
41    1    -0.032    2    2   1    0.49
130    2    0.032    2    1   1    0.53
83    2    0.000    2    1   1    2.19
101    2    -0.032    1    2   1    0.79
66    1    -0.032    2    2   1    0.46
145    2    0.032    2    1   1    0.47
12    1    -0.014    2    2   1    0.82
23    1    0.000    2    2   0    0.95
71    1    -0.032    2    2   1    0.73
58    1    0.000    2    2   0    0.38
126    2    -0.032    1    2   1    0.60
143    2    0.000    2    1   1    0.91
38    1    0.000    1    1   1    0.66
17    1    -0.014    2    2   1    0.67
89    2    0.014    2    1   1    0.56
54    1    0.014    1    1   1    0.57
59    1    0.014    1    1   1    0.65
67    1    -0.014    2    2   1    0.42
106    2    -0.032    1    2   1    0.63
9    1    0.014    1    1   1    0.59
132    2    -0.014    1    2   1    0.54
73    1    0.000    2    2   0    1.19
81    2    -0.032    1    2   1    0.63
13    1    0.000    1    1   1    1.55
49    1    0.014    1    1   1    0.75
90    2    0.032    2    1   1    0.45
128    2    0.000    2    1   1    1.10
53    1    0.000    1    1   1    0.71
148    2    0.000    2    1   1    0.53
2    1    -0.014    2    2   1    0.66
64    1    0.014    1    1   1    0.68
134    2    0.014    2    1   1    0.56
75    2    0.032    2    1   1    0.63
27    1    -0.014    1    1   0    0.73
96    2    -0.032    2    1   0    0.40
51    1    -0.032    2    2   1    0.57
116    2    -0.032    1    2   1    0.52
141    2    -0.032    1    2   1    0.70
87    2    -0.014    1    2   1    0.76
4    1    0.014    2    2   0    1.72
119    2    0.014    2    1   1    0.89
82    2    -0.014    1    2   1    0.83
61    1    -0.032    2    2   1    0.59
76    2    -0.032    1    2   1    1.23
47    1    -0.014    2    2   1    0.68
109    2    0.014    2    1   1    0.71
18    1    0.000    1    1   1    0.90
20    1    0.032    2    2   0    0.44
86    2    -0.032    1    2   1    1.03
150    2    0.032    2    1   1    0.56
125    2    0.032    2    1   1    0.86
6    1    -0.032    2    2   1    0.58
112    2    -0.014    1    2   1    0.96
56    1    -0.032    2    2   1    0.50
22    1    -0.014    2    2   1    0.57
44    1    0.014    1    1   1    0.96
136    2    -0.032    1    2   1    0.76
29    1    0.014    2    2   0    1.44
