--------------------------------
08-Apr-2015 09:19:24 
data from observer T28 
#occlusion2 expt 
reference disparity (degrees) 0.160000 

stim order disp kresp testresp correct time
1    2    0.074    1    2   1    2.47
2    2    -0.069    1    2   0    0.94
3    1    0.079    2    2   1    1.95
4    1    0.079    2    2   1    2.43
5    2    -0.074    2    1   1    1.08
6    1    -0.074    2    2   0    1.59
7    2    -0.083    1    2   0    1.48
8    2    -0.092    1    2   0    1.64
9    2    -0.102    2    1   1    0.83
10    2    -0.102    2    1   1    1.07
11    2    -0.097    2    1   1    0.80
12    1    -0.097    2    2   0    0.79
13    1    0.106    1    1   0    0.79
14    1    -0.115    2    2   0    3.20
15    2    0.125    2    1   0    1.96
16    1    0.134    1    1   0    2.29
17    1    0.143    1    1   0    1.83
18    1    -0.148    1    1   1    2.57
19    2    0.148    1    2   1    3.09
20    1    0.143    1    1   0    0.62
21    1    0.148    1    1   0    1.67
22    1    0.148    2    2   1    3.30
23    1    -0.148    2    2   0    1.52
24    1    -0.148    1    1   1    2.93
25    2    0.148    1    2   1    3.39
26    1    -0.143    1    1   1    0.86
27    2    -0.143    2    1   1    1.29
28    1    -0.139    1    1   1    1.14
29    2    -0.139    1    2   0    1.25
30    1    -0.148    1    1   1    0.74
31    1    0.148    2    2   1    0.84
32    2    0.143    1    2   1    0.68
33    2    0.143    1    2   1    2.66
34    2    0.139    1    2   1    4.49
35    1    -0.139    1    1   1    0.80
36    1    0.134    2    2   1    3.67
37    2    -0.134    2    1   1    3.21
38    2    -0.129    2    1   1    4.88
39    2    -0.129    2    1   1    1.59
40    1    0.125    2    2   1    3.15
41    2    -0.125    2    1   1    3.63
42    1    -0.120    1    1   1    7.38
43    2    -0.120    2    1   1    1.49
44    2    0.115    1    2   1    3.85
45    1    0.115    2    2   1    2.17
46    2    0.111    1    2   1    3.78
47    1    0.111    2    2   1    0.86
48    1    -0.106    1    1   1    9.90
49    1    0.106    2    2   1    2.30
50    1    -0.102    2    2   0    2.44
-------------------------
Final staircase threshold estimate (mean) is 0.1131
-------------------------
79    2    0.111    1    2   0    4.46
80    2    0.148    1    2   0    2.14
46    1    -0.148    1    1   0    2.99
146    2    -0.148    2    1   0    2.72
139    2    0.111    1    2   0    1.41
129    2    0.111    1    2   0    0.77
83    2    0.000    2    1   1    1.39
9    1    0.111    2    2   0    3.63
143    2    0.000    1    2   0    4.97
50    1    0.148    2    2   0    4.73
116    2    -0.148    1    2   1    2.80
59    1    0.111    2    2   0    1.45
37    1    -0.111    1    1   0    1.69
7    1    -0.111    2    2   1    1.57
101    2    -0.148    2    1   0    2.87
115    2    0.148    2    1   1    5.64
81    2    -0.148    2    1   0    0.77
150    2    0.148    1    2   0    0.85
142    2    -0.111    1    2   1    1.26
40    1    0.148    2    2   0    3.13
92    2    -0.111    2    1   0    2.11
123    2    0.000    2    1   1    2.90
148    2    0.000    2    1   1    4.13
5    1    0.148    2    2   0    2.16
45    1    0.148    2    2   0    2.00
52    1    -0.111    2    2   1    2.65
28    1    0.000    1    1   1    1.96
60    1    0.148    2    2   0    1.61
42    1    -0.111    1    1   0    1.30
12    1    -0.111    1    1   0    1.62
33    1    0.000    1    1   1    1.20
32    1    -0.111    1    1   0    1.04
114    2    0.111    1    2   0    0.70
131    2    -0.148    2    1   0    0.84
118    2    0.000    1    2   0    1.10
137    2    -0.111    2    1   0    0.85
145    2    0.148    1    2   0    1.02
1    1    -0.148    1    1   0    1.86
55    1    0.148    2    2   0    1.11
24    1    0.111    2    2   0    0.98
21    1    -0.148    1    1   0    0.92
82    2    -0.111    1    2   1    1.64
102    2    -0.111    2    1   0    2.22
88    2    0.000    1    2   0    0.87
70    1    0.148    2    2   0    0.85
2    1    -0.111    1    1   0    0.85
89    2    0.111    1    2   0    0.83
91    2    -0.148    2    1   0    1.59
85    2    0.148    1    2   0    1.22
19    1    0.111    2    2   0    0.77
31    1    -0.148    1    1   0    0.77
72    1    -0.111    1    1   0    0.76
95    2    0.148    1    2   0    0.85
124    2    0.111    1    2   0    0.68
27    1    -0.111    1    1   0    0.71
3    1    0.000    2    2   0    1.18
18    1    0.000    1    1   1    0.97
49    1    0.111    2    2   0    1.27
84    2    0.111    1    2   0    1.61
65    1    0.148    2    2   0    1.84
138    2    0.000    1    2   0    1.42
25    1    0.148    2    2   0    0.71
35    1    0.148    2    2   0    1.54
136    2    -0.148    2    1   0    0.81
107    2    -0.111    2    1   0    1.26
103    2    0.000    1    2   0    1.27
98    2    0.000    1    2   0    1.42
8    1    0.000    1    1   1    0.79
111    2    -0.148    2    1   0    1.46
23    1    0.000    1    1   1    0.90
109    2    0.111    1    2   0    0.90
106    2    -0.148    2    1   0    0.77
99    2    0.111    1    2   0    0.60
128    2    0.000    2    1   1    0.94
113    2    0.000    2    1   1    1.38
20    1    0.148    2    2   0    0.69
112    2    -0.111    2    1   0    0.76
64    1    0.111    2    2   0    0.77
93    2    0.000    1    2   0    1.47
34    1    0.111    2    2   0    0.79
69    1    0.111    2    2   0    0.70
132    2    -0.111    2    1   0    0.62
54    1    0.111    2    2   0    0.89
86    2    -0.148    2    1   0    1.33
44    1    0.111    2    2   0    0.83
14    1    0.111    2    2   0    0.67
16    1    -0.148    2    2   1    0.84
73    1    0.000    1    1   1    2.04
30    1    0.148    2    2   0    0.74
51    1    -0.148    1    1   0    0.79
104    2    0.111    1    2   0    1.75
135    2    0.148    1    2   0    0.70
43    1    0.000    2    2   0    0.89
134    2    0.111    1    2   0    0.82
140    2    0.148    1    2   0    0.81
66    1    -0.148    1    1   0    0.72
130    2    0.148    1    2   0    1.83
97    2    -0.111    2    1   0    0.83
126    2    -0.148    2    1   0    0.66
68    1    0.000    1    1   1    1.35
39    1    0.111    2    2   0    0.78
13    1    0.000    1    1   1    1.09
96    2    -0.148    2    1   0    0.73
62    1    -0.111    1    1   0    1.61
11    1    -0.148    2    2   1    0.97
26    1    -0.148    1    1   0    1.77
71    1    -0.148    1    1   0    3.16
4    1    0.111    2    2   0    1.64
120    2    0.148    1    2   0    2.19
133    2    0.000    2    1   1    0.77
53    1    0.000    2    2   0    1.19
61    1    -0.148    1    1   0    0.88
36    1    -0.148    2    2   1    1.57
108    2    0.000    2    1   1    0.82
10    1    0.148    2    2   0    0.77
57    1    -0.111    1    1   0    1.09
48    1    0.000    2    2   0    1.11
47    1    -0.111    1    1   0    1.67
63    1    0.000    2    2   0    0.96
147    2    -0.111    2    1   0    1.56
78    2    0.000    2    1   1    1.04
75    2    0.148    1    2   0    1.90
38    1    0.000    2    2   0    0.87
15    1    0.148    2    2   0    0.90
67    1    -0.111    1    1   0    1.38
29    1    0.111    2    2   0    0.75
94    2    0.111    1    2   0    0.82
41    1    -0.148    1    1   0    0.85
90    2    0.148    1    2   0    1.25
110    2    0.148    1    2   0    0.63
119    2    0.111    1    2   0    0.60
6    1    -0.148    2    2   1    0.96
121    2    -0.148    2    1   0    1.06
105    2    0.148    1    2   0    1.10
149    2    0.111    1    2   0    0.77
144    2    0.111    1    2   0    0.63
58    1    0.000    2    2   0    1.02
74    1    0.111    2    2   0    1.07
117    2    -0.111    2    1   0    1.06
127    2    -0.111    2    1   0    1.04
76    2    -0.148    2    1   0    1.15
17    1    -0.111    1    1   0    0.65
56    1    -0.148    1    1   0    1.22
87    2    -0.111    2    1   0    0.92
22    1    -0.111    1    1   0    0.65
122    2    -0.111    1    2   1    3.22
77    2    -0.111    2    1   0    0.86
100    2    0.148    1    2   0    1.23
141    2    -0.148    2    1   0    0.84
125    2    0.148    1    2   0    0.65
