--------------------------------
08-Apr-2015 09:28:15 
data from observer T28 
#occlusion2 expt 
reference disparity (degrees) 0.160000 

stim order disp kresp testresp correct time
1    1    0.074    2    2   1    1.84
2    1    -0.069    1    1   1    0.93
3    1    0.065    2    2   1    0.66
4    1    0.060    2    2   1    0.57
5    1    0.055    2    2   1    1.39
6    2    -0.051    2    1   1    0.89
7    2    -0.046    2    1   1    0.66
8    1    -0.042    1    1   1    0.58
9    1    0.037    2    2   1    0.59
10    2    -0.032    2    1   1    0.60
11    1    -0.028    1    1   1    0.67
12    2    -0.023    2    1   1    0.63
13    1    0.018    2    2   1    0.66
14    1    -0.014    1    1   1    0.80
15    1    -0.009    1    1   1    0.75
16    2    0.005    2    1   0    0.85
17    2    -0.014    2    1   1    0.74
18    1    -0.014    1    1   1    0.68
19    2    -0.009    2    1   1    0.65
20    2    0.009    1    2   1    0.55
21    2    -0.005    2    1   1    0.76
22    2    0.005    1    2   1    1.10
23    1    -0.005    2    2   0    1.21
24    1    -0.014    1    1   1    0.67
25    1    0.014    2    2   1    0.64
26    2    0.009    1    2   1    0.96
27    2    -0.009    2    1   1    0.63
28    1    -0.005    2    2   0    0.76
29    2    -0.014    2    1   1    0.64
30    1    0.014    2    2   1    0.98
31    2    0.009    1    2   1    1.00
32    1    0.009    2    2   1    0.63
33    1    0.005    2    2   1    0.99
34    2    0.005    2    1   0    1.66
35    1    0.014    2    2   1    0.73
36    2    0.014    1    2   1    0.66
37    1    -0.009    1    1   1    0.91
38    2    0.009    1    2   1    0.65
39    1    -0.005    1    1   1    1.05
40    1    0.005    2    2   1    0.67
41    2    -0.005    2    1   1    0.62
42    1    0.005    1    1   0    1.31
43    2    -0.014    2    1   1    0.66
44    2    -0.014    2    1   1    0.65
45    1    -0.009    1    1   1    0.62
46    1    -0.009    1    1   1    0.60
47    1    -0.005    1    1   1    0.84
48    2    0.005    2    1   0    0.77
49    2    -0.014    2    1   1    0.71
50    1    -0.014    1    1   1    0.78
-------------------------
Final staircase threshold estimate (mean) is 0.0092
-------------------------
143    2    0.000    1    2   0    1.70
75    2    0.023    1    2   0    0.77
39    1    0.009    2    2   0    0.77
62    1    -0.009    1    1   0    0.59
89    2    0.009    1    2   0    0.57
116    2    -0.023    2    1   0    0.61
141    2    -0.023    2    1   0    0.74
95    2    0.023    1    2   0    0.63
92    2    -0.009    2    1   0    0.80
66    1    -0.023    1    1   0    0.68
83    2    0.000    2    1   1    0.59
45    1    0.023    2    2   0    0.72
53    1    0.000    2    2   0    0.95
125    2    0.023    1    2   0    0.69
34    1    0.009    2    2   0    0.62
146    2    -0.023    2    1   0    0.62
18    1    0.000    1    1   1    0.73
56    1    -0.023    1    1   0    0.62
25    1    0.023    2    2   0    0.64
31    1    -0.023    1    1   0    0.63
19    1    0.009    2    2   0    0.81
145    2    0.023    1    2   0    0.61
147    2    -0.009    1    2   1    1.19
74    1    0.009    2    2   0    0.58
37    1    -0.009    1    1   0    0.53
22    1    -0.009    1    1   0    0.63
115    2    0.023    1    2   0    0.56
149    2    0.009    1    2   0    1.24
96    2    -0.023    2    1   0    0.69
139    2    0.009    1    2   0    0.79
70    1    0.023    2    2   0    0.64
60    1    0.023    2    2   0    0.70
98    2    0.000    1    2   0    1.66
2    1    -0.009    1    1   0    1.40
20    1    0.023    2    2   0    0.67
77    2    -0.009    2    1   0    0.81
97    2    -0.009    2    1   0    1.01
72    1    -0.009    1    1   0    0.71
117    2    -0.009    1    2   1    0.64
73    1    0.000    1    1   1    0.55
150    2    0.023    1    2   0    0.63
40    1    0.023    2    2   0    0.77
42    1    -0.009    1    1   0    0.68
57    1    -0.009    1    1   0    0.55
109    2    0.009    1    2   0    0.72
130    2    0.023    1    2   0    0.56
71    1    -0.023    1    1   0    0.56
44    1    0.009    2    2   0    0.80
6    1    -0.023    1    1   0    0.81
128    2    0.000    2    1   1    0.87
54    1    0.009    2    2   0    0.65
7    1    -0.009    1    1   0    0.68
132    2    -0.009    2    1   0    1.07
94    2    0.009    1    2   0    0.62
65    1    0.023    2    2   0    0.68
64    1    0.009    2    2   0    0.61
67    1    -0.009    1    1   0    0.68
87    2    -0.009    2    1   0    0.82
63    1    0.000    1    1   1    1.16
121    2    -0.023    2    1   0    0.64
126    2    -0.023    2    1   0    0.71
111    2    -0.023    2    1   0    0.60
76    2    -0.023    2    1   0    0.62
9    1    0.009    1    1   1    1.55
120    2    0.023    1    2   0    0.64
142    2    -0.009    2    1   0    0.82
129    2    0.009    1    2   0    0.59
134    2    0.009    1    2   0    0.60
35    1    0.023    2    2   0    0.66
127    2    -0.009    1    2   1    0.73
32    1    -0.009    1    1   0    0.64
52    1    -0.009    1    1   0    0.63
137    2    -0.009    2    1   0    0.82
79    2    0.009    1    2   0    0.85
41    1    -0.023    1    1   0    0.65
36    1    -0.023    1    1   0    0.69
13    1    0.000    1    1   1    0.70
101    2    -0.023    2    1   0    0.76
33    1    0.000    1    1   1    1.02
102    2    -0.009    2    1   0    0.69
119    2    0.009    1    2   0    0.75
30    1    0.023    2    2   0    0.65
10    1    0.023    2    2   0    0.65
29    1    0.009    2    2   0    1.00
108    2    0.000    1    2   0    1.10
15    1    0.023    2    2   0    0.62
82    2    -0.009    2    1   0    0.75
85    2    0.023    1    2   0    0.77
106    2    -0.023    2    1   0    0.86
112    2    -0.009    2    1   0    1.03
43    1    0.000    1    1   1    0.72
88    2    0.000    1    2   0    2.17
68    1    0.000    2    2   0    1.84
38    1    0.000    2    2   0    2.20
103    2    0.000    1    2   0    1.46
105    2    0.023    1    2   0    1.10
14    1    0.009    2    2   0    0.70
47    1    -0.009    1    1   0    0.66
91    2    -0.023    2    1   0    0.77
123    2    0.000    1    2   0    1.00
124    2    0.009    1    2   0    0.77
48    1    0.000    2    2   0    1.20
49    1    0.009    2    2   0    1.99
114    2    0.009    1    2   0    2.09
148    2    0.000    2    1   1    1.00
11    1    -0.023    1    1   0    0.76
93    2    0.000    2    1   1    1.24
99    2    0.009    1    2   0    0.94
24    1    0.009    2    2   0    0.83
133    2    0.000    1    2   0    1.84
113    2    0.000    2    1   1    0.90
135    2    0.023    1    2   0    0.73
50    1    0.023    2    2   0    0.65
21    1    -0.023    1    1   0    1.07
100    2    0.023    1    2   0    0.73
122    2    -0.009    2    1   0    1.61
1    1    -0.023    1    1   0    0.59
131    2    -0.023    2    1   0    0.81
59    1    0.009    1    1   1    0.97
144    2    0.009    1    2   0    0.69
4    1    0.009    2    2   0    0.95
55    1    0.023    2    2   0    0.80
51    1    -0.023    1    1   0    0.89
3    1    0.000    1    1   1    0.72
5    1    0.023    2    2   0    0.70
26    1    -0.023    1    1   0    0.83
8    1    0.000    1    1   1    1.90
17    1    -0.009    1    1   0    0.69
118    2    0.000    2    1   1    0.79
78    2    0.000    1    2   0    1.07
140    2    0.023    1    2   0    0.78
86    2    -0.023    2    1   0    0.73
138    2    0.000    2    1   1    1.09
107    2    -0.009    2    1   0    0.81
27    1    -0.009    1    1   0    0.67
46    1    -0.023    1    1   0    0.74
80    2    0.023    1    2   0    1.01
90    2    0.023    1    2   0    0.68
84    2    0.009    1    2   0    1.18
16    1    -0.023    1    1   0    0.67
136    2    -0.023    2    1   0    1.41
110    2    0.023    1    2   0    0.62
12    1    -0.009    1    1   0    0.71
28    1    0.000    2    2   0    0.82
58    1    0.000    2    2   0    0.70
81    2    -0.023    2    1   0    0.78
23    1    0.000    2    2   0    0.68
104    2    0.009    1    2   0    0.66
69    1    0.009    2    2   0    0.79
61    1    -0.023    1    1   0    0.54
