--------------------------------
08-Apr-2015 10:10:08 
data from observer T28 
#occlusion2 expt 
reference disparity (degrees) 0.160000 

stim order disp kresp testresp correct time
1    1    -0.074    2    2   1    2.54
2    1    0.069    1    1   1    0.65
3    1    0.065    1    1   1    0.58
4    2    -0.060    1    2   1    0.51
5    1    0.055    1    1   1    0.52
6    1    -0.051    2    2   1    0.57
7    1    0.046    1    1   1    0.50
8    1    -0.042    2    2   1    0.50
9    1    0.037    1    1   1    0.52
10    2    0.032    2    1   1    0.54
11    1    -0.028    2    2   1    0.50
12    1    0.023    1    1   1    0.59
13    2    -0.018    1    2   1    0.84
14    1    0.014    1    1   1    0.65
15    1    -0.009    2    2   1    0.61
16    1    -0.005    2    2   1    0.87
17    1    0.005    1    1   1    1.03
18    1    0.005    2    2   0    0.87
19    1    -0.014    2    2   1    0.72
20    1    -0.014    2    2   1    0.61
21    1    -0.009    2    2   1    0.72
22    1    -0.009    2    2   1    0.60
23    2    -0.005    1    2   1    0.75
24    2    0.005    1    2   0    1.27
25    1    -0.014    2    2   1    1.16
26    2    0.014    2    1   1    0.60
27    2    -0.009    1    2   1    1.02
28    1    0.009    1    1   1    0.68
29    1    0.005    1    1   1    0.59
30    2    0.005    2    1   1    1.48
31    1    0.005    1    1   1    1.37
32    2    0.005    2    1   1    0.75
33    2    0.005    2    1   1    0.72
34    1    -0.005    2    2   1    0.75
35    1    0.005    1    1   1    2.11
36    1    -0.005    2    2   1    1.25
37    1    -0.005    2    2   1    1.05
38    2    0.005    2    1   1    1.16
39    2    0.005    2    1   1    1.72
40    1    -0.005    2    2   1    0.66
41    1    0.005    2    2   0    1.22
42    2    0.014    2    1   1    0.64
43    1    -0.014    2    2   1    0.69
44    1    -0.009    2    2   1    0.60
45    2    -0.009    2    1   0    0.93
46    1    0.018    1    1   1    0.70
47    1    -0.018    2    2   1    0.79
48    1    -0.014    2    2   1    1.69
49    2    0.014    2    1   1    0.59
50    2    -0.009    1    2   1    0.79
-------------------------
Final staircase threshold estimate (mean) is 0.0125
-------------------------
108    2    0.000    1    2   0    2.39
96    2    -0.032    1    2   1    0.64
81    2    -0.032    1    2   1    0.60
14    1    0.014    1    1   1    0.63
138    2    0.000    1    2   0    0.55
58    1    0.000    2    2   0    1.36
94    2    0.014    2    1   1    0.70
113    2    0.000    2    1   1    1.17
11    1    -0.032    2    2   1    0.66
31    1    -0.032    2    2   1    0.62
78    2    0.000    2    1   1    1.35
84    2    0.014    2    1   1    0.70
46    1    -0.032    2    2   1    0.65
49    1    0.014    1    1   1    0.99
79    2    0.014    2    1   1    0.95
120    2    0.032    2    1   1    0.90
139    2    0.014    2    1   1    1.07
90    2    0.032    2    1   1    0.50
66    1    -0.032    2    2   1    1.26
15    1    0.032    1    1   1    0.77
115    2    0.032    2    1   1    0.67
51    1    -0.032    2    2   1    0.58
40    1    0.032    1    1   1    0.68
71    1    -0.032    2    2   1    0.58
93    2    0.000    2    1   1    2.32
137    2    -0.014    1    2   1    0.70
21    1    -0.032    2    2   1    0.62
121    2    -0.032    1    2   1    0.55
50    1    0.032    1    1   1    0.66
24    1    0.014    1    1   1    0.58
56    1    -0.032    2    2   1    0.62
119    2    0.014    2    1   1    0.68
100    2    0.032    2    1   1    0.64
116    2    -0.032    1    2   1    0.78
8    1    0.000    1    1   1    0.95
109    2    0.014    2    1   1    0.71
73    1    0.000    1    1   1    0.62
64    1    0.014    1    1   1    0.75
32    1    -0.014    2    2   1    0.79
19    1    0.014    1    1   1    0.67
68    1    0.000    2    2   0    0.99
88    2    0.000    2    1   1    0.84
118    2    0.000    2    1   1    0.97
47    1    -0.014    2    2   1    0.64
134    2    0.014    2    1   1    0.72
133    2    0.000    2    1   1    0.88
13    1    0.000    2    2   0    0.66
12    1    -0.014    2    2   1    0.68
140    2    0.032    2    1   1    0.60
131    2    -0.032    1    2   1    0.63
53    1    0.000    2    2   0    1.01
114    2    0.014    2    1   1    1.50
10    1    0.032    1    1   1    0.71
86    2    -0.032    1    2   1    0.59
26    1    -0.032    2    2   1    0.73
61    1    -0.032    2    2   1    0.60
129    2    0.014    2    1   1    0.69
2    1    -0.014    2    2   1    0.71
123    2    0.000    2    1   1    0.81
6    1    -0.032    2    2   1    0.60
30    1    0.032    1    1   1    0.95
23    1    0.000    2    2   0    1.12
145    2    0.032    2    1   1    0.62
126    2    -0.032    2    1   0    1.17
111    2    -0.032    1    2   1    0.99
110    2    0.032    2    1   1    1.35
149    2    0.014    2    1   1    1.53
48    1    0.000    2    2   0    3.48
147    2    -0.014    1    2   1    1.36
85    2    0.032    2    1   1    0.62
136    2    -0.032    1    2   1    1.11
76    2    -0.032    1    2   1    0.55
27    1    -0.014    2    2   1    1.11
41    1    -0.032    2    2   1    0.63
55    1    0.032    1    1   1    0.62
95    2    0.032    2    1   1    0.59
62    1    -0.014    2    2   1    0.99
107    2    -0.014    2    1   0    1.06
35    1    0.032    1    1   1    0.71
7    1    -0.014    2    2   1    1.07
59    1    0.014    1    1   1    1.46
101    2    -0.032    1    2   1    0.61
37    1    -0.014    2    2   1    0.62
44    1    0.014    1    1   1    0.65
127    2    -0.014    1    2   1    0.61
104    2    0.014    2    1   1    0.64
3    1    0.000    2    2   0    0.60
1    1    -0.032    2    2   1    0.59
42    1    -0.014    2    2   1    0.78
17    1    -0.014    2    2   1    0.61
130    2    0.032    2    1   1    0.54
124    2    0.014    2    1   1    0.53
52    1    -0.014    2    2   1    0.63
143    2    0.000    2    1   1    1.29
57    1    -0.014    2    2   1    0.59
5    1    0.032    1    1   1    0.55
146    2    -0.032    1    2   1    0.56
99    2    0.014    2    1   1    0.68
9    1    0.014    1    1   1    0.57
117    2    -0.014    1    2   1    0.60
82    2    -0.014    1    2   1    0.48
28    1    0.000    1    1   1    0.85
39    1    0.014    1    1   1    1.13
87    2    -0.014    1    2   1    0.59
74    1    0.014    1    1   1    0.67
142    2    -0.014    1    2   1    0.48
54    1    0.014    1    1   1    0.57
33    1    0.000    2    2   0    0.86
105    2    0.032    2    1   1    0.74
70    1    0.032    1    1   1    0.89
75    2    0.032    2    1   1    0.76
83    2    0.000    1    2   0    1.18
122    2    -0.014    1    2   1    0.71
25    1    0.032    1    1   1    0.70
148    2    0.000    1    2   0    0.93
89    2    0.014    2    1   1    0.63
97    2    -0.014    1    2   1    0.77
29    1    0.014    1    1   1    1.12
65    1    0.032    1    1   1    0.59
106    2    -0.032    1    2   1    0.63
144    2    0.014    2    1   1    0.84
4    1    0.014    1    1   1    0.51
69    1    0.014    2    2   0    0.95
18    1    0.000    1    1   1    0.94
80    2    0.032    2    1   1    0.96
150    2    0.032    2    1   1    0.64
16    1    -0.032    2    2   1    0.70
91    2    -0.032    1    2   1    0.60
43    1    0.000    2    2   0    0.97
112    2    -0.014    1    2   1    0.70
67    1    -0.014    2    2   1    0.87
132    2    -0.014    1    2   1    0.69
103    2    0.000    2    1   1    0.95
20    1    0.032    1    1   1    0.61
135    2    0.032    2    1   1    0.57
98    2    0.000    1    2   0    1.27
77    2    -0.014    1    2   1    0.59
92    2    -0.014    1    2   1    0.96
63    1    0.000    2    2   0    0.56
125    2    0.032    2    1   1    0.60
34    1    0.014    1    1   1    0.70
36    1    -0.032    2    2   1    0.55
102    2    -0.014    1    2   1    0.85
141    2    -0.032    1    2   1    0.72
22    1    -0.014    2    2   1    0.86
128    2    0.000    2    1   1    0.81
72    1    -0.014    2    2   1    0.82
38    1    0.000    2    2   0    1.23
60    1    0.032    1    1   1    0.61
45    1    0.032    1    1   1    0.64
