--------------------------------
08-Apr-2015 09:12:12 
data from observer T28 
#occlusion2 expt 
reference disparity (degrees) 0.160000 

stim order disp kresp testresp correct time
1    1    0.074    2    2   1    2.10
2    2    -0.069    2    1   1    1.05
3    1    -0.065    1    1   1    0.99
4    2    0.060    1    2   1    0.74
5    2    0.055    1    2   1    0.74
6    1    -0.051    1    1   1    0.93
7    2    -0.046    2    1   1    0.64
8    2    -0.042    2    1   1    0.94
9    2    0.037    1    2   1    0.87
10    1    0.032    2    2   1    0.72
11    2    -0.028    2    1   1    0.76
12    2    0.023    1    2   1    0.75
13    1    0.018    2    2   1    0.57
14    2    0.014    1    2   1    0.72
15    2    -0.009    2    1   1    0.75
16    2    0.005    2    1   0    1.01
17    1    0.014    2    2   1    0.82
18    1    0.014    2    2   1    0.67
19    2    -0.009    2    1   1    0.85
20    1    0.009    2    2   1    0.68
21    1    -0.005    1    1   1    0.79
22    2    -0.005    2    1   1    0.74
23    1    0.005    2    2   1    0.89
24    1    0.005    2    2   1    1.04
25    1    -0.005    1    1   1    0.61
26    1    0.005    1    1   0    0.94
27    1    0.014    2    2   1    0.78
28    2    0.014    1    2   1    0.59
29    1    -0.009    1    1   1    1.09
30    2    0.009    1    2   1    0.66
31    2    0.005    1    2   1    1.42
32    1    0.005    2    2   1    1.01
33    2    -0.005    2    1   1    0.70
34    2    0.005    1    2   1    0.63
35    2    -0.005    2    1   1    0.75
36    1    -0.005    1    1   1    0.66
37    2    0.005    1    2   1    1.33
38    1    0.005    2    2   1    0.92
39    1    -0.005    1    1   1    1.30
40    1    -0.005    1    1   1    0.85
41    1    -0.005    2    2   0    0.90
42    1    0.014    2    2   1    0.73
43    1    -0.014    1    1   1    0.63
44    2    0.009    1    2   1    0.99
45    1    0.009    2    2   1    0.65
46    1    0.005    2    2   1    0.74
47    2    0.005    1    2   1    1.02
48    2    0.005    1    2   1    1.19
49    1    0.005    2    2   1    0.74
50    2    -0.005    2    1   1    1.38
-------------------------
Final staircase threshold estimate (mean) is 0.0074
-------------------------
46    1    -0.018    1    1   0    1.58
101    2    -0.018    2    1   0    0.87
115    2    0.018    1    2   0    0.65
8    1    0.000    1    1   1    0.88
37    1    -0.009    1    1   0    0.58
72    1    -0.009    1    1   0    0.54
63    1    0.000    2    2   0    0.92
17    1    -0.009    1    1   0    0.72
70    1    0.018    2    2   0    0.63
78    2    0.000    2    1   1    0.98
130    2    0.018    1    2   0    0.56
47    1    -0.009    1    1   0    0.54
60    1    0.018    2    2   0    0.61
58    1    0.000    2    2   0    0.81
52    1    -0.009    1    1   0    0.58
100    2    0.018    1    2   0    0.84
25    1    0.018    2    2   0    0.64
27    1    -0.009    1    1   0    0.68
94    2    0.009    1    2   0    0.76
149    2    0.009    1    2   0    0.59
56    1    -0.018    1    1   0    0.56
39    1    0.009    2    2   0    0.67
73    1    0.000    2    2   0    0.88
128    2    0.000    1    2   0    0.51
12    1    -0.009    1    1   0    0.68
50    1    0.018    2    2   0    0.70
20    1    0.018    2    2   0    0.56
143    2    0.000    1    2   0    1.23
54    1    0.009    2    2   0    0.88
53    1    0.000    2    2   0    0.83
89    2    0.009    2    1   1    1.29
11    1    -0.018    1    1   0    0.75
23    1    0.000    1    1   1    1.13
81    2    -0.018    2    1   0    0.59
106    2    -0.018    2    1   0    0.73
103    2    0.000    2    1   1    1.00
71    1    -0.018    1    1   0    0.69
93    2    0.000    1    2   0    1.05
4    1    0.009    2    2   0    0.71
55    1    0.018    2    2   0    0.73
64    1    0.009    1    1   1    1.01
57    1    -0.009    1    1   0    0.67
18    1    0.000    1    1   1    0.98
34    1    0.009    2    2   0    0.86
9    1    0.009    2    2   0    2.14
43    1    0.000    1    1   1    1.81
96    2    -0.018    2    1   0    0.99
29    1    0.009    2    2   0    1.37
119    2    0.009    1    2   0    0.73
123    2    0.000    1    2   0    2.54
141    2    -0.018    2    1   0    0.75
62    1    -0.009    1    1   0    1.04
51    1    -0.018    1    1   0    0.70
131    2    -0.018    2    1   0    1.01
137    2    -0.009    2    1   0    1.57
86    2    -0.018    2    1   0    0.89
116    2    -0.018    2    1   0    1.14
35    1    0.018    2    2   0    0.81
19    1    0.009    1    1   1    1.03
142    2    -0.009    2    1   0    2.16
87    2    -0.009    1    2   1    1.94
95    2    0.018    1    2   0    1.17
135    2    0.018    1    2   0    1.35
32    1    -0.009    1    1   0    0.73
1    1    -0.018    1    1   0    0.91
31    1    -0.018    1    1   0    0.59
91    2    -0.018    2    1   0    0.93
118    2    0.000    1    2   0    0.95
82    2    -0.009    2    1   0    1.41
67    1    -0.009    1    1   0    1.19
112    2    -0.009    1    2   1    1.87
147    2    -0.009    2    1   0    1.66
102    2    -0.009    1    2   1    1.98
88    2    0.000    2    1   1    1.84
114    2    0.009    1    2   0    1.86
77    2    -0.009    1    2   1    1.48
41    1    -0.018    1    1   0    0.80
28    1    0.000    1    1   1    2.24
15    1    0.018    2    2   0    0.90
124    2    0.009    1    2   0    0.76
109    2    0.009    1    2   0    0.87
148    2    0.000    2    1   1    1.75
44    1    0.009    2    2   0    1.20
14    1    0.009    2    2   0    0.78
117    2    -0.009    2    1   0    1.22
92    2    -0.009    2    1   0    0.86
49    1    0.009    2    2   0    1.98
129    2    0.009    1    2   0    0.72
16    1    -0.018    1    1   0    1.14
10    1    0.018    2    2   0    0.76
132    2    -0.009    2    1   0    1.59
40    1    0.018    2    2   0    1.05
127    2    -0.009    2    1   0    1.27
99    2    0.009    1    2   0    0.78
42    1    -0.009    1    1   0    0.90
68    1    0.000    2    2   0    0.86
2    1    -0.009    1    1   0    0.76
13    1    0.000    2    2   0    0.87
21    1    -0.018    1    1   0    0.89
84    2    0.009    1    2   0    1.36
74    1    0.009    2    2   0    0.73
75    2    0.018    1    2   0    0.67
113    2    0.000    1    2   0    1.60
24    1    0.009    2    2   0    0.99
65    1    0.018    2    2   0    0.74
6    1    -0.018    1    1   0    0.63
90    2    0.018    1    2   0    1.12
136    2    -0.018    2    1   0    0.73
98    2    0.000    1    2   0    1.01
144    2    0.009    2    1   1    1.09
97    2    -0.009    2    1   0    0.90
66    1    -0.018    1    1   0    1.35
80    2    0.018    1    2   0    1.92
107    2    -0.009    2    1   0    0.62
30    1    0.018    2    2   0    0.69
134    2    0.009    1    2   0    1.06
45    1    0.018    2    2   0    0.87
121    2    -0.018    2    1   0    0.67
26    1    -0.018    1    1   0    1.52
5    1    0.018    2    2   0    0.69
85    2    0.018    1    2   0    0.95
122    2    -0.009    2    1   0    0.75
22    1    -0.009    1    1   0    1.21
140    2    0.018    1    2   0    0.88
125    2    0.018    2    1   1    1.18
33    1    0.000    2    2   0    2.20
76    2    -0.018    2    1   0    0.87
145    2    0.018    1    2   0    0.87
110    2    0.018    1    2   0    0.65
59    1    0.009    2    2   0    0.83
69    1    0.009    2    2   0    0.98
108    2    0.000    1    2   0    1.00
150    2    0.018    1    2   0    0.77
146    2    -0.018    2    1   0    0.71
79    2    0.009    1    2   0    0.73
61    1    -0.018    1    1   0    0.77
126    2    -0.018    2    1   0    0.65
133    2    0.000    1    2   0    2.77
120    2    0.018    1    2   0    1.28
104    2    0.009    1    2   0    1.19
111    2    -0.018    2    1   0    0.59
7    1    -0.009    1    1   0    0.74
36    1    -0.018    1    1   0    0.76
138    2    0.000    2    1   1    1.12
3    1    0.000    1    1   1    1.84
38    1    0.000    2    2   0    0.81
48    1    0.000    1    1   1    1.63
105    2    0.018    1    2   0    0.68
83    2    0.000    1    2   0    2.09
139    2    0.009    1    2   0    1.22
