--------------------------------
08-Apr-2015 09:34:16 
data from observer T28 
#occlusion2 expt 
reference disparity (degrees) 0.160000 

stim order disp kresp testresp correct time
1    2    -0.074    2    1   1    1.85
2    1    0.069    2    2   1    1.04
3    2    0.065    1    2   1    0.72
4    1    -0.060    1    1   1    1.40
5    2    -0.055    2    1   1    0.66
6    2    -0.051    2    1   1    1.70
7    2    -0.046    2    1   1    0.72
8    2    -0.042    2    1   1    0.63
9    1    0.037    2    2   1    0.63
10    1    -0.032    1    1   1    0.87
11    2    -0.028    2    1   1    0.72
12    2    0.023    1    2   1    0.69
13    1    0.018    2    2   1    0.68
14    1    -0.014    1    1   1    0.97
15    2    0.009    1    2   1    0.77
16    1    0.005    2    2   1    0.68
17    1    0.005    1    1   0    1.15
18    1    0.014    2    2   1    0.61
19    2    -0.014    2    1   1    2.28
20    2    -0.009    2    1   1    1.11
21    2    0.009    1    2   1    0.71
22    1    -0.005    2    2   0    1.41
23    1    0.014    2    2   1    0.73
24    2    -0.014    2    1   1    0.98
25    1    0.009    2    2   1    0.74
26    2    -0.009    2    1   1    0.90
27    1    -0.005    1    1   1    0.64
28    1    -0.005    1    1   1    0.77
29    2    0.005    1    2   1    0.78
30    1    0.005    2    2   1    0.78
31    2    0.005    1    2   1    0.86
32    1    -0.005    1    1   1    0.58
33    2    0.005    1    2   1    0.68
34    1    0.005    2    2   1    0.78
35    2    -0.005    1    2   0    1.26
36    1    0.014    2    2   1    0.66
37    2    0.014    1    2   1    0.79
38    1    0.009    2    2   1    2.16
39    1    -0.009    1    1   1    0.77
40    1    -0.005    1    1   1    1.29
41    1    0.005    1    1   0    1.63
42    2    0.014    1    2   1    1.46
43    1    -0.014    1    1   1    1.13
44    1    -0.009    1    1   1    0.58
45    1    0.009    2    2   1    1.41
46    1    -0.005    1    1   1    0.73
47    2    -0.005    1    2   0    0.79
48    2    0.014    1    2   1    0.99
49    1    0.014    2    2   1    0.69
50    1    -0.009    1    1   1    0.79
-------------------------
Final staircase threshold estimate (mean) is 0.0097
-------------------------
54    1    0.009    1    1   1    4.24
24    1    0.009    2    2   0    0.73
135    2    0.023    1    2   0    0.70
133    2    0.000    2    1   1    0.63
88    2    0.000    1    2   0    0.50
150    2    0.023    1    2   0    0.61
66    1    -0.023    1    1   0    0.66
38    1    0.000    1    1   1    0.55
43    1    0.000    1    1   1    0.75
17    1    -0.009    1    1   0    0.68
149    2    0.009    1    2   0    0.68
73    1    0.000    1    1   1    0.80
144    2    0.009    1    2   0    1.15
60    1    0.023    2    2   0    0.78
132    2    -0.009    2    1   0    0.73
69    1    0.009    2    2   0    0.68
111    2    -0.023    2    1   0    0.75
75    2    0.023    1    2   0    0.75
136    2    -0.023    2    1   0    0.77
44    1    0.009    2    2   0    1.30
62    1    -0.009    1    1   0    0.69
87    2    -0.009    2    1   0    1.01
32    1    -0.009    2    2   1    1.73
123    2    0.000    2    1   1    0.75
128    2    0.000    1    2   0    1.31
72    1    -0.009    1    1   0    0.85
42    1    -0.009    1    1   0    1.14
52    1    -0.009    1    1   0    0.71
12    1    -0.009    1    1   0    0.80
74    1    0.009    2    2   0    0.65
9    1    0.009    2    2   0    0.71
116    2    -0.023    2    1   0    0.68
79    2    0.009    1    2   0    0.75
1    1    -0.023    1    1   0    0.68
98    2    0.000    2    1   1    0.67
16    1    -0.023    1    1   0    0.74
127    2    -0.009    2    1   0    0.61
21    1    -0.023    1    1   0    0.55
122    2    -0.009    2    1   0    0.73
68    1    0.000    2    2   0    1.09
143    2    0.000    2    1   1    1.06
31    1    -0.023    1    1   0    0.63
55    1    0.023    2    2   0    0.87
99    2    0.009    1    2   0    1.15
119    2    0.009    1    2   0    0.66
29    1    0.009    2    2   0    1.16
18    1    0.000    1    1   1    0.91
46    1    -0.023    1    1   0    0.62
37    1    -0.009    1    1   0    0.61
76    2    -0.023    2    1   0    0.81
27    1    -0.009    1    1   0    0.68
58    1    0.000    1    1   1    1.62
94    2    0.009    1    2   0    0.86
121    2    -0.023    2    1   0    0.80
89    2    0.009    1    2   0    1.48
65    1    0.023    2    2   0    0.79
40    1    0.023    2    2   0    1.06
51    1    -0.023    1    1   0    0.56
91    2    -0.023    2    1   0    0.55
85    2    0.023    1    2   0    0.55
47    1    -0.009    1    1   0    1.36
109    2    0.009    1    2   0    0.79
129    2    0.009    2    1   1    1.06
63    1    0.000    2    2   0    0.81
80    2    0.023    1    2   0    1.01
110    2    0.023    2    1   1    1.26
20    1    0.023    2    2   0    0.80
14    1    0.009    2    2   0    0.90
130    2    0.023    1    2   0    0.65
104    2    0.009    2    1   1    0.93
34    1    0.009    2    2   0    0.73
71    1    -0.023    1    1   0    0.86
5    1    0.023    2    2   0    0.66
106    2    -0.023    2    1   0    0.61
102    2    -0.009    2    1   0    0.83
142    2    -0.009    2    1   0    0.72
107    2    -0.009    2    1   0    0.85
138    2    0.000    2    1   1    0.69
78    2    0.000    2    1   1    0.69
125    2    0.023    1    2   0    0.74
139    2    0.009    1    2   0    1.08
10    1    0.023    2    2   0    0.65
82    2    -0.009    2    1   0    0.96
67    1    -0.009    1    1   0    0.67
113    2    0.000    2    1   1    0.59
15    1    0.023    2    2   0    0.67
41    1    -0.023    1    1   0    1.10
57    1    -0.009    1    1   0    1.35
93    2    0.000    2    1   1    0.84
2    1    -0.009    2    2   1    1.55
83    2    0.000    2    1   1    0.75
134    2    0.009    2    1   1    1.22
148    2    0.000    1    2   0    0.86
56    1    -0.023    1    1   0    0.78
53    1    0.000    2    2   0    1.46
114    2    0.009    2    1   1    1.16
48    1    0.000    2    2   0    0.92
35    1    0.023    2    2   0    0.89
124    2    0.009    1    2   0    0.75
28    1    0.000    1    1   1    2.56
81    2    -0.023    2    1   0    0.79
137    2    -0.009    2    1   0    1.67
70    1    0.023    2    2   0    0.67
101    2    -0.023    2    1   0    0.57
120    2    0.023    1    2   0    0.71
61    1    -0.023    1    1   0    0.96
33    1    0.000    2    2   0    1.01
13    1    0.000    1    1   1    0.78
86    2    -0.023    2    1   0    0.70
112    2    -0.009    2    1   0    1.45
6    1    -0.023    1    1   0    0.73
22    1    -0.009    2    2   1    0.80
50    1    0.023    2    2   0    0.67
108    2    0.000    2    1   1    0.79
23    1    0.000    2    2   0    0.72
100    2    0.023    1    2   0    0.63
11    1    -0.023    1    1   0    0.77
131    2    -0.023    2    1   0    0.64
39    1    0.009    2    2   0    0.67
141    2    -0.023    2    1   0    0.69
115    2    0.023    1    2   0    0.96
26    1    -0.023    1    1   0    0.64
140    2    0.023    1    2   0    1.33
3    1    0.000    2    2   0    1.04
90    2    0.023    1    2   0    0.66
49    1    0.009    1    1   1    1.24
45    1    0.023    2    2   0    0.77
126    2    -0.023    2    1   0    0.56
4    1    0.009    2    2   0    0.58
64    1    0.009    2    2   0    0.81
97    2    -0.009    2    1   0    0.61
117    2    -0.009    2    1   0    0.93
84    2    0.009    1    2   0    0.78
25    1    0.023    2    2   0    0.76
145    2    0.023    1    2   0    0.61
96    2    -0.023    2    1   0    0.56
8    1    0.000    1    1   1    0.57
118    2    0.000    2    1   1    1.49
7    1    -0.009    1    1   0    2.24
19    1    0.009    2    2   0    1.28
95    2    0.023    1    2   0    0.61
30    1    0.023    2    2   0    0.65
147    2    -0.009    2    1   0    2.61
77    2    -0.009    2    1   0    0.88
36    1    -0.023    1    1   0    1.40
103    2    0.000    2    1   1    0.91
146    2    -0.023    2    1   0    0.69
92    2    -0.009    2    1   0    1.42
59    1    0.009    2    2   0    1.94
105    2    0.023    1    2   0    0.99
