--------------------------------
08-Apr-2015 10:04:20 
data from observer T28 
#occlusion2 expt 
reference disparity (degrees) 0.160000 

stim order disp kresp testresp correct time
1    2    0.074    2    1   1    1.55
2    2    0.069    2    1   1    0.94
3    1    -0.065    2    2   1    0.78
4    2    -0.060    1    2   1    0.78
5    1    0.055    1    1   1    0.81
6    2    -0.051    1    2   1    0.70
7    2    0.046    2    1   1    0.75
8    1    0.042    1    1   1    0.78
9    1    -0.037    2    2   1    0.64
10    1    -0.032    2    2   1    0.55
11    2    0.028    2    1   1    0.72
12    1    -0.023    2    2   1    0.66
13    1    -0.018    2    2   1    0.56
14    1    -0.014    2    2   1    0.68
15    2    -0.009    2    1   0    0.80
16    1    0.018    1    1   1    0.60
17    1    0.018    1    1   1    0.98
18    2    0.014    2    1   1    0.73
19    2    0.014    2    1   1    0.87
20    1    -0.009    2    2   1    0.99
21    1    0.009    1    1   1    0.72
22    1    -0.005    2    2   1    0.69
23    2    0.005    2    1   1    0.88
24    2    -0.005    1    2   1    0.76
25    2    -0.005    1    2   1    0.73
26    2    0.005    2    1   1    0.77
27    1    -0.005    2    2   1    0.57
28    2    -0.005    1    2   1    0.66
29    1    -0.005    2    2   1    0.69
30    1    -0.005    1    1   0    0.57
31    2    0.014    2    1   1    0.69
32    2    -0.014    1    2   1    0.67
33    1    0.009    2    2   0    0.62
34    1    -0.018    2    2   1    0.75
35    2    0.018    2    1   1    0.65
36    1    0.014    1    1   1    0.59
37    2    -0.014    2    1   0    0.60
38    2    -0.023    1    2   1    0.55
39    2    0.023    2    1   1    0.72
40    2    0.018    2    1   1    0.50
41    1    -0.018    2    2   1    0.51
42    2    0.014    2    1   1    0.49
43    1    0.014    1    1   1    0.83
44    1    0.009    1    1   1    0.80
45    2    0.009    2    1   1    0.64
46    1    -0.005    2    2   1    0.80
47    1    -0.005    2    2   1    0.80
48    1    0.005    1    1   1    1.21
49    2    0.005    2    1   1    0.60
50    1    0.005    1    1   1    0.60
-------------------------
Final staircase threshold estimate (mean) is 0.0088
-------------------------
38    1    0.000    1    1   1    3.42
59    1    0.009    2    2   0    0.97
142    2    -0.009    1    2   1    0.72
9    1    0.009    1    1   1    1.29
69    1    0.009    1    1   1    0.91
10    1    0.023    1    1   1    0.77
64    1    0.009    1    1   1    0.57
107    2    -0.009    1    2   1    0.67
78    2    0.000    2    1   1    0.80
108    2    0.000    1    2   0    0.80
53    1    0.000    1    1   1    1.10
88    2    0.000    2    1   1    0.75
33    1    0.000    1    1   1    0.51
90    2    0.023    1    2   0    0.60
139    2    0.009    2    1   1    1.03
105    2    0.023    2    1   1    0.59
134    2    0.009    2    1   1    1.27
106    2    -0.023    1    2   1    0.56
146    2    -0.023    1    2   1    0.61
91    2    -0.023    1    2   1    0.49
95    2    0.023    2    1   1    0.67
141    2    -0.023    1    2   1    0.57
89    2    0.009    2    1   1    0.70
128    2    0.000    2    1   1    1.20
7    1    -0.009    2    2   1    0.84
81    2    -0.023    1    2   1    0.60
140    2    0.023    2    1   1    0.74
60    1    0.023    1    1   1    0.67
55    1    0.023    1    1   1    0.57
103    2    0.000    1    2   0    0.66
82    2    -0.009    1    2   1    1.01
54    1    0.009    1    1   1    1.02
37    1    -0.009    1    1   0    0.63
144    2    0.009    2    1   1    0.87
22    1    -0.009    2    2   1    0.61
150    2    0.023    2    1   1    0.68
118    2    0.000    1    2   0    1.69
25    1    0.023    1    1   1    0.64
36    1    -0.023    2    2   1    1.14
143    2    0.000    1    2   0    1.41
50    1    0.023    1    1   1    0.60
35    1    0.023    1    1   1    0.56
131    2    -0.023    1    2   1    0.68
100    2    0.023    2    1   1    0.73
70    1    0.023    1    1   1    0.89
42    1    -0.009    1    1   0    1.34
123    2    0.000    2    1   1    0.88
20    1    0.023    1    1   1    0.61
48    1    0.000    1    1   1    1.01
11    1    -0.023    2    2   1    0.68
63    1    0.000    1    1   1    0.64
29    1    0.009    1    1   1    0.60
145    2    0.023    2    1   1    0.93
34    1    0.009    1    1   1    0.58
94    2    0.009    2    1   1    0.87
73    1    0.000    1    1   1    0.86
62    1    -0.009    2    2   1    0.86
149    2    0.009    2    1   1    0.68
96    2    -0.023    1    2   1    0.49
98    2    0.000    1    2   0    0.63
66    1    -0.023    2    2   1    0.63
110    2    0.023    2    1   1    1.34
137    2    -0.009    1    2   1    0.51
40    1    0.023    1    1   1    0.61
133    2    0.000    1    2   0    0.79
61    1    -0.023    2    2   1    0.51
104    2    0.009    1    2   0    1.13
8    1    0.000    1    1   1    0.71
124    2    0.009    1    2   0    0.63
23    1    0.000    1    1   1    0.63
148    2    0.000    1    2   0    0.79
5    1    0.023    1    1   1    0.54
19    1    0.009    1    1   1    0.87
49    1    0.009    1    1   1    0.76
27    1    -0.009    2    2   1    1.48
135    2    0.023    2    1   1    1.49
68    1    0.000    1    1   1    1.41
80    2    0.023    2    1   1    0.77
75    2    0.023    2    1   1    0.72
3    1    0.000    2    2   0    1.06
126    2    -0.023    1    2   1    0.70
41    1    -0.023    2    2   1    0.59
87    2    -0.009    1    2   1    1.41
6    1    -0.023    2    2   1    0.69
85    2    0.023    2    1   1    0.67
32    1    -0.009    2    2   1    0.77
138    2    0.000    1    2   0    0.87
84    2    0.009    2    1   1    0.67
74    1    0.009    1    1   1    0.78
56    1    -0.023    2    2   1    0.54
109    2    0.009    2    1   1    0.72
132    2    -0.009    1    2   1    0.71
12    1    -0.009    2    2   1    0.99
111    2    -0.023    1    2   1    0.88
93    2    0.000    2    1   1    0.54
101    2    -0.023    1    2   1    0.55
18    1    0.000    1    1   1    0.89
46    1    -0.023    2    2   1    0.64
92    2    -0.009    1    2   1    0.47
14    1    0.009    1    1   1    0.63
67    1    -0.009    2    2   1    0.73
15    1    0.023    1    1   1    0.60
120    2    0.023    2    1   1    0.89
16    1    -0.023    1    1   0    1.23
83    2    0.000    2    1   1    1.38
51    1    -0.023    2    2   1    0.73
119    2    0.009    2    1   1    0.86
57    1    -0.009    2    2   1    0.63
47    1    -0.009    1    1   0    0.74
117    2    -0.009    1    2   1    0.71
24    1    0.009    1    1   1    0.87
122    2    -0.009    2    1   0    0.75
130    2    0.023    2    1   1    0.75
4    1    0.009    1    1   1    0.92
99    2    0.009    2    1   1    0.74
65    1    0.023    1    1   1    0.76
113    2    0.000    1    2   0    0.71
125    2    0.023    2    1   1    0.76
121    2    -0.023    1    2   1    0.69
52    1    -0.009    2    2   1    1.08
115    2    0.023    2    1   1    0.55
17    1    -0.009    1    1   0    0.64
97    2    -0.009    1    2   1    0.84
1    1    -0.023    2    2   1    0.60
76    2    -0.023    1    2   1    0.65
58    1    0.000    2    2   0    0.85
26    1    -0.023    2    2   1    0.75
112    2    -0.009    1    2   1    0.62
2    1    -0.009    2    2   1    0.78
102    2    -0.009    1    2   1    0.84
79    2    0.009    2    1   1    0.88
13    1    0.000    2    2   0    0.93
39    1    0.009    2    2   0    1.13
129    2    0.009    2    1   1    0.99
28    1    0.000    1    1   1    1.12
31    1    -0.023    2    2   1    1.07
72    1    -0.009    2    2   1    0.86
21    1    -0.023    2    2   1    0.99
30    1    0.023    1    1   1    0.68
116    2    -0.023    1    2   1    0.68
127    2    -0.009    1    2   1    0.89
77    2    -0.009    2    1   0    1.00
45    1    0.023    1    1   1    0.61
71    1    -0.023    2    2   1    0.68
86    2    -0.023    1    2   1    0.69
136    2    -0.023    1    2   1    0.58
114    2    0.009    2    1   1    0.89
44    1    0.009    1    1   1    1.30
43    1    0.000    1    1   1    0.71
147    2    -0.009    1    2   1    2.09
