--------------------------------
08-Apr-2015 10:22:23 
data from observer T28 
#occlusion2 expt 
reference disparity (degrees) 0.160000 

stim order disp kresp testresp correct time
1    2    -0.074    1    2   1    2.71
2    1    -0.069    2    2   1    0.69
3    2    0.065    2    1   1    0.54
4    2    -0.060    1    2   1    0.55
5    2    -0.055    2    1   0    0.65
6    1    0.065    1    1   1    0.66
7    1    -0.065    2    2   1    0.67
8    2    0.060    2    1   1    0.68
9    2    0.060    2    1   1    0.76
10    2    0.055    2    1   1    0.60
11    2    0.055    2    1   1    0.73
12    2    -0.051    1    2   1    0.82
13    2    -0.051    1    2   1    0.83
14    1    0.046    1    1   1    0.67
15    2    -0.046    1    2   1    0.60
16    2    0.042    2    1   1    1.11
17    1    0.042    1    1   1    0.60
18    1    0.037    1    1   1    0.66
19    1    0.037    1    1   1    0.81
20    2    -0.032    1    2   1    0.64
21    1    -0.032    1    1   0    0.42
22    1    -0.042    2    2   1    1.03
23    2    0.042    2    1   1    0.71
24    2    -0.037    1    2   1    1.36
25    1    0.037    1    1   1    0.68
26    1    -0.032    2    2   1    0.75
27    2    -0.032    1    2   1    0.81
28    1    -0.028    2    2   1    0.53
29    1    0.028    1    1   1    0.62
30    1    0.023    1    1   1    0.63
31    1    0.023    1    1   1    0.95
32    1    -0.018    2    2   1    0.70
33    1    0.018    2    2   0    1.55
34    1    -0.028    2    2   1    0.76
35    1    -0.028    2    2   1    0.76
36    1    -0.023    2    2   1    0.65
37    2    0.023    2    1   1    0.69
38    2    0.018    2    1   1    0.61
39    2    0.018    2    1   1    0.91
40    1    0.014    1    1   1    0.68
41    2    -0.014    1    2   1    0.81
42    1    -0.009    2    2   1    0.68
43    1    0.009    1    1   1    0.67
44    2    -0.005    2    1   0    0.63
45    1    -0.014    2    2   1    0.65
46    2    0.014    2    1   1    0.98
47    1    0.009    1    1   1    1.10
48    1    -0.009    2    2   1    0.77
49    2    0.005    1    2   0    0.64
50    2    -0.014    1    2   1    0.55
-------------------------
Final staircase threshold estimate (mean) is 0.0102
-------------------------
6    1    -0.023    2    2   1    2.75
49    1    0.009    1    1   1    0.95
22    1    -0.009    2    2   1    0.76
37    1    -0.009    1    1   0    0.83
81    2    -0.023    1    2   1    0.64
63    1    0.000    2    2   0    0.57
14    1    0.009    2    2   0    0.99
97    2    -0.009    1    2   1    0.58
123    2    0.000    2    1   1    0.82
80    2    0.028    2    1   1    0.69
17    1    -0.009    2    2   1    0.87
91    2    -0.023    1    2   1    0.51
70    1    0.028    1    1   1    0.56
42    1    -0.009    1    1   0    0.84
94    2    0.009    2    1   1    0.60
44    1    0.009    1    1   1    0.58
128    2    0.000    2    1   1    0.64
56    1    -0.023    2    2   1    0.78
15    1    0.028    1    1   1    0.63
20    1    0.028    1    1   1    0.62
105    2    0.028    1    2   0    0.58
85    2    0.028    2    1   1    0.62
76    2    -0.023    1    2   1    0.91
92    2    -0.009    1    2   1    0.57
98    2    0.000    1    2   0    0.85
72    1    -0.009    1    1   0    0.70
39    1    0.009    1    1   1    0.57
41    1    -0.023    1    1   0    0.57
114    2    0.009    2    1   1    0.67
116    2    -0.023    1    2   1    0.50
149    2    0.009    2    1   1    0.94
65    1    0.028    1    1   1    0.57
24    1    0.009    1    1   1    0.71
102    2    -0.009    1    2   1    0.66
60    1    0.028    1    1   1    0.59
112    2    -0.009    1    2   1    0.77
117    2    -0.009    1    2   1    0.55
2    1    -0.009    2    2   1    0.87
48    1    0.000    1    1   1    0.57
34    1    0.009    1    1   1    0.71
96    2    -0.023    1    2   1    0.49
100    2    0.028    2    1   1    1.14
111    2    -0.023    1    2   1    0.63
9    1    0.009    1    1   1    0.60
104    2    0.009    1    2   0    0.44
53    1    0.000    2    2   0    1.50
47    1    -0.009    2    2   1    0.65
31    1    -0.023    2    2   1    0.59
1    1    -0.023    2    2   1    0.52
35    1    0.028    1    1   1    0.68
8    1    0.000    1    1   1    0.92
23    1    0.000    1    1   1    1.05
61    1    -0.023    2    2   1    0.69
4    1    0.009    1    1   1    0.54
86    2    -0.023    1    2   1    0.56
146    2    -0.023    1    2   1    0.59
68    1    0.000    2    2   0    0.65
143    2    0.000    2    1   1    0.71
73    1    0.000    2    2   0    0.71
95    2    0.028    2    1   1    0.87
115    2    0.028    2    1   1    0.62
127    2    -0.009    1    2   1    0.63
64    1    0.009    1    1   1    0.76
89    2    0.009    1    2   0    0.92
99    2    0.009    2    1   1    1.07
118    2    0.000    1    2   0    0.50
132    2    -0.009    1    2   1    0.46
3    1    0.000    1    1   1    0.78
147    2    -0.009    2    1   0    1.38
110    2    0.028    2    1   1    0.62
108    2    0.000    2    1   1    0.68
83    2    0.000    2    1   1    0.93
126    2    -0.023    1    2   1    0.54
84    2    0.009    2    1   1    0.82
66    1    -0.023    2    2   1    0.58
82    2    -0.009    1    2   1    0.68
50    1    0.028    2    2   0    0.77
137    2    -0.009    1    2   1    0.83
77    2    -0.009    1    2   1    0.86
69    1    0.009    1    1   1    1.49
145    2    0.028    2    1   1    0.75
62    1    -0.009    2    2   1    1.18
121    2    -0.023    1    2   1    0.56
106    2    -0.023    1    2   1    0.63
124    2    0.009    1    2   0    1.61
57    1    -0.009    2    2   1    0.74
134    2    0.009    2    1   1    1.28
122    2    -0.009    1    2   1    1.65
54    1    0.009    2    2   0    0.96
139    2    0.009    2    1   1    0.82
43    1    0.000    1    1   1    0.62
140    2    0.028    2    1   1    0.75
136    2    -0.023    1    2   1    1.02
10    1    0.028    1    1   1    0.71
129    2    0.009    1    2   0    0.85
133    2    0.000    1    2   0    1.00
74    1    0.009    1    1   1    0.85
33    1    0.000    1    1   1    1.54
131    2    -0.023    1    2   1    0.68
18    1    0.000    1    1   1    0.73
148    2    0.000    2    1   1    1.52
59    1    0.009    1    1   1    2.02
38    1    0.000    1    1   1    1.07
7    1    -0.009    2    2   1    1.04
101    2    -0.023    1    2   1    0.71
141    2    -0.023    1    2   1    0.70
79    2    0.009    2    1   1    1.08
144    2    0.009    2    1   1    1.33
52    1    -0.009    2    2   1    0.77
32    1    -0.009    2    2   1    0.88
88    2    0.000    1    2   0    1.62
135    2    0.028    2    1   1    0.80
75    2    0.028    2    1   1    1.19
29    1    0.009    1    1   1    0.76
55    1    0.028    1    1   1    0.58
107    2    -0.009    1    2   1    0.90
27    1    -0.009    1    1   0    1.04
45    1    0.028    1    1   1    0.82
67    1    -0.009    2    2   1    0.80
40    1    0.028    1    1   1    0.73
30    1    0.028    1    1   1    0.53
26    1    -0.023    2    2   1    0.68
142    2    -0.009    1    2   1    0.53
58    1    0.000    1    1   1    0.73
5    1    0.028    1    1   1    0.69
87    2    -0.009    1    2   1    1.59
21    1    -0.023    2    2   1    0.60
12    1    -0.009    2    2   1    0.71
125    2    0.028    2    1   1    0.63
28    1    0.000    1    1   1    0.59
46    1    -0.023    2    2   1    0.51
90    2    0.028    2    1   1    0.84
36    1    -0.023    2    2   1    0.62
71    1    -0.023    2    2   1    0.72
120    2    0.028    2    1   1    0.64
11    1    -0.023    2    2   1    0.60
19    1    0.009    1    1   1    0.57
138    2    0.000    1    2   0    0.93
93    2    0.000    2    1   1    1.02
103    2    0.000    1    2   0    1.53
113    2    0.000    1    2   0    0.93
150    2    0.028    2    1   1    0.56
16    1    -0.023    2    2   1    0.57
25    1    0.028    1    1   1    0.63
51    1    -0.023    2    2   1    0.64
130    2    0.028    2    1   1    0.62
78    2    0.000    1    2   0    0.71
109    2    0.009    2    1   1    0.64
13    1    0.000    1    1   1    0.51
119    2    0.009    2    1   1    0.60
