--------------------------------
08-Apr-2015 10:16:10 
data from observer T28 
#occlusion2 expt 
reference disparity (degrees) 0.160000 

stim order disp kresp testresp correct time
1    1    0.074    2    2   0    6.42
2    2    -0.083    1    2   1    1.40
3    2    -0.079    1    2   1    0.70
4    1    -0.079    2    2   1    0.69
5    2    -0.074    1    2   1    1.03
6    1    0.074    1    1   1    0.69
7    2    0.069    2    1   1    0.62
8    1    -0.069    2    2   1    0.67
9    2    -0.065    1    2   1    0.97
10    1    -0.065    2    2   1    0.70
11    2    0.060    2    1   1    0.55
12    2    0.060    2    1   1    0.61
13    2    0.055    2    1   1    0.65
14    1    -0.055    2    2   1    0.75
15    1    0.051    1    1   1    2.45
16    1    -0.051    2    2   1    0.68
17    2    0.046    2    1   1    1.45
18    2    -0.046    1    2   1    2.76
19    1    0.042    2    2   0    3.30
20    2    0.051    2    1   1    0.60
21    1    -0.051    2    2   1    0.58
22    1    0.046    1    1   1    2.13
23    1    0.046    1    1   1    0.86
24    1    0.042    1    1   1    1.08
25    1    -0.042    2    2   1    0.80
26    1    -0.037    2    2   1    0.63
27    2    0.037    2    1   1    0.65
28    1    0.032    1    1   1    0.81
29    1    -0.032    2    2   1    0.84
30    2    -0.028    1    2   1    0.61
31    1    0.028    1    1   1    0.69
32    2    -0.023    1    2   1    0.64
33    2    -0.023    1    2   1    0.72
34    2    -0.018    1    2   1    0.79
35    1    0.018    1    1   1    1.52
36    2    -0.014    1    2   1    0.74
37    1    0.014    1    1   1    1.10
38    2    0.009    2    1   1    0.85
39    1    -0.009    2    2   1    1.15
40    1    -0.005    1    1   0    1.64
41    2    0.014    2    1   1    0.94
42    1    -0.014    2    2   1    0.84
43    1    -0.009    2    2   1    0.76
44    2    -0.009    2    1   0    1.04
45    1    -0.018    2    2   1    0.63
46    1    -0.018    2    2   1    0.66
47    1    -0.014    2    2   1    0.97
48    2    -0.014    1    2   1    0.60
49    2    -0.009    1    2   1    0.85
50    2    -0.009    1    2   1    0.72
-------------------------
Final staircase threshold estimate (mean) is 0.0129
-------------------------
88    2    0.000    1    2   0    1.76
53    1    0.000    1    1   1    0.75
37    1    -0.014    2    2   1    0.72
28    1    0.000    2    2   0    1.16
54    1    0.014    1    1   1    0.86
6    1    -0.032    2    2   1    0.75
78    2    0.000    1    2   0    0.75
116    2    -0.032    1    2   1    0.72
39    1    0.014    1    1   1    0.61
89    2    0.014    2    1   1    0.61
17    1    -0.014    2    2   1    0.67
70    1    0.032    1    1   1    0.80
103    2    0.000    1    2   0    0.67
149    2    0.014    2    1   1    0.68
30    1    0.032    1    1   1    1.05
45    1    0.032    1    1   1    1.53
72    1    -0.014    2    2   1    0.85
82    2    -0.014    1    2   1    0.63
4    1    0.014    1    1   1    0.94
150    2    0.032    2    1   1    0.69
115    2    0.032    2    1   1    0.66
7    1    -0.014    2    2   1    0.66
23    1    0.000    2    2   0    1.15
46    1    -0.032    2    2   1    0.73
122    2    -0.014    1    2   1    1.09
24    1    0.014    1    1   1    0.58
1    1    -0.032    2    2   1    0.66
79    2    0.014    2    1   1    0.79
8    1    0.000    2    2   0    1.22
126    2    -0.032    1    2   1    0.64
83    2    0.000    1    2   0    0.98
147    2    -0.014    1    2   1    0.56
123    2    0.000    1    2   0    0.67
132    2    -0.014    1    2   1    0.74
135    2    0.032    2    1   1    0.78
20    1    0.032    1    1   1    0.65
105    2    0.032    2    1   1    0.53
91    2    -0.032    1    2   1    0.58
76    2    -0.032    1    2   1    0.71
86    2    -0.032    1    2   1    0.61
74    1    0.014    1    1   1    0.60
19    1    0.014    1    1   1    0.53
47    1    -0.014    2    2   1    0.73
32    1    -0.014    2    2   1    0.63
44    1    0.014    1    1   1    0.96
14    1    0.014    2    2   0    1.49
110    2    0.032    2    1   1    0.70
40    1    0.032    1    1   1    0.80
60    1    0.032    1    1   1    0.68
81    2    -0.032    1    2   1    0.50
85    2    0.032    2    1   1    0.71
102    2    -0.014    2    1   0    1.87
90    2    0.032    2    1   1    0.69
112    2    -0.014    1    2   1    0.61
144    2    0.014    2    1   1    0.64
59    1    0.014    1    1   1    0.68
18    1    0.000    2    2   0    1.16
22    1    -0.014    2    2   1    0.61
104    2    0.014    2    1   1    1.56
145    2    0.032    2    1   1    0.58
100    2    0.032    2    1   1    0.68
63    1    0.000    2    2   0    0.67
49    1    0.014    1    1   1    0.81
55    1    0.032    1    1   1    0.75
143    2    0.000    2    1   1    0.92
29    1    0.014    2    2   0    1.03
67    1    -0.014    2    2   1    0.57
50    1    0.032    1    1   1    1.95
65    1    0.032    1    1   1    0.66
108    2    0.000    2    1   1    0.79
48    1    0.000    2    2   0    0.73
99    2    0.014    2    1   1    0.97
52    1    -0.014    2    2   1    0.74
68    1    0.000    2    2   0    0.69
139    2    0.014    2    1   1    0.95
125    2    0.032    2    1   1    0.82
66    1    -0.032    2    2   1    0.69
138    2    0.000    2    1   1    0.55
111    2    -0.032    1    2   1    0.61
41    1    -0.032    2    2   1    0.62
148    2    0.000    2    1   1    0.95
12    1    -0.014    2    2   1    0.74
73    1    0.000    2    2   0    2.40
27    1    -0.014    2    2   1    0.65
133    2    0.000    2    1   1    0.68
97    2    -0.014    1    2   1    0.71
117    2    -0.014    1    2   1    0.91
131    2    -0.032    1    2   1    0.56
57    1    -0.014    2    2   1    0.56
95    2    0.032    2    1   1    0.55
43    1    0.000    2    2   0    1.25
96    2    -0.032    1    2   1    0.67
75    2    0.032    2    1   1    0.55
101    2    -0.032    1    2   1    0.56
51    1    -0.032    2    2   1    0.56
109    2    0.014    2    1   1    1.07
80    2    0.032    2    1   1    0.93
141    2    -0.032    1    2   1    0.90
106    2    -0.032    1    2   1    0.88
9    1    0.014    1    1   1    0.95
87    2    -0.014    1    2   1    0.79
5    1    0.032    1    1   1    0.95
92    2    -0.014    2    1   0    1.24
69    1    0.014    1    1   1    0.79
93    2    0.000    2    1   1    0.93
136    2    -0.032    1    2   1    0.83
146    2    -0.032    1    2   1    0.65
120    2    0.032    2    1   1    0.68
127    2    -0.014    1    2   1    0.79
71    1    -0.032    2    2   1    0.66
114    2    0.014    2    1   1    1.18
118    2    0.000    1    2   0    0.91
21    1    -0.032    2    2   1    0.66
35    1    0.032    1    1   1    0.89
107    2    -0.014    1    2   1    0.84
62    1    -0.014    2    2   1    0.61
13    1    0.000    2    2   0    1.06
129    2    0.014    2    1   1    0.81
142    2    -0.014    1    2   1    0.56
113    2    0.000    2    1   1    0.78
119    2    0.014    2    1   1    0.81
130    2    0.032    2    1   1    0.60
134    2    0.014    2    1   1    1.02
3    1    0.000    1    1   1    0.66
94    2    0.014    2    1   1    0.66
11    1    -0.032    2    2   1    0.68
10    1    0.032    1    1   1    0.68
98    2    0.000    2    1   1    0.72
137    2    -0.014    1    2   1    1.42
61    1    -0.032    2    2   1    0.80
124    2    0.014    2    1   1    0.64
64    1    0.014    2    2   0    0.61
128    2    0.000    2    1   1    1.30
121    2    -0.032    1    2   1    0.53
25    1    0.032    1    1   1    0.65
33    1    0.000    1    1   1    0.93
34    1    0.014    1    1   1    0.88
36    1    -0.032    2    2   1    0.74
58    1    0.000    1    1   1    1.01
2    1    -0.014    2    2   1    0.51
140    2    0.032    2    1   1    0.63
26    1    -0.032    2    2   1    0.63
31    1    -0.032    2    2   1    0.73
77    2    -0.014    1    2   1    0.76
84    2    0.014    2    1   1    0.86
38    1    0.000    1    1   1    1.37
15    1    0.032    1    1   1    0.52
42    1    -0.014    2    2   1    0.65
56    1    -0.032    2    2   1    0.80
16    1    -0.032    2    2   1    0.59
