--------------------------------
13-Sep-2014 12:04:19 
data from observer A14 
#occlusion2 expt 
reference disparity (degrees) 0.160000 

stim order disp kresp testresp correct time
1    2    -0.074    2    1   1    32.49
2    1    -0.069    1    1   1    1.09
3    1    0.065    1    1   0    1.42
4    1    0.074    2    2   1    0.80
5    2    0.074    2    1   0    1.07
6    2    -0.083    1    2   0    0.74
7    1    0.092    2    2   1    1.02
8    1    0.092    1    1   0    0.75
9    2    0.102    2    1   0    1.19
10    1    0.111    2    2   1    1.06
11    1    0.111    2    2   1    0.75
12    2    -0.106    2    1   1    0.58
13    1    -0.106    1    1   1    1.03
14    2    -0.102    1    2   0    0.66
15    1    -0.111    2    2   0    0.85
16    2    0.120    1    2   1    1.64
17    2    0.120    2    1   0    0.66
18    2    0.129    1    2   1    0.56
19    1    -0.129    1    1   1    1.00
20    2    -0.125    1    2   0    0.68
21    2    -0.134    2    1   1    0.60
22    2    0.134    2    1   0    0.68
23    1    0.143    2    2   1    0.61
24    1    -0.143    1    1   1    0.66
25    1    0.139    2    2   1    0.92
26    1    0.139    2    2   1    0.68
27    2    0.134    1    2   1    0.85
28    2    -0.134    2    1   1    0.75
29    2    -0.129    2    1   1    0.78
30    1    -0.129    2    2   0    3.94
31    1    0.139    2    2   1    0.81
32    2    -0.139    2    1   1    1.63
33    1    -0.134    1    1   1    2.78
34    1    0.134    2    2   1    3.22
35    2    0.129    1    2   1    3.12
36    2    -0.129    2    1   1    1.80
37    1    0.125    2    2   1    2.47
38    1    -0.125    1    1   1    3.50
39    2    -0.120    1    2   0    2.07
40    1    -0.129    1    1   1    1.71
41    2    0.129    1    2   1    1.63
42    1    0.125    2    2   1    0.93
43    2    -0.125    2    1   1    0.66
44    1    0.120    2    2   1    0.78
45    1    -0.120    2    2   0    0.64
46    2    -0.129    1    2   0    2.74
47    2    -0.139    2    1   1    1.03
48    1    0.139    2    2   1    2.96
49    2    0.134    1    2   1    1.02
50    2    0.134    1    2   1    7.85
-------------------------
Final staircase threshold estimate (mean) is 0.1293
-------------------------
40    1    0.148    2    2   0    12.77
56    1    -0.148    1    1   0    1.77
7    1    -0.129    1    1   0    1.11
45    1    0.148    2    2   0    1.12
49    1    0.129    2    2   0    1.20
122    2    -0.129    2    1   0    1.14
31    1    -0.148    1    1   0    1.46
143    2    0.000    2    1   1    1.65
110    2    0.148    1    2   0    2.82
70    1    0.148    2    2   0    1.17
73    1    0.000    1    1   1    6.06
108    2    0.000    2    1   1    2.96
132    2    -0.129    2    1   0    5.87
147    2    -0.129    2    1   0    1.20
112    2    -0.129    2    1   0    1.85
46    1    -0.148    1    1   0    2.67
38    1    0.000    1    1   1    2.77
77    2    -0.129    2    1   0    2.89
30    1    0.148    2    2   0    0.95
82    2    -0.129    2    1   0    1.53
43    1    0.000    1    1   1    2.69
85    2    0.148    1    2   0    1.39
39    1    0.129    2    2   0    1.00
99    2    0.129    1    2   0    1.01
134    2    0.129    1    2   0    1.89
21    1    -0.148    1    1   0    1.59
141    2    -0.148    2    1   0    0.99
20    1    0.148    2    2   0    0.76
28    1    0.000    2    2   0    4.41
34    1    0.129    2    2   0    0.78
52    1    -0.129    1    1   0    0.77
62    1    -0.129    1    1   0    0.62
115    2    0.148    1    2   0    0.62
93    2    0.000    2    1   1    3.43
119    2    0.129    1    2   0    3.45
71    1    -0.148    1    1   0    1.10
120    2    0.148    1    2   0    0.79
128    2    0.000    2    1   1    3.35
91    2    -0.148    2    1   0    0.93
66    1    -0.148    1    1   0    0.69
13    1    0.000    1    1   1    0.76
137    2    -0.129    2    1   0    1.62
94    2    0.129    1    2   0    2.61
5    1    0.148    2    2   0    0.64
79    2    0.129    1    2   0    1.02
136    2    -0.148    2    1   0    1.14
68    1    0.000    1    1   1    1.01
8    1    0.000    1    1   1    2.41
118    2    0.000    1    2   0    1.11
60    1    0.148    2    2   0    1.31
57    1    -0.129    1    1   0    1.13
113    2    0.000    1    2   0    0.86
127    2    -0.129    2    1   0    0.81
104    2    0.129    1    2   0    0.66
35    1    0.148    2    2   0    0.91
41    1    -0.148    1    1   0    0.78
19    1    0.129    2    2   0    0.90
4    1    0.129    2    2   0    0.62
78    2    0.000    1    2   0    1.08
18    1    0.000    1    1   1    2.62
131    2    -0.148    2    1   0    0.84
90    2    0.148    1    2   0    0.73
11    1    -0.148    1    1   0    0.82
80    2    0.148    1    2   0    0.95
42    1    -0.129    1    1   0    1.06
50    1    0.148    2    2   0    0.70
12    1    -0.129    1    1   0    0.56
149    2    0.129    1    2   0    0.68
26    1    -0.148    1    1   0    0.54
16    1    -0.148    1    1   0    1.60
139    2    0.129    1    2   0    0.65
100    2    0.148    1    2   0    0.59
111    2    -0.148    2    1   0    0.64
24    1    0.129    2    2   0    0.62
74    1    0.129    2    2   0    0.70
135    2    0.148    1    2   0    1.37
10    1    0.148    2    2   0    0.59
27    1    -0.129    1    1   0    0.57
37    1    -0.129    1    1   0    0.80
3    1    0.000    2    2   0    1.47
133    2    0.000    1    2   0    0.51
86    2    -0.148    2    1   0    0.46
92    2    -0.129    2    1   0    0.59
63    1    0.000    1    1   1    0.54
81    2    -0.148    2    1   0    0.50
29    1    0.129    2    2   0    0.68
107    2    -0.129    2    1   0    0.61
33    1    0.000    1    1   1    0.39
150    2    0.148    1    2   0    0.49
124    2    0.129    1    2   0    0.55
101    2    -0.148    2    1   0    0.53
55    1    0.148    2    2   0    0.60
36    1    -0.148    1    1   0    0.49
61    1    -0.148    1    1   0    0.49
84    2    0.129    1    2   0    0.77
103    2    0.000    1    2   0    1.60
44    1    0.129    2    2   0    0.53
142    2    -0.129    2    1   0    0.53
145    2    0.148    1    2   0    0.58
59    1    0.129    2    2   0    0.59
67    1    -0.129    1    1   0    0.53
32    1    -0.129    1    1   0    0.64
123    2    0.000    1    2   0    1.41
89    2    0.129    1    2   0    0.71
117    2    -0.129    2    1   0    0.62
6    1    -0.148    1    1   0    0.69
23    1    0.000    1    1   1    0.90
138    2    0.000    1    2   0    0.66
76    2    -0.148    2    1   0    0.52
105    2    0.148    1    2   0    0.58
125    2    0.148    1    2   0    1.15
121    2    -0.148    2    1   0    0.60
88    2    0.000    2    1   1    3.55
140    2    0.148    1    2   0    0.67
97    2    -0.129    2    1   0    0.56
75    2    0.148    1    2   0    0.56
144    2    0.129    1    2   0    0.64
130    2    0.148    1    2   0    1.56
72    1    -0.129    1    1   0    1.64
114    2    0.129    1    2   0    1.28
54    1    0.129    2    2   0    0.83
106    2    -0.148    2    1   0    0.78
25    1    0.148    2    2   0    0.67
22    1    -0.129    1    1   0    0.64
53    1    0.000    2    2   0    3.06
65    1    0.148    2    2   0    0.68
51    1    -0.148    1    1   0    0.50
129    2    0.129    1    2   0    3.36
116    2    -0.148    2    1   0    0.58
96    2    -0.148    2    1   0    1.56
58    1    0.000    1    1   1    3.26
83    2    0.000    1    2   0    2.53
148    2    0.000    1    2   0    4.26
95    2    0.148    1    2   0    0.68
102    2    -0.129    2    1   0    0.53
109    2    0.129    1    2   0    0.51
9    1    0.129    2    2   0    0.52
2    1    -0.129    1    1   0    0.42
98    2    0.000    2    1   1    1.18
87    2    -0.129    2    1   0    0.73
146    2    -0.148    2    1   0    0.61
14    1    0.129    2    2   0    0.67
47    1    -0.129    1    1   0    0.64
48    1    0.000    2    2   0    0.92
126    2    -0.148    2    1   0    0.67
64    1    0.129    2    2   0    0.62
15    1    0.148    2    2   0    0.58
69    1    0.129    2    2   0    0.71
1    1    -0.148    1    1   0    0.56
17    1    -0.129    1    1   0    0.58
